x,y
-67.25,47.75
-66.75,47.75
-66.25,47.75
-65.75,47.75
-65.25,47.75
-95.75,47.25
-68.75,47.25
-68.25,47.25
-67.75,47.25
-67.25,47.25
-66.75,47.25
-66.25,47.25
-65.75,47.25
-65.25,47.25
-96.25,46.75
-95.75,46.75
-95.25,46.75
-94.75,46.75
-71.75,46.75
-71.25,46.75
-68.25,46.75
-67.75,46.75
-67.25,46.75
-66.75,46.75
-66.25,46.75
-65.75,46.75
-65.25,46.75
-95.75,46.25
-95.25,46.25
-94.75,46.25
-72.75,46.25
-72.25,46.25
-71.75,46.25
-68.75,46.25
-68.25,46.25
-67.75,46.25
-67.25,46.25
-66.75,46.25
-66.25,46.25
-65.75,46.25
-65.25,46.25
-64.75,46.25
-62.75,46.25
-95.75,45.75
-95.25,45.75
-94.75,45.75
-94.25,45.75
-93.75,45.75
-93.25,45.75
-73.75,45.75
-73.25,45.75
-72.75,45.75
-68.75,45.75
-68.25,45.75
-67.75,45.75
-67.25,45.75
-66.75,45.75
-66.25,45.75
-65.75,45.75
-65.25,45.75
-64.75,45.75
-64.25,45.75
-63.75,45.75
-95.25,45.25
-94.75,45.25
-94.25,45.25
-93.75,45.25
-93.25,45.25
-92.75,45.25
-92.25,45.25
-91.75,45.25
-90.25,45.25
-89.25,45.25
-76.25,45.25
-75.75,45.25
-75.25,45.25
-74.75,45.25
-74.25,45.25
-73.75,45.25
-73.25,45.25
-72.75,45.25
-69.25,45.25
-68.75,45.25
-68.25,45.25
-67.75,45.25
-67.25,45.25
-66.75,45.25
-63.75,45.25
-63.25,45.25
-93.75,44.75
-93.25,44.75
-92.25,44.75
-91.75,44.75
-91.25,44.75
-90.75,44.75
-90.25,44.75
-89.75,44.75
-89.25,44.75
-88.75,44.75
-88.25,44.75
-85.75,44.75
-76.25,44.75
-75.75,44.75
-75.25,44.75
-74.75,44.75
-73.25,44.75
-69.75,44.75
-69.25,44.75
-68.75,44.75
-68.25,44.75
-67.75,44.75
-93.75,44.25
-92.75,44.25
-92.25,44.25
-91.75,44.25
-91.25,44.25
-90.75,44.25
-90.25,44.25
-89.75,44.25
-89.25,44.25
-88.75,44.25
-88.25,44.25
-87.75,44.25
-81.25,44.25
-80.75,44.25
-80.25,44.25
-79.75,44.25
-79.25,44.25
-78.75,44.25
-78.25,44.25
-77.75,44.25
-77.25,44.25
-76.75,44.25
-75.75,44.25
-73.25,44.25
-70.25,44.25
-69.75,44.25
-69.25,44.25
-92.25,43.75
-91.75,43.75
-91.25,43.75
-90.75,43.75
-90.25,43.75
-89.75,43.75
-89.25,43.75
-88.75,43.75
-88.25,43.75
-86.25,43.75
-84.75,43.75
-84.25,43.75
-83.25,43.75
-82.75,43.75
-81.25,43.75
-80.75,43.75
-80.25,43.75
-79.75,43.75
-70.25,43.75
-91.75,43.25
-91.25,43.25
-90.75,43.25
-90.25,43.25
-89.75,43.25
-89.25,43.25
-88.75,43.25
-88.25,43.25
-85.75,43.25
-84.75,43.25
-84.25,43.25
-83.75,43.25
-83.25,43.25
-82.75,43.25
-81.75,43.25
-81.25,43.25
-80.75,43.25
-80.25,43.25
-79.75,43.25
-78.75,43.25
-78.25,43.25
-77.75,43.25
-77.25,43.25
-76.75,43.25
-76.25,43.25
-75.75,43.25
-75.25,43.25
-73.75,43.25
-71.75,43.25
-70.75,43.25
-91.25,42.75
-90.75,42.75
-90.25,42.75
-89.75,42.75
-89.25,42.75
-88.75,42.75
-88.25,42.75
-85.75,42.75
-85.25,42.75
-84.75,42.75
-84.25,42.75
-83.75,42.75
-83.25,42.75
-82.75,42.75
-82.25,42.75
-81.75,42.75
-81.25,42.75
-80.75,42.75
-78.75,42.75
-78.25,42.75
-77.75,42.75
-77.25,42.75
-76.75,42.75
-76.25,42.75
-75.75,42.75
-75.25,42.75
-74.75,42.75
-74.25,42.75
-73.75,42.75
-71.75,42.75
-71.25,42.75
-90.25,42.25
-89.75,42.25
-89.25,42.25
-88.75,42.25
-88.25,42.25
-86.25,42.25
-85.75,42.25
-85.25,42.25
-84.75,42.25
-84.25,42.25
-83.75,42.25
-83.25,42.25
-82.75,42.25
-79.75,42.25
-79.25,42.25
-78.25,42.25
-77.75,42.25
-77.25,42.25
-76.75,42.25
-76.25,42.25
-75.75,42.25
-75.25,42.25
-74.75,42.25
-74.25,42.25
-73.75,42.25
-72.25,42.25
-71.75,42.25
-71.25,42.25
-90.25,41.75
-89.75,41.75
-89.25,41.75
-88.75,41.75
-88.25,41.75
-87.75,41.75
-86.25,41.75
-85.75,41.75
-85.25,41.75
-84.75,41.75
-84.25,41.75
-83.75,41.75
-80.75,41.75
-80.25,41.75
-79.75,41.75
-77.25,41.75
-76.75,41.75
-76.25,41.75
-75.75,41.75
-75.25,41.75
-74.75,41.75
-74.25,41.75
-72.75,41.75
-72.25,41.75
-71.75,41.75
-71.25,41.75
-91.25,41.25
-90.75,41.25
-90.25,41.25
-89.75,41.25
-89.25,41.25
-88.75,41.25
-88.25,41.25
-87.75,41.25
-87.25,41.25
-86.75,41.25
-86.25,41.25
-85.75,41.25
-85.25,41.25
-84.75,41.25
-84.25,41.25
-83.75,41.25
-83.25,41.25
-82.75,41.25
-82.25,41.25
-81.75,41.25
-81.25,41.25
-80.75,41.25
-80.25,41.25
-79.75,41.25
-78.75,41.25
-77.25,41.25
-76.75,41.25
-76.25,41.25
-75.75,41.25
-74.75,41.25
-73.75,41.25
-73.25,41.25
-90.75,40.75
-90.25,40.75
-89.75,40.75
-89.25,40.75
-88.75,40.75
-88.25,40.75
-87.75,40.75
-87.25,40.75
-86.75,40.75
-86.25,40.75
-85.75,40.75
-85.25,40.75
-84.75,40.75
-84.25,40.75
-83.75,40.75
-83.25,40.75
-82.75,40.75
-82.25,40.75
-81.75,40.75
-81.25,40.75
-80.75,40.75
-80.25,40.75
-79.75,40.75
-79.25,40.75
-78.75,40.75
-78.25,40.75
-77.75,40.75
-77.25,40.75
-76.75,40.75
-76.25,40.75
-75.75,40.75
-75.25,40.75
-74.25,40.75
-91.25,40.25
-90.75,40.25
-90.25,40.25
-89.75,40.25
-89.25,40.25
-88.75,40.25
-88.25,40.25
-87.75,40.25
-87.25,40.25
-86.75,40.25
-86.25,40.25
-85.75,40.25
-85.25,40.25
-84.75,40.25
-84.25,40.25
-83.75,40.25
-83.25,40.25
-82.75,40.25
-82.25,40.25
-81.75,40.25
-81.25,40.25
-80.75,40.25
-80.25,40.25
-79.75,40.25
-79.25,40.25
-78.75,40.25
-78.25,40.25
-77.75,40.25
-77.25,40.25
-76.75,40.25
-76.25,40.25
-75.75,40.25
-75.25,40.25
-74.75,40.25
-74.25,40.25
-91.75,39.75
-91.25,39.75
-90.75,39.75
-90.25,39.75
-89.75,39.75
-89.25,39.75
-88.75,39.75
-88.25,39.75
-87.75,39.75
-87.25,39.75
-86.75,39.75
-86.25,39.75
-85.75,39.75
-85.25,39.75
-84.75,39.75
-84.25,39.75
-83.75,39.75
-83.25,39.75
-82.75,39.75
-82.25,39.75
-81.75,39.75
-81.25,39.75
-80.75,39.75
-80.25,39.75
-79.75,39.75
-79.25,39.75
-78.75,39.75
-78.25,39.75
-77.75,39.75
-77.25,39.75
-76.75,39.75
-76.25,39.75
-75.75,39.75
-75.25,39.75
-74.75,39.75
-91.25,39.25
-90.75,39.25
-90.25,39.25
-89.75,39.25
-89.25,39.25
-88.75,39.25
-88.25,39.25
-87.75,39.25
-87.25,39.25
-86.75,39.25
-86.25,39.25
-85.75,39.25
-85.25,39.25
-84.75,39.25
-84.25,39.25
-83.75,39.25
-83.25,39.25
-82.75,39.25
-82.25,39.25
-81.75,39.25
-81.25,39.25
-80.75,39.25
-80.25,39.25
-79.75,39.25
-79.25,39.25
-78.75,39.25
-78.25,39.25
-77.75,39.25
-77.25,39.25
-76.75,39.25
-75.75,39.25
-74.75,39.25
-92.75,38.75
-92.25,38.75
-91.75,38.75
-91.25,38.75
-90.75,38.75
-90.25,38.75
-89.75,38.75
-89.25,38.75
-88.75,38.75
-88.25,38.75
-87.75,38.75
-87.25,38.75
-86.75,38.75
-86.25,38.75
-85.75,38.75
-85.25,38.75
-84.75,38.75
-84.25,38.75
-83.75,38.75
-83.25,38.75
-82.75,38.75
-82.25,38.75
-81.75,38.75
-81.25,38.75
-80.75,38.75
-80.25,38.75
-79.75,38.75
-79.25,38.75
-78.75,38.75
-78.25,38.75
-77.75,38.75
-77.25,38.75
-76.75,38.75
-75.75,38.75
-93.25,38.25
-92.75,38.25
-92.25,38.25
-91.75,38.25
-91.25,38.25
-90.75,38.25
-90.25,38.25
-89.75,38.25
-89.25,38.25
-88.75,38.25
-88.25,38.25
-87.75,38.25
-87.25,38.25
-86.75,38.25
-86.25,38.25
-85.75,38.25
-85.25,38.25
-84.75,38.25
-84.25,38.25
-83.75,38.25
-83.25,38.25
-82.75,38.25
-82.25,38.25
-81.75,38.25
-81.25,38.25
-80.75,38.25
-80.25,38.25
-79.75,38.25
-79.25,38.25
-78.75,38.25
-78.25,38.25
-77.75,38.25
-77.25,38.25
-76.75,38.25
-75.75,38.25
-93.75,37.75
-93.25,37.75
-92.75,37.75
-92.25,37.75
-91.75,37.75
-91.25,37.75
-90.75,37.75
-90.25,37.75
-89.75,37.75
-89.25,37.75
-88.75,37.75
-88.25,37.75
-87.75,37.75
-87.25,37.75
-86.75,37.75
-86.25,37.75
-85.75,37.75
-85.25,37.75
-84.75,37.75
-84.25,37.75
-83.75,37.75
-83.25,37.75
-82.75,37.75
-82.25,37.75
-81.75,37.75
-81.25,37.75
-80.75,37.75
-80.25,37.75
-79.75,37.75
-79.25,37.75
-78.75,37.75
-78.25,37.75
-77.75,37.75
-77.25,37.75
-76.75,37.75
-94.25,37.25
-93.75,37.25
-93.25,37.25
-92.75,37.25
-92.25,37.25
-91.75,37.25
-91.25,37.25
-90.75,37.25
-90.25,37.25
-89.75,37.25
-89.25,37.25
-88.75,37.25
-88.25,37.25
-87.75,37.25
-87.25,37.25
-86.75,37.25
-86.25,37.25
-85.75,37.25
-85.25,37.25
-84.75,37.25
-84.25,37.25
-83.75,37.25
-83.25,37.25
-82.75,37.25
-82.25,37.25
-81.75,37.25
-81.25,37.25
-80.75,37.25
-80.25,37.25
-79.75,37.25
-79.25,37.25
-78.75,37.25
-78.25,37.25
-77.75,37.25
-77.25,37.25
-76.75,37.25
-94.75,36.75
-94.25,36.75
-93.75,36.75
-93.25,36.75
-92.75,36.75
-92.25,36.75
-91.75,36.75
-91.25,36.75
-90.75,36.75
-90.25,36.75
-89.75,36.75
-89.25,36.75
-88.75,36.75
-88.25,36.75
-87.75,36.75
-87.25,36.75
-86.75,36.75
-86.25,36.75
-85.75,36.75
-85.25,36.75
-84.75,36.75
-84.25,36.75
-83.75,36.75
-83.25,36.75
-82.75,36.75
-82.25,36.75
-81.75,36.75
-81.25,36.75
-80.75,36.75
-80.25,36.75
-79.75,36.75
-79.25,36.75
-78.75,36.75
-78.25,36.75
-77.75,36.75
-77.25,36.75
-76.75,36.75
-76.25,36.75
-94.75,36.25
-94.25,36.25
-93.75,36.25
-93.25,36.25
-92.75,36.25
-92.25,36.25
-91.75,36.25
-91.25,36.25
-90.75,36.25
-90.25,36.25
-89.75,36.25
-89.25,36.25
-88.75,36.25
-88.25,36.25
-87.75,36.25
-87.25,36.25
-86.75,36.25
-86.25,36.25
-85.75,36.25
-85.25,36.25
-84.75,36.25
-84.25,36.25
-83.75,36.25
-83.25,36.25
-82.75,36.25
-82.25,36.25
-81.75,36.25
-81.25,36.25
-80.75,36.25
-80.25,36.25
-79.75,36.25
-79.25,36.25
-78.75,36.25
-78.25,36.25
-77.75,36.25
-77.25,36.25
-76.75,36.25
-76.25,36.25
-94.75,35.75
-94.25,35.75
-93.75,35.75
-93.25,35.75
-92.75,35.75
-92.25,35.75
-91.75,35.75
-91.25,35.75
-90.75,35.75
-90.25,35.75
-89.75,35.75
-89.25,35.75
-88.75,35.75
-88.25,35.75
-87.75,35.75
-87.25,35.75
-86.75,35.75
-86.25,35.75
-85.75,35.75
-85.25,35.75
-84.75,35.75
-84.25,35.75
-83.75,35.75
-83.25,35.75
-82.75,35.75
-82.25,35.75
-81.75,35.75
-81.25,35.75
-80.75,35.75
-80.25,35.75
-79.75,35.75
-79.25,35.75
-78.75,35.75
-78.25,35.75
-77.75,35.75
-77.25,35.75
-76.75,35.75
-76.25,35.75
-95.75,35.25
-95.25,35.25
-94.75,35.25
-94.25,35.25
-93.75,35.25
-93.25,35.25
-92.75,35.25
-92.25,35.25
-91.75,35.25
-91.25,35.25
-90.75,35.25
-90.25,35.25
-89.75,35.25
-89.25,35.25
-88.75,35.25
-88.25,35.25
-87.75,35.25
-87.25,35.25
-86.75,35.25
-86.25,35.25
-85.75,35.25
-85.25,35.25
-84.75,35.25
-84.25,35.25
-83.75,35.25
-83.25,35.25
-82.75,35.25
-82.25,35.25
-81.75,35.25
-81.25,35.25
-80.75,35.25
-80.25,35.25
-79.75,35.25
-79.25,35.25
-78.75,35.25
-78.25,35.25
-77.75,35.25
-77.25,35.25
-76.75,35.25
-96.25,34.75
-95.75,34.75
-95.25,34.75
-94.75,34.75
-94.25,34.75
-93.75,34.75
-93.25,34.75
-92.75,34.75
-92.25,34.75
-91.75,34.75
-91.25,34.75
-90.75,34.75
-90.25,34.75
-89.75,34.75
-89.25,34.75
-88.75,34.75
-88.25,34.75
-87.75,34.75
-87.25,34.75
-86.75,34.75
-86.25,34.75
-85.75,34.75
-85.25,34.75
-84.75,34.75
-84.25,34.75
-83.75,34.75
-83.25,34.75
-82.75,34.75
-82.25,34.75
-81.75,34.75
-81.25,34.75
-80.75,34.75
-80.25,34.75
-79.75,34.75
-79.25,34.75
-78.75,34.75
-78.25,34.75
-77.75,34.75
-77.25,34.75
-96.25,34.25
-95.75,34.25
-95.25,34.25
-94.75,34.25
-94.25,34.25
-93.75,34.25
-93.25,34.25
-92.75,34.25
-92.25,34.25
-91.75,34.25
-91.25,34.25
-90.75,34.25
-90.25,34.25
-89.75,34.25
-89.25,34.25
-88.75,34.25
-88.25,34.25
-87.75,34.25
-87.25,34.25
-86.75,34.25
-86.25,34.25
-85.75,34.25
-85.25,34.25
-84.75,34.25
-84.25,34.25
-83.75,34.25
-83.25,34.25
-82.75,34.25
-82.25,34.25
-81.75,34.25
-81.25,34.25
-80.75,34.25
-80.25,34.25
-79.75,34.25
-79.25,34.25
-78.75,34.25
-78.25,34.25
-96.25,33.75
-95.75,33.75
-95.25,33.75
-94.75,33.75
-94.25,33.75
-93.75,33.75
-93.25,33.75
-92.75,33.75
-92.25,33.75
-91.75,33.75
-91.25,33.75
-90.75,33.75
-90.25,33.75
-89.75,33.75
-89.25,33.75
-88.75,33.75
-88.25,33.75
-87.75,33.75
-87.25,33.75
-86.75,33.75
-86.25,33.75
-85.75,33.75
-85.25,33.75
-84.75,33.75
-84.25,33.75
-83.75,33.75
-83.25,33.75
-82.75,33.75
-82.25,33.75
-81.75,33.75
-81.25,33.75
-80.75,33.75
-80.25,33.75
-79.75,33.75
-79.25,33.75
-95.25,33.25
-94.75,33.25
-94.25,33.25
-93.75,33.25
-93.25,33.25
-92.75,33.25
-92.25,33.25
-91.75,33.25
-91.25,33.25
-90.75,33.25
-90.25,33.25
-89.75,33.25
-89.25,33.25
-88.75,33.25
-88.25,33.25
-87.75,33.25
-87.25,33.25
-86.75,33.25
-86.25,33.25
-85.75,33.25
-85.25,33.25
-84.75,33.25
-84.25,33.25
-83.75,33.25
-83.25,33.25
-82.75,33.25
-82.25,33.25
-81.75,33.25
-81.25,33.25
-80.75,33.25
-80.25,33.25
-79.75,33.25
-95.75,32.75
-95.25,32.75
-94.75,32.75
-94.25,32.75
-93.75,32.75
-93.25,32.75
-92.75,32.75
-92.25,32.75
-91.75,32.75
-91.25,32.75
-90.75,32.75
-90.25,32.75
-89.75,32.75
-89.25,32.75
-88.75,32.75
-88.25,32.75
-87.75,32.75
-87.25,32.75
-86.75,32.75
-86.25,32.75
-85.75,32.75
-85.25,32.75
-84.75,32.75
-84.25,32.75
-83.75,32.75
-83.25,32.75
-82.75,32.75
-82.25,32.75
-81.75,32.75
-81.25,32.75
-80.75,32.75
-80.25,32.75
-96.25,32.25
-95.75,32.25
-95.25,32.25
-94.75,32.25
-94.25,32.25
-93.75,32.25
-93.25,32.25
-92.75,32.25
-92.25,32.25
-91.75,32.25
-91.25,32.25
-90.75,32.25
-90.25,32.25
-89.75,32.25
-89.25,32.25
-88.75,32.25
-88.25,32.25
-87.75,32.25
-87.25,32.25
-86.75,32.25
-86.25,32.25
-85.75,32.25
-85.25,32.25
-84.75,32.25
-84.25,32.25
-83.75,32.25
-83.25,32.25
-82.75,32.25
-82.25,32.25
-81.75,32.25
-81.25,32.25
-96.25,31.75
-95.75,31.75
-95.25,31.75
-94.75,31.75
-94.25,31.75
-93.75,31.75
-93.25,31.75
-92.75,31.75
-92.25,31.75
-91.75,31.75
-91.25,31.75
-90.75,31.75
-90.25,31.75
-89.75,31.75
-89.25,31.75
-88.75,31.75
-88.25,31.75
-87.75,31.75
-87.25,31.75
-86.75,31.75
-86.25,31.75
-85.75,31.75
-85.25,31.75
-84.75,31.75
-84.25,31.75
-83.75,31.75
-83.25,31.75
-82.75,31.75
-82.25,31.75
-81.75,31.75
-96.25,31.25
-95.75,31.25
-95.25,31.25
-94.75,31.25
-94.25,31.25
-93.75,31.25
-93.25,31.25
-92.75,31.25
-92.25,31.25
-91.75,31.25
-91.25,31.25
-90.75,31.25
-90.25,31.25
-89.75,31.25
-89.25,31.25
-88.75,31.25
-88.25,31.25
-87.75,31.25
-87.25,31.25
-86.75,31.25
-86.25,31.25
-85.75,31.25
-85.25,31.25
-84.75,31.25
-84.25,31.25
-83.75,31.25
-83.25,31.25
-82.75,31.25
-82.25,31.25
-81.75,31.25
-96.75,30.75
-96.25,30.75
-95.75,30.75
-95.25,30.75
-94.75,30.75
-94.25,30.75
-93.75,30.75
-93.25,30.75
-92.75,30.75
-91.75,30.75
-91.25,30.75
-90.75,30.75
-90.25,30.75
-89.75,30.75
-89.25,30.75
-88.75,30.75
-88.25,30.75
-87.75,30.75
-87.25,30.75
-86.75,30.75
-86.25,30.75
-85.75,30.75
-85.25,30.75
-84.75,30.75
-84.25,30.75
-83.75,30.75
-83.25,30.75
-82.75,30.75
-82.25,30.75
-81.75,30.75
-97.25,30.25
-96.75,30.25
-95.75,30.25
-95.25,30.25
-94.75,30.25
-94.25,30.25
-93.75,30.25
-93.25,30.25
-91.75,30.25
-91.25,30.25
-90.75,30.25
-89.75,30.25
-85.25,30.25
-84.75,30.25
-84.25,30.25
-83.75,30.25
-83.25,30.25
-82.75,30.25
-82.25,30.25
-81.75,30.25
-97.25,29.75
-91.25,29.75
-90.75,29.75
-90.25,29.75
-83.25,29.75
-82.75,29.75
-82.25,29.75
-81.75,29.75
-98.25,29.25
-97.75,29.25
-96.75,29.25
-82.75,29.25
-82.25,29.25
-81.75,29.25
-81.25,29.25
-98.25,28.75
-97.75,28.75
-97.25,28.75
-82.25,28.75
-81.75,28.75
-81.25,28.75
-82.25,28.25
-81.75,28.25
-81.25,28.25
-80.75,28.25
-82.25,27.75
-81.75,27.75
-81.25,27.75
-80.75,27.75
-82.25,27.25
-81.75,27.25
-81.25,27.25
-80.75,27.25
-81.75,26.75
-81.25,26.75
-80.25,26.75
