x,y
-113.75,53.75
-113.25,53.75
-112.75,53.75
-112.25,53.75
-111.75,53.75
-110.75,53.75
-113.75,53.25
-113.25,53.25
-112.75,53.25
-112.25,53.25
-111.75,53.25
-111.25,53.25
-110.75,53.25
-110.25,53.25
-109.75,53.25
-109.25,53.25
-113.75,52.75
-113.25,52.75
-112.75,52.75
-112.25,52.75
-111.75,52.75
-111.25,52.75
-110.75,52.75
-110.25,52.75
-109.75,52.75
-109.25,52.75
-108.75,52.75
-108.25,52.75
-107.75,52.75
-107.25,52.75
-106.75,52.75
-114.25,52.25
-113.75,52.25
-113.25,52.25
-112.75,52.25
-112.25,52.25
-111.75,52.25
-111.25,52.25
-110.75,52.25
-110.25,52.25
-109.75,52.25
-109.25,52.25
-108.75,52.25
-108.25,52.25
-107.75,52.25
-107.25,52.25
-106.75,52.25
-106.25,52.25
-105.75,52.25
-105.25,52.25
-104.75,52.25
-104.25,52.25
-103.75,52.25
-114.25,51.75
-113.75,51.75
-113.25,51.75
-112.75,51.75
-112.25,51.75
-111.75,51.75
-111.25,51.75
-110.75,51.75
-110.25,51.75
-109.75,51.75
-109.25,51.75
-108.75,51.75
-108.25,51.75
-107.75,51.75
-107.25,51.75
-106.75,51.75
-106.25,51.75
-105.75,51.75
-105.25,51.75
-104.75,51.75
-104.25,51.75
-103.75,51.75
-103.25,51.75
-102.75,51.75
-114.25,51.25
-113.75,51.25
-113.25,51.25
-112.75,51.25
-112.25,51.25
-111.75,51.25
-111.25,51.25
-110.75,51.25
-110.25,51.25
-109.75,51.25
-109.25,51.25
-108.75,51.25
-108.25,51.25
-107.75,51.25
-107.25,51.25
-106.75,51.25
-106.25,51.25
-105.75,51.25
-105.25,51.25
-104.75,51.25
-104.25,51.25
-103.75,51.25
-103.25,51.25
-102.75,51.25
-102.25,51.25
-101.75,51.25
-100.75,51.25
-100.25,51.25
-99.75,51.25
-99.25,51.25
-114.25,50.75
-113.75,50.75
-113.25,50.75
-112.75,50.75
-112.25,50.75
-111.75,50.75
-111.25,50.75
-110.75,50.75
-110.25,50.75
-109.75,50.75
-109.25,50.75
-108.75,50.75
-108.25,50.75
-107.75,50.75
-107.25,50.75
-106.75,50.75
-106.25,50.75
-105.75,50.75
-105.25,50.75
-104.75,50.75
-104.25,50.75
-103.75,50.75
-103.25,50.75
-102.75,50.75
-102.25,50.75
-101.75,50.75
-101.25,50.75
-99.25,50.75
-97.75,50.75
-114.25,50.25
-113.75,50.25
-113.25,50.25
-112.75,50.25
-112.25,50.25
-111.75,50.25
-111.25,50.25
-110.75,50.25
-110.25,50.25
-109.75,50.25
-109.25,50.25
-108.75,50.25
-108.25,50.25
-107.75,50.25
-107.25,50.25
-106.75,50.25
-106.25,50.25
-105.75,50.25
-105.25,50.25
-104.75,50.25
-104.25,50.25
-103.75,50.25
-103.25,50.25
-102.75,50.25
-102.25,50.25
-101.75,50.25
-101.25,50.25
-100.75,50.25
-100.25,50.25
-99.75,50.25
-99.25,50.25
-98.75,50.25
-97.75,50.25
-97.25,50.25
-113.75,49.75
-113.25,49.75
-112.75,49.75
-112.25,49.75
-111.75,49.75
-111.25,49.75
-108.25,49.75
-107.75,49.75
-107.25,49.75
-106.75,49.75
-106.25,49.75
-105.75,49.75
-105.25,49.75
-104.75,49.75
-104.25,49.75
-103.75,49.75
-103.25,49.75
-102.75,49.75
-102.25,49.75
-101.75,49.75
-101.25,49.75
-100.75,49.75
-100.25,49.75
-99.75,49.75
-99.25,49.75
-98.75,49.75
-98.25,49.75
-97.75,49.75
-97.25,49.75
-96.75,49.75
-113.75,49.25
-113.25,49.25
-112.75,49.25
-112.25,49.25
-111.75,49.25
-111.25,49.25
-110.75,49.25
-110.25,49.25
-109.75,49.25
-109.25,49.25
-108.75,49.25
-108.25,49.25
-107.75,49.25
-107.25,49.25
-106.75,49.25
-106.25,49.25
-105.75,49.25
-105.25,49.25
-104.75,49.25
-104.25,49.25
-103.75,49.25
-103.25,49.25
-102.75,49.25
-102.25,49.25
-101.75,49.25
-101.25,49.25
-100.75,49.25
-100.25,49.25
-99.75,49.25
-99.25,49.25
-98.75,49.25
-98.25,49.25
-97.75,49.25
-97.25,49.25
-96.75,49.25
-113.25,48.75
-112.75,48.75
-112.25,48.75
-111.75,48.75
-111.25,48.75
-110.75,48.75
-110.25,48.75
-109.75,48.75
-109.25,48.75
-108.75,48.75
-108.25,48.75
-107.75,48.75
-107.25,48.75
-106.75,48.75
-106.25,48.75
-105.75,48.75
-105.25,48.75
-104.75,48.75
-104.25,48.75
-103.75,48.75
-103.25,48.75
-102.75,48.75
-102.25,48.75
-101.75,48.75
-101.25,48.75
-100.75,48.75
-100.25,48.75
-99.75,48.75
-99.25,48.75
-98.75,48.75
-98.25,48.75
-97.75,48.75
-97.25,48.75
-96.75,48.75
-96.25,48.75
-95.75,48.75
-112.75,48.25
-112.25,48.25
-111.75,48.25
-111.25,48.25
-110.75,48.25
-110.25,48.25
-109.25,48.25
-108.75,48.25
-108.25,48.25
-107.75,48.25
-107.25,48.25
-106.75,48.25
-106.25,48.25
-105.75,48.25
-105.25,48.25
-104.75,48.25
-104.25,48.25
-103.75,48.25
-103.25,48.25
-102.75,48.25
-102.25,48.25
-101.75,48.25
-101.25,48.25
-100.75,48.25
-100.25,48.25
-99.75,48.25
-99.25,48.25
-98.75,48.25
-98.25,48.25
-97.75,48.25
-97.25,48.25
-96.75,48.25
-96.25,48.25
-95.75,48.25
-112.25,47.75
-111.75,47.75
-111.25,47.75
-110.75,47.75
-110.25,47.75
-109.75,47.75
-109.25,47.75
-108.75,47.75
-108.25,47.75
-107.75,47.75
-107.25,47.75
-106.75,47.75
-106.25,47.75
-105.75,47.75
-105.25,47.75
-104.75,47.75
-104.25,47.75
-103.75,47.75
-103.25,47.75
-102.75,47.75
-102.25,47.75
-101.75,47.75
-101.25,47.75
-100.75,47.75
-100.25,47.75
-99.75,47.75
-99.25,47.75
-98.75,47.75
-98.25,47.75
-97.75,47.75
-97.25,47.75
-96.75,47.75
-96.25,47.75
-95.75,47.75
-112.25,47.25
-111.75,47.25
-111.25,47.25
-110.75,47.25
-110.25,47.25
-109.75,47.25
-108.75,47.25
-108.25,47.25
-107.75,47.25
-107.25,47.25
-106.75,47.25
-106.25,47.25
-105.75,47.25
-105.25,47.25
-104.75,47.25
-104.25,47.25
-103.75,47.25
-103.25,47.25
-102.75,47.25
-102.25,47.25
-101.75,47.25
-101.25,47.25
-100.75,47.25
-100.25,47.25
-99.75,47.25
-99.25,47.25
-98.75,47.25
-98.25,47.25
-97.75,47.25
-97.25,47.25
-96.75,47.25
-96.25,47.25
-111.25,46.75
-109.75,46.75
-108.75,46.75
-108.25,46.75
-107.75,46.75
-107.25,46.75
-106.75,46.75
-106.25,46.75
-105.75,46.75
-105.25,46.75
-104.75,46.75
-104.25,46.75
-103.75,46.75
-103.25,46.75
-102.75,46.75
-102.25,46.75
-101.75,46.75
-101.25,46.75
-100.75,46.75
-100.25,46.75
-99.75,46.75
-99.25,46.75
-98.75,46.75
-98.25,46.75
-97.75,46.75
-97.25,46.75
-96.75,46.75
-110.75,46.25
-109.75,46.25
-109.25,46.25
-108.75,46.25
-108.25,46.25
-107.75,46.25
-107.25,46.25
-106.75,46.25
-106.25,46.25
-105.75,46.25
-105.25,46.25
-104.75,46.25
-104.25,46.25
-103.75,46.25
-103.25,46.25
-102.75,46.25
-102.25,46.25
-101.75,46.25
-101.25,46.25
-100.75,46.25
-100.25,46.25
-99.75,46.25
-99.25,46.25
-98.75,46.25
-98.25,46.25
-97.75,46.25
-97.25,46.25
-96.75,46.25
-96.25,46.25
-110.25,45.75
-109.75,45.75
-109.25,45.75
-108.75,45.75
-108.25,45.75
-107.75,45.75
-107.25,45.75
-106.75,45.75
-106.25,45.75
-105.75,45.75
-105.25,45.75
-104.75,45.75
-104.25,45.75
-103.75,45.75
-103.25,45.75
-102.75,45.75
-102.25,45.75
-101.75,45.75
-101.25,45.75
-100.75,45.75
-100.25,45.75
-99.75,45.75
-99.25,45.75
-98.75,45.75
-98.25,45.75
-97.75,45.75
-97.25,45.75
-96.75,45.75
-96.25,45.75
-109.25,45.25
-108.75,45.25
-108.25,45.25
-107.75,45.25
-107.25,45.25
-106.75,45.25
-106.25,45.25
-105.75,45.25
-105.25,45.25
-104.75,45.25
-104.25,45.25
-103.75,45.25
-103.25,45.25
-102.75,45.25
-102.25,45.25
-101.75,45.25
-101.25,45.25
-100.75,45.25
-100.25,45.25
-99.75,45.25
-99.25,45.25
-98.75,45.25
-98.25,45.25
-97.75,45.25
-97.25,45.25
-96.75,45.25
-96.25,45.25
-95.75,45.25
-106.75,44.75
-106.25,44.75
-105.75,44.75
-105.25,44.75
-103.75,44.75
-103.25,44.75
-102.75,44.75
-102.25,44.75
-101.75,44.75
-101.25,44.75
-100.75,44.75
-100.25,44.75
-99.75,44.75
-99.25,44.75
-98.75,44.75
-98.25,44.75
-97.75,44.75
-97.25,44.75
-96.75,44.75
-96.25,44.75
-95.75,44.75
-95.25,44.75
-94.75,44.75
-94.25,44.75
-92.75,44.75
-106.75,44.25
-106.25,44.25
-105.75,44.25
-105.25,44.25
-104.75,44.25
-103.25,44.25
-102.75,44.25
-102.25,44.25
-101.75,44.25
-101.25,44.25
-100.75,44.25
-100.25,44.25
-99.75,44.25
-99.25,44.25
-98.75,44.25
-98.25,44.25
-97.75,44.25
-97.25,44.25
-96.75,44.25
-96.25,44.25
-95.75,44.25
-95.25,44.25
-94.75,44.25
-94.25,44.25
-93.25,44.25
-106.25,43.75
-105.75,43.75
-105.25,43.75
-104.75,43.75
-104.25,43.75
-103.25,43.75
-102.75,43.75
-102.25,43.75
-101.75,43.75
-101.25,43.75
-100.75,43.75
-100.25,43.75
-99.75,43.75
-99.25,43.75
-98.75,43.75
-98.25,43.75
-97.75,43.75
-97.25,43.75
-96.75,43.75
-96.25,43.75
-95.75,43.75
-95.25,43.75
-94.75,43.75
-94.25,43.75
-93.75,43.75
-93.25,43.75
-92.75,43.75
-106.75,43.25
-106.25,43.25
-105.75,43.25
-105.25,43.25
-104.75,43.25
-104.25,43.25
-103.75,43.25
-103.25,43.25
-102.75,43.25
-102.25,43.25
-101.75,43.25
-101.25,43.25
-100.75,43.25
-100.25,43.25
-99.75,43.25
-99.25,43.25
-98.75,43.25
-98.25,43.25
-97.75,43.25
-97.25,43.25
-96.75,43.25
-96.25,43.25
-95.75,43.25
-95.25,43.25
-94.75,43.25
-94.25,43.25
-93.75,43.25
-93.25,43.25
-92.75,43.25
-92.25,43.25
-105.25,42.75
-104.75,42.75
-104.25,42.75
-103.75,42.75
-103.25,42.75
-102.75,42.75
-102.25,42.75
-101.75,42.75
-101.25,42.75
-100.75,42.75
-100.25,42.75
-99.75,42.75
-99.25,42.75
-98.75,42.75
-98.25,42.75
-97.75,42.75
-97.25,42.75
-96.75,42.75
-96.25,42.75
-95.75,42.75
-95.25,42.75
-94.75,42.75
-94.25,42.75
-93.75,42.75
-93.25,42.75
-92.75,42.75
-92.25,42.75
-91.75,42.75
-104.75,42.25
-104.25,42.25
-103.75,42.25
-103.25,42.25
-102.75,42.25
-102.25,42.25
-101.75,42.25
-101.25,42.25
-100.75,42.25
-100.25,42.25
-99.75,42.25
-99.25,42.25
-98.75,42.25
-98.25,42.25
-97.75,42.25
-97.25,42.25
-96.75,42.25
-96.25,42.25
-95.75,42.25
-95.25,42.25
-94.75,42.25
-94.25,42.25
-93.75,42.25
-93.25,42.25
-92.75,42.25
-92.25,42.25
-91.75,42.25
-91.25,42.25
-90.75,42.25
-104.75,41.75
-104.25,41.75
-103.75,41.75
-103.25,41.75
-102.75,41.75
-102.25,41.75
-101.75,41.75
-101.25,41.75
-100.75,41.75
-100.25,41.75
-99.75,41.75
-99.25,41.75
-98.75,41.75
-98.25,41.75
-97.75,41.75
-97.25,41.75
-96.75,41.75
-96.25,41.75
-95.75,41.75
-95.25,41.75
-94.75,41.75
-94.25,41.75
-93.75,41.75
-93.25,41.75
-92.75,41.75
-92.25,41.75
-91.75,41.75
-91.25,41.75
-90.75,41.75
-104.75,41.25
-104.25,41.25
-103.75,41.25
-103.25,41.25
-102.75,41.25
-102.25,41.25
-101.75,41.25
-101.25,41.25
-100.75,41.25
-100.25,41.25
-99.75,41.25
-99.25,41.25
-98.75,41.25
-98.25,41.25
-97.75,41.25
-97.25,41.25
-96.75,41.25
-96.25,41.25
-95.75,41.25
-95.25,41.25
-94.75,41.25
-94.25,41.25
-93.75,41.25
-93.25,41.25
-92.75,41.25
-92.25,41.25
-91.75,41.25
-104.75,40.75
-104.25,40.75
-103.75,40.75
-103.25,40.75
-102.75,40.75
-102.25,40.75
-101.75,40.75
-101.25,40.75
-100.75,40.75
-100.25,40.75
-99.75,40.75
-99.25,40.75
-98.75,40.75
-98.25,40.75
-97.75,40.75
-97.25,40.75
-96.75,40.75
-96.25,40.75
-95.75,40.75
-95.25,40.75
-94.75,40.75
-94.25,40.75
-93.75,40.75
-93.25,40.75
-92.75,40.75
-92.25,40.75
-91.75,40.75
-91.25,40.75
-104.75,40.25
-104.25,40.25
-103.75,40.25
-103.25,40.25
-102.75,40.25
-102.25,40.25
-101.75,40.25
-101.25,40.25
-100.75,40.25
-100.25,40.25
-99.75,40.25
-99.25,40.25
-98.75,40.25
-98.25,40.25
-97.75,40.25
-97.25,40.25
-96.75,40.25
-96.25,40.25
-95.75,40.25
-95.25,40.25
-94.75,40.25
-94.25,40.25
-93.75,40.25
-93.25,40.25
-92.75,40.25
-92.25,40.25
-91.75,40.25
-104.75,39.75
-104.25,39.75
-103.75,39.75
-103.25,39.75
-102.75,39.75
-102.25,39.75
-101.75,39.75
-101.25,39.75
-100.75,39.75
-100.25,39.75
-99.75,39.75
-99.25,39.75
-98.75,39.75
-98.25,39.75
-97.75,39.75
-97.25,39.75
-96.75,39.75
-96.25,39.75
-95.75,39.75
-95.25,39.75
-94.75,39.75
-94.25,39.75
-93.75,39.75
-93.25,39.75
-92.75,39.75
-92.25,39.75
-104.75,39.25
-104.25,39.25
-103.75,39.25
-103.25,39.25
-102.75,39.25
-102.25,39.25
-101.75,39.25
-101.25,39.25
-100.75,39.25
-100.25,39.25
-99.75,39.25
-99.25,39.25
-98.75,39.25
-98.25,39.25
-97.75,39.25
-97.25,39.25
-96.75,39.25
-96.25,39.25
-95.75,39.25
-95.25,39.25
-94.75,39.25
-94.25,39.25
-93.75,39.25
-93.25,39.25
-92.75,39.25
-92.25,39.25
-91.75,39.25
-104.75,38.75
-104.25,38.75
-103.75,38.75
-103.25,38.75
-102.75,38.75
-102.25,38.75
-101.75,38.75
-101.25,38.75
-100.75,38.75
-100.25,38.75
-99.75,38.75
-99.25,38.75
-98.75,38.75
-98.25,38.75
-97.75,38.75
-97.25,38.75
-96.75,38.75
-96.25,38.75
-95.75,38.75
-95.25,38.75
-94.75,38.75
-94.25,38.75
-93.75,38.75
-93.25,38.75
-104.75,38.25
-104.25,38.25
-103.75,38.25
-103.25,38.25
-102.75,38.25
-102.25,38.25
-101.75,38.25
-101.25,38.25
-100.75,38.25
-100.25,38.25
-99.75,38.25
-99.25,38.25
-98.75,38.25
-98.25,38.25
-97.75,38.25
-97.25,38.25
-96.75,38.25
-96.25,38.25
-95.75,38.25
-95.25,38.25
-94.75,38.25
-94.25,38.25
-93.75,38.25
-104.75,37.75
-104.25,37.75
-103.75,37.75
-103.25,37.75
-102.75,37.75
-102.25,37.75
-101.75,37.75
-101.25,37.75
-100.75,37.75
-100.25,37.75
-99.75,37.75
-99.25,37.75
-98.75,37.75
-98.25,37.75
-97.75,37.75
-97.25,37.75
-96.75,37.75
-96.25,37.75
-95.75,37.75
-95.25,37.75
-94.75,37.75
-94.25,37.75
-104.25,37.25
-103.75,37.25
-103.25,37.25
-102.75,37.25
-102.25,37.25
-101.75,37.25
-101.25,37.25
-100.75,37.25
-100.25,37.25
-99.75,37.25
-99.25,37.25
-98.75,37.25
-98.25,37.25
-97.75,37.25
-97.25,37.25
-96.75,37.25
-96.25,37.25
-95.75,37.25
-95.25,37.25
-94.75,37.25
-104.25,36.75
-103.75,36.75
-103.25,36.75
-102.75,36.75
-102.25,36.75
-101.75,36.75
-101.25,36.75
-100.75,36.75
-100.25,36.75
-99.75,36.75
-99.25,36.75
-98.75,36.75
-98.25,36.75
-97.75,36.75
-97.25,36.75
-96.75,36.75
-96.25,36.75
-95.75,36.75
-95.25,36.75
-104.75,36.25
-104.25,36.25
-103.75,36.25
-103.25,36.25
-102.75,36.25
-102.25,36.25
-101.75,36.25
-101.25,36.25
-100.75,36.25
-100.25,36.25
-99.75,36.25
-99.25,36.25
-98.75,36.25
-98.25,36.25
-97.75,36.25
-97.25,36.25
-96.75,36.25
-96.25,36.25
-95.75,36.25
-95.25,36.25
-105.25,35.75
-104.75,35.75
-104.25,35.75
-103.75,35.75
-103.25,35.75
-102.75,35.75
-102.25,35.75
-101.75,35.75
-101.25,35.75
-100.75,35.75
-100.25,35.75
-99.75,35.75
-99.25,35.75
-98.75,35.75
-98.25,35.75
-97.75,35.75
-97.25,35.75
-96.75,35.75
-96.25,35.75
-95.75,35.75
-95.25,35.75
-105.75,35.25
-105.25,35.25
-104.75,35.25
-104.25,35.25
-103.75,35.25
-103.25,35.25
-102.75,35.25
-102.25,35.25
-101.75,35.25
-101.25,35.25
-100.75,35.25
-100.25,35.25
-99.75,35.25
-99.25,35.25
-98.75,35.25
-98.25,35.25
-97.75,35.25
-97.25,35.25
-96.75,35.25
-96.25,35.25
-105.75,34.75
-105.25,34.75
-104.75,34.75
-104.25,34.75
-103.75,34.75
-103.25,34.75
-102.75,34.75
-102.25,34.75
-101.75,34.75
-101.25,34.75
-100.75,34.75
-100.25,34.75
-99.75,34.75
-99.25,34.75
-98.75,34.75
-98.25,34.75
-97.75,34.75
-97.25,34.75
-96.75,34.75
-106.25,34.25
-105.25,34.25
-104.75,34.25
-104.25,34.25
-103.75,34.25
-103.25,34.25
-102.75,34.25
-102.25,34.25
-101.75,34.25
-101.25,34.25
-100.75,34.25
-100.25,34.25
-99.75,34.25
-99.25,34.25
-98.75,34.25
-98.25,34.25
-97.75,34.25
-97.25,34.25
-96.75,34.25
-105.25,33.75
-104.75,33.75
-103.75,33.75
-103.25,33.75
-102.75,33.75
-102.25,33.75
-101.75,33.75
-101.25,33.75
-100.75,33.75
-100.25,33.75
-99.75,33.75
-99.25,33.75
-98.75,33.75
-98.25,33.75
-97.75,33.75
-97.25,33.75
-96.75,33.75
-104.75,33.25
-103.75,33.25
-103.25,33.25
-102.75,33.25
-102.25,33.25
-101.75,33.25
-101.25,33.25
-100.75,33.25
-100.25,33.25
-99.75,33.25
-99.25,33.25
-98.75,33.25
-98.25,33.25
-97.75,33.25
-97.25,33.25
-96.75,33.25
-96.25,33.25
-95.75,33.25
-103.75,32.75
-103.25,32.75
-102.75,32.75
-102.25,32.75
-101.75,32.75
-101.25,32.75
-100.75,32.75
-100.25,32.75
-99.75,32.75
-99.25,32.75
-98.75,32.75
-98.25,32.75
-97.75,32.75
-97.25,32.75
-96.75,32.75
-96.25,32.75
-103.25,32.25
-102.75,32.25
-102.25,32.25
-101.75,32.25
-101.25,32.25
-100.75,32.25
-100.25,32.25
-99.75,32.25
-99.25,32.25
-98.75,32.25
-98.25,32.25
-97.75,32.25
-97.25,32.25
-96.75,32.25
-102.75,31.75
-102.25,31.75
-101.75,31.75
-101.25,31.75
-100.75,31.75
-100.25,31.75
-99.75,31.75
-99.25,31.75
-98.75,31.75
-98.25,31.75
-97.75,31.75
-97.25,31.75
-96.75,31.75
-101.75,31.25
-101.25,31.25
-100.75,31.25
-100.25,31.25
-99.75,31.25
-99.25,31.25
-98.75,31.25
-98.25,31.25
-97.75,31.25
-97.25,31.25
-96.75,31.25
-101.75,30.75
-101.25,30.75
-100.75,30.75
-100.25,30.75
-99.75,30.75
-99.25,30.75
-98.75,30.75
-98.25,30.75
-97.75,30.75
-97.25,30.75
-92.25,30.75
-101.25,30.25
-100.75,30.25
-100.25,30.25
-99.75,30.25
-99.25,30.25
-98.75,30.25
-98.25,30.25
-97.75,30.25
-96.25,30.25
-92.75,30.25
-92.25,30.25
-100.75,29.75
-100.25,29.75
-99.75,29.75
-99.25,29.75
-98.75,29.75
-98.25,29.75
-97.75,29.75
-96.75,29.75
-96.25,29.75
-95.75,29.75
-95.25,29.75
-94.25,29.75
-101.25,29.25
-100.75,29.25
-100.25,29.25
-99.75,29.25
-99.25,29.25
-98.75,29.25
-97.25,29.25
-96.25,29.25
-95.75,29.25
-95.25,29.25
-101.75,28.75
-101.25,28.75
-100.75,28.75
-100.25,28.75
-99.75,28.75
-99.25,28.75
-98.75,28.75
-96.75,28.75
-96.25,28.75
-101.25,28.25
-100.75,28.25
-100.25,28.25
-99.75,28.25
-99.25,28.25
-98.75,28.25
-98.25,28.25
-97.75,28.25
-97.25,28.25
-101.25,27.75
-100.75,27.75
-100.25,27.75
-99.75,27.75
-99.25,27.75
-98.75,27.75
-98.25,27.75
-97.75,27.75
-100.75,27.25
-100.25,27.25
-99.75,27.25
-99.25,27.25
-98.75,27.25
-98.25,27.25
-97.75,27.25
-100.25,26.75
-99.75,26.75
-99.25,26.75
-98.75,26.75
-98.25,26.75
-97.75,26.75
-100.25,26.25
-99.75,26.25
-99.25,26.25
-98.75,26.25
-98.25,26.25
-97.75,26.25
-100.25,25.75
-99.75,25.75
-99.25,25.75
-98.75,25.75
-98.25,25.75
-97.75,25.75
-99.75,25.25
-99.25,25.25
-98.75,25.25
-98.25,25.25
-97.75,25.25
