x,y
-107.75,59.25
-107.25,59.25
-106.75,59.25
-106.25,59.25
-105.75,59.25
-116.75,58.75
-116.25,58.75
-114.25,58.75
-110.25,58.75
-109.75,58.75
-109.25,58.75
-108.75,58.75
-108.25,58.75
-107.75,58.75
-107.25,58.75
-106.75,58.75
-106.25,58.75
-105.75,58.75
-105.25,58.75
-104.75,58.75
-104.25,58.75
-103.75,58.75
-117.75,58.25
-117.25,58.25
-116.75,58.25
-116.25,58.25
-115.75,58.25
-115.25,58.25
-114.75,58.25
-114.25,58.25
-110.75,58.25
-110.25,58.25
-109.75,58.25
-109.25,58.25
-108.75,58.25
-108.25,58.25
-107.75,58.25
-107.25,58.25
-106.75,58.25
-106.25,58.25
-105.75,58.25
-105.25,58.25
-104.75,58.25
-104.25,58.25
-103.75,58.25
-120.75,57.75
-120.25,57.75
-119.75,57.75
-119.25,57.75
-118.25,57.75
-117.75,57.75
-117.25,57.75
-116.75,57.75
-116.25,57.75
-115.75,57.75
-115.25,57.75
-114.75,57.75
-114.25,57.75
-113.75,57.75
-113.25,57.75
-112.75,57.75
-112.25,57.75
-110.75,57.75
-110.25,57.75
-109.75,57.75
-109.25,57.75
-108.75,57.75
-108.25,57.75
-107.75,57.75
-107.25,57.75
-106.75,57.75
-106.25,57.75
-105.75,57.75
-105.25,57.75
-104.75,57.75
-104.25,57.75
-103.75,57.75
-103.25,57.75
-102.75,57.75
-121.75,57.25
-121.25,57.25
-120.75,57.25
-120.25,57.25
-119.75,57.25
-119.25,57.25
-118.75,57.25
-118.25,57.25
-117.75,57.25
-117.25,57.25
-116.75,57.25
-116.25,57.25
-115.75,57.25
-115.25,57.25
-114.75,57.25
-114.25,57.25
-113.75,57.25
-113.25,57.25
-112.75,57.25
-112.25,57.25
-111.75,57.25
-111.25,57.25
-110.75,57.25
-110.25,57.25
-109.75,57.25
-109.25,57.25
-108.75,57.25
-108.25,57.25
-107.75,57.25
-107.25,57.25
-106.75,57.25
-106.25,57.25
-105.75,57.25
-105.25,57.25
-104.75,57.25
-104.25,57.25
-103.75,57.25
-103.25,57.25
-101.75,57.25
-101.25,57.25
-100.75,57.25
-100.25,57.25
-99.75,57.25
-122.75,56.75
-122.25,56.75
-121.75,56.75
-121.25,56.75
-120.75,56.75
-120.25,56.75
-119.75,56.75
-119.25,56.75
-118.75,56.75
-118.25,56.75
-117.75,56.75
-117.25,56.75
-116.75,56.75
-116.25,56.75
-115.75,56.75
-115.25,56.75
-114.75,56.75
-114.25,56.75
-113.75,56.75
-113.25,56.75
-112.75,56.75
-112.25,56.75
-111.75,56.75
-111.25,56.75
-110.75,56.75
-110.25,56.75
-109.75,56.75
-109.25,56.75
-108.75,56.75
-108.25,56.75
-107.75,56.75
-107.25,56.75
-106.75,56.75
-106.25,56.75
-105.75,56.75
-105.25,56.75
-104.75,56.75
-104.25,56.75
-103.75,56.75
-103.25,56.75
-102.75,56.75
-102.25,56.75
-101.75,56.75
-101.25,56.75
-100.75,56.75
-100.25,56.75
-99.75,56.75
-99.25,56.75
-98.75,56.75
-98.25,56.75
-97.75,56.75
-97.25,56.75
-96.75,56.75
-122.25,56.25
-121.75,56.25
-121.25,56.25
-120.75,56.25
-120.25,56.25
-119.75,56.25
-119.25,56.25
-118.75,56.25
-118.25,56.25
-117.75,56.25
-117.25,56.25
-116.75,56.25
-116.25,56.25
-115.75,56.25
-115.25,56.25
-114.75,56.25
-114.25,56.25
-113.75,56.25
-113.25,56.25
-112.75,56.25
-112.25,56.25
-111.75,56.25
-111.25,56.25
-110.75,56.25
-110.25,56.25
-109.75,56.25
-109.25,56.25
-108.75,56.25
-108.25,56.25
-107.75,56.25
-107.25,56.25
-106.75,56.25
-106.25,56.25
-105.75,56.25
-105.25,56.25
-104.75,56.25
-104.25,56.25
-103.75,56.25
-103.25,56.25
-102.75,56.25
-102.25,56.25
-101.75,56.25
-101.25,56.25
-100.75,56.25
-100.25,56.25
-99.75,56.25
-99.25,56.25
-98.75,56.25
-98.25,56.25
-97.75,56.25
-97.25,56.25
-96.75,56.25
-96.25,56.25
-95.75,56.25
-95.25,56.25
-94.75,56.25
-94.25,56.25
-121.75,55.75
-121.25,55.75
-120.75,55.75
-120.25,55.75
-119.75,55.75
-119.25,55.75
-118.75,55.75
-118.25,55.75
-117.75,55.75
-117.25,55.75
-116.75,55.75
-116.25,55.75
-115.75,55.75
-115.25,55.75
-114.75,55.75
-114.25,55.75
-113.75,55.75
-113.25,55.75
-112.75,55.75
-112.25,55.75
-111.75,55.75
-111.25,55.75
-110.75,55.75
-110.25,55.75
-109.75,55.75
-109.25,55.75
-108.75,55.75
-108.25,55.75
-107.75,55.75
-107.25,55.75
-106.75,55.75
-106.25,55.75
-105.75,55.75
-105.25,55.75
-104.75,55.75
-104.25,55.75
-103.75,55.75
-103.25,55.75
-102.75,55.75
-102.25,55.75
-101.75,55.75
-101.25,55.75
-100.75,55.75
-100.25,55.75
-99.75,55.75
-99.25,55.75
-98.75,55.75
-98.25,55.75
-97.75,55.75
-97.25,55.75
-96.75,55.75
-96.25,55.75
-95.75,55.75
-95.25,55.75
-94.75,55.75
-94.25,55.75
-93.75,55.75
-93.25,55.75
-92.75,55.75
-120.75,55.25
-120.25,55.25
-119.75,55.25
-119.25,55.25
-118.75,55.25
-118.25,55.25
-117.75,55.25
-117.25,55.25
-116.75,55.25
-116.25,55.25
-115.75,55.25
-115.25,55.25
-114.75,55.25
-114.25,55.25
-113.75,55.25
-113.25,55.25
-112.75,55.25
-112.25,55.25
-111.75,55.25
-111.25,55.25
-110.75,55.25
-110.25,55.25
-109.75,55.25
-109.25,55.25
-108.75,55.25
-108.25,55.25
-107.75,55.25
-107.25,55.25
-106.75,55.25
-106.25,55.25
-105.75,55.25
-105.25,55.25
-104.75,55.25
-104.25,55.25
-103.75,55.25
-103.25,55.25
-102.75,55.25
-102.25,55.25
-101.75,55.25
-101.25,55.25
-100.75,55.25
-100.25,55.25
-99.75,55.25
-99.25,55.25
-98.75,55.25
-98.25,55.25
-97.75,55.25
-97.25,55.25
-96.75,55.25
-96.25,55.25
-95.75,55.25
-95.25,55.25
-94.75,55.25
-94.25,55.25
-93.75,55.25
-93.25,55.25
-120.25,54.75
-119.75,54.75
-119.25,54.75
-118.75,54.75
-118.25,54.75
-117.75,54.75
-117.25,54.75
-116.75,54.75
-116.25,54.75
-115.75,54.75
-115.25,54.75
-114.75,54.75
-114.25,54.75
-113.75,54.75
-113.25,54.75
-112.75,54.75
-112.25,54.75
-111.75,54.75
-111.25,54.75
-110.75,54.75
-110.25,54.75
-109.75,54.75
-109.25,54.75
-108.75,54.75
-108.25,54.75
-107.75,54.75
-107.25,54.75
-106.75,54.75
-106.25,54.75
-105.75,54.75
-105.25,54.75
-104.75,54.75
-104.25,54.75
-103.75,54.75
-103.25,54.75
-102.75,54.75
-102.25,54.75
-101.75,54.75
-101.25,54.75
-100.75,54.75
-100.25,54.75
-99.75,54.75
-99.25,54.75
-98.75,54.75
-98.25,54.75
-97.75,54.75
-97.25,54.75
-96.75,54.75
-96.25,54.75
-95.75,54.75
-95.25,54.75
-94.75,54.75
-94.25,54.75
-93.75,54.75
-93.25,54.75
-92.75,54.75
-92.25,54.75
-91.75,54.75
-91.25,54.75
-90.75,54.75
-89.75,54.75
-119.25,54.25
-118.75,54.25
-118.25,54.25
-117.75,54.25
-117.25,54.25
-116.75,54.25
-116.25,54.25
-115.75,54.25
-115.25,54.25
-114.75,54.25
-114.25,54.25
-113.75,54.25
-113.25,54.25
-112.75,54.25
-112.25,54.25
-111.75,54.25
-111.25,54.25
-110.75,54.25
-110.25,54.25
-109.75,54.25
-109.25,54.25
-108.75,54.25
-108.25,54.25
-107.75,54.25
-107.25,54.25
-106.75,54.25
-106.25,54.25
-105.75,54.25
-105.25,54.25
-104.75,54.25
-104.25,54.25
-103.75,54.25
-103.25,54.25
-102.75,54.25
-102.25,54.25
-101.75,54.25
-101.25,54.25
-100.75,54.25
-100.25,54.25
-99.75,54.25
-99.25,54.25
-98.75,54.25
-98.25,54.25
-97.75,54.25
-97.25,54.25
-96.75,54.25
-96.25,54.25
-95.75,54.25
-95.25,54.25
-94.75,54.25
-94.25,54.25
-93.75,54.25
-93.25,54.25
-92.75,54.25
-92.25,54.25
-91.75,54.25
-91.25,54.25
-90.75,54.25
-90.25,54.25
-89.75,54.25
-89.25,54.25
-59.75,54.25
-59.25,54.25
-58.75,54.25
-58.25,54.25
-118.25,53.75
-117.75,53.75
-117.25,53.75
-116.75,53.75
-116.25,53.75
-115.75,53.75
-115.25,53.75
-114.75,53.75
-114.25,53.75
-111.25,53.75
-110.25,53.75
-109.75,53.75
-109.25,53.75
-108.75,53.75
-108.25,53.75
-107.75,53.75
-107.25,53.75
-106.75,53.75
-106.25,53.75
-105.75,53.75
-105.25,53.75
-104.75,53.75
-104.25,53.75
-103.75,53.75
-103.25,53.75
-102.75,53.75
-102.25,53.75
-101.75,53.75
-101.25,53.75
-100.75,53.75
-99.75,53.75
-99.25,53.75
-97.75,53.75
-97.25,53.75
-96.75,53.75
-96.25,53.75
-95.75,53.75
-95.25,53.75
-94.75,53.75
-94.25,53.75
-93.75,53.75
-93.25,53.75
-92.75,53.75
-92.25,53.75
-91.75,53.75
-91.25,53.75
-90.75,53.75
-90.25,53.75
-89.75,53.75
-89.25,53.75
-88.75,53.75
-88.25,53.75
-87.75,53.75
-60.75,53.75
-60.25,53.75
-57.75,53.75
-57.25,53.75
-117.75,53.25
-117.25,53.25
-116.75,53.25
-116.25,53.25
-115.75,53.25
-115.25,53.25
-114.75,53.25
-114.25,53.25
-108.75,53.25
-108.25,53.25
-107.75,53.25
-107.25,53.25
-106.75,53.25
-106.25,53.25
-105.75,53.25
-105.25,53.25
-104.75,53.25
-104.25,53.25
-103.75,53.25
-103.25,53.25
-102.75,53.25
-102.25,53.25
-101.75,53.25
-101.25,53.25
-100.75,53.25
-97.25,53.25
-96.75,53.25
-96.25,53.25
-95.75,53.25
-95.25,53.25
-94.75,53.25
-94.25,53.25
-93.75,53.25
-93.25,53.25
-92.75,53.25
-92.25,53.25
-91.75,53.25
-91.25,53.25
-90.75,53.25
-90.25,53.25
-89.75,53.25
-89.25,53.25
-88.75,53.25
-88.25,53.25
-87.75,53.25
-87.25,53.25
-63.25,53.25
-62.75,53.25
-60.75,53.25
-60.25,53.25
-58.25,53.25
-57.75,53.25
-57.25,53.25
-56.75,53.25
-56.25,53.25
-116.25,52.75
-115.75,52.75
-115.25,52.75
-114.75,52.75
-114.25,52.75
-106.25,52.75
-105.75,52.75
-105.25,52.75
-104.75,52.75
-104.25,52.75
-103.75,52.75
-103.25,52.75
-102.75,52.75
-102.25,52.75
-101.75,52.75
-101.25,52.75
-100.75,52.75
-99.25,52.75
-97.25,52.75
-96.75,52.75
-96.25,52.75
-95.75,52.75
-95.25,52.75
-94.75,52.75
-94.25,52.75
-93.75,52.75
-93.25,52.75
-92.75,52.75
-92.25,52.75
-91.75,52.75
-91.25,52.75
-90.75,52.75
-90.25,52.75
-89.75,52.75
-89.25,52.75
-88.75,52.75
-88.25,52.75
-87.75,52.75
-87.25,52.75
-86.75,52.75
-70.25,52.75
-69.75,52.75
-69.25,52.75
-68.75,52.75
-68.25,52.75
-67.75,52.75
-67.25,52.75
-66.75,52.75
-61.75,52.75
-57.25,52.75
-56.75,52.75
-56.25,52.75
-116.25,52.25
-115.75,52.25
-115.25,52.25
-114.75,52.25
-103.25,52.25
-102.75,52.25
-102.25,52.25
-101.75,52.25
-101.25,52.25
-100.75,52.25
-100.25,52.25
-99.25,52.25
-98.75,52.25
-96.75,52.25
-96.25,52.25
-95.75,52.25
-95.25,52.25
-94.75,52.25
-94.25,52.25
-93.75,52.25
-93.25,52.25
-92.75,52.25
-92.25,52.25
-91.75,52.25
-91.25,52.25
-90.75,52.25
-90.25,52.25
-89.75,52.25
-89.25,52.25
-88.75,52.25
-88.25,52.25
-87.75,52.25
-87.25,52.25
-86.75,52.25
-73.25,52.25
-71.75,52.25
-71.25,52.25
-70.75,52.25
-70.25,52.25
-69.75,52.25
-69.25,52.25
-68.75,52.25
-68.25,52.25
-67.75,52.25
-67.25,52.25
-66.75,52.25
-56.75,52.25
-56.25,52.25
-115.25,51.75
-114.75,51.75
-102.25,51.75
-101.75,51.75
-101.25,51.75
-100.75,51.75
-100.25,51.75
-99.25,51.75
-98.75,51.75
-98.25,51.75
-97.75,51.75
-96.75,51.75
-96.25,51.75
-95.75,51.75
-95.25,51.75
-94.75,51.75
-94.25,51.75
-93.75,51.75
-93.25,51.75
-92.75,51.75
-92.25,51.75
-91.75,51.75
-91.25,51.75
-90.75,51.75
-90.25,51.75
-89.75,51.75
-89.25,51.75
-88.75,51.75
-88.25,51.75
-87.75,51.75
-87.25,51.75
-86.75,51.75
-76.25,51.75
-75.75,51.75
-75.25,51.75
-74.75,51.75
-74.25,51.75
-73.75,51.75
-73.25,51.75
-72.75,51.75
-72.25,51.75
-71.75,51.75
-71.25,51.75
-70.75,51.75
-70.25,51.75
-69.75,51.75
-69.25,51.75
-68.75,51.75
-68.25,51.75
-67.75,51.75
-67.25,51.75
-66.75,51.75
-66.25,51.75
-65.25,51.75
-64.75,51.75
-64.25,51.75
-63.75,51.75
-63.25,51.75
-62.75,51.75
-62.25,51.75
-61.75,51.75
-61.25,51.75
-60.75,51.75
-60.25,51.75
-59.75,51.75
-59.25,51.75
-58.75,51.75
-58.25,51.75
-57.75,51.75
-57.25,51.75
-56.75,51.75
-114.75,51.25
-101.25,51.25
-98.25,51.25
-97.75,51.25
-97.25,51.25
-96.25,51.25
-95.75,51.25
-95.25,51.25
-94.75,51.25
-94.25,51.25
-93.75,51.25
-93.25,51.25
-92.75,51.25
-92.25,51.25
-91.75,51.25
-91.25,51.25
-90.75,51.25
-90.25,51.25
-89.75,51.25
-89.25,51.25
-88.75,51.25
-88.25,51.25
-87.75,51.25
-87.25,51.25
-86.75,51.25
-86.25,51.25
-77.25,51.25
-76.75,51.25
-76.25,51.25
-75.75,51.25
-75.25,51.25
-74.75,51.25
-74.25,51.25
-73.75,51.25
-72.75,51.25
-72.25,51.25
-71.75,51.25
-71.25,51.25
-70.75,51.25
-70.25,51.25
-69.75,51.25
-69.25,51.25
-68.75,51.25
-68.25,51.25
-67.75,51.25
-67.25,51.25
-66.75,51.25
-66.25,51.25
-65.75,51.25
-65.25,51.25
-64.75,51.25
-64.25,51.25
-63.75,51.25
-63.25,51.25
-62.75,51.25
-62.25,51.25
-61.75,51.25
-61.25,51.25
-60.75,51.25
-60.25,51.25
-59.75,51.25
-59.25,51.25
-58.75,51.25
-56.25,51.25
-100.75,50.75
-100.25,50.75
-99.75,50.75
-97.25,50.75
-96.25,50.75
-95.75,50.75
-95.25,50.75
-94.75,50.75
-94.25,50.75
-93.75,50.75
-93.25,50.75
-92.75,50.75
-92.25,50.75
-91.75,50.75
-91.25,50.75
-90.75,50.75
-90.25,50.75
-89.75,50.75
-89.25,50.75
-88.75,50.75
-88.25,50.75
-87.75,50.75
-87.25,50.75
-86.75,50.75
-86.25,50.75
-77.75,50.75
-77.25,50.75
-76.75,50.75
-76.25,50.75
-75.75,50.75
-75.25,50.75
-74.75,50.75
-74.25,50.75
-73.25,50.75
-72.75,50.75
-72.25,50.75
-71.75,50.75
-71.25,50.75
-70.75,50.75
-70.25,50.75
-69.75,50.75
-69.25,50.75
-68.75,50.75
-68.25,50.75
-67.75,50.75
-67.25,50.75
-66.75,50.75
-66.25,50.75
-65.75,50.75
-65.25,50.75
-64.75,50.75
-64.25,50.75
-63.75,50.75
-63.25,50.75
-62.75,50.75
-62.25,50.75
-61.75,50.75
-61.25,50.75
-60.75,50.75
-60.25,50.75
-59.75,50.75
-56.75,50.75
-56.25,50.75
-96.75,50.25
-96.25,50.25
-95.75,50.25
-95.25,50.25
-94.75,50.25
-94.25,50.25
-93.75,50.25
-93.25,50.25
-92.75,50.25
-92.25,50.25
-91.75,50.25
-91.25,50.25
-90.75,50.25
-90.25,50.25
-89.75,50.25
-89.25,50.25
-88.75,50.25
-88.25,50.25
-87.75,50.25
-87.25,50.25
-86.75,50.25
-86.25,50.25
-85.75,50.25
-84.75,50.25
-81.25,50.25
-80.75,50.25
-80.25,50.25
-79.75,50.25
-78.75,50.25
-78.25,50.25
-77.75,50.25
-77.25,50.25
-76.75,50.25
-76.25,50.25
-75.75,50.25
-75.25,50.25
-74.75,50.25
-74.25,50.25
-73.75,50.25
-73.25,50.25
-72.75,50.25
-72.25,50.25
-71.75,50.25
-71.25,50.25
-70.75,50.25
-70.25,50.25
-69.75,50.25
-69.25,50.25
-68.75,50.25
-68.25,50.25
-67.75,50.25
-67.25,50.25
-66.75,50.25
-66.25,50.25
-57.25,50.25
-56.75,50.25
-96.25,49.75
-95.75,49.75
-95.25,49.75
-94.75,49.75
-94.25,49.75
-93.75,49.75
-93.25,49.75
-92.75,49.75
-92.25,49.75
-91.75,49.75
-91.25,49.75
-90.75,49.75
-90.25,49.75
-89.75,49.75
-89.25,49.75
-87.75,49.75
-87.25,49.75
-86.75,49.75
-86.25,49.75
-85.75,49.75
-85.25,49.75
-84.75,49.75
-84.25,49.75
-83.75,49.75
-83.25,49.75
-82.75,49.75
-82.25,49.75
-81.75,49.75
-81.25,49.75
-80.75,49.75
-80.25,49.75
-79.75,49.75
-79.25,49.75
-78.75,49.75
-78.25,49.75
-77.75,49.75
-77.25,49.75
-76.75,49.75
-76.25,49.75
-75.75,49.75
-75.25,49.75
-74.75,49.75
-74.25,49.75
-73.75,49.75
-73.25,49.75
-72.75,49.75
-72.25,49.75
-71.75,49.75
-71.25,49.75
-70.75,49.75
-70.25,49.75
-69.75,49.75
-69.25,49.75
-68.75,49.75
-68.25,49.75
-67.75,49.75
-67.25,49.75
-63.75,49.75
-63.25,49.75
-57.75,49.75
-57.25,49.75
-56.25,49.75
-96.25,49.25
-95.75,49.25
-95.25,49.25
-94.25,49.25
-93.75,49.25
-93.25,49.25
-92.75,49.25
-92.25,49.25
-91.75,49.25
-91.25,49.25
-90.75,49.25
-90.25,49.25
-89.75,49.25
-89.25,49.25
-88.75,49.25
-88.25,49.25
-87.75,49.25
-87.25,49.25
-86.75,49.25
-86.25,49.25
-85.75,49.25
-85.25,49.25
-84.75,49.25
-84.25,49.25
-83.75,49.25
-83.25,49.25
-82.75,49.25
-82.25,49.25
-81.75,49.25
-81.25,49.25
-80.75,49.25
-80.25,49.25
-79.75,49.25
-79.25,49.25
-78.75,49.25
-78.25,49.25
-77.75,49.25
-77.25,49.25
-76.75,49.25
-76.25,49.25
-75.75,49.25
-75.25,49.25
-74.75,49.25
-74.25,49.25
-73.75,49.25
-73.25,49.25
-72.75,49.25
-72.25,49.25
-71.75,49.25
-71.25,49.25
-70.75,49.25
-70.25,49.25
-69.75,49.25
-69.25,49.25
-68.75,49.25
-68.25,49.25
-62.75,49.25
-62.25,49.25
-57.75,49.25
-57.25,49.25
-56.75,49.25
-56.25,49.25
-55.75,49.25
-54.75,49.25
-54.25,49.25
-95.25,48.75
-94.75,48.75
-94.25,48.75
-93.75,48.75
-93.25,48.75
-92.75,48.75
-92.25,48.75
-91.75,48.75
-91.25,48.75
-90.75,48.75
-90.25,48.75
-89.75,48.75
-89.25,48.75
-88.75,48.75
-86.25,48.75
-85.75,48.75
-85.25,48.75
-84.75,48.75
-84.25,48.75
-83.75,48.75
-83.25,48.75
-82.75,48.75
-82.25,48.75
-81.75,48.75
-81.25,48.75
-80.75,48.75
-80.25,48.75
-79.75,48.75
-79.25,48.75
-78.75,48.75
-78.25,48.75
-77.75,48.75
-77.25,48.75
-76.75,48.75
-76.25,48.75
-75.75,48.75
-75.25,48.75
-74.75,48.75
-74.25,48.75
-73.75,48.75
-73.25,48.75
-72.75,48.75
-72.25,48.75
-71.75,48.75
-71.25,48.75
-70.75,48.75
-70.25,48.75
-69.75,48.75
-69.25,48.75
-67.25,48.75
-66.75,48.75
-66.25,48.75
-65.75,48.75
-65.25,48.75
-64.75,48.75
-58.25,48.75
-57.75,48.75
-57.25,48.75
-56.75,48.75
-56.25,48.75
-55.75,48.75
-55.25,48.75
-54.75,48.75
-54.25,48.75
-95.25,48.25
-94.75,48.25
-94.25,48.25
-93.75,48.25
-93.25,48.25
-92.75,48.25
-92.25,48.25
-91.75,48.25
-91.25,48.25
-90.75,48.25
-90.25,48.25
-89.75,48.25
-85.75,48.25
-85.25,48.25
-84.75,48.25
-84.25,48.25
-83.75,48.25
-83.25,48.25
-82.75,48.25
-82.25,48.25
-81.75,48.25
-81.25,48.25
-80.75,48.25
-80.25,48.25
-79.75,48.25
-79.25,48.25
-78.75,48.25
-78.25,48.25
-77.75,48.25
-77.25,48.25
-76.75,48.25
-76.25,48.25
-75.75,48.25
-75.25,48.25
-74.75,48.25
-74.25,48.25
-73.75,48.25
-73.25,48.25
-72.75,48.25
-72.25,48.25
-71.75,48.25
-71.25,48.25
-70.75,48.25
-70.25,48.25
-69.75,48.25
-68.25,48.25
-67.75,48.25
-67.25,48.25
-66.75,48.25
-66.25,48.25
-65.75,48.25
-65.25,48.25
-58.25,48.25
-57.75,48.25
-57.25,48.25
-56.75,48.25
-56.25,48.25
-55.75,48.25
-55.25,48.25
-54.75,48.25
-54.25,48.25
-53.75,48.25
-95.25,47.75
-94.75,47.75
-94.25,47.75
-93.75,47.75
-93.25,47.75
-92.75,47.75
-92.25,47.75
-91.75,47.75
-91.25,47.75
-90.75,47.75
-84.75,47.75
-84.25,47.75
-83.75,47.75
-83.25,47.75
-82.75,47.75
-82.25,47.75
-81.75,47.75
-81.25,47.75
-80.75,47.75
-80.25,47.75
-79.75,47.75
-79.25,47.75
-78.75,47.75
-78.25,47.75
-77.75,47.75
-77.25,47.75
-76.75,47.75
-76.25,47.75
-75.75,47.75
-75.25,47.75
-74.75,47.75
-74.25,47.75
-73.75,47.75
-73.25,47.75
-72.75,47.75
-72.25,47.75
-71.75,47.75
-71.25,47.75
-70.75,47.75
-70.25,47.75
-69.25,47.75
-68.75,47.75
-68.25,47.75
-67.75,47.75
-57.25,47.75
-56.75,47.75
-55.75,47.75
-54.75,47.75
-95.25,47.25
-94.75,47.25
-94.25,47.25
-93.75,47.25
-93.25,47.25
-92.75,47.25
-92.25,47.25
-91.75,47.25
-84.25,47.25
-83.75,47.25
-83.25,47.25
-82.75,47.25
-82.25,47.25
-81.75,47.25
-81.25,47.25
-80.75,47.25
-80.25,47.25
-79.75,47.25
-79.25,47.25
-78.75,47.25
-78.25,47.25
-77.75,47.25
-77.25,47.25
-76.75,47.25
-76.25,47.25
-75.75,47.25
-75.25,47.25
-74.75,47.25
-74.25,47.25
-73.75,47.25
-73.25,47.25
-72.75,47.25
-72.25,47.25
-71.75,47.25
-71.25,47.25
-70.75,47.25
-69.75,47.25
-69.25,47.25
-53.75,47.25
-53.25,47.25
-94.25,46.75
-93.75,46.75
-93.25,46.75
-92.75,46.75
-92.25,46.75
-91.25,46.75
-89.25,46.75
-88.75,46.75
-88.25,46.75
-87.75,46.75
-84.25,46.75
-83.75,46.75
-83.25,46.75
-82.75,46.75
-82.25,46.75
-81.75,46.75
-81.25,46.75
-80.75,46.75
-80.25,46.75
-79.75,46.75
-79.25,46.75
-78.75,46.75
-78.25,46.75
-77.75,46.75
-77.25,46.75
-76.75,46.75
-76.25,46.75
-75.75,46.75
-75.25,46.75
-74.75,46.75
-74.25,46.75
-73.75,46.75
-73.25,46.75
-72.75,46.75
-72.25,46.75
-70.75,46.75
-70.25,46.75
-69.75,46.75
-69.25,46.75
-68.75,46.75
-94.25,46.25
-93.75,46.25
-93.25,46.25
-92.75,46.25
-92.25,46.25
-91.75,46.25
-91.25,46.25
-90.75,46.25
-90.25,46.25
-89.75,46.25
-89.25,46.25
-88.75,46.25
-88.25,46.25
-87.75,46.25
-87.25,46.25
-86.75,46.25
-86.25,46.25
-85.75,46.25
-85.25,46.25
-84.75,46.25
-84.25,46.25
-82.75,46.25
-82.25,46.25
-81.75,46.25
-81.25,46.25
-80.75,46.25
-80.25,46.25
-79.75,46.25
-79.25,46.25
-78.75,46.25
-78.25,46.25
-77.75,46.25
-77.25,46.25
-76.75,46.25
-76.25,46.25
-75.75,46.25
-75.25,46.25
-74.75,46.25
-74.25,46.25
-73.75,46.25
-73.25,46.25
-71.25,46.25
-70.75,46.25
-70.25,46.25
-69.75,46.25
-69.25,46.25
-60.75,46.25
-92.75,45.75
-92.25,45.75
-91.75,45.75
-91.25,45.75
-90.75,45.75
-90.25,45.75
-89.75,45.75
-89.25,45.75
-88.75,45.75
-88.25,45.75
-87.75,45.75
-87.25,45.75
-80.25,45.75
-79.75,45.75
-79.25,45.75
-78.75,45.75
-78.25,45.75
-77.75,45.75
-77.25,45.75
-76.75,45.75
-76.25,45.75
-75.75,45.75
-75.25,45.75
-74.75,45.75
-74.25,45.75
-72.25,45.75
-71.75,45.75
-71.25,45.75
-70.75,45.75
-70.25,45.75
-69.75,45.75
-69.25,45.75
-61.25,45.75
-91.25,45.25
-90.75,45.25
-89.75,45.25
-88.75,45.25
-88.25,45.25
-87.75,45.25
-84.75,45.25
-84.25,45.25
-83.75,45.25
-79.75,45.25
-79.25,45.25
-78.75,45.25
-78.25,45.25
-77.75,45.25
-77.25,45.25
-76.75,45.25
-72.25,45.25
-71.75,45.25
-71.25,45.25
-70.75,45.25
-70.25,45.25
-69.75,45.25
-62.75,45.25
-62.25,45.25
-61.75,45.25
-85.25,44.75
-84.75,44.75
-84.25,44.75
-83.75,44.75
-79.25,44.75
-78.75,44.75
-78.25,44.75
-77.75,44.75
-77.25,44.75
-76.75,44.75
-74.25,44.75
-73.75,44.75
-72.75,44.75
-72.25,44.75
-71.75,44.75
-71.25,44.75
-70.75,44.75
-70.25,44.75
-65.25,44.75
-64.75,44.75
-64.25,44.75
-63.75,44.75
-63.25,44.75
-85.75,44.25
-85.25,44.25
-84.75,44.25
-84.25,44.25
-83.75,44.25
-75.25,44.25
-74.75,44.25
-74.25,44.25
-73.75,44.25
-72.75,44.25
-72.25,44.25
-71.75,44.25
-71.25,44.25
-70.75,44.25
-65.75,44.25
-65.25,44.25
-64.75,44.25
-85.75,43.75
-85.25,43.75
-75.75,43.75
-75.25,43.75
-74.75,43.75
-74.25,43.75
-73.75,43.75
-73.25,43.75
-72.75,43.75
-72.25,43.75
-71.75,43.75
-71.25,43.75
-70.75,43.75
-65.75,43.75
-65.25,43.75
-85.25,43.25
-74.75,43.25
-74.25,43.25
-73.25,43.25
-72.75,43.25
-72.25,43.25
-71.25,43.25
-73.25,42.75
-72.75,42.75
-72.25,42.75
-78.75,42.25
-73.25,42.25
-72.75,42.25
-79.25,41.75
-78.75,41.75
-78.25,41.75
-77.75,41.75
-73.75,41.75
-73.25,41.75
-79.25,41.25
-78.25,41.25
-77.75,41.25
-75.25,41.25
-74.25,41.25
-74.75,40.75
