x,y
-140.25,68.75
-135.25,68.75
-134.75,68.75
-134.25,68.75
-130.25,68.75
-141.25,68.25
-140.75,68.25
-140.25,68.25
-139.75,68.25
-139.25,68.25
-138.75,68.25
-138.25,68.25
-135.25,68.25
-134.75,68.25
-133.75,68.25
-133.25,68.25
-132.75,68.25
-132.25,68.25
-131.75,68.25
-131.25,68.25
-130.75,68.25
-130.25,68.25
-129.75,68.25
-129.25,68.25
-128.75,68.25
-143.75,67.75
-142.75,67.75
-142.25,67.75
-140.75,67.75
-140.25,67.75
-139.75,67.75
-139.25,67.75
-138.75,67.75
-138.25,67.75
-137.75,67.75
-135.75,67.75
-135.25,67.75
-134.75,67.75
-134.25,67.75
-133.75,67.75
-133.25,67.75
-132.75,67.75
-132.25,67.75
-131.75,67.75
-131.25,67.75
-130.75,67.75
-130.25,67.75
-129.75,67.75
-129.25,67.75
-128.75,67.75
-128.25,67.75
-127.75,67.75
-127.25,67.75
-126.75,67.75
-126.25,67.75
-125.75,67.75
-125.25,67.75
-162.25,67.25
-161.75,67.25
-161.25,67.25
-160.75,67.25
-159.75,67.25
-159.25,67.25
-158.75,67.25
-158.25,67.25
-157.75,67.25
-157.25,67.25
-147.75,67.25
-146.25,67.25
-145.75,67.25
-145.25,67.25
-144.75,67.25
-144.25,67.25
-143.75,67.25
-143.25,67.25
-142.75,67.25
-142.25,67.25
-141.75,67.25
-141.25,67.25
-140.75,67.25
-140.25,67.25
-139.75,67.25
-139.25,67.25
-138.75,67.25
-138.25,67.25
-137.75,67.25
-137.25,67.25
-135.75,67.25
-135.25,67.25
-134.75,67.25
-134.25,67.25
-133.75,67.25
-133.25,67.25
-132.75,67.25
-132.25,67.25
-131.75,67.25
-131.25,67.25
-130.75,67.25
-130.25,67.25
-129.75,67.25
-129.25,67.25
-128.75,67.25
-128.25,67.25
-127.75,67.25
-127.25,67.25
-126.75,67.25
-125.75,67.25
-125.25,67.25
-118.75,67.25
-118.25,67.25
-160.75,66.75
-157.75,66.75
-157.25,66.75
-156.75,66.75
-156.25,66.75
-155.75,66.75
-155.25,66.75
-154.75,66.75
-154.25,66.75
-153.75,66.75
-153.25,66.75
-152.75,66.75
-152.25,66.75
-151.75,66.75
-151.25,66.75
-150.75,66.75
-148.75,66.75
-148.25,66.75
-147.75,66.75
-147.25,66.75
-146.75,66.75
-146.25,66.75
-145.75,66.75
-145.25,66.75
-144.75,66.75
-144.25,66.75
-143.75,66.75
-143.25,66.75
-142.75,66.75
-142.25,66.75
-141.75,66.75
-141.25,66.75
-140.75,66.75
-140.25,66.75
-139.75,66.75
-139.25,66.75
-138.75,66.75
-138.25,66.75
-137.75,66.75
-137.25,66.75
-136.75,66.75
-135.75,66.75
-135.25,66.75
-134.75,66.75
-134.25,66.75
-133.75,66.75
-133.25,66.75
-132.75,66.75
-132.25,66.75
-131.75,66.75
-131.25,66.75
-130.75,66.75
-130.25,66.75
-129.75,66.75
-129.25,66.75
-128.75,66.75
-128.25,66.75
-127.75,66.75
-127.25,66.75
-126.75,66.75
-126.25,66.75
-125.75,66.75
-124.75,66.75
-119.25,66.75
-118.75,66.75
-118.25,66.75
-117.75,66.75
-117.25,66.75
-116.75,66.75
-116.25,66.75
-115.75,66.75
-159.25,66.25
-158.75,66.25
-158.25,66.25
-157.75,66.25
-156.75,66.25
-155.75,66.25
-155.25,66.25
-154.75,66.25
-154.25,66.25
-153.75,66.25
-153.25,66.25
-152.75,66.25
-152.25,66.25
-151.75,66.25
-151.25,66.25
-149.75,66.25
-149.25,66.25
-148.75,66.25
-148.25,66.25
-147.75,66.25
-147.25,66.25
-146.75,66.25
-146.25,66.25
-145.75,66.25
-145.25,66.25
-144.75,66.25
-144.25,66.25
-143.75,66.25
-143.25,66.25
-142.75,66.25
-142.25,66.25
-141.75,66.25
-141.25,66.25
-140.75,66.25
-140.25,66.25
-139.75,66.25
-139.25,66.25
-138.75,66.25
-138.25,66.25
-137.75,66.25
-137.25,66.25
-136.75,66.25
-136.25,66.25
-135.25,66.25
-134.75,66.25
-134.25,66.25
-133.75,66.25
-133.25,66.25
-132.75,66.25
-132.25,66.25
-131.75,66.25
-131.25,66.25
-130.75,66.25
-130.25,66.25
-129.75,66.25
-129.25,66.25
-128.75,66.25
-128.25,66.25
-127.75,66.25
-127.25,66.25
-126.75,66.25
-126.25,66.25
-125.75,66.25
-125.25,66.25
-124.25,66.25
-117.25,66.25
-116.75,66.25
-116.25,66.25
-115.75,66.25
-115.25,66.25
-114.75,66.25
-158.75,65.75
-158.25,65.75
-157.75,65.75
-157.25,65.75
-156.75,65.75
-156.25,65.75
-155.75,65.75
-155.25,65.75
-154.75,65.75
-154.25,65.75
-153.75,65.75
-153.25,65.75
-152.75,65.75
-152.25,65.75
-149.75,65.75
-149.25,65.75
-148.75,65.75
-148.25,65.75
-145.75,65.75
-145.25,65.75
-144.75,65.75
-144.25,65.75
-143.75,65.75
-143.25,65.75
-142.75,65.75
-142.25,65.75
-141.75,65.75
-141.25,65.75
-140.75,65.75
-140.25,65.75
-139.75,65.75
-139.25,65.75
-138.75,65.75
-138.25,65.75
-137.75,65.75
-137.25,65.75
-136.75,65.75
-136.25,65.75
-135.75,65.75
-135.25,65.75
-134.75,65.75
-134.25,65.75
-133.75,65.75
-133.25,65.75
-132.75,65.75
-132.25,65.75
-131.75,65.75
-131.25,65.75
-130.75,65.75
-130.25,65.75
-129.75,65.75
-129.25,65.75
-128.75,65.75
-128.25,65.75
-127.75,65.75
-127.25,65.75
-126.75,65.75
-126.25,65.75
-125.75,65.75
-125.25,65.75
-124.75,65.75
-124.25,65.75
-123.75,65.75
-123.25,65.75
-122.75,65.75
-117.75,65.75
-117.25,65.75
-116.75,65.75
-116.25,65.75
-115.75,65.75
-115.25,65.75
-114.75,65.75
-114.25,65.75
-113.75,65.75
-160.75,65.25
-160.25,65.25
-159.75,65.25
-158.75,65.25
-158.25,65.25
-157.75,65.25
-157.25,65.25
-156.75,65.25
-156.25,65.25
-155.75,65.25
-155.25,65.25
-153.25,65.25
-152.75,65.25
-152.25,65.25
-151.75,65.25
-151.25,65.25
-150.25,65.25
-149.75,65.25
-149.25,65.25
-148.75,65.25
-148.25,65.25
-142.75,65.25
-142.25,65.25
-141.75,65.25
-141.25,65.25
-140.75,65.25
-140.25,65.25
-139.75,65.25
-139.25,65.25
-138.75,65.25
-138.25,65.25
-137.75,65.25
-137.25,65.25
-136.75,65.25
-136.25,65.25
-135.75,65.25
-135.25,65.25
-134.75,65.25
-134.25,65.25
-133.75,65.25
-133.25,65.25
-132.75,65.25
-132.25,65.25
-131.75,65.25
-131.25,65.25
-130.75,65.25
-130.25,65.25
-129.75,65.25
-129.25,65.25
-128.75,65.25
-128.25,65.25
-127.75,65.25
-127.25,65.25
-126.75,65.25
-126.25,65.25
-125.75,65.25
-125.25,65.25
-124.75,65.25
-124.25,65.25
-123.75,65.25
-123.25,65.25
-121.25,65.25
-119.25,65.25
-117.75,65.25
-117.25,65.25
-116.75,65.25
-116.25,65.25
-115.75,65.25
-115.25,65.25
-114.75,65.25
-114.25,65.25
-113.75,65.25
-113.25,65.25
-163.75,64.75
-163.25,64.75
-162.75,64.75
-162.25,64.75
-160.25,64.75
-158.75,64.75
-158.25,64.75
-157.75,64.75
-157.25,64.75
-156.75,64.75
-156.25,64.75
-155.75,64.75
-155.25,64.75
-154.75,64.75
-154.25,64.75
-153.75,64.75
-153.25,64.75
-152.75,64.75
-152.25,64.75
-151.75,64.75
-151.25,64.75
-150.75,64.75
-150.25,64.75
-149.75,64.75
-149.25,64.75
-148.75,64.75
-148.25,64.75
-147.75,64.75
-147.25,64.75
-140.75,64.75
-140.25,64.75
-139.75,64.75
-139.25,64.75
-138.75,64.75
-138.25,64.75
-137.75,64.75
-137.25,64.75
-136.75,64.75
-136.25,64.75
-135.75,64.75
-135.25,64.75
-134.75,64.75
-134.25,64.75
-133.75,64.75
-133.25,64.75
-132.75,64.75
-132.25,64.75
-131.75,64.75
-131.25,64.75
-130.75,64.75
-130.25,64.75
-129.75,64.75
-129.25,64.75
-128.75,64.75
-128.25,64.75
-127.75,64.75
-127.25,64.75
-126.75,64.75
-126.25,64.75
-125.75,64.75
-125.25,64.75
-124.75,64.75
-124.25,64.75
-123.75,64.75
-123.25,64.75
-122.75,64.75
-122.25,64.75
-121.75,64.75
-121.25,64.75
-120.75,64.75
-120.25,64.75
-119.75,64.75
-119.25,64.75
-118.75,64.75
-118.25,64.75
-117.75,64.75
-117.25,64.75
-116.75,64.75
-116.25,64.75
-115.75,64.75
-115.25,64.75
-114.75,64.75
-114.25,64.75
-113.75,64.75
-113.25,64.75
-112.75,64.75
-160.75,64.25
-160.25,64.25
-159.25,64.25
-158.75,64.25
-158.25,64.25
-157.75,64.25
-157.25,64.25
-156.75,64.25
-156.25,64.25
-155.75,64.25
-155.25,64.25
-154.75,64.25
-154.25,64.25
-153.75,64.25
-153.25,64.25
-152.75,64.25
-151.25,64.25
-150.75,64.25
-150.25,64.25
-149.75,64.25
-149.25,64.25
-148.75,64.25
-148.25,64.25
-147.75,64.25
-147.25,64.25
-146.75,64.25
-146.25,64.25
-145.75,64.25
-138.25,64.25
-137.75,64.25
-137.25,64.25
-136.75,64.25
-136.25,64.25
-135.75,64.25
-135.25,64.25
-134.75,64.25
-134.25,64.25
-133.75,64.25
-133.25,64.25
-132.75,64.25
-132.25,64.25
-131.75,64.25
-131.25,64.25
-130.75,64.25
-130.25,64.25
-129.75,64.25
-129.25,64.25
-128.75,64.25
-128.25,64.25
-127.75,64.25
-127.25,64.25
-126.75,64.25
-126.25,64.25
-125.75,64.25
-125.25,64.25
-124.75,64.25
-124.25,64.25
-123.75,64.25
-123.25,64.25
-122.75,64.25
-122.25,64.25
-121.75,64.25
-121.25,64.25
-120.75,64.25
-120.25,64.25
-119.75,64.25
-119.25,64.25
-118.75,64.25
-118.25,64.25
-117.75,64.25
-116.75,64.25
-115.75,64.25
-115.25,64.25
-114.75,64.25
-114.25,64.25
-113.75,64.25
-113.25,64.25
-112.75,64.25
-112.25,64.25
-111.75,64.25
-103.75,64.25
-103.25,64.25
-160.75,63.75
-160.25,63.75
-159.75,63.75
-159.25,63.75
-158.75,63.75
-158.25,63.75
-157.75,63.75
-157.25,63.75
-156.75,63.75
-156.25,63.75
-155.75,63.75
-155.25,63.75
-154.75,63.75
-154.25,63.75
-153.25,63.75
-152.75,63.75
-152.25,63.75
-151.75,63.75
-151.25,63.75
-150.75,63.75
-144.75,63.75
-144.25,63.75
-132.25,63.75
-131.75,63.75
-131.25,63.75
-130.75,63.75
-130.25,63.75
-129.75,63.75
-129.25,63.75
-128.75,63.75
-128.25,63.75
-127.75,63.75
-127.25,63.75
-126.75,63.75
-126.25,63.75
-125.75,63.75
-125.25,63.75
-124.75,63.75
-124.25,63.75
-123.75,63.75
-123.25,63.75
-122.75,63.75
-122.25,63.75
-121.75,63.75
-121.25,63.75
-120.75,63.75
-120.25,63.75
-119.75,63.75
-119.25,63.75
-118.75,63.75
-118.25,63.75
-117.75,63.75
-117.25,63.75
-116.75,63.75
-116.25,63.75
-115.75,63.75
-115.25,63.75
-114.75,63.75
-114.25,63.75
-113.75,63.75
-113.25,63.75
-112.75,63.75
-112.25,63.75
-111.75,63.75
-110.75,63.75
-110.25,63.75
-109.75,63.75
-108.75,63.75
-108.25,63.75
-107.75,63.75
-107.25,63.75
-106.75,63.75
-106.25,63.75
-105.75,63.75
-105.25,63.75
-104.75,63.75
-104.25,63.75
-160.75,63.25
-160.25,63.25
-159.75,63.25
-159.25,63.25
-158.75,63.25
-158.25,63.25
-157.75,63.25
-157.25,63.25
-156.75,63.25
-156.25,63.25
-155.75,63.25
-155.25,63.25
-154.75,63.25
-154.25,63.25
-153.75,63.25
-153.25,63.25
-152.75,63.25
-152.25,63.25
-142.75,63.25
-131.75,63.25
-131.25,63.25
-130.75,63.25
-130.25,63.25
-129.75,63.25
-129.25,63.25
-128.75,63.25
-128.25,63.25
-127.75,63.25
-127.25,63.25
-126.75,63.25
-126.25,63.25
-125.75,63.25
-125.25,63.25
-124.75,63.25
-124.25,63.25
-123.75,63.25
-123.25,63.25
-122.75,63.25
-122.25,63.25
-121.75,63.25
-121.25,63.25
-120.75,63.25
-120.25,63.25
-119.75,63.25
-119.25,63.25
-118.75,63.25
-117.25,63.25
-116.75,63.25
-116.25,63.25
-115.75,63.25
-115.25,63.25
-114.75,63.25
-114.25,63.25
-113.75,63.25
-113.25,63.25
-112.75,63.25
-112.25,63.25
-111.75,63.25
-111.25,63.25
-110.75,63.25
-110.25,63.25
-109.75,63.25
-109.25,63.25
-108.75,63.25
-108.25,63.25
-107.75,63.25
-107.25,63.25
-106.75,63.25
-106.25,63.25
-105.75,63.25
-105.25,63.25
-104.75,63.25
-104.25,63.25
-103.75,63.25
-162.75,62.75
-162.25,62.75
-161.75,62.75
-161.25,62.75
-160.75,62.75
-160.25,62.75
-159.75,62.75
-159.25,62.75
-158.75,62.75
-158.25,62.75
-157.75,62.75
-156.75,62.75
-156.25,62.75
-155.75,62.75
-155.25,62.75
-154.75,62.75
-154.25,62.75
-153.75,62.75
-153.25,62.75
-141.75,62.75
-131.75,62.75
-131.25,62.75
-130.75,62.75
-130.25,62.75
-129.75,62.75
-129.25,62.75
-128.75,62.75
-128.25,62.75
-127.75,62.75
-127.25,62.75
-126.75,62.75
-126.25,62.75
-125.75,62.75
-125.25,62.75
-124.75,62.75
-124.25,62.75
-123.75,62.75
-123.25,62.75
-122.75,62.75
-122.25,62.75
-121.75,62.75
-121.25,62.75
-120.75,62.75
-120.25,62.75
-119.75,62.75
-119.25,62.75
-118.75,62.75
-118.25,62.75
-117.75,62.75
-117.25,62.75
-116.75,62.75
-116.25,62.75
-115.75,62.75
-115.25,62.75
-114.75,62.75
-114.25,62.75
-113.75,62.75
-113.25,62.75
-112.75,62.75
-112.25,62.75
-111.75,62.75
-108.75,62.75
-108.25,62.75
-107.75,62.75
-107.25,62.75
-106.75,62.75
-106.25,62.75
-105.75,62.75
-105.25,62.75
-104.75,62.75
-104.25,62.75
-103.75,62.75
-103.25,62.75
-102.75,62.75
-100.75,62.75
-99.75,62.75
-99.25,62.75
-98.75,62.75
-98.25,62.75
-97.25,62.75
-96.75,62.75
-162.75,62.25
-161.25,62.25
-160.75,62.25
-160.25,62.25
-159.75,62.25
-159.25,62.25
-158.75,62.25
-158.25,62.25
-157.75,62.25
-157.25,62.25
-156.75,62.25
-156.25,62.25
-155.75,62.25
-155.25,62.25
-154.75,62.25
-130.25,62.25
-129.75,62.25
-129.25,62.25
-128.75,62.25
-128.25,62.25
-127.75,62.25
-127.25,62.25
-126.75,62.25
-126.25,62.25
-125.75,62.25
-125.25,62.25
-124.75,62.25
-124.25,62.25
-123.75,62.25
-123.25,62.25
-122.75,62.25
-122.25,62.25
-121.75,62.25
-121.25,62.25
-120.75,62.25
-120.25,62.25
-119.75,62.25
-119.25,62.25
-118.75,62.25
-118.25,62.25
-117.75,62.25
-117.25,62.25
-116.75,62.25
-116.25,62.25
-115.75,62.25
-113.75,62.25
-113.25,62.25
-112.75,62.25
-110.75,62.25
-110.25,62.25
-109.75,62.25
-109.25,62.25
-108.75,62.25
-108.25,62.25
-107.75,62.25
-107.25,62.25
-106.75,62.25
-106.25,62.25
-105.75,62.25
-105.25,62.25
-104.75,62.25
-104.25,62.25
-103.75,62.25
-103.25,62.25
-102.75,62.25
-102.25,62.25
-101.75,62.25
-101.25,62.25
-100.75,62.25
-100.25,62.25
-99.75,62.25
-99.25,62.25
-98.75,62.25
-98.25,62.25
-97.75,62.25
-97.25,62.25
-96.75,62.25
-162.25,61.75
-161.75,61.75
-161.25,61.75
-160.25,61.75
-159.75,61.75
-159.25,61.75
-158.75,61.75
-158.25,61.75
-157.75,61.75
-157.25,61.75
-156.75,61.75
-156.25,61.75
-155.75,61.75
-155.25,61.75
-154.75,61.75
-129.25,61.75
-128.75,61.75
-128.25,61.75
-127.75,61.75
-127.25,61.75
-126.75,61.75
-126.25,61.75
-125.75,61.75
-125.25,61.75
-124.75,61.75
-124.25,61.75
-123.75,61.75
-123.25,61.75
-122.75,61.75
-122.25,61.75
-121.75,61.75
-121.25,61.75
-120.75,61.75
-120.25,61.75
-119.75,61.75
-119.25,61.75
-118.75,61.75
-118.25,61.75
-117.75,61.75
-117.25,61.75
-116.75,61.75
-116.25,61.75
-115.75,61.75
-111.25,61.75
-110.75,61.75
-110.25,61.75
-109.75,61.75
-108.75,61.75
-108.25,61.75
-107.75,61.75
-107.25,61.75
-106.75,61.75
-106.25,61.75
-105.75,61.75
-105.25,61.75
-104.75,61.75
-104.25,61.75
-103.75,61.75
-103.25,61.75
-102.75,61.75
-102.25,61.75
-101.75,61.75
-101.25,61.75
-100.75,61.75
-100.25,61.75
-99.75,61.75
-99.25,61.75
-98.75,61.75
-98.25,61.75
-97.75,61.75
-97.25,61.75
-96.75,61.75
-157.25,61.25
-156.75,61.25
-156.25,61.25
-155.75,61.25
-155.25,61.25
-154.75,61.25
-128.75,61.25
-128.25,61.25
-127.75,61.25
-126.75,61.25
-126.25,61.25
-125.75,61.25
-125.25,61.25
-124.75,61.25
-124.25,61.25
-123.75,61.25
-123.25,61.25
-122.75,61.25
-122.25,61.25
-121.75,61.25
-121.25,61.25
-120.75,61.25
-120.25,61.25
-119.75,61.25
-119.25,61.25
-118.75,61.25
-118.25,61.25
-117.75,61.25
-117.25,61.25
-116.75,61.25
-113.25,61.25
-112.75,61.25
-112.25,61.25
-111.75,61.25
-111.25,61.25
-110.75,61.25
-110.25,61.25
-109.75,61.25
-109.25,61.25
-108.75,61.25
-108.25,61.25
-107.75,61.25
-107.25,61.25
-106.75,61.25
-106.25,61.25
-105.75,61.25
-105.25,61.25
-104.75,61.25
-104.25,61.25
-103.75,61.25
-103.25,61.25
-102.75,61.25
-102.25,61.25
-101.75,61.25
-101.25,61.25
-100.75,61.25
-100.25,61.25
-99.75,61.25
-99.25,61.25
-98.75,61.25
-98.25,61.25
-97.75,61.25
-97.25,61.25
-96.75,61.25
-96.25,61.25
-158.75,60.75
-158.25,60.75
-157.75,60.75
-157.25,60.75
-156.75,60.75
-156.25,60.75
-155.75,60.75
-155.25,60.75
-128.25,60.75
-123.75,60.75
-123.25,60.75
-122.75,60.75
-122.25,60.75
-121.75,60.75
-121.25,60.75
-120.75,60.75
-120.25,60.75
-119.75,60.75
-119.25,60.75
-118.75,60.75
-118.25,60.75
-117.75,60.75
-117.25,60.75
-116.75,60.75
-116.25,60.75
-115.75,60.75
-115.25,60.75
-114.75,60.75
-114.25,60.75
-113.75,60.75
-113.25,60.75
-112.75,60.75
-112.25,60.75
-111.75,60.75
-111.25,60.75
-110.75,60.75
-110.25,60.75
-109.75,60.75
-109.25,60.75
-108.75,60.75
-108.25,60.75
-107.75,60.75
-107.25,60.75
-106.75,60.75
-106.25,60.75
-105.75,60.75
-105.25,60.75
-104.75,60.75
-103.75,60.75
-103.25,60.75
-102.75,60.75
-102.25,60.75
-101.75,60.75
-101.25,60.75
-100.75,60.75
-100.25,60.75
-99.75,60.75
-99.25,60.75
-98.75,60.75
-98.25,60.75
-97.75,60.75
-97.25,60.75
-96.75,60.75
-96.25,60.75
-95.75,60.75
-157.75,60.25
-157.25,60.25
-156.25,60.25
-155.25,60.25
-154.75,60.25
-154.25,60.25
-124.25,60.25
-123.75,60.25
-123.25,60.25
-122.75,60.25
-122.25,60.25
-121.75,60.25
-121.25,60.25
-120.75,60.25
-120.25,60.25
-119.75,60.25
-119.25,60.25
-118.75,60.25
-118.25,60.25
-117.75,60.25
-117.25,60.25
-116.75,60.25
-116.25,60.25
-115.75,60.25
-115.25,60.25
-114.75,60.25
-114.25,60.25
-113.75,60.25
-113.25,60.25
-112.75,60.25
-112.25,60.25
-111.75,60.25
-111.25,60.25
-110.75,60.25
-110.25,60.25
-109.75,60.25
-109.25,60.25
-108.75,60.25
-108.25,60.25
-107.75,60.25
-107.25,60.25
-106.75,60.25
-106.25,60.25
-105.75,60.25
-105.25,60.25
-104.75,60.25
-104.25,60.25
-103.75,60.25
-103.25,60.25
-102.75,60.25
-101.75,60.25
-101.25,60.25
-100.75,60.25
-100.25,60.25
-99.75,60.25
-99.25,60.25
-98.75,60.25
-98.25,60.25
-97.75,60.25
-97.25,60.25
-96.75,60.25
-96.25,60.25
-95.75,60.25
-155.25,59.75
-124.75,59.75
-124.25,59.75
-123.75,59.75
-123.25,59.75
-122.75,59.75
-122.25,59.75
-121.75,59.75
-121.25,59.75
-120.75,59.75
-120.25,59.75
-119.75,59.75
-119.25,59.75
-118.75,59.75
-118.25,59.75
-117.75,59.75
-117.25,59.75
-116.75,59.75
-116.25,59.75
-115.75,59.75
-115.25,59.75
-114.75,59.75
-114.25,59.75
-113.75,59.75
-113.25,59.75
-112.75,59.75
-112.25,59.75
-111.75,59.75
-111.25,59.75
-110.75,59.75
-110.25,59.75
-109.75,59.75
-109.25,59.75
-108.75,59.75
-108.25,59.75
-107.75,59.75
-107.25,59.75
-106.75,59.75
-106.25,59.75
-105.75,59.75
-105.25,59.75
-104.75,59.75
-104.25,59.75
-103.75,59.75
-103.25,59.75
-102.75,59.75
-102.25,59.75
-101.75,59.75
-101.25,59.75
-100.75,59.75
-100.25,59.75
-99.75,59.75
-99.25,59.75
-98.75,59.75
-98.25,59.75
-97.75,59.75
-97.25,59.75
-96.75,59.75
-96.25,59.75
-95.75,59.75
-95.25,59.75
-124.75,59.25
-124.25,59.25
-123.75,59.25
-123.25,59.25
-122.75,59.25
-122.25,59.25
-121.75,59.25
-121.25,59.25
-120.75,59.25
-120.25,59.25
-119.75,59.25
-119.25,59.25
-118.75,59.25
-118.25,59.25
-117.75,59.25
-117.25,59.25
-116.75,59.25
-116.25,59.25
-115.75,59.25
-115.25,59.25
-114.75,59.25
-114.25,59.25
-113.75,59.25
-113.25,59.25
-112.75,59.25
-112.25,59.25
-111.75,59.25
-111.25,59.25
-110.75,59.25
-110.25,59.25
-105.25,59.25
-104.75,59.25
-104.25,59.25
-103.75,59.25
-102.75,59.25
-102.25,59.25
-101.75,59.25
-101.25,59.25
-100.75,59.25
-100.25,59.25
-99.75,59.25
-99.25,59.25
-98.75,59.25
-98.25,59.25
-97.75,59.25
-97.25,59.25
-96.75,59.25
-96.25,59.25
-95.75,59.25
-95.25,59.25
-70.25,59.25
-124.25,58.75
-123.75,58.75
-123.25,58.75
-122.75,58.75
-122.25,58.75
-121.75,58.75
-121.25,58.75
-120.75,58.75
-120.25,58.75
-119.75,58.75
-119.25,58.75
-118.75,58.75
-118.25,58.75
-117.75,58.75
-117.25,58.75
-115.75,58.75
-115.25,58.75
-114.75,58.75
-113.75,58.75
-113.25,58.75
-112.75,58.75
-111.75,58.75
-111.25,58.75
-103.25,58.75
-102.75,58.75
-102.25,58.75
-101.75,58.75
-101.25,58.75
-100.75,58.75
-100.25,58.75
-99.75,58.75
-99.25,58.75
-98.75,58.75
-97.75,58.75
-97.25,58.75
-96.75,58.75
-96.25,58.75
-95.75,58.75
-69.25,58.75
-68.75,58.75
-65.75,58.75
-123.75,58.25
-123.25,58.25
-122.75,58.25
-122.25,58.25
-121.75,58.25
-121.25,58.25
-120.75,58.25
-120.25,58.25
-119.75,58.25
-119.25,58.25
-118.75,58.25
-118.25,58.25
-113.75,58.25
-113.25,58.25
-112.75,58.25
-112.25,58.25
-111.75,58.25
-111.25,58.25
-102.75,58.25
-102.25,58.25
-101.75,58.25
-101.25,58.25
-100.75,58.25
-100.25,58.25
-99.75,58.25
-99.25,58.25
-98.75,58.25
-98.25,58.25
-97.75,58.25
-97.25,58.25
-96.75,58.25
-96.25,58.25
-95.75,58.25
-95.25,58.25
-75.75,58.25
-74.75,58.25
-72.75,58.25
-72.25,58.25
-71.75,58.25
-70.75,58.25
-70.25,58.25
-69.75,58.25
-69.25,58.25
-68.75,58.25
-67.25,58.25
-66.75,58.25
-66.25,58.25
-65.75,58.25
-65.25,58.25
-123.25,57.75
-122.75,57.75
-122.25,57.75
-121.75,57.75
-121.25,57.75
-118.75,57.75
-111.75,57.75
-111.25,57.75
-101.25,57.75
-100.75,57.75
-100.25,57.75
-99.75,57.75
-99.25,57.75
-98.75,57.75
-98.25,57.75
-97.75,57.75
-97.25,57.75
-96.75,57.75
-96.25,57.75
-95.75,57.75
-95.25,57.75
-94.75,57.75
-76.25,57.75
-75.75,57.75
-75.25,57.75
-74.75,57.75
-74.25,57.75
-73.75,57.75
-73.25,57.75
-72.75,57.75
-72.25,57.75
-71.75,57.75
-71.25,57.75
-70.75,57.75
-70.25,57.75
-69.75,57.75
-69.25,57.75
-68.75,57.75
-68.25,57.75
-67.75,57.75
-67.25,57.75
-66.75,57.75
-66.25,57.75
-65.75,57.75
-65.25,57.75
-64.75,57.75
-62.75,57.75
-122.75,57.25
-122.25,57.25
-99.25,57.25
-98.75,57.25
-97.75,57.25
-97.25,57.25
-96.75,57.25
-96.25,57.25
-95.75,57.25
-95.25,57.25
-94.75,57.25
-94.25,57.25
-76.25,57.25
-75.75,57.25
-75.25,57.25
-74.75,57.25
-74.25,57.25
-73.75,57.25
-73.25,57.25
-72.75,57.25
-72.25,57.25
-71.75,57.25
-71.25,57.25
-70.75,57.25
-70.25,57.25
-69.75,57.25
-69.25,57.25
-68.75,57.25
-68.25,57.25
-67.75,57.25
-67.25,57.25
-66.75,57.25
-66.25,57.25
-65.75,57.25
-65.25,57.25
-64.75,57.25
-63.75,57.25
-63.25,57.25
-62.75,57.25
-62.25,57.25
-96.25,56.75
-95.75,56.75
-95.25,56.75
-94.75,56.75
-76.25,56.75
-75.75,56.75
-75.25,56.75
-74.75,56.75
-74.25,56.75
-73.75,56.75
-73.25,56.75
-72.75,56.75
-72.25,56.75
-71.75,56.75
-71.25,56.75
-70.75,56.75
-70.25,56.75
-69.75,56.75
-69.25,56.75
-68.75,56.75
-68.25,56.75
-67.75,56.75
-67.25,56.75
-66.75,56.75
-66.25,56.75
-65.75,56.75
-65.25,56.75
-64.75,56.75
-64.25,56.75
-63.75,56.75
-63.25,56.75
-62.75,56.75
-62.25,56.75
-75.75,56.25
-75.25,56.25
-73.75,56.25
-73.25,56.25
-72.75,56.25
-72.25,56.25
-71.75,56.25
-71.25,56.25
-70.75,56.25
-70.25,56.25
-69.75,56.25
-69.25,56.25
-68.75,56.25
-68.25,56.25
-67.75,56.25
-67.25,56.25
-66.75,56.25
-66.25,56.25
-65.75,56.25
-65.25,56.25
-64.75,56.25
-64.25,56.25
-63.75,56.25
-63.25,56.25
-62.75,56.25
-62.25,56.25
-76.75,55.75
-76.25,55.75
-75.75,55.75
-75.25,55.75
-74.75,55.75
-74.25,55.75
-73.75,55.75
-73.25,55.75
-72.75,55.75
-72.25,55.75
-71.75,55.75
-71.25,55.75
-70.75,55.75
-70.25,55.75
-69.75,55.75
-69.25,55.75
-68.75,55.75
-68.25,55.75
-67.75,55.75
-67.25,55.75
-66.75,55.75
-66.25,55.75
-65.75,55.75
-65.25,55.75
-64.75,55.75
-64.25,55.75
-63.75,55.75
-63.25,55.75
-62.75,55.75
-62.25,55.75
-61.75,55.75
-61.25,55.75
-77.25,55.25
-76.75,55.25
-76.25,55.25
-75.75,55.25
-75.25,55.25
-74.75,55.25
-74.25,55.25
-73.75,55.25
-73.25,55.25
-72.25,55.25
-71.75,55.25
-71.25,55.25
-70.75,55.25
-70.25,55.25
-69.75,55.25
-69.25,55.25
-68.75,55.25
-68.25,55.25
-67.75,55.25
-67.25,55.25
-66.75,55.25
-66.25,55.25
-65.75,55.25
-65.25,55.25
-64.75,55.25
-64.25,55.25
-63.75,55.25
-63.25,55.25
-62.75,55.25
-62.25,55.25
-61.75,55.25
-61.25,55.25
-60.75,55.25
-78.75,54.75
-78.25,54.75
-77.75,54.75
-77.25,54.75
-76.75,54.75
-76.25,54.75
-75.75,54.75
-75.25,54.75
-74.75,54.75
-74.25,54.75
-73.75,54.75
-73.25,54.75
-72.75,54.75
-72.25,54.75
-71.75,54.75
-71.25,54.75
-70.75,54.75
-70.25,54.75
-69.75,54.75
-69.25,54.75
-68.75,54.75
-68.25,54.75
-67.75,54.75
-67.25,54.75
-66.75,54.75
-66.25,54.75
-65.75,54.75
-65.25,54.75
-64.75,54.75
-64.25,54.75
-63.75,54.75
-63.25,54.75
-62.75,54.75
-62.25,54.75
-61.75,54.75
-61.25,54.75
-60.75,54.75
-60.25,54.75
-59.25,54.75
-78.75,54.25
-78.25,54.25
-77.75,54.25
-77.25,54.25
-76.75,54.25
-76.25,54.25
-75.75,54.25
-75.25,54.25
-74.75,54.25
-74.25,54.25
-73.75,54.25
-73.25,54.25
-72.75,54.25
-72.25,54.25
-71.75,54.25
-71.25,54.25
-70.75,54.25
-69.25,54.25
-68.75,54.25
-68.25,54.25
-67.75,54.25
-67.25,54.25
-66.75,54.25
-66.25,54.25
-65.75,54.25
-65.25,54.25
-62.75,54.25
-62.25,54.25
-61.75,54.25
-61.25,54.25
-60.75,54.25
-60.25,54.25
-78.75,53.75
-78.25,53.75
-77.75,53.75
-76.25,53.75
-74.75,53.75
-74.25,53.75
-73.75,53.75
-73.25,53.75
-72.75,53.75
-72.25,53.75
-71.75,53.75
-71.25,53.75
-70.75,53.75
-70.25,53.75
-69.75,53.75
-69.25,53.75
-68.75,53.75
-68.25,53.75
-67.75,53.75
-67.25,53.75
-66.75,53.75
-66.25,53.75
-65.75,53.75
-64.75,53.75
-64.25,53.75
-63.25,53.75
-62.75,53.75
-62.25,53.75
-61.75,53.75
-61.25,53.75
-58.75,53.75
-58.25,53.75
-78.75,53.25
-78.25,53.25
-77.75,53.25
-77.25,53.25
-76.75,53.25
-76.25,53.25
-75.75,53.25
-75.25,53.25
-74.75,53.25
-74.25,53.25
-73.75,53.25
-73.25,53.25
-72.75,53.25
-72.25,53.25
-71.75,53.25
-71.25,53.25
-70.75,53.25
-70.25,53.25
-69.75,53.25
-69.25,53.25
-68.75,53.25
-68.25,53.25
-67.75,53.25
-67.25,53.25
-66.75,53.25
-66.25,53.25
-65.75,53.25
-65.25,53.25
-64.75,53.25
-64.25,53.25
-63.75,53.25
-62.25,53.25
-61.75,53.25
-61.25,53.25
-59.75,53.25
-59.25,53.25
-58.75,53.25
-76.75,52.75
-75.75,52.75
-75.25,52.75
-74.75,52.75
-74.25,52.75
-73.75,52.75
-73.25,52.75
-72.75,52.75
-72.25,52.75
-71.75,52.75
-71.25,52.75
-70.75,52.75
-66.25,52.75
-65.75,52.75
-65.25,52.75
-64.75,52.75
-64.25,52.75
-63.75,52.75
-63.25,52.75
-62.75,52.75
-62.25,52.75
-61.25,52.75
-60.75,52.75
-60.25,52.75
-59.75,52.75
-59.25,52.75
-58.75,52.75
-58.25,52.75
-57.75,52.75
-75.75,52.25
-75.25,52.25
-74.75,52.25
-74.25,52.25
-73.75,52.25
-72.75,52.25
-72.25,52.25
-66.25,52.25
-65.75,52.25
-65.25,52.25
-64.75,52.25
-64.25,52.25
-63.75,52.25
-63.25,52.25
-62.75,52.25
-62.25,52.25
-61.75,52.25
-61.25,52.25
-60.75,52.25
-60.25,52.25
-59.75,52.25
-59.25,52.25
-58.75,52.25
-58.25,52.25
-57.75,52.25
-57.25,52.25
-65.75,51.75
