x,y
-95.75,79.75
-95.25,79.75
-94.75,79.75
-94.25,79.75
-93.75,79.75
-89.25,79.75
-88.75,79.75
-88.25,79.75
-87.75,79.75
-87.25,79.75
-86.25,79.75
-85.75,79.75
-85.25,79.75
-84.75,79.75
-84.25,79.75
-83.75,79.75
-83.25,79.75
-82.75,79.75
-82.25,79.75
-81.25,79.75
-72.75,79.75
-92.25,79.25
-91.75,79.25
-91.25,79.25
-90.75,79.25
-90.25,79.25
-89.75,79.25
-88.25,79.25
-87.75,79.25
-87.25,79.25
-86.75,79.25
-86.25,79.25
-84.25,79.25
-83.75,79.25
-83.25,79.25
-82.75,79.25
-82.25,79.25
-81.75,79.25
-81.25,79.25
-80.75,79.25
-80.25,79.25
-79.75,79.25
-79.25,79.25
-78.75,79.25
-78.25,79.25
-77.75,79.25
-103.25,78.75
-102.75,78.75
-102.25,78.75
-101.75,78.75
-101.25,78.75
-92.75,78.75
-92.25,78.75
-88.75,78.75
-88.25,78.75
-86.25,78.75
-85.75,78.75
-85.25,78.75
-84.75,78.75
-84.25,78.75
-83.75,78.75
-82.75,78.75
-82.25,78.75
-81.75,78.75
-101.25,78.25
-100.75,78.25
-100.25,78.25
-97.25,78.25
-96.75,78.25
-96.25,78.25
-95.75,78.25
-91.25,78.25
-86.75,78.25
-86.25,78.25
-85.75,78.25
-85.25,78.25
-84.75,78.25
-84.25,78.25
-83.75,78.25
-83.25,78.25
-82.75,78.25
-82.25,78.25
-112.75,77.75
-112.25,77.75
-111.75,77.75
-111.25,77.75
-110.75,77.75
-110.25,77.75
-95.75,77.75
-87.75,77.75
-87.25,77.75
-86.75,77.75
-84.75,77.75
-84.25,77.75
-83.75,77.75
-83.25,77.75
-82.75,77.75
-82.25,77.75
-118.75,77.25
-118.25,77.25
-117.75,77.25
-117.25,77.25
-116.75,77.25
-86.75,77.25
-86.25,77.25
-85.75,77.25
-85.25,77.25
-84.25,77.25
-83.75,77.25
-83.25,77.25
-82.75,77.25
-82.25,77.25
-81.25,77.25
-120.25,76.75
-119.75,76.75
-119.25,76.75
-118.75,76.75
-117.25,76.75
-116.75,76.75
-96.25,76.75
-95.75,76.75
-95.25,76.75
-94.75,76.75
-94.25,76.75
-93.75,76.75
-89.25,76.75
-88.75,76.75
-88.25,76.75
-87.75,76.75
-87.25,76.75
-86.75,76.75
-86.25,76.75
-85.75,76.75
-85.25,76.75
-84.75,76.75
-84.25,76.75
-83.75,76.75
-83.25,76.75
-82.75,76.75
-82.25,76.75
-81.75,76.75
-122.25,76.25
-121.75,76.25
-121.25,76.25
-120.75,76.25
-120.25,76.25
-119.75,76.25
-119.25,76.25
-115.75,76.25
-115.25,76.25
-114.75,76.25
-114.25,76.25
-109.25,76.25
-108.75,76.25
-101.25,76.25
-99.75,76.25
-99.25,76.25
-98.75,76.25
-98.25,76.25
-97.75,76.25
-92.75,76.25
-92.25,76.25
-91.75,76.25
-91.25,76.25
-116.25,75.75
-115.75,75.75
-115.25,75.75
-114.75,75.75
-114.25,75.75
-113.75,75.75
-113.25,75.75
-112.75,75.75
-112.25,75.75
-111.75,75.75
-108.75,75.75
-108.25,75.75
-107.75,75.75
-107.25,75.75
-106.75,75.75
-106.25,75.75
-100.75,75.75
-100.25,75.75
-99.75,75.75
-99.25,75.75
-98.75,75.75
-98.25,75.75
-91.75,75.75
-91.25,75.75
-90.75,75.75
-90.25,75.75
-89.75,75.75
-116.25,75.25
-115.75,75.25
-115.25,75.25
-114.75,75.25
-113.25,75.25
-112.75,75.25
-112.25,75.25
-111.75,75.25
-111.25,75.25
-110.75,75.25
-110.25,75.25
-109.75,75.25
-109.25,75.25
-108.75,75.25
-108.25,75.25
-107.75,75.25
-107.25,75.25
-106.75,75.25
-106.25,75.25
-99.75,75.25
-99.25,75.25
-98.75,75.25
-98.25,75.25
-95.75,75.25
-95.25,75.25
-94.75,75.25
-94.25,75.25
-92.25,75.25
-91.75,75.25
-91.25,75.25
-90.75,75.25
-90.25,75.25
-89.75,75.25
-89.25,75.25
-88.75,75.25
-88.25,75.25
-87.75,75.25
-87.25,75.25
-86.75,75.25
-86.25,75.25
-85.75,75.25
-85.25,75.25
-84.75,75.25
-113.25,74.75
-112.75,74.75
-112.25,74.75
-111.75,74.75
-111.25,74.75
-94.75,74.75
-94.25,74.75
-90.75,74.75
-90.25,74.75
-89.75,74.75
-88.25,74.75
-87.75,74.75
-87.25,74.75
-86.75,74.75
-86.25,74.75
-85.75,74.75
-85.25,74.75
-84.25,74.75
-83.75,74.75
-82.75,74.75
-124.25,74.25
-123.75,74.25
-123.25,74.25
-122.75,74.25
-122.25,74.25
-121.75,74.25
-121.25,74.25
-120.75,74.25
-120.25,74.25
-123.75,73.75
-123.25,73.75
-122.75,73.75
-122.25,73.75
-121.75,73.75
-121.25,73.75
-120.75,73.75
-120.25,73.75
-119.75,73.75
-119.25,73.75
-118.75,73.75
-118.25,73.75
-117.75,73.75
-117.25,73.75
-116.75,73.75
-116.25,73.75
-100.25,73.75
-94.75,73.75
-94.25,73.75
-93.75,73.75
-93.25,73.75
-92.75,73.75
-92.25,73.75
-91.75,73.75
-91.25,73.75
-90.75,73.75
-86.25,73.75
-124.25,73.25
-123.75,73.25
-123.25,73.25
-122.75,73.25
-122.25,73.25
-121.75,73.25
-121.25,73.25
-120.75,73.25
-120.25,73.25
-119.75,73.25
-119.25,73.25
-118.75,73.25
-118.25,73.25
-117.75,73.25
-117.25,73.25
-116.75,73.25
-115.25,73.25
-105.75,73.25
-105.25,73.25
-100.25,73.25
-99.75,73.25
-99.25,73.25
-98.75,73.25
-98.25,73.25
-95.25,73.25
-94.75,73.25
-94.25,73.25
-93.75,73.25
-93.25,73.25
-92.75,73.25
-92.25,73.25
-91.75,73.25
-88.75,73.25
-88.25,73.25
-87.75,73.25
-87.25,73.25
-86.75,73.25
-84.25,73.25
-83.75,73.25
-83.25,73.25
-82.75,73.25
-82.25,73.25
-81.75,73.25
-124.75,72.75
-124.25,72.75
-123.75,72.75
-123.25,72.75
-122.75,72.75
-122.25,72.75
-121.75,72.75
-121.25,72.75
-120.75,72.75
-120.25,72.75
-119.75,72.75
-119.25,72.75
-117.25,72.75
-116.75,72.75
-116.25,72.75
-115.75,72.75
-115.25,72.75
-114.75,72.75
-113.25,72.75
-112.75,72.75
-112.25,72.75
-109.75,72.75
-107.75,72.75
-107.25,72.75
-106.75,72.75
-106.25,72.75
-105.75,72.75
-102.25,72.75
-101.75,72.75
-100.25,72.75
-99.75,72.75
-99.25,72.75
-98.75,72.75
-98.25,72.75
-97.75,72.75
-97.25,72.75
-95.25,72.75
-89.25,72.75
-88.75,72.75
-88.25,72.75
-87.75,72.75
-87.25,72.75
-86.75,72.75
-85.25,72.75
-84.75,72.75
-84.25,72.75
-83.75,72.75
-83.25,72.75
-82.75,72.75
-82.25,72.75
-81.75,72.75
-81.25,72.75
-80.75,72.75
-125.25,72.25
-124.75,72.25
-124.25,72.25
-123.75,72.25
-123.25,72.25
-122.75,72.25
-122.25,72.25
-121.75,72.25
-121.25,72.25
-120.75,72.25
-120.25,72.25
-117.75,72.25
-117.25,72.25
-116.75,72.25
-116.25,72.25
-115.75,72.25
-115.25,72.25
-114.75,72.25
-114.25,72.25
-113.75,72.25
-113.25,72.25
-112.75,72.25
-112.25,72.25
-111.75,72.25
-111.25,72.25
-110.75,72.25
-110.25,72.25
-109.75,72.25
-109.25,72.25
-108.75,72.25
-107.25,72.25
-106.75,72.25
-106.25,72.25
-105.75,72.25
-105.25,72.25
-100.75,72.25
-100.25,72.25
-99.75,72.25
-99.25,72.25
-98.75,72.25
-98.25,72.25
-97.75,72.25
-97.25,72.25
-96.75,72.25
-94.75,72.25
-94.25,72.25
-89.75,72.25
-89.25,72.25
-88.75,72.25
-88.25,72.25
-87.75,72.25
-87.25,72.25
-86.75,72.25
-85.25,72.25
-84.75,72.25
-84.25,72.25
-83.75,72.25
-83.25,72.25
-82.75,72.25
-82.25,72.25
-81.75,72.25
-79.25,72.25
-78.25,72.25
-124.25,71.75
-123.75,71.75
-123.25,71.75
-122.75,71.75
-122.25,71.75
-121.75,71.75
-121.25,71.75
-120.75,71.75
-118.75,71.75
-118.25,71.75
-117.75,71.75
-117.25,71.75
-116.75,71.75
-116.25,71.75
-115.75,71.75
-115.25,71.75
-114.75,71.75
-114.25,71.75
-113.75,71.75
-113.25,71.75
-112.75,71.75
-112.25,71.75
-111.75,71.75
-111.25,71.75
-110.75,71.75
-110.25,71.75
-109.75,71.75
-109.25,71.75
-108.75,71.75
-107.25,71.75
-106.75,71.75
-106.25,71.75
-105.75,71.75
-105.25,71.75
-99.25,71.75
-98.75,71.75
-98.25,71.75
-97.75,71.75
-97.25,71.75
-94.75,71.75
-89.75,71.75
-89.25,71.75
-88.75,71.75
-88.25,71.75
-87.75,71.75
-87.25,71.75
-86.75,71.75
-86.25,71.75
-85.25,71.75
-84.75,71.75
-84.25,71.75
-83.75,71.75
-83.25,71.75
-82.75,71.75
-82.25,71.75
-81.75,71.75
-81.25,71.75
-80.75,71.75
-80.25,71.75
-79.75,71.75
-79.25,71.75
-78.75,71.75
-78.25,71.75
-77.75,71.75
-77.25,71.75
-76.75,71.75
-123.25,71.25
-122.75,71.25
-116.25,71.25
-115.75,71.25
-115.25,71.25
-114.75,71.25
-114.25,71.25
-113.75,71.25
-113.25,71.25
-112.75,71.25
-112.25,71.25
-111.75,71.25
-111.25,71.25
-110.75,71.25
-110.25,71.25
-109.75,71.25
-109.25,71.25
-108.75,71.25
-108.25,71.25
-107.75,71.25
-107.25,71.25
-106.75,71.25
-106.25,71.25
-105.75,71.25
-105.25,71.25
-104.75,71.25
-96.25,71.25
-95.75,71.25
-95.25,71.25
-94.75,71.25
-94.25,71.25
-93.75,71.25
-93.25,71.25
-87.75,71.25
-87.25,71.25
-86.75,71.25
-86.25,71.25
-85.75,71.25
-84.25,71.25
-83.75,71.25
-83.25,71.25
-82.75,71.25
-82.25,71.25
-81.75,71.25
-81.25,71.25
-80.75,71.25
-80.25,71.25
-79.75,71.25
-79.25,71.25
-78.75,71.25
-78.25,71.25
-77.75,71.25
-77.25,71.25
-76.75,71.25
-76.25,71.25
-75.75,71.25
-75.25,71.25
-74.75,71.25
-159.25,70.75
-157.75,70.75
-157.25,70.75
-156.75,70.75
-156.25,70.75
-154.75,70.75
-117.75,70.75
-117.25,70.75
-116.75,70.75
-116.25,70.75
-115.75,70.75
-115.25,70.75
-114.75,70.75
-114.25,70.75
-113.75,70.75
-113.25,70.75
-112.75,70.75
-112.25,70.75
-111.75,70.75
-111.25,70.75
-110.75,70.75
-110.25,70.75
-109.75,70.75
-109.25,70.75
-108.75,70.75
-108.25,70.75
-107.75,70.75
-107.25,70.75
-106.75,70.75
-106.25,70.75
-105.75,70.75
-105.25,70.75
-104.75,70.75
-104.25,70.75
-96.25,70.75
-95.75,70.75
-95.25,70.75
-94.75,70.75
-94.25,70.75
-93.75,70.75
-93.25,70.75
-92.75,70.75
-88.75,70.75
-88.25,70.75
-87.75,70.75
-87.25,70.75
-86.75,70.75
-86.25,70.75
-85.75,70.75
-85.25,70.75
-84.75,70.75
-84.25,70.75
-83.75,70.75
-83.25,70.75
-82.75,70.75
-82.25,70.75
-81.75,70.75
-81.25,70.75
-80.75,70.75
-80.25,70.75
-79.75,70.75
-79.25,70.75
-78.75,70.75
-78.25,70.75
-77.75,70.75
-77.25,70.75
-76.75,70.75
-76.25,70.75
-75.75,70.75
-75.25,70.75
-74.75,70.75
-74.25,70.75
-73.75,70.75
-73.25,70.75
-160.75,70.25
-160.25,70.25
-159.75,70.25
-159.25,70.25
-158.75,70.25
-158.25,70.25
-157.75,70.25
-157.25,70.25
-156.75,70.25
-156.25,70.25
-155.75,70.25
-155.25,70.25
-154.75,70.25
-154.25,70.25
-153.75,70.25
-153.25,70.25
-152.75,70.25
-152.25,70.25
-151.75,70.25
-151.25,70.25
-150.75,70.25
-150.25,70.25
-149.75,70.25
-149.25,70.25
-148.75,70.25
-113.25,70.25
-112.25,70.25
-111.75,70.25
-111.25,70.25
-110.75,70.25
-110.25,70.25
-109.75,70.25
-109.25,70.25
-108.75,70.25
-108.25,70.25
-107.75,70.25
-107.25,70.25
-106.75,70.25
-106.25,70.25
-105.75,70.25
-105.25,70.25
-104.75,70.25
-104.25,70.25
-103.75,70.25
-103.25,70.25
-102.75,70.25
-102.25,70.25
-96.25,70.25
-95.75,70.25
-95.25,70.25
-94.75,70.25
-94.25,70.25
-93.75,70.25
-93.25,70.25
-92.75,70.25
-92.25,70.25
-86.25,70.25
-85.75,70.25
-85.25,70.25
-84.75,70.25
-84.25,70.25
-83.75,70.25
-83.25,70.25
-82.75,70.25
-82.25,70.25
-81.75,70.25
-81.25,70.25
-80.75,70.25
-80.25,70.25
-79.75,70.25
-79.25,70.25
-77.75,70.25
-77.25,70.25
-76.75,70.25
-76.25,70.25
-75.75,70.25
-75.25,70.25
-74.75,70.25
-74.25,70.25
-73.75,70.25
-73.25,70.25
-72.75,70.25
-72.25,70.25
-71.75,70.25
-162.75,69.75
-162.25,69.75
-161.75,69.75
-161.25,69.75
-160.75,69.75
-160.25,69.75
-159.75,69.75
-159.25,69.75
-158.75,69.75
-158.25,69.75
-157.75,69.75
-157.25,69.75
-156.75,69.75
-156.25,69.75
-155.75,69.75
-155.25,69.75
-154.75,69.75
-154.25,69.75
-153.75,69.75
-153.25,69.75
-152.75,69.75
-152.25,69.75
-151.75,69.75
-151.25,69.75
-150.75,69.75
-150.25,69.75
-149.75,69.75
-149.25,69.75
-148.75,69.75
-148.25,69.75
-147.75,69.75
-147.25,69.75
-146.75,69.75
-146.25,69.75
-145.75,69.75
-145.25,69.75
-144.75,69.75
-144.25,69.75
-143.75,69.75
-143.25,69.75
-142.75,69.75
-142.25,69.75
-128.25,69.75
-127.75,69.75
-127.25,69.75
-126.75,69.75
-124.75,69.75
-122.75,69.75
-122.25,69.75
-121.75,69.75
-116.75,69.75
-116.25,69.75
-115.75,69.75
-115.25,69.75
-114.75,69.75
-114.25,69.75
-113.75,69.75
-113.25,69.75
-112.75,69.75
-112.25,69.75
-111.75,69.75
-111.25,69.75
-110.75,69.75
-110.25,69.75
-109.75,69.75
-109.25,69.75
-108.75,69.75
-108.25,69.75
-107.75,69.75
-107.25,69.75
-106.75,69.75
-106.25,69.75
-105.75,69.75
-105.25,69.75
-104.75,69.75
-104.25,69.75
-103.75,69.75
-103.25,69.75
-102.75,69.75
-95.25,69.75
-94.75,69.75
-94.25,69.75
-93.75,69.75
-93.25,69.75
-92.75,69.75
-85.25,69.75
-84.75,69.75
-84.25,69.75
-83.75,69.75
-76.75,69.75
-76.25,69.75
-75.75,69.75
-75.25,69.75
-74.75,69.75
-74.25,69.75
-73.75,69.75
-73.25,69.75
-72.75,69.75
-72.25,69.75
-71.75,69.75
-71.25,69.75
-70.75,69.75
-162.75,69.25
-162.25,69.25
-161.75,69.25
-161.25,69.25
-160.75,69.25
-160.25,69.25
-159.75,69.25
-159.25,69.25
-158.75,69.25
-158.25,69.25
-157.75,69.25
-157.25,69.25
-156.75,69.25
-156.25,69.25
-155.75,69.25
-155.25,69.25
-154.75,69.25
-154.25,69.25
-153.75,69.25
-153.25,69.25
-152.75,69.25
-152.25,69.25
-151.75,69.25
-151.25,69.25
-150.75,69.25
-150.25,69.25
-149.75,69.25
-149.25,69.25
-148.75,69.25
-148.25,69.25
-147.75,69.25
-147.25,69.25
-146.75,69.25
-146.25,69.25
-145.75,69.25
-145.25,69.25
-144.75,69.25
-144.25,69.25
-143.75,69.25
-143.25,69.25
-142.75,69.25
-142.25,69.25
-141.75,69.25
-141.25,69.25
-140.75,69.25
-140.25,69.25
-139.75,69.25
-139.25,69.25
-134.75,69.25
-134.25,69.25
-131.25,69.25
-130.75,69.25
-130.25,69.25
-129.75,69.25
-129.25,69.25
-128.75,69.25
-128.25,69.25
-127.75,69.25
-127.25,69.25
-126.75,69.25
-126.25,69.25
-125.75,69.25
-125.25,69.25
-124.75,69.25
-124.25,69.25
-123.75,69.25
-123.25,69.25
-122.75,69.25
-122.25,69.25
-121.75,69.25
-121.25,69.25
-120.75,69.25
-120.25,69.25
-119.75,69.25
-119.25,69.25
-113.75,69.25
-113.25,69.25
-112.75,69.25
-112.25,69.25
-111.75,69.25
-111.25,69.25
-110.75,69.25
-110.25,69.25
-109.75,69.25
-109.25,69.25
-108.75,69.25
-108.25,69.25
-107.75,69.25
-107.25,69.25
-105.25,69.25
-104.75,69.25
-104.25,69.25
-103.75,69.25
-103.25,69.25
-102.75,69.25
-98.25,69.25
-97.75,69.25
-97.25,69.25
-96.75,69.25
-96.25,69.25
-93.25,69.25
-92.75,69.25
-92.25,69.25
-91.75,69.25
-91.25,69.25
-85.25,69.25
-84.75,69.25
-84.25,69.25
-83.75,69.25
-83.25,69.25
-82.75,69.25
-82.25,69.25
-81.75,69.25
-75.25,69.25
-74.75,69.25
-74.25,69.25
-73.75,69.25
-73.25,69.25
-72.75,69.25
-72.25,69.25
-71.75,69.25
-71.25,69.25
-70.75,69.25
-70.25,69.25
-165.75,68.75
-165.25,68.75
-164.75,68.75
-164.25,68.75
-163.75,68.75
-163.25,68.75
-162.75,68.75
-162.25,68.75
-161.75,68.75
-161.25,68.75
-160.75,68.75
-160.25,68.75
-159.75,68.75
-159.25,68.75
-158.75,68.75
-158.25,68.75
-157.75,68.75
-157.25,68.75
-156.75,68.75
-156.25,68.75
-155.75,68.75
-155.25,68.75
-154.75,68.75
-154.25,68.75
-153.75,68.75
-153.25,68.75
-152.75,68.75
-152.25,68.75
-151.75,68.75
-151.25,68.75
-150.75,68.75
-150.25,68.75
-149.75,68.75
-149.25,68.75
-148.75,68.75
-148.25,68.75
-147.75,68.75
-147.25,68.75
-146.75,68.75
-146.25,68.75
-145.75,68.75
-145.25,68.75
-144.75,68.75
-144.25,68.75
-143.75,68.75
-143.25,68.75
-142.75,68.75
-142.25,68.75
-141.75,68.75
-141.25,68.75
-140.75,68.75
-139.75,68.75
-139.25,68.75
-138.75,68.75
-138.25,68.75
-137.75,68.75
-137.25,68.75
-136.75,68.75
-136.25,68.75
-133.75,68.75
-132.25,68.75
-131.75,68.75
-131.25,68.75
-130.75,68.75
-129.75,68.75
-129.25,68.75
-128.75,68.75
-128.25,68.75
-127.75,68.75
-127.25,68.75
-126.75,68.75
-126.25,68.75
-125.75,68.75
-125.25,68.75
-124.75,68.75
-124.25,68.75
-123.75,68.75
-123.25,68.75
-122.75,68.75
-122.25,68.75
-121.75,68.75
-121.25,68.75
-120.75,68.75
-120.25,68.75
-119.75,68.75
-119.25,68.75
-118.75,68.75
-118.25,68.75
-117.75,68.75
-117.25,68.75
-116.75,68.75
-116.25,68.75
-115.75,68.75
-115.25,68.75
-113.25,68.75
-112.75,68.75
-112.25,68.75
-111.75,68.75
-111.25,68.75
-110.75,68.75
-110.25,68.75
-109.75,68.75
-106.25,68.75
-93.25,68.75
-92.75,68.75
-92.25,68.75
-91.75,68.75
-91.25,68.75
-90.75,68.75
-89.25,68.75
-88.75,68.75
-85.25,68.75
-84.25,68.75
-83.75,68.75
-83.25,68.75
-82.75,68.75
-82.25,68.75
-81.75,68.75
-74.25,68.75
-73.75,68.75
-73.25,68.75
-72.75,68.75
-72.25,68.75
-71.75,68.75
-71.25,68.75
-70.75,68.75
-70.25,68.75
-69.75,68.75
-165.75,68.25
-165.25,68.25
-164.75,68.25
-164.25,68.25
-163.75,68.25
-163.25,68.25
-162.75,68.25
-162.25,68.25
-161.75,68.25
-161.25,68.25
-160.75,68.25
-160.25,68.25
-159.75,68.25
-159.25,68.25
-158.75,68.25
-158.25,68.25
-157.75,68.25
-157.25,68.25
-156.75,68.25
-156.25,68.25
-155.75,68.25
-155.25,68.25
-154.75,68.25
-154.25,68.25
-153.75,68.25
-153.25,68.25
-152.75,68.25
-152.25,68.25
-151.75,68.25
-151.25,68.25
-150.75,68.25
-150.25,68.25
-149.75,68.25
-149.25,68.25
-148.75,68.25
-148.25,68.25
-147.75,68.25
-147.25,68.25
-146.75,68.25
-146.25,68.25
-145.75,68.25
-145.25,68.25
-144.75,68.25
-144.25,68.25
-137.75,68.25
-137.25,68.25
-136.75,68.25
-136.25,68.25
-135.75,68.25
-128.25,68.25
-127.75,68.25
-127.25,68.25
-126.75,68.25
-126.25,68.25
-125.75,68.25
-125.25,68.25
-124.75,68.25
-124.25,68.25
-123.75,68.25
-123.25,68.25
-122.75,68.25
-122.25,68.25
-121.75,68.25
-121.25,68.25
-120.75,68.25
-120.25,68.25
-119.75,68.25
-119.25,68.25
-118.75,68.25
-118.25,68.25
-117.75,68.25
-117.25,68.25
-116.75,68.25
-116.25,68.25
-115.75,68.25
-115.25,68.25
-108.25,68.25
-105.75,68.25
-105.25,68.25
-98.25,68.25
-97.75,68.25
-97.25,68.25
-94.25,68.25
-93.75,68.25
-93.25,68.25
-92.75,68.25
-92.25,68.25
-91.75,68.25
-91.25,68.25
-90.75,68.25
-90.25,68.25
-89.75,68.25
-89.25,68.25
-88.75,68.25
-85.75,68.25
-85.25,68.25
-84.75,68.25
-84.25,68.25
-83.75,68.25
-83.25,68.25
-82.75,68.25
-72.75,68.25
-72.25,68.25
-71.75,68.25
-71.25,68.25
-70.75,68.25
-70.25,68.25
-69.75,68.25
-164.25,67.75
-163.75,67.75
-163.25,67.75
-162.75,67.75
-162.25,67.75
-161.75,67.75
-161.25,67.75
-160.75,67.75
-160.25,67.75
-159.75,67.75
-159.25,67.75
-158.75,67.75
-158.25,67.75
-157.75,67.75
-157.25,67.75
-156.75,67.75
-156.25,67.75
-155.75,67.75
-155.25,67.75
-154.75,67.75
-154.25,67.75
-153.75,67.75
-153.25,67.75
-152.75,67.75
-152.25,67.75
-151.75,67.75
-151.25,67.75
-150.75,67.75
-150.25,67.75
-149.75,67.75
-149.25,67.75
-148.75,67.75
-148.25,67.75
-147.75,67.75
-147.25,67.75
-146.75,67.75
-137.25,67.75
-136.75,67.75
-136.25,67.75
-124.75,67.75
-124.25,67.75
-123.75,67.75
-123.25,67.75
-122.75,67.75
-122.25,67.75
-121.75,67.75
-121.25,67.75
-120.75,67.75
-120.25,67.75
-119.75,67.75
-119.25,67.75
-118.75,67.75
-118.25,67.75
-117.75,67.75
-117.25,67.75
-116.75,67.75
-116.25,67.75
-115.75,67.75
-115.25,67.75
-114.75,67.75
-110.75,67.75
-110.25,67.75
-109.75,67.75
-106.75,67.75
-106.25,67.75
-105.75,67.75
-105.25,67.75
-104.75,67.75
-104.25,67.75
-103.75,67.75
-103.25,67.75
-102.75,67.75
-100.25,67.75
-99.75,67.75
-98.75,67.75
-98.25,67.75
-96.75,67.75
-96.25,67.75
-95.25,67.75
-94.75,67.75
-94.25,67.75
-93.75,67.75
-93.25,67.75
-92.75,67.75
-92.25,67.75
-91.75,67.75
-91.25,67.75
-90.75,67.75
-90.25,67.75
-89.75,67.75
-89.25,67.75
-88.75,67.75
-88.25,67.75
-86.25,67.75
-85.75,67.75
-85.25,67.75
-84.75,67.75
-84.25,67.75
-83.75,67.75
-83.25,67.75
-82.75,67.75
-82.25,67.75
-76.75,67.75
-76.25,67.75
-75.75,67.75
-75.25,67.75
-72.25,67.75
-71.75,67.75
-71.25,67.75
-70.75,67.75
-70.25,67.75
-69.75,67.75
-69.25,67.75
-163.25,67.25
-162.75,67.25
-160.25,67.25
-156.75,67.25
-156.25,67.25
-155.75,67.25
-155.25,67.25
-154.75,67.25
-154.25,67.25
-153.75,67.25
-153.25,67.25
-152.75,67.25
-152.25,67.25
-151.75,67.25
-151.25,67.25
-150.75,67.25
-150.25,67.25
-136.75,67.25
-136.25,67.25
-124.75,67.25
-124.25,67.25
-123.75,67.25
-123.25,67.25
-122.75,67.25
-122.25,67.25
-121.75,67.25
-121.25,67.25
-120.75,67.25
-120.25,67.25
-119.75,67.25
-119.25,67.25
-117.75,67.25
-117.25,67.25
-116.75,67.25
-116.25,67.25
-115.75,67.25
-115.25,67.25
-114.75,67.25
-114.25,67.25
-113.75,67.25
-113.25,67.25
-112.75,67.25
-112.25,67.25
-111.75,67.25
-111.25,67.25
-110.75,67.25
-110.25,67.25
-109.75,67.25
-109.25,67.25
-108.75,67.25
-107.25,67.25
-106.75,67.25
-106.25,67.25
-105.75,67.25
-105.25,67.25
-104.75,67.25
-104.25,67.25
-103.75,67.25
-103.25,67.25
-102.75,67.25
-102.25,67.25
-101.75,67.25
-101.25,67.25
-100.75,67.25
-100.25,67.25
-99.75,67.25
-99.25,67.25
-98.75,67.25
-98.25,67.25
-97.75,67.25
-97.25,67.25
-96.75,67.25
-96.25,67.25
-95.75,67.25
-94.75,67.25
-94.25,67.25
-93.75,67.25
-93.25,67.25
-92.75,67.25
-92.25,67.25
-91.75,67.25
-91.25,67.25
-90.75,67.25
-90.25,67.25
-89.75,67.25
-89.25,67.25
-88.75,67.25
-88.25,67.25
-87.75,67.25
-86.75,67.25
-86.25,67.25
-85.75,67.25
-85.25,67.25
-84.75,67.25
-84.25,67.25
-83.75,67.25
-83.25,67.25
-82.75,67.25
-82.25,67.25
-81.75,67.25
-71.75,67.25
-71.25,67.25
-70.75,67.25
-70.25,67.25
-69.75,67.25
-69.25,67.25
-68.75,67.25
-68.25,67.25
-67.75,67.25
-161.25,66.75
-160.25,66.75
-159.75,66.75
-159.25,66.75
-158.75,66.75
-158.25,66.75
-136.25,66.75
-124.25,66.75
-123.75,66.75
-123.25,66.75
-122.75,66.75
-122.25,66.75
-115.25,66.75
-114.75,66.75
-114.25,66.75
-113.75,66.75
-113.25,66.75
-112.75,66.75
-112.25,66.75
-111.75,66.75
-111.25,66.75
-110.75,66.75
-110.25,66.75
-109.75,66.75
-109.25,66.75
-108.75,66.75
-108.25,66.75
-107.25,66.75
-106.75,66.75
-106.25,66.75
-105.75,66.75
-105.25,66.75
-104.75,66.75
-104.25,66.75
-103.75,66.75
-103.25,66.75
-102.75,66.75
-102.25,66.75
-101.75,66.75
-101.25,66.75
-100.75,66.75
-100.25,66.75
-99.75,66.75
-99.25,66.75
-98.75,66.75
-98.25,66.75
-97.75,66.75
-97.25,66.75
-96.75,66.75
-96.25,66.75
-95.75,66.75
-95.25,66.75
-94.75,66.75
-94.25,66.75
-93.75,66.75
-93.25,66.75
-92.75,66.75
-92.25,66.75
-91.75,66.75
-91.25,66.75
-90.75,66.75
-90.25,66.75
-89.75,66.75
-89.25,66.75
-88.75,66.75
-88.25,66.75
-87.75,66.75
-87.25,66.75
-86.75,66.75
-86.25,66.75
-85.75,66.75
-85.25,66.75
-84.75,66.75
-84.25,66.75
-83.75,66.75
-83.25,66.75
-82.75,66.75
-72.75,66.75
-72.25,66.75
-71.75,66.75
-70.25,66.75
-69.75,66.75
-69.25,66.75
-68.75,66.75
-68.25,66.75
-67.75,66.75
-67.25,66.75
-66.75,66.75
-66.25,66.75
-165.25,66.25
-164.75,66.25
-164.25,66.25
-160.75,66.25
-160.25,66.25
-159.75,66.25
-135.75,66.25
-114.25,66.25
-113.75,66.25
-112.75,66.25
-112.25,66.25
-111.75,66.25
-111.25,66.25
-110.75,66.25
-110.25,66.25
-109.75,66.25
-109.25,66.25
-108.75,66.25
-108.25,66.25
-107.75,66.25
-107.25,66.25
-106.75,66.25
-106.25,66.25
-105.75,66.25
-105.25,66.25
-104.75,66.25
-104.25,66.25
-103.75,66.25
-103.25,66.25
-102.75,66.25
-102.25,66.25
-101.75,66.25
-101.25,66.25
-100.75,66.25
-100.25,66.25
-99.75,66.25
-99.25,66.25
-98.75,66.25
-98.25,66.25
-97.75,66.25
-97.25,66.25
-96.75,66.25
-96.25,66.25
-95.75,66.25
-95.25,66.25
-94.75,66.25
-94.25,66.25
-93.75,66.25
-93.25,66.25
-92.75,66.25
-92.25,66.25
-91.75,66.25
-91.25,66.25
-90.75,66.25
-90.25,66.25
-89.75,66.25
-89.25,66.25
-88.75,66.25
-88.25,66.25
-87.75,66.25
-87.25,66.25
-86.75,66.25
-73.75,66.25
-73.25,66.25
-72.75,66.25
-72.25,66.25
-71.75,66.25
-71.25,66.25
-69.25,66.25
-68.75,66.25
-68.25,66.25
-66.25,66.25
-65.75,66.25
-167.25,65.75
-166.75,65.75
-166.25,65.75
-165.75,65.75
-165.25,65.75
-164.75,65.75
-164.25,65.75
-163.75,65.75
-163.25,65.75
-162.75,65.75
-162.25,65.75
-161.75,65.75
-161.25,65.75
-160.75,65.75
-160.25,65.75
-159.75,65.75
-159.25,65.75
-113.25,65.75
-112.75,65.75
-112.25,65.75
-111.75,65.75
-111.25,65.75
-110.75,65.75
-110.25,65.75
-109.75,65.75
-109.25,65.75
-108.75,65.75
-108.25,65.75
-107.75,65.75
-107.25,65.75
-106.75,65.75
-106.25,65.75
-105.75,65.75
-105.25,65.75
-104.75,65.75
-104.25,65.75
-103.75,65.75
-103.25,65.75
-102.75,65.75
-102.25,65.75
-101.75,65.75
-101.25,65.75
-100.75,65.75
-100.25,65.75
-99.75,65.75
-99.25,65.75
-98.75,65.75
-98.25,65.75
-97.75,65.75
-97.25,65.75
-96.75,65.75
-96.25,65.75
-95.75,65.75
-95.25,65.75
-94.75,65.75
-94.25,65.75
-93.75,65.75
-93.25,65.75
-92.75,65.75
-92.25,65.75
-91.75,65.75
-91.25,65.75
-90.75,65.75
-90.25,65.75
-88.75,65.75
-88.25,65.75
-87.75,65.75
-87.25,65.75
-86.75,65.75
-73.25,65.75
-72.75,65.75
-72.25,65.75
-71.75,65.75
-71.25,65.75
-70.75,65.75
-70.25,65.75
-69.75,65.75
-69.25,65.75
-68.75,65.75
-68.25,65.75
-65.25,65.75
-64.75,65.75
-64.25,65.75
-166.25,65.25
-165.75,65.25
-165.25,65.25
-164.75,65.25
-164.25,65.25
-163.75,65.25
-163.25,65.25
-162.75,65.25
-162.25,65.25
-161.75,65.25
-161.25,65.25
-112.75,65.25
-112.25,65.25
-111.75,65.25
-111.25,65.25
-110.75,65.25
-110.25,65.25
-109.75,65.25
-109.25,65.25
-108.75,65.25
-108.25,65.25
-107.75,65.25
-107.25,65.25
-106.75,65.25
-106.25,65.25
-105.75,65.25
-105.25,65.25
-104.75,65.25
-104.25,65.25
-103.75,65.25
-103.25,65.25
-102.75,65.25
-102.25,65.25
-101.75,65.25
-101.25,65.25
-100.75,65.25
-100.25,65.25
-99.75,65.25
-99.25,65.25
-98.75,65.25
-98.25,65.25
-97.75,65.25
-97.25,65.25
-96.75,65.25
-96.25,65.25
-95.75,65.25
-95.25,65.25
-94.75,65.25
-94.25,65.25
-93.75,65.25
-93.25,65.25
-92.75,65.25
-92.25,65.25
-91.75,65.25
-91.25,65.25
-90.75,65.25
-90.25,65.25
-89.75,65.25
-89.25,65.25
-88.75,65.25
-88.25,65.25
-87.75,65.25
-87.25,65.25
-85.75,65.25
-85.25,65.25
-84.25,65.25
-77.25,65.25
-76.75,65.25
-76.25,65.25
-74.75,65.25
-74.25,65.25
-73.75,65.25
-73.25,65.25
-72.75,65.25
-72.25,65.25
-71.75,65.25
-70.75,65.25
-70.25,65.25
-69.75,65.25
-69.25,65.25
-68.75,65.25
-68.25,65.25
-67.75,65.25
-64.25,65.25
-63.75,65.25
-166.25,64.75
-165.75,64.75
-165.25,64.75
-164.75,64.75
-164.25,64.75
-160.75,64.75
-112.25,64.75
-111.75,64.75
-111.25,64.75
-110.75,64.75
-110.25,64.75
-109.75,64.75
-109.25,64.75
-108.75,64.75
-108.25,64.75
-107.75,64.75
-107.25,64.75
-106.75,64.75
-106.25,64.75
-105.75,64.75
-105.25,64.75
-104.75,64.75
-104.25,64.75
-103.75,64.75
-103.25,64.75
-102.75,64.75
-102.25,64.75
-101.75,64.75
-101.25,64.75
-100.75,64.75
-100.25,64.75
-99.75,64.75
-99.25,64.75
-98.75,64.75
-98.25,64.75
-97.75,64.75
-97.25,64.75
-96.75,64.75
-96.25,64.75
-95.75,64.75
-95.25,64.75
-94.75,64.75
-94.25,64.75
-93.75,64.75
-93.25,64.75
-92.75,64.75
-92.25,64.75
-91.75,64.75
-91.25,64.75
-90.75,64.75
-90.25,64.75
-89.75,64.75
-89.25,64.75
-88.75,64.75
-88.25,64.75
-87.75,64.75
-85.75,64.75
-85.25,64.75
-84.75,64.75
-84.25,64.75
-83.75,64.75
-83.25,64.75
-82.75,64.75
-77.75,64.75
-77.25,64.75
-76.75,64.75
-76.25,64.75
-75.75,64.75
-75.25,64.75
-74.25,64.75
-73.75,64.75
-73.25,64.75
-72.75,64.75
-72.25,64.75
-71.75,64.75
-70.25,64.75
-69.75,64.75
-69.25,64.75
-68.75,64.75
-68.25,64.75
-67.75,64.75
-67.25,64.75
-66.75,64.75
-66.25,64.75
-111.25,64.25
-110.75,64.25
-110.25,64.25
-109.75,64.25
-109.25,64.25
-108.75,64.25
-108.25,64.25
-107.75,64.25
-107.25,64.25
-106.75,64.25
-106.25,64.25
-105.75,64.25
-105.25,64.25
-104.75,64.25
-104.25,64.25
-102.75,64.25
-102.25,64.25
-101.75,64.25
-101.25,64.25
-100.75,64.25
-100.25,64.25
-99.75,64.25
-99.25,64.25
-98.75,64.25
-98.25,64.25
-97.75,64.25
-97.25,64.25
-96.75,64.25
-96.25,64.25
-95.25,64.25
-94.75,64.25
-94.25,64.25
-93.75,64.25
-93.25,64.25
-92.75,64.25
-92.25,64.25
-91.75,64.25
-91.25,64.25
-90.75,64.25
-90.25,64.25
-89.75,64.25
-89.25,64.25
-88.75,64.25
-88.25,64.25
-86.25,64.25
-85.75,64.25
-85.25,64.25
-84.75,64.25
-84.25,64.25
-83.75,64.25
-83.25,64.25
-82.75,64.25
-82.25,64.25
-72.75,64.25
-72.25,64.25
-71.75,64.25
-71.25,64.25
-70.75,64.25
-70.25,64.25
-69.75,64.25
-69.25,64.25
-68.75,64.25
-68.25,64.25
-67.75,64.25
-67.25,64.25
-66.75,64.25
-66.25,64.25
-65.75,64.25
-109.25,63.75
-103.75,63.75
-103.25,63.75
-102.75,63.75
-102.25,63.75
-101.75,63.75
-101.25,63.75
-100.75,63.75
-100.25,63.75
-99.75,63.75
-99.25,63.75
-98.75,63.75
-98.25,63.75
-97.75,63.75
-97.25,63.75
-96.75,63.75
-96.25,63.75
-95.75,63.75
-95.25,63.75
-94.75,63.75
-94.25,63.75
-93.75,63.75
-93.25,63.75
-92.75,63.75
-92.25,63.75
-91.75,63.75
-91.25,63.75
-90.75,63.75
-86.75,63.75
-86.25,63.75
-85.75,63.75
-85.25,63.75
-84.75,63.75
-84.25,63.75
-82.25,63.75
-81.75,63.75
-81.25,63.75
-80.75,63.75
-71.75,63.75
-71.25,63.75
-70.75,63.75
-70.25,63.75
-69.75,63.75
-69.25,63.75
-68.75,63.75
-68.25,63.75
-67.75,63.75
-67.25,63.75
-66.75,63.75
-66.25,63.75
-65.75,63.75
-65.25,63.75
-169.75,63.25
-162.25,63.25
-161.75,63.25
-161.25,63.25
-103.25,63.25
-102.75,63.25
-102.25,63.25
-100.75,63.25
-100.25,63.25
-99.75,63.25
-99.25,63.25
-98.75,63.25
-98.25,63.25
-97.75,63.25
-97.25,63.25
-96.75,63.25
-96.25,63.25
-95.75,63.25
-95.25,63.25
-94.25,63.25
-93.75,63.25
-93.25,63.25
-92.75,63.25
-92.25,63.25
-91.75,63.25
-91.25,63.25
-85.25,63.25
-71.25,63.25
-70.75,63.25
-70.25,63.25
-69.75,63.25
-69.25,63.25
-68.75,63.25
-68.25,63.25
-66.75,63.25
-66.25,63.25
-65.75,63.25
-65.25,63.25
-164.25,62.75
-163.75,62.75
-163.25,62.75
-102.25,62.75
-100.25,62.75
-96.25,62.75
-95.75,62.75
-95.25,62.75
-94.75,62.75
-94.25,62.75
-93.75,62.75
-93.25,62.75
-92.75,62.75
-83.25,62.75
-82.75,62.75
-82.25,62.75
-69.25,62.75
-68.75,62.75
-68.25,62.75
-67.75,62.75
-67.25,62.75
-165.25,62.25
-164.75,62.25
-164.25,62.25
-163.75,62.25
-163.25,62.25
-162.25,62.25
-161.75,62.25
-96.25,62.25
-95.75,62.25
-95.25,62.25
-94.75,62.25
-94.25,62.25
-93.75,62.25
-93.25,62.25
-83.25,62.25
-79.75,62.25
-77.75,62.25
-77.25,62.25
-76.75,62.25
-76.25,62.25
-75.75,62.25
-74.25,62.25
-73.75,62.25
-68.25,62.25
-67.75,62.25
-67.25,62.25
-66.75,62.25
-165.75,61.75
-165.25,61.75
-164.75,61.75
-164.25,61.75
-163.75,61.75
-163.25,61.75
-162.75,61.75
-160.75,61.75
-96.25,61.75
-95.75,61.75
-95.25,61.75
-94.75,61.75
-94.25,61.75
-93.75,61.75
-79.75,61.75
-77.75,61.75
-77.25,61.75
-76.75,61.75
-76.25,61.75
-75.75,61.75
-75.25,61.75
-74.75,61.75
-74.25,61.75
-73.75,61.75
-73.25,61.75
-72.75,61.75
-72.25,61.75
-165.25,61.25
-164.75,61.25
-164.25,61.25
-163.75,61.25
-163.25,61.25
-162.75,61.25
-162.25,61.25
-161.75,61.25
-161.25,61.25
-160.75,61.25
-95.75,61.25
-95.25,61.25
-94.75,61.25
-94.25,61.25
-77.25,61.25
-76.75,61.25
-76.25,61.25
-75.75,61.25
-75.25,61.25
-74.75,61.25
-74.25,61.25
-73.75,61.25
-73.25,61.25
-72.75,61.25
-72.25,61.25
-71.75,61.25
-164.75,60.75
-163.25,60.75
-162.75,60.75
-161.75,60.75
-161.25,60.75
-95.25,60.75
-94.75,60.75
-77.25,60.75
-76.75,60.75
-76.25,60.75
-75.75,60.75
-75.25,60.75
-74.75,60.75
-74.25,60.75
-73.75,60.75
-73.25,60.75
-72.75,60.75
-72.25,60.75
-71.75,60.75
-71.25,60.75
-70.75,60.75
-70.25,60.75
-69.75,60.75
-166.25,60.25
-163.25,60.25
-162.75,60.25
-161.75,60.25
-156.75,60.25
-155.75,60.25
-95.25,60.25
-77.25,60.25
-76.75,60.25
-76.25,60.25
-75.75,60.25
-75.25,60.25
-74.75,60.25
-74.25,60.25
-73.75,60.25
-73.25,60.25
-72.75,60.25
-72.25,60.25
-71.75,60.25
-71.25,60.25
-70.75,60.25
-70.25,60.25
-69.75,60.25
-158.25,59.75
-157.75,59.75
-157.25,59.75
-156.75,59.75
-156.25,59.75
-155.75,59.75
-154.25,59.75
-77.25,59.75
-76.75,59.75
-76.25,59.75
-75.75,59.75
-75.25,59.75
-74.75,59.75
-74.25,59.75
-73.75,59.75
-73.25,59.75
-72.75,59.75
-72.25,59.75
-71.75,59.75
-71.25,59.75
-70.75,59.75
-70.25,59.75
-69.75,59.75
-158.25,59.25
-157.75,59.25
-157.25,59.25
-156.75,59.25
-156.25,59.25
-155.75,59.25
-155.25,59.25
-77.75,59.25
-77.25,59.25
-76.75,59.25
-76.25,59.25
-75.75,59.25
-75.25,59.25
-74.75,59.25
-74.25,59.25
-73.75,59.25
-73.25,59.25
-72.75,59.25
-72.25,59.25
-71.75,59.25
-71.25,59.25
-70.75,59.25
-69.75,59.25
-159.25,58.75
-156.75,58.75
-156.25,58.75
-155.75,58.75
-78.25,58.75
-77.75,58.75
-77.25,58.75
-76.75,58.75
-76.25,58.75
-75.75,58.75
-75.25,58.75
-74.75,58.75
-74.25,58.75
-73.75,58.75
-73.25,58.75
-72.75,58.75
-72.25,58.75
-71.75,58.75
-71.25,58.75
-70.75,58.75
-70.25,58.75
-157.25,58.25
-156.75,58.25
-156.25,58.25
-77.25,58.25
-76.75,58.25
-76.25,58.25
-75.25,58.25
-74.25,58.25
-73.75,58.25
-73.25,58.25
-71.25,58.25
-157.25,57.75
-156.75,57.75
-76.75,57.75
-157.75,57.25
-157.25,57.25
-158.75,56.75
-160.25,56.25
-159.75,56.25
