323
5503
6358
132
6022
241
5777
1424
7123
5977
9583
148
1426
9501
6292
1976
103
3751
6338
251
3464
9082
227
12
68
280
7932
304
3864
10316
9772
82
6352
296
10626
10060
7843
5430
2910
3878
116
4462
1483
211
6068
2236
5352
7898
5289
10
299
302
9795
1071
7597
190
2983
5639
130
228
11009
3758
5815
2316
14
1480
324
5625
76
5212
11249
9885
6315
73
1538
7214
8304
226
4086
10913
319
849
4656
4047
72
6354
267
5179
104
3266
4065
223
154
30
8215
1843
114
6625
1
172
7557
10533
10696
325
183
5528
39
75
11283
5587
10391
9179
7489
250
8548
2188
292
5186
8031
209
7347
350
1343
316
922
124
4857
5792
1451
74
9109
11251
6938
6542
277
212
165
9034
8132
5136
4067
10034
4374
4853
9926
6278
3665
10168
317
9997
4073
216
5192
102
6707
5835
5115
2667
3012
195
3770
1306
2836
40
10741
100
1709
745
5968
4729
5134
107
257
3603
7382
4562
6410
10014
474
164
163
6560
535
310
105
294
245
70
823
230
2019
312
143
1608
10544
7622
9768
2876
376
5364
303
2754
7080
9618
10354
169
243
6136
155
237
4964
9081
4597
178
337
2159
218
4422
1069
8864
328
10558
10563
188
276
182
8555
137
2637
5490
9717
7892
1082
1632
5783
7483
273
264
9441
4473
2106
6976
7901
3812
2311
5510
98
265
9072
6040
4702
3
4
221
5402
31
8307
8268
435
10213
427
108
3070
693
1730
4585
7500
99
5005
6991
320
5532
7770
1142
326
11375
58
281
7581
1011
7242
1840
210
5842
4336
33
229
10451
3011
3450
10018
8467
5457
1948
7679
1528
2264
7371
2940
11018
7
41
6185
38
66
290
219
2327
6540
305
7101
8758
8234
2562
1441
10704
184
9623
10169
42
91
1839
9593
10571
8346
120
179
50
318
3315
67
1152
10648
7193
235
57
7905
101
5
263
2671
21
204
149
10357
3044
322
161
6019
271
4735
7027
5338
5569
10710
7636
2296
159
240
8671
6871
11224
9157
4573
9865
4615
6434
1363
56
4920
1823
2157
6339
842
5388
3632
177
1824
171
3003
5328
646
117
199
314
961
3887
287
4874
2160
19
4636
315
261
3768
8961
4301
2861
11019
115
1470
1490
141
45
9229
4028
1021
3195
1484
86
330
8062
10493
10806
8597
7499
256
85
3239
5224
732
10334
8572
61
9283
217
272
9626
5542
9186
4983
7429
7998
5221
7334
139
1830
8527
3891
7648
5234
5697
9161
173
2539
5800
63
1454
8433
1735
5765
288
247
9946
9778
8867
6840
6503
2245
8245
201
8719
7556
7668
3592
2362
24
6261
2406
9217
1689
3490
688
95
194
6289
1744
4205
8660
3153
64
133
11
7057
2558
162
191
7338
8
2182
97
1370
1055
44
847
9639
26
9422
9545
6114
224
233
3275
3843
36
311
10986
8595
92
10536
10229
2174
3298
89
8627
10606
186
150
308
175
1371
166
3392
3318
214
9605
174
3933
391
255
2718
11223
10780
10802
88
300
3181
2411
1261
3798
142
8374
170
2819
4331
8598
10180
220
2503
6475
286
122
9115
1770
262
225
11107
7869
136
7529
3561
249
10446
9701
268
10850
1908
7849
2850
8579
37
32
8741
20
53
7677
7130
10384
93
3100
4391
231
989
6659
11050
6
327
196
244
3147
176
65
2782
274
5280
160
6064
187
112
4295
5555
156
125
8953
8498
5245
5616
119
4988
6752
2864
4946
8748
6431
307
9
9407
3642
1209
7919
5658
236
306
16
129
336
234
6595
54
6194
9660
876
2054
5078
6151
10287
6059
713
254
144
7132
7241
591
51
7951
239
2024
9638
0
3788
6947
8861
4757
5840
27
135
11374
3094
962
59
2907
7353
2494
2
10231
2113
4855
13
543
10550
7571
77
1974
5237
10525
1855
8562
131
2247
90
7801
676
11289
259
200
118
8620
297
4676
3977
6814
7145
7261
11034
84
3581
642
94
804
153
48
87
1624
11298
8927
127
3659
167
10144
258
145
5724
4830
9943
3536
4455
9556
52
2865
291
213
8549
9440
8071
9969
6761
9445
10532
3355
282
11330
10377
8173
138
55
8251
202
8391
5676
1440
6527
1544
215
22
6656
147
168
301
121
10030
5409
5029
6891
9815
238
3453
2485
6664
192
10249
69
46
7191
110
6820
10439
1362
9021
43
205
7306
283
2921
8399
4967
284
7303
47
60
197
1828
8038
34
6508
206
158
5613
677
3019
29
289
10076
5985
126
11020
79
5946
2484
4191
208
3499
10080
6327
2433
6790
1875
295
5583
128
5810
4817
7524
11024
2862
8999
270
17
8982
3732
8161
242
5418
8474
7151
9304
151
8949
10619
2468
252
2146
1906
4311
4392
7750
6821
4018
275
285
7915
1962
189
6923
1171
10128
4535
123
3050
8023
3516
2499
3476
7538
10090
10981
2653
1693
8177
109
25
7322
7513
8364
4151
4948
10124
5644
278
8096
146
7114
2663
309
5837
140
71
7718
269
111
2262
9252
81
248
157
313
895
193
181
8261
9609
2456
49
4379
6454
134
279
1553
1268
10779
8039
7281
5290
35
1657
1012
817
1933
4872
222
207
83
28
3470
10611
4252
9073
4545
9384
321
527
1128
62
4142
9513
8172
10131
6318
4709
2808
6469
152
4369
8100
9346
23
329
11156
8024
8199
518
2069
6825
185
944
6158
260
3673
198
10690
78
7478
8437
2845
253
8091
11194
3926
10347
232
113
8611
180
4960
981
6349
4108
15
9203
2041
1977
266
80
3723
7326
2061
8569
8974
203
4543
349
96
1202
246
7861
18
6725
106
3951
345
298
9900
9257
293
