4855
6410
3659
9073
11375
3891
10391
3019
7191
9082
1480
1528
11249
4709
9157
3788
7130
6292
1306
5186
350
11223
2296
676
8024
9556
4948
8039
10080
3011
688
10384
6068
6434
7557
1171
7998
2456
4295
1770
8031
2160
6725
11298
1484
2653
10030
6349
6318
4573
9946
2327
4735
646
8527
944
10550
9441
11020
4374
3392
8719
5280
7478
1908
3977
817
7648
3561
11009
1824
10571
4065
8569
9626
989
8268
6840
8982
7718
745
7849
1490
9513
4872
10131
642
10690
9660
8251
5583
5237
6327
9021
6527
6814
4988
6656
3012
9605
9638
2876
349
2247
1657
8433
11251
1735
4073
11019
5792
6820
8172
3864
7489
3100
4018
10231
3751
1839
4422
5783
9252
8927
9283
4615
732
8467
3887
1709
5765
2061
2808
9501
4757
2245
10213
8173
4151
8399
5613
9304
3275
8579
2188
5697
5136
2264
6540
5179
9583
5418
6790
6354
2499
3355
1962
7500
5338
1730
3318
8023
8627
9926
2983
6136
7326
2406
1470
337
11024
1624
7057
10563
3933
1544
1209
6022
4392
6194
4817
8562
1362
5212
543
4946
591
10060
5625
6261
10287
10619
2782
535
8177
8864
7353
6947
6339
4379
4535
10439
9161
4067
3758
7214
3266
4473
10316
7529
3812
7303
1424
5457
1261
9346
7132
8391
9229
8474
3070
8961
427
4252
7429
842
10544
961
2024
6991
6825
5842
4702
10377
3298
4543
9943
9440
5977
1483
847
7898
8038
2174
5815
4191
6059
3453
11050
2484
1021
1906
7242
1011
5639
1933
8199
823
9034
5289
1268
7114
7843
6454
8660
1843
3926
2311
7750
2157
10128
10168
1142
1343
3464
1371
1553
1426
9717
9422
10611
8620
10626
922
3153
1055
10018
3044
11018
3470
5587
7801
10451
2921
6469
2362
2316
3315
3665
5490
6821
9545
10144
2862
9407
10334
7919
5328
2754
474
4142
8161
4331
3632
8758
3195
376
2069
1069
5985
7915
5245
3181
2910
5837
9772
804
336
6358
2940
1632
