243
1220
2253
10928
7382
5849
4830
8035
1352
101
1426
3732
8798
9179
6938
11034
1901
9639
842
1722
7916
7020
309
7893
7811
3985
7151
3877
5846
4295
9157
1177
479
290
9108
11123
4920
9082
8149
2106
11210
7518
66
522
6067
3
1582
9159
4983
7575
6991
2551
8650
9489
8502
1343
6460
6064
8268
10365
4323
2425
9384
3012
3070
10446
5838
2966
4853
9415
4346
2054
4945
10009
6728
4667
3239
267
2672
5946
1996
9549
114
2019
10253
2940
10090
911
6132
7338
11326
1995
8993
6704
1480
4264
1749
4675
4296
3100
6292
9172
10357
255
1824
2386
8245
6385
241
303
849
186
8864
10384
6469
8489
3748
6315
5542
2210
3968
5206
9422
9480
2403
130
9865
8867
6040
9246
5854
3347
8172
7883
6237
30
6891
312
4966
10958
7242
3332
3891
2754
2819
2325
133
9191
3201
5815
3700
82
1760
5644
11106
1744
7898
89
9636
3632
1489
10532
11099
8972
4520
11019
7045
3172
8951
319
4086
7214
1815
8308
96
337
8999
1417
9926
10802
8364
4455
10833
8031
4164
5121
9282
4018
10830
57
3171
2264
1567
2069
8711
8038
3406
6664
876
7770
3044
683
4077
3490
8396
4585
177
7699
10741
460
2298
8944
5035
95
7919
1596
10621
3841
24
7724
103
7648
4047
10502
33
555
205
8232
245
4514
296
10
5763
121
247
2417
3656
5214
7172
10747
9667
10696
4087
9583
5187
9304
9952
4676
10674
2442
9107
298
6944
7991
233
323
8895
98
5402
158
5136
7483
5384
8310
5612
6034
5280
6129
120
1364
4980
5289
7101
1306
131
1159
3380
5217
4597
51
3786
8953
9117
2841
42
5842
7080
8919
7572
183
6431
5649
1483
9717
2393
6482
1142
4943
2605
2088
10393
4128
1583
7
6683
1735
4475
7702
10270
7114
2245
5224
7123
8882
9192
6457
124
8467
9325
5765
9900
11277
10213
265
1127
10008
3011
3109
9495
2468
1913
7409
5625
6488
176
2174
194
8433
6339
5608
10168
4185
112
11149
1463
208
272
5408
7054
257
6338
11224
1632
2374
10952
9061
4336
3669
3727
5192
5819
10493
7521
3246
3219
4308
2317
10563
1857
8498
70
6540
8527
10399
2041
731
2694
2775
9163
10525
7695
8237
3041
6029
376
404
6535
261
1125
10180
5814
5503
7884
2316
7329
3812
8861
10856
3302
180
11298
325
2806
7145
7557
5440
1092
229
6014
356
107
8719
5595
3216
3038
10429
1069
10451
2485
9380
3951
7371
317
5457
3603
5302
7205
97
6866
8515
10557
579
5352
728
1876
2954
3470
9943
40
3605
10439
10323
2928
10719
10316
8758
1370
1519
5552
5835
2983
10283
7581
5785
9946
10611
979
4934
7303
8034
6473
7869
5527
11295
11045
1117
4261
4473
6068
9125
7011
251
10600
5393
11249
5708
53
10334
68
2718
4122
10784
4003
8548
9728
286
6352
4445
1441
8199
3450
7322
4859
8304
8741
2228
6261
9843
6825
104
3768
8572
784
8104
8707
1974
10336
5931
4735
86
182
7034
7966
6114
84
9186
115
9513
1607
6637
5323
250
327
3033
4625
1484
8290
4535
8710
518
7824
7603
557
6940
9203
5697
9033
3210
1709
6089
5225
4135
280
4891
3499
6244
8241
4871
9109
5813
5797
311
5666
10571
2558
8307
45
9750
132
9605
10128
10124
9021
277
188
435
8671
2939
211
6136
9507
5528
9889
1612
9441
9778
3074
9904
164
3832
3331
2180
9649
281
6790
7222
2047
69
5074
8386
6920
4796
31
8457
64
9217
207
4573
9534
5977
56
3633
5
10648
226
199
129
7328
642
7489
5480
9928
11251
9623
10034
78
299
214
224
357
4446
6289
2164
7059
2433
1072
4749
3798
6410
2262
4636
8873
1470
4953
8416
7804
6784
4004
350
8636
4084
847
1621
1371
8098
6772
6871
5362
141
216
50
1608
5840
2048
7685
9657
9002
3864
5179
11049
9364
227
6923
3147
10853
1521
9885
883
72
5639
9387
1528
10551
9329
6542
7340
8517
219
8055
2371
10078
3195
7291
4005
253
8173
4130
212
2113
5328
10414
2165
8256
5018
161
2712
172
4644
328
302
1905
4901
2838
291
2090
1689
1
5290
139
10461
4236
6358
5005
10501
4658
10676
3043
11221
5223
125
7591
10927
5258
8057
7709
8
3755
155
5792
2369
122
4069
2861
4747
3665
2327
221
329
7984
4913
10689
7849
9953
7193
7086
2188
1977
6707
1585
1181
2671
3594
6926
11107
7499
171
3624
3597
9232
10131
10295
7982
6283
1972
4374
922
1011
6996
9545
1303
3888
6059
1781
3818
11225
4729
1424
3569
6411
2549
9137
10436
1538
67
10229
19
9110
9287
6690
6840
143
223
2157
9309
3530
169
8604
14
6203
6151
9044
10347
1840
6503
3275
137
1830
43
6268
3788
1531
2653
8535
9419
8930
10626
4757
1049
6756
10659
6468
153
6194
201
273
190
6185
234
474
1139
238
427
2907
7191
162
9977
5616
1223
9105
1490
7458
7634
149
2236
989
10186
1963
11135
2406
3464
9969
6374
817
7449
4584
9593
7583
10794
276
7534
2850
10536
8487
2808
2199
6019
1042
4702
148
1099
2496
10129
293
5078
6296
163
4562
3266
7241
10018
2459
5784
7571
294
11228
3377
7573
5510
93
2639
4280
7932
2411
4649
12
310
4183
320
7636
5086
1785
230
1764
178
100
1104
3117
4228
629
7905
7951
2265
1730
9626
2924
2890
414
5194
58
3141
4028
11018
11315
6560
10080
10195
6474
1791
6613
1843
8321
71
9115
2815
4
4191
4543
1307
5688
7843
2616
307
8096
9113
10812
910
240
9772
218
6604
3734
105
4034
7201
8132
3686
11008
6562
195
3209
6844
2480
7292
5767
6361
4997
10408
8961
263
5245
10670
9271
271
2296
1979
930
10941
11041
1060
117
2276
39
6821
3111
1113
324
646
165
8261
73
7679
7718
11029
9638
5565
5944
1380
5167
4874
5770
9491
8023
10618
6235
304
9237
2876
8748
1152
179
2159
610
116
8743
8660
1094
3118
2556
7529
969
11235
6820
7070
4463
9092
9501
23
7057
9394
1660
10850
5777
11009
9034
32
5731
75
266
823
41
1948
2810
2547
11310
316
9618
4176
10808
7757
8696
7753
1602
11325
3807
292
11312
4259
712
7861
4462
751
10076
10074
5197
7386
10231
5748
8080
11301
5676
198
10254
5571
6506
9283
7347
3544
21
11371
7552
1976
2663
9161
1854
5568
154
144
10766
8215
228
209
1055
11213
8088
1858
7500
6906
2330
6354
5964
874
7488
235
74
135
3151
688
8784
256
3836
1149
1369
9440
9510
1209
8555
11375
11230
11289
8732
7419
10832
9492
2455
7668
5053
7334
3933
2927
10544
47
770
9556
11330
7958
102
872
8346
3926
7762
2910
11323
1823
4709
8974
1175
7774
745
9019
314
9956
99
246
8117
1454
4656
10981
2458
5532
2456
9997
8675
1252
287
4733
2503
677
2196
5837
1839
10140
4700
2191
4967
29
1624
7892
85
1568
3102
527
6914
5409
237
7896
2311
330
10169
8122
10806
76
38
10483
8598
6508
5783
8787
4730
326
10533
8267
2528
5212
4948
5555
264
4947
2494
5115
7836
11300
2836
3760
5430
4297
11374
918
2516
239
10000
6259
11361
108
1529
7175
6572
5569
954
2782
7075
2173
11156
2737
4065
9903
6434
8976
7746
9580
210
10869
3286
7587
5282
6278
7513
8678
697
244
10416
6827
2115
8181
839
9081
10252
10391
7901
5134
7451
1021
3315
3592
8949
275
2490
2032
3758
5338
9515
3658
3887
7664
305
2426
5334
6659
9788
184
9452
8305
7173
91
4325
7036
6762
10558
2520
90
7140
7474
10779
318
6588
4067
9538
10537
1834
1186
8616
8862
962
3879
4637
8410
7597
204
11121
322
49
9376
11026
812
10577
10201
7891
159
5658
146
3328
1771
7818
5388
1693
5221
2
4615
1846
3631
6334
6301
10913
2256
5810
3878
26
9763
5734
7429
9921
4063
535
10060
4964
315
3581
2991
10466
2436
8374
83
288
8940
10030
7948
6022
9229
9407
63
3525
6721
3733
6038
1363
1242
5234
3829
9070
10045
10297
732
9691
61
217
5800
8234
5587
9699
6811
2160
7998
4817
7758
1432
1892
3716
1450
4688
225
173
196
543
734
4331
3770
10857
4322
1023
5186
6595
191
8437
11223
391
7010
1071
36
9585
5866
7271
8048
187
3153
1082
587
11
9379
8062
10937
81
10710
10803
10572
2637
44
5490
7677
7261
6761
15
7389
7712
3529
4108
92
1012
9381
3298
439
8627
8024
8085
8778
150
7622
308
175
4988
166
3392
3318
10346
2872
174
1451
2147
10014
6083
6131
5237
2847
6861
258
11318
88
300
5364
5914
18
1261
8597
7254
142
7590
170
3181
4244
913
157
8859
10780
6752
5058
220
3843
260
5807
8399
4159
8072
4326
10787
1770
2972
262
9200
6995
6090
9076
6165
136
10704
6298
6002
3561
9072
8136
249
134
3507
268
2667
189
1908
5027
10942
8579
4391
37
8726
20
694
4787
3751
7130
156
11231
11025
7944
2362
231
6225
11373
11050
6
5013
8276
4422
9905
4160
270
1875
9815
10703
961
65
11013
6475
274
6968
160
10606
46
2826
6880
7396
4369
3451
10855
10896
4285
3536
336
5479
844
591
119
3447
11283
333
9343
4946
7207
8025
1358
9
8637
2155
6976
1400
7700
11014
1933
9373
236
306
16
693
6853
2000
5118
3146
4985
54
9660
11191
10354
5444
5624
6112
10287
3988
1906
254
4180
7132
3388
9768
7925
10086
4741
6699
2024
2765
0
3245
6947
1362
2283
2302
8595
27
9986
5564
3946
11130
59
4073
2361
7353
9346
10972
9747
6169
766
4855
13
10550
4923
77
2192
2182
9795
9582
10319
8562
1827
2247
7290
3723
7801
676
10969
259
200
118
7524
8620
297
321
3977
6814
2146
3939
1544
34
3907
4857
3745
94
804
5836
713
48
87
5827
599
8927
4205
127
3659
4025
167
10144
11331
145
5724
269
7556
5104
10528
8046
5268
52
2865
3097
213
1855
6591
5358
8071
4470
5651
3642
9445
3355
282
4272
10377
5798
138
55
8251
202
8391
3762
1440
6527
10519
215
22
6656
147
168
301
6556
4243
1447
5029
5052
1673
1800
4696
3453
8455
9490
192
4142
4060
7352
3763
110
10679
6987
1777
6893
10839
10720
1384
7306
283
2921
8764
8715
284
2562
9494
4854
60
197
5968
6208
9916
5673
6124
206
5403
5613
8524
3019
4534
289
3160
5985
126
11020
79
9537
2484
374
6031
5974
7761
6327
6452
4668
2309
295
5583
128
6838
8421
10986
10249
11337
11024
2862
3050
10724
8549
17
8982
10138
8161
242
3094
5418
8474
3434
6044
6625
151
113
10619
8229
252
11232
1388
4311
4392
7750
6717
3728
794
285
7915
1962
8349
6027
1171
1059
4388
123
6630
332
3516
2499
3476
7538
1734
1498
6018
6845
8177
109
25
279
8682
1931
4151
1790
1668
1407
278
2900
1766
2917
9385
11324
8097
140
3236
9184
11195
111
1019
9252
10499
248
9183
313
895
193
181
5908
9609
7176
8776
2539
4379
6454
4301
1676
3866
1553
1268
10748
8039
7281
4720
35
1657
2650
10791
2609
4872
222
10725
9923
28
9785
3082
4252
9073
4545
1010
4975
2564
1128
62
1828
9882
5468
7436
8702
6318
2185
7033
7504
152
8516
8100
1119
11349
1297
7027
80
6557
9209
4074
5794
9632
185
944
6158
9948
3673
3508
10690
8250
7478
1457
2845
1126
8091
11194
5491
11250
232
2864
3671
8611
686
4960
981
6349
4492
11288
10158
6196
1396
10804
8134
6143
7326
2061
8569
9701
2887
203
7385
349
7547
1202
9708
2502
3349
6725
106
5599
3003
345
386
2373
9257
3502
