3160
7898
434
4074
5476
9958
2787
1726
829
3480
4486
9205
4041
7086
10070
7891
7836
6310
541
5450
3403
7272
5724
9373
10210
2932
3315
4297
11178
9487
5458
8276
806
10168
7761
3448
6090
6504
5666
7789
1363
6315
4943
9784
8305
5733
6809
2719
9278
1171
5571
3991
5616
3326
2850
1401
1765
8134
672
2403
8062
3332
8031
4706
6613
9229
10346
1044
7253
4055
1432
1105
4603
4803
10850
3003
3968
6844
2833
2539
8437
3470
6174
7080
660
4170
9562
7038
4422
7145
9650
6855
11375
5840
9862
2816
1229
4512
5635
8502
4573
4692
3115
7607
3245
3040
4733
10451
1582
6079
6857
10603
3291
1487
5958
8306
4867
11058
3656
5261
3388
3356
5192
1060
8111
2108
3065
7392
7377
4923
9814
331
5533
8122
7499
4018
11173
4585
9253
5791
6802
1531
3236
7112
9842
1893
4879
6185
9459
1086
7475
8523
1847
5731
9184
6925
1457
11204
9611
5323
8088
3094
6158
10071
5454
4147
4218
9699
5792
5814
10377
4473
9654
7010
8474
4945
4273
1242
8755
10397
1463
2639
2931
1671
4090
7385
3525
8748
4729
7695
8651
6044
969
8735
5929
2219
4286
10911
8873
9023
2731
9034
8421
5234
6281
7544
10995
4323
10412
6474
10231
3210
8976
1303
3708
10853
10720
10128
10031
3349
10918
6034
9580
4854
5564
7451
998
4450
4259
6143
10386
5214
8538
10009
4880
725
8166
10410
8501
10334
10272
2712
6707
8859
3499
4753
8543
8710
2971
11017
10873
1462
6210
4195
4428
5336
3786
7413
2508
2781
9824
3887
3392
6907
392
9513
2042
3758
7524
1908
5878
2838
10458
9651
9483
9549
578
5688
5237
5412
8374
9510
5874
10537
4194
1906
4123
7114
10438
7417
3153
6267
1172
3751
5794
11071
1519
4087
4517
6038
11049
3662
4947
9656
7951
2651
7264
3669
6231
2128
8096
9415
10177
738
10178
1504
7246
3672
11232
8483
3275
11239
2836
5723
9387
9565
7118
6112
7592
5550
5663
1738
7418
10736
10726
9264
7668
6944
7539
5729
10111
7123
6508
4464
6834
2737
4432
2734
3331
995
2724
11147
6906
5505
617
6041
7758
1057
4600
10124
3670
676
3558
9282
5532
4311
10368
745
8084
5118
8663
3272
4795
7572
1241
10991
332
3642
9464
2636
8526
3243
9907
5866
3580
7178
6916
6560
7811
6729
1021
6102
3725
10839
914
7774
1775
2256
1047
6454
3523
10254
8809
4607
7685
4621
3901
1815
366
9231
8660
6630
11337
5479
7583
1113
9238
7991
333
1144
7970
8455
2551
10999
2841
876
1112
7529
10323
5136
10855
5069
10018
4966
4682
9750
6595
8486
8611
5403
8228
8430
9236
4221
10314
6704
2730
1521
11135
6918
11364
5639
9092
9105
1106
3713
10854
7801
5837
10283
7126
8964
10252
1049
1854
7311
8433
8750
2412
7225
2499
3452
3659
4649
6529
10802
3940
2317
9447
2283
781
3717
4204
6331
8836
7861
2485
7372
1027
4462
6170
10436
2409
6827
4998
7006
6719
8376
4171
1828
6072
1801
6893
2742
9085
4667
3355
819
4027
5197
1104
5442
6223
7804
6473
9146
6572
5835
9695
9327
8290
11086
2709
7605
5312
4889
7679
6671
6625
4202
8380
4548
8091
10354
2776
2386
4108
5807
8378
6851
1159
5979
7723
9796
494
7678
8245
7915
2187
7938
6146
5944
5221
1538
1684
10676
974
1442
1419
10116
3627
1905
3377
7449
8367
8215
3451
7994
6305
6059
6842
10949
2224
7224
8664
10716
6452
7070
10336
2924
10137
5437
11024
2662
3041
404
1984
2247
9221
4545
1177
1974
3624
7482
11223
6588
2997
2608
8898
4188
2455
1594
3592
2907
1128
7307
9609
1697
11035
10452
10127
6770
3632
4295
4191
3594
10972
8132
3891
2650
6885
7436
1897
6645
5413
7201
5797
1827
2921
8944
6924
8717
7727
2580
5258
3719
7591
6544
2563
5854
6866
5900
6911
5777
5367
7990
5142
11051
3680
9033
8562
2325
9073
7910
11177
2437
6009
6985
6995
4861
2890
8951
2069
5053
6469
6950
4636
1690
7011
10896
10253
4080
8595
6814
5444
772
4313
7389
10814
9385
2520
2705
8515
2404
963
2172
3219
5388
2901
4901
1441
1555
7465
1175
3832
377
1924
8309
6196
4185
8220
9969
1117
5673
6068
3246
7626
1655
8331
683
4535
9627
8569
11088
3319
1766
8949
3054
1373
3930
2644
9295
8716
2603
1407
6349
10295
4020
9137
7624
398
8280
1149
3615
1856
709
3949
4388
4073
10703
3977
6244
2503
1125
10754
8097
3875
6698
4931
3095
11018
2541
10687
10647
2406
1083
8767
6318
10883
1139
8861
9020
7883
8867
10526
6977
10519
7645
7473
2547
2983
9534
8868
11299
3818
10415
2939
9523
9763
5362
6558
6204
1436
9708
4060
6227
10525
1451
7742
5569
6314
2068
6664
3362
2653
8109
3147
7271
1417
8102
8399
1600
3686
4575
11301
2442
4411
6497
7018
5911
4245
7753
8963
2819
8937
3171
2456
6361
7188
8039
9081
3728
6947
1134
9826
9237
9904
6040
4690
640
11373
11157
784
5100
3661
8034
4920
8498
886
5381
11063
1136
6762
6475
8974
4960
11190
3787
1838
8452
9361
3841
3012
5351
10041
9484
9612
5914
7718
5334
5029
8599
622
7534
10985
7731
1609
6996
7396
9593
3141
1481
9684
1484
2916
5358
9815
10384
10287
3927
11008
5478
6366
9916
3175
9200
1085
5845
4965
2494
6538
11015
1173
4205
2519
10739
3117
5910
9379
6569
732
9507
2165
5889
872
5819
5439
1782
7919
2920
7925
6460
4659
9183
4296
7786
3836
2180
3032
1437
2195
11055
6878
10439
6838
5415
10710
734
6131
10900
3131
4615
4418
3761
483
7870
8983
7027
6464
2099
1119
751
3605
8732
6591
6252
7884
3181
6132
5732
10013
8403
1513
1855
11235
3597
6203
9649
8917
10577
5697
11318
8880
8212
4246
6992
5941
10723
4949
5451
6259
11050
2877
6425
4172
1369
6571
2090
6837
1976
2577
1668
936
7184
1544
350
10469
6790
4768
439
7290
8671
5445
5127
1612
1042
1323
6443
6031
10787
4322
6843
2810
9082
7214
9547
6165
3543
6890
3082
9050
8665
7542
3707
8961
5669
6488
5052
9694
6283
1285
5510
6027
3286
7932
8597
2865
9195
2125
2155
7541
10201
10393
10719
9203
5198
5428
4078
11045
9167
9582
4700
3879
7597
5393
11261
3716
2160
5194
6124
11260
3733
2113
1693
7948
2533
575
11197
7288
6296
10599
2506
2956
9119
2848
9843
7338
11181
8035
8778
2862
10928
8979
3529
869
910
6610
8090
1072
4904
9494
10090
8982
9581
9044
1763
2173
8788
1660
3033
7193
6139
3536
3874
1306
11013
3737
913
10297
7815
8247
2861
4710
6341
6757
9545
8136
5206
8170
3238
9887
9381
336
9002
5440
2311
6262
5542
8535
1480
999
7514
1781
2900
8775
9537
5410
836
6235
7484
9072
9794
4075
693
8427
7550
8650
9353
2265
10572
538
2502
6604
4735
7062
871
2806
6458
7134
4620
4164
4441
9798
6607
901
5921
4748
3530
8849
10104
8583
10511
940
3508
8008
10981
3727
3584
7020
7757
6151
6064
5245
2466
7984
342
4243
3088
647
2393
10746
4303
7110
5224
7725
10289
814
6659
10216
7629
6566
1490
9889
8511
11066
5268
6598
10857
1996
9259
3101
8673
5636
9115
9251
1777
10620
9953
9728
1297
1749
4134
2473
922
5693
5633
1496
5167
980
5121
1384
2421
10408
9574
3370
2609
9267
6699
10621
810
3666
11100
10556
9179
8896
3946
770
9685
3109
5708
5676
8672
8555
9795
2775
7291
9111
9515
5154
7942
8253
8941
11091
11296
3762
2077
6022
5565
9469
11283
2954
6352
9337
9556
11325
2196
4392
1315
9437
2255
6656
9070
2182
7488
9793
2028
10479
10011
3569
2670
9501
2369
6339
3888
8637
9850
4252
2727
3988
7746
2169
7405
7655
2117
7513
5378
2845
3113
9952
504
9558
6275
7677
6923
5767
5409
3998
5908
3209
9949
8784
2600
11106
10080
10411
4639
5964
10226
11131
1760
10461
2088
11020
7419
5502
10169
1982
1051
9623
2434
3588
3798
823
10162
10544
7538
1275
4568
2228
8229
8108
1875
10466
4285
7780
4984
5430
4832
10138
9629
8893
4025
9019
10082
5538
1186
874
4934
1593
4514
603
1255
8578
9391
6261
11287
10259
7328
8199
8636
9232
2465
9837
9219
11002
5280
4749
4874
4703
9159
4421
11230
3760
2458
8524
1834
9187
6535
1203
6772
5420
2276
3544
2883
3344
8149
8704
1624
8727
1704
2826
3050
11228
1071
1266
7173
609
4602
10180
4380
1099
9977
2984
5166
2516
1320
4130
8556
10418
5013
6728
1913
10952
2765
11195
1959
6556
3227
10186
6014
4975
7133
1890
3700
10432
4662
5595
5269
3961
1583
11336
6375
9691
6825
4796
9717
4327
7998
1596
9399
4035
5457
5079
9125
5846
8953
7205
8940
9923
6927
2147
4065
6940
2185
9618
3658
8310
5275
5608
7043
9645
7636
5552
6637
9785
2985
10660
7113
5491
8635
1840
7579
7693
3463
3100
9287
8287
1050
9496
2377
2872
4276
2436
381
6301
9061
9104
8358
7505
9667
10704
10566
918
5570
4668
9933
4785
10312
6382
11324
4696
2411
9122
1397
421
4806
6061
4504
8489
1019
6457
6651
7474
5302
4305
10841
3201
10493
8177
374
456
10195
3447
3873
1008
2496
2188
5646
2001
10391
4873
11341
7233
10941
8457
7944
7334
4391
6784
9951
6636
10927
9466
1362
11123
5812
2253
8205
9959
3912
9585
10656
7209
10685
8548
1280
1979
10030
7257
7148
5699
875
7292
10345
7326
7402
4946
8243
2137
4351
1087
2946
8172
8024
3195
4365
4597
2159
1963
842
5480
7557
1892
5263
8675
5892
10219
5836
9480
8689
8634
1632
5734
9404
3453
5503
9455
3986
8702
10553
6527
10812
9285
9182
1883
6562
3183
1747
3985
688
3441
989
5763
8965
3633
5781
4308
1999
1268
1572
10748
8720
8703
1223
3522
7207
11288
9376
475
2966
1164
9489
10833
8055
6411
8173
3801
10478
8776
4658
7429
8237
7799
2549
8998
1387
892
677
7322
9701
7901
7893
11034
10973
4523
8442
1017
10292
5748
3025
1056
10581
8777
9080
6983
10249
8719
1790
9310
485
3216
5023
10364
1785
4812
718
10692
5429
9774
4985
9407
8268
8095
3939
6108
7101
1744
4069
7036
5810
1352
9956
6116
7059
8680
10557
10425
5644
8142
6756
8232
7648
1364
6237
1181
7382
7813
1502
7048
4008
9110
9652
2236
825
3013
1396
11250
8516
11361
5667
5898
7812
10185
3172
5568
6369
10679
1972
3394
10571
5086
8472
10747
9477
10040
11099
6917
9865
9345
5613
542
4864
5338
1498
2338
356
1126
10559
10107
4988
9012
1406
555
8071
4353
1111
4953
458
1339
5203
7353
8023
3078
6292
557
8528
2094
5074
7762
4964
8117
4478
3456
2371
8987
6821
4142
9841
3788
2059
9939
1424
3870
5784
2663
5515
1023
10086
347
10502
2977
10499
1152
7462
7439
2234
9921
3925
9927
7590
10483
2322
8627
7996
960
2815
3673
345
10063
2324
7489
4987
3819
10212
3231
8104
1673
7261
6938
4379
7172
2671
9632
4720
6819
5528
5229
10366
4003
10823
3300
6172
10339
6525
610
3603
1082
2054
7140
7552
6937
6557
2133
7750
1274
3877
8707
1556
1400
4084
6600
881
1318
2413
4809
10897
4777
7556
6920
3934
4063
9452
11042
5793
6229
7175
1709
11054
9583
8782
1189
3070
1771
1213
5133
885
4226
3907
8410
8620
11314
11009
5815
3384
9160
10804
7587
7916
9716
2041
878
9492
4122
6312
10725
5931
2897
6194
1012
11189
8993
3794
2348
1757
7129
3427
5153
10008
3280
944
11249
10612
10558
6431
8969
9276
10037
1123
4301
11310
11312
2336
9761
3464
7045
6836
3507
9587
5435
8919
7637
5134
6676
4625
2659
5471
981
9943
6025
7033
1202
9343
2164
5028
4160
6542
7824
2048
6434
7968
7964
3516
9671
8286
10969
5879
9309
9538
6721
6089
4228
10600
8100
8780
6338
5813
9998
1447
5625
8802
4180
6880
5658
10420
7263
992
9157
1393
9384
9377
3630
2174
5541
9986
849
3146
9867
9747
7303
11005
5001
9320
9759
4281
9346
9946
4741
9364
6781
3111
6811
6485
10110
7740
1176
1209
5968
1602
4261
10674
7281
6968
7923
8848
9639
3763
6169
11303
4572
3948
10000
2122
4701
1392
9948
6540
5384
1010
1470
9045
9465
9252
7367
7909
5186
1567
855
435
2233
8038
11369
7176
7869
7709
1388
579
4272
1943
2467
6208
9970
9626
7057
7776
5031
10779
5490
9669
8277
3534
7476
4336
4730
7294
10464
713
917
6568
9554
5800
4062
1246
8270
4455
11162
7603
2575
9131
2568
8025
646
8346
4534
7352
5860
1734
7404
6926
6539
2191
10648
2766
8048
3239
7573
563
10809
6976
3011
10539
2062
495
6277
4835
5877
2296
3043
545
9772
3783
9394
2341
7493
6082
8463
4369
912
1371
9847
7982
5196
831
5104
3918
3208
5380
5824
3019
8699
7896
4980
11349
6845
3768
10255
2864
5761
8909
2376
6958
6353
1343
6029
5353
8027
2146
9246
3282
9093
4376
2285
8932
9257
1830
6840
2873
9375
8250
661
5438
8572
7702
1791
4859
6067
8527
10803
2782
414
6461
10794
1895
8364
8892
2192
9192
2220
10078
9255
5018
5395
9778
6750
10462
4877
10270
4506
1994
1055
3641
1526
8754
2316
3878
9304
2667
2852
4026
7414
2115
2564
4983
3118
9660
1962
7191
10856
10399
655
5749
7512
9900
11378
6039
9485
5974
9885
10129
7634
9870
6491
8864
3723
8002
11075
694
386
8304
8678
10795
2176
9163
4675
6871
3732
714
11225
3364
5184
10528
5322
7147
2851
8652
464
10808
5972
3745
6374
2652
697
6018
2260
5504
10316
4056
10667
8321
5783
2439
6551
11231
2328
7340
8259
2677
4176
1059
6345
5205
3038
3921
7518
5212
5227
4855
6077
1659
8085
1896
6406
1485
9374
8281
3022
364
10076
11251
4814
8235
7241
9186
5597
8804
2887
9380
7151
4039
4280
9440
10034
2512
10937
5649
1220
3739
9076
2910
10211
3843
795
7483
3112
4997
4244
11357
6674
7339
7054
11346
8092
10798
7357
5217
3864
2558
2860
8221
2876
7386
6266
7521
4446
7135
8256
4034
5728
6987
8711
962
1529
2637
524
10307
3461
10033
4584
853
1589
6410
1607
8743
9443
10322
4355
7575
357
7639
2522
10347
8475
11307
1307
3138
401
4747
9896
3450
8958
3561
10835
987
8758
3748
9524
8241
9928
9945
8487
5282
7459
839
1841
6690
9541
6129
7664
3933
6289
11300
7749
3581
2940
1585
10355
4470
3273
8182
7021
6435
2626
2210
5058
4688
1489
2672
1500
522
7500
1722
10365
6398
6453
9866
8641
7763
3866
8701
10922
5602
4838
6298
5213
6118
8080
8679
3361
9136
4005
9209
2552
2361
2847
6891
5456
4289
6759
535
4444
6832
1730
10994
7371
11144
11172
2981
659
1797
6543
6078
10023
10606
3777
2713
1295
10144
6136
6354
8233
1809
4967
7034
10585
9605
3067
4028
5364
10741
11041
9822
9500
10986
11130
4109
1956
629
3951
11191
8119
9222
9117
3554
9997
7409
2849
11026
8393
10819
4135
10074
687
4182
5832
2543
5527
7571
3803
11323
3631
10288
6385
1621
2480
7053
776
6881
4913
2162
3434
3266
6150
549
11014
6991
7005
2199
4326
1676
9108
2741
2339
10879
8889
9107
3347
2616
10357
7581
9962
1380
2459
3854
2019
2426
3207
7012
8895
4159
9358
7492
7478
4006
9273
817
3734
9495
5583
3465
3755
8396
7622
2685
9432
10105
3063
7130
3328
6727
3102
6081
7729
9897
7406
11289
4709
11221
9263
8945
4085
6309
2818
4993
5651
10140
9109
11368
8251
1735
8175
4358
1952
5233
4543
7778
3151
8098
2562
10501
5035
2047
7902
7551
6114
6787
3429
9445
4558
4492
2103
5796
9021
3704
2528
7346
2913
8764
812
6083
11295
7523
3467
4114
11194
10962
1153
7633
6326
8210
2433
2927
9636
4520
6202
1708
5704
8741
9298
2000
9329
11079
5798
8787
2080
4654
8999
10536
7089
6468
5838
895
10861
474
3982
6268
2627
1011
2748
8492
1687
5928
4788
10786
6860
979
8485
11331
1528
8057
10119
1568
1510
9077
8842
2808
9905
7712
9419
5882
2302
10131
10696
4789
8391
10926
1643
1142
9271
1689
1631
883
3493
2264
453
2309
6096
6853
533
5289
10874
7458
1350
10429
10764
7958
3829
8726
7132
5535
2262
4324
2646
8320
8616
9926
2032
4891
7376
1592
10349
11298
10939
2431
8927
4637
8037
4656
731
10626
9638
6100
5946
10806
9790
527
8887
9204
10791
5671
5853
7329
10689
11113
2030
7273
5788
2598
867
5851
9191
4374
2714
1995
443
5320
518
391
1634
6482
8291
7002
9633
5785
6376
1261
8148
6327
8467
11031
1764
9490
11116
10659
9768
8349
8682
4317
6506
11185
6470
7222
11374
11038
4151
11121
2454
558
4448
2292
3490
460
11025
8708
8416
7165
9277
1876
6864
6601
8930
10784
5387
6495
3770
11210
7547
2680
4331
4644
4948
2417
9601
11292
2303
4853
10824
5827
587
5146
1717
10550
5679
10123
2991
2996
642
9006
5555
9434
727
5599
712
10416
10724
1165
2370
11246
8157
2295
804
9161
10563
6994
2374
4429
1370
4744
7897
6065
6820
1721
7364
3903
7767
1800
4236
8718
10690
2045
10820
8668
4187
2647
5408
4640
1127
8289
2718
11224
1553
10261
10045
9519
2605
349
4383
3502
4604
6822
6141
543
8857
11156
10670
8610
2490
3298
4562
4183
9607
7516
4346
3318
5612
7770
766
1608
369
1960
4325
11133
5095
7242
4264
1923
2024
4077
8549
3671
376
11277
3295
4047
4307
4416
11077
3074
2070
11326
427
686
4067
924
7628
2425
6964
1933
1948
591
4871
10831
9172
698
4857
3637
9214
5715
11019
8206
8308
9120
8072
5228
6761
1858
3812
961
934
5858
7724
3589
11149
5110
1682
10589
8099
8267
10532
10832
8878
5352
911
4830
7325
1483
1857
3342
3097
663
4757
11371
1563
5985
7197
1000
1422
2373
6002
930
1657
9046
8606
9325
2061
1845
10830
2708
8234
10414
8604
953
9441
1092
1440
402
479
2333
6683
9328
10617
1358
6334
9700
6225
6503
9243
8278
9406
8968
9710
5587
9283
1656
3807
10044
8639
3093
1648
9290
6278
8307
2660
1591
3555
5078
8019
3444
10958
3546
4608
8070
10551
10407
847
8471
6752
10942
4623
10263
6221
5765
3221
1252
4872
9386
5459
8798
8972
8219
7526
9993
6914
1839
11315
9383
3380
7849
10286
5225
844
6603
7267
3960
9813
2362
4118
4173
11107
3406
8990
3084
10934
5115
4817
2106
2513
2656
466
5418
9689
9091
2245
10213
2327
2928
9788
6861
5404
8882
10327
9621
6448
8086
8181
9013
5290
1100
5622
1389
10938
2031
1450
4004
5179
3577
2330
9765
7490
10192
7075
3110
3350
7671
3476
1342
10619
977
4787
1094
2486
4555
10027
7959
8261
4702
1901
1879
4129
7700
337
5402
9400
9217
1651
11338
8579
4969
11330
10533
6383
1832
10495
2829
1931
10766
5464
8696
2972
4128
1770
3156
1824
5770
728
9113
1431
8264
10446
7362
5172
2298
3964
2694
5994
5519
7306
1398
8064
9422
5662
7882
7347
8444
8862
10060
2754
10780
3004
11347
8715
1482
1511
2468
5468
5842
4086
6019
5314
571
5977
9491
2470
5005
1903
6091
7699
1232
10229
2484
8466
3769
2183
1977
4423
2301
11187
6657
4445
4475
11044
4321
2917
5624
9456
7843
6793
8362
1843
10642
5007
599
3926
10433
8161
5027
2157
6358
8805
1819
9657
1454
1080
10340
5187
4676
7892
6359
2824
5849
1426
6413
1140
10913
10611
1846
9903
3150
10618
2962
4377
4463
3557
3213
7254
3044
4298
4340
10068
10148
11029
6725
10032
3302
7966
3808
7504
10062
3696
10158
3665
5692
9169
10869
4021
6717
2079
6810
1823
1272
7818
5223
954
5328
2697
11329
9882
11213
10643
7905
2511
7728
1666
2556
10014
2186
10146
11098
1069
8598
8046
3970
10319
10801
8517
9855
4112
413
794
1774
8386
6692
