7703
3936
6108
4223
7853
6033
3095
7338
9664
8483
3051
1171
566
7258
3928
8672
1057
9475
2763
5393
9035
5133
11341
5781
3450
9747
10711
9821
7713
6793
11007
5253
4303
7129
8457
3570
3624
10826
4586
1293
10033
8146
1827
7780
4525
6873
7976
6298
1609
5236
5104
1264
5760
9575
1757
9748
9454
7027
10746
7424
9846
6429
5553
8780
9275
6784
1279
9734
7806
2496
972
6309
1841
10802
8421
1354
5812
5752
5935
4228
7454
10704
1844
6430
9789
986
3208
4814
1275
8782
9624
5250
1210
8138
485
2599
1359
2272
8156
6131
5479
7733
10130
4615
6941
5116
4086
977
1709
9579
736
5318
11369
5268
4873
5469
1389
9120
10209
6539
4108
1082
8732
9847
7440
10150
10240
1790
5903
1306
7039
661
4373
6022
7138
7693
2230
5968
6809
2555
5355
4243
6848
8166
6790
10910
3332
7573
1771
1745
447
6781
6983
5699
3868
9240
838
3143
2707
4057
2729
9920
2544
8221
7804
9729
9271
3140
1118
1087
1268
5263
10171
1913
6134
1242
10747
2926
7012
11373
2662
3419
7246
9182
9969
4280
2833
6012
10714
10186
6068
7339
7712
7473
9172
2702
1433
10031
2547
1202
10530
3207
4190
10634
6958
6578
4039
7242
6636
8063
9066
5046
4191
804
6488
6259
11172
5267
4464
8096
6140
3895
8808
8650
3303
1560
10982
2409
4314
5363
9547
4079
8494
10795
8964
3117
3751
9118
5824
1902
10539
7716
9150
8389
5443
2820
2519
5843
7510
8119
5342
4321
8184
6655
8243
6812
1504
3050
10415
9356
5518
8215
8989
4260
3712
3879
2738
2187
3768
10844
9447
2080
3254
5836
9513
1503
8230
10310
10062
7052
7668
4052
1875
11217
2961
4380
5223
3891
3766
7741
1012
9989
9195
6097
2159
1848
9363
7591
4606
7787
1383
4528
7176
6216
362
10032
775
8636
9681
9061
6116
2014
4517
1655
9234
8953
8319
3196
989
3031
576
8117
8413
9487
2369
10719
2588
1999
609
11371
10540
7599
5616
7294
6560
3111
7131
2298
8031
2373
4686
2070
6513
625
8223
7422
9769
9242
1112
2417
11061
10460
3522
4011
7565
548
4422
4170
4034
9663
7746
7470
829
9544
6128
821
3013
6340
9650
5350
4706
1071
6603
10153
2096
10416
9902
1675
4958
2856
9916
4849
2300
6891
5979
3027
8140
10953
2485
6771
6998
840
8147
1956
3275
2028
11357
10703
5933
11248
9361
5158
1980
11262
8222
5381
3587
389
5168
4111
2058
2948
9645
4667
639
1889
1697
6035
5574
8720
7247
5412
1147
9949
9778
7278
5160
8895
7332
3905
1175
4524
4297
5856
5672
9146
6813
5208
10101
4533
903
8775
3219
6645
5438
1868
10168
2340
3545
9643
6161
2323
456
10629
3941
1513
8602
4181
2737
6277
9105
9480
9842
932
3580
9618
1716
9855
7843
1051
5222
4597
9667
11303
5153
5702
962
7413
4713
2464
5710
3949
10204
744
9589
5178
9719
9646
3041
8485
11071
6904
953
8132
9866
7762
10238
855
6552
8104
2294
8653
6197
8469
4575
929
5358
2915
9953
658
6504
11026
2929
7677
9437
11225
8811
3975
5960
2450
1010
10537
1907
5387
5454
684
9841
10528
4986
810
11235
667
1847
464
4921
7786
3728
5338
11268
2325
1620
10158
1401
8606
7357
1110
4884
4486
6315
9167
5977
8426
1932
2049
10053
3875
3477
4025
9569
4307
10789
10178
8963
5456
5431
6929
9104
4542
9533
11073
10554
11113
10047
6535
8047
2852
8170
3723
416
4688
5193
10023
1027
11287
8519
6939
9597
4938
10281
5202
5697
11123
6691
8985
9864
9200
3786
8158
1144
4283
7399
2396
8742
7372
9455
603
6170
6977
8735
936
2122
8848
4904
2378
3494
5913
677
10082
5837
2197
6601
3036
3950
8380
4612
5689
4087
8637
7531
6659
3568
5462
11305
7910
5571
4018
10928
11250
2437
7604
10464
7349
2147
1039
5255
6572
3589
1272
9930
2731
4536
10419
6092
629
1832
9850
3389
4778
10354
2605
10014
3331
7669
3763
6028
7607
1025
8057
771
10177
7229
9033
651
2741
7597
9309
4985
11064
7025
6868
9327
6225
7555
5471
1204
9095
378
6629
1959
2328
9043
9933
3381
9524
4038
9790
8913
4584
9337
7499
7542
8212
8237
9907
4252
2186
5738
2144
4299
8670
8979
6832
442
4374
1976
4421
7902
8542
1851
1273
2324
1388
11035
4158
2682
6678
5704
4173
10566
5194
2455
10401
5690
5136
9053
6640
2047
2035
2570
6874
3835
8790
1529
2848
5626
2137
10489
8266
10815
4031
10287
1772
8150
10467
6556
2283
3957
8687
5146
8595
9668
975
1073
1315
800
725
10720
5873
6538
10116
6727
5076
9529
2748
6100
2084
1271
2406
6257
3116
5670
6598
8077
473
475
4559
6366
6886
5794
9899
9977
1855
6126
8293
1432
1263
1026
2963
5221
1799
2445
3582
2103
8463
10483
11234
5548
3539
5432
449
6502
10725
2188
9691
9004
748
5478
7147
8701
1105
7593
5635
1470
3319
6831
3326
5959
5951
5336
10104
11256
1521
6372
2849
11065
8396
7337
613
11286
7082
7417
7340
8776
6843
7157
5502
7998
3824
5229
9717
3101
8864
5311
4842
1131
6613
6264
8367
10576
3258
8527
8714
3029
1561
5463
1507
3123
10455
4984
8264
9654
10391
3773
6845
9314
10581
11292
9098
10906
6185
3833
2506
9827
3318
10348
4141
4624
4540
1833
3951
10272
483
11263
7990
2821
10805
6937
6300
1358
3453
10410
3323
9990
10393
11355
6485
3200
1331
6233
6469
1797
1052
622
2560
6121
9861
2863
10090
5057
9050
5097
11375
11336
4302
2533
3645
6471
2516
2155
4865
703
3138
3771
2568
8014
3394
11346
7671
407
8638
1339
1888
6137
1394
974
2885
8530
2636
8171
7753
5134
3191
2716
4006
11315
8663
11314
3880
10442
2405
5531
8409
8798
6478
6803
4718
4122
1686
2494
579
6571
10132
8763
8750
569
10147
1704
5554
8867
7450
7384
11059
10129
2871
1215
10493
10857
1099
6255
10452
11116
9295
10218
11013
947
10283
8480
6454
1063
3610
9586
2966
7538
763
7699
2153
6283
4074
6791
9346
8693
10818
6885
10501
4361
1587
5079
1008
8767
1972
9780
5627
6962
6656
8497
4879
8647
856
7136
2575
9440
8304
10620
2887
6971
4187
2412
7689
4682
4996
640
8886
1537
3708
5073
5764
10417
2309
1329
1419
1056
7351
10813
4920
9581
8666
3169
7518
549
8218
5892
1031
8035
3911
2416
10853
10618
9472
2845
10466
6605
3028
5127
8514
4450
4008
8233
4153
2539
9824
885
1969
3330
5333
6247
4065
10420
8898
2695
6925
3183
4583
11345
6689
5955
1216
8538
10436
10439
4943
3315
6792
8597
4402
545
7207
9251
10108
3841
9599
1406
4496
2129
8027
1044
2886
1782
1548
5958
7062
4625
10444
8268
7522
3324
7359
3040
4171
4290
9137
1129
11002
2643
7201
10491
2312
1139
8881
4822
9685
1607
2250
10255
11115
4319
9828
10896
3998
4324
6152
9927
594
1463
6252
10529
10295
4852
4913
9578
4238
7879
4414
9078
1622
5259
6770
4750
2557
2149
6719
1240
6083
8641
2775
2600
2703
6220
1662
5766
9651
2900
1214
6600
10952
3238
5797
3153
9815
10233
3515
1830
3480
1045
7634
445
11044
3038
2021
2108
9345
5865
11112
1908
3495
4976
5667
10165
3243
4719
3617
2520
7529
11104
2499
7015
6756
1636
2677
3384
5535
6231
5658
5773
10825
5636
10750
5799
5052
9727
816
6165
2262
2275
7180
9584
1170
949
1666
9857
4966
8778
3284
9501
10971
6002
5929
3803
2090
4974
6944
4263
3115
7385
10619
2907
6223
8353
7523
421
9751
3467
2429
5492
7790
10161
11361
6397
10070
9964
7257
4107
6529
6638
7389
9331
6808
5969
7679
5613
6736
9119
9895
1400
10575
1544
7428
2850
5650
9263
1582
2384
5110
3273
5001
6078
4418
7218
10835
10955
6911
533
5145
1104
8476
1097
4965
8664
10078
2563
2897
5603
3501
1140
8249
9458
3305
10024
1098
9160
8291
9192
3967
3852
3632
842
9310
8054
10687
6923
3657
11070
1356
10914
7074
7275
8133
1115
5880
2160
2635
2454
4949
4734
2558
865
4987
3187
7354
10536
9350
7346
2128
1417
3201
4430
6269
9385
3977
5791
3439
8064
8533
9777
8331
10922
7594
1705
4033
1963
11310
4975
7211
10839
1775
4311
617
10967
6676
3512
8859
7823
1669
10298
9716
5207
7038
7243
6938
9816
9676
7224
10282
9044
1241
8593
9163
776
340
7600
6059
9944
3239
1322
8408
6916
3557
5701
6382
2348
7382
2795
7734
1042
10871
5521
3529
9492
2584
6818
10474
4351
10396
4075
6940
9448
5023
3995
6246
5490
4323
2524
8723
4073
8620
5201
7779
4901
1852
824
542
5804
4646
8124
9792
7968
4799
10900
7256
1612
10760
2627
8069
10692
8467
11147
6762
3395
3897
688
4579
3809
2866
4765
6221
10778
9660
3888
6557
8493
6878
9867
11232
7010
3770
1984
9329
2435
3349
720
5367
8085
7883
6160
7915
2238
8381
7396
6544
1182
552
8089
3415
866
998
379
8987
8143
6374
7369
6890
4259
6027
9253
4021
6595
8967
2654
7820
6569
6174
8080
6844
2156
7471
4019
6139
9109
10777
9259
9471
7750
995
5428
10296
6811
1687
1019
5234
781
1092
4872
10944
10009
2946
8932
8240
696
7636
10314
7811
602
2671
2651
1469
5682
8552
4710
8838
10569
6098
10883
7964
2418
6172
11261
5217
5866
1680
7784
4548
7447
5583
3643
7511
4149
10511
7816
5964
4128
6641
4603
9952
9595
1559
3295
5192
4741
6551
5707
4318
2133
7037
1856
10605
2013
5792
722
5661
3755
4581
918
10195
4889
6443
3605
3713
4537
6961
711
3817
8909
10525
785
4768
5997
9758
7135
3356
4531
6289
8276
4946
7137
9489
1436
8475
10577
6342
1450
11006
7488
8388
2786
3210
4083
3456
6607
8450
10886
8427
5450
3229
2571
3129
8562
5591
1957
8376
4881
1411
939
1854
3554
3847
5364
11109
1163
7353
4278
4788
8842
9909
9391
5669
7086
5004
4836
8878
7184
5017
4589
9110
10275
9285
8315
2646
11270
907
1726
11038
1510
5380
11050
5877
1286
8472
9958
4364
10366
11335
4296
2903
11086
2338
8400
7875
3017
1173
7206
11208
805
1434
528
10680
6401
5633
7123
8515
8111
6275
3065
7451
3862
8301
3970
2513
7919
1461
931
1165
5383
11212
5323
7448
2765
7145
5686
6615
10124
5024
3283
8703
10353
9523
8713
3429
5733
2906
7821
10054
2069
8846
1568
9081
806
1815
7265
2847
5290
5598
6729
6034
11099
3870
1455
3300
1375
5483
9434
4785
4845
1760
706
6061
10684
2618
2483
366
2023
2679
10323
3744
5320
7118
1091
6482
606
4674
2947
4082
8646
1990
8743
5376
10189
10322
8098
6379
1808
2114
1041
3968
7777
1501
9593
808
9452
6671
9071
10091
4413
4669
9678
4100
9073
10451
4188
2497
7288
6642
5509
3313
11280
690
6344
6664
2233
6558
339
2336
8938
9485
1106
6777
5552
10219
9818
6312
7877
4882
9011
3592
10931
6038
10674
1540
8994
5211
604
11181
5251
11009
1065
521
5285
1810
8139
10408
7113
1780
3887
1361
7108
6244
6796
7870
1893
1531
8564
6497
8090
1996
5167
6982
9764
9865
6177
4454
2277
3722
6354
2644
5300
7007
457
3961
8070
1159
5258
5595
11296
5407
1744
8343
2276
6377
6631
2551
2901
5938
7271
3946
426
3697
899
5131
9276
4284
7986
1074
2722
6016
5569
5361
6804
1323
8906
2265
10254
9856
1072
1114
8936
6453
9892
10495
8177
6067
7474
7889
2985
8757
633
7759
2389
10133
10885
8501
3707
854
6496
5261
4202
4009
5403
2598
6106
10792
10041
1089
6768
1593
6452
3510
7088
4068
1369
2322
2855
5813
8298
8011
6202
3231
5254
4355
10492
8630
2951
3673
7439
10190
7200
5155
4080
1532
8885
9064
8861
8914
4354
10977
2868
6795
5214
5858
4991
3092
3433
9400
11005
7645
5435
6725
1828
5676
8675
11018
5724
4735
1766
1422
10676
2939
3119
5900
8622
5280
4439
5789
3991
6906
2931
8125
693
1674
5582
1252
7801
4968
4428
5400
5013
6163
466
1229
8474
5082
9026
7704
546
6836
3245
10688
2404
1049
6827
2736
9232
5343
7939
7676
8868
1677
2371
2101
2428
6431
356
8084
8289
418
6948
10201
5384
2201
5475
9166
10249
6330
1158
5233
3819
4327
6677
4753
7988
7303
2127
4607
5457
1282
5937
1224
9946
2008
10304
7725
1517
9084
4620
1614
10924
4027
6683
3198
4336
4293
2734
6091
5835
8418
3851
5352
10334
7225
6625
7154
11020
2054
5832
3376
5739
4570
8336
7178
7742
10757
7127
2619
2220
7036
7105
9096
9016
8569
4573
7539
4861
3388
6920
8918
10509
10412
937
1117
2456
4661
6699
2162
4196
9021
9080
2566
3521
350
2921
4285
9349
2604
3070
5334
5756
7449
2825
9556
3146
1183
7215
897
2978
7496
5408
2816
5095
4729
1673
5673
2088
10941
11228
9929
10657
7264
5693
9164
7302
2228
2910
8627
1632
7620
9453
3484
4399
2670
4182
5564
6819
9403
6433
8024
10779
2413
3699
10136
10930
10211
5185
4998
6731
7901
1373
8873
7973
9007
2701
6346
6651
1124
359
5497
535
9601
10572
9278
3808
11204
1130
1671
8526
2034
9377
10934
3257
6490
1481
3916
7592
5897
3377
10037
9214
10064
2260
2503
8305
2125
9531
9745
4004
2224
8754
8157
1355
8228
7933
5898
11128
6709
4678
5587
1583
8207
10516
6866
6345
8477
2010
8576
11174
3762
10612
10013
6802
4955
1748
5807
11214
10854
1046
5445
3447
3793
9362
5037
1059
8220
2091
1702
11131
471
398
10820
8997
8833
3985
7018
10675
2766
10397
772
5666
2208
4048
6158
11127
5845
6331
1759
5048
8205
7925
8439
8088
383
6570
6296
8433
10333
7057
5102
3267
9602
8039
5878
6240
871
2628
8802
6432
6728
6459
10819
6093
8949
5688
4172
7076
7610
9264
6637
3114
10004
5872
6187
11043
9580
4473
8696
9761
555
583
7068
7906
7556
9401
10794
1610
7081
6946
2712
5674
10139
9220
8108
3470
3088
10081
6196
4345
2663
9387
3202
5810
4592
6436
6010
6630
3757
1258
5060
10949
10231
1297
4281
2081
5787
10044
2231
7508
1549
7658
10292
11190
9550
1539
9939
9381
6411
5989
3760
3818
8731
470
1676
5840
2222
1189
7948
6785
4072
2017
5941
2359
10585
10644
3812
5139
10345
4585
9303
5717
5262
4703
6663
11088
4700
3355
1068
1642
7232
4176
6484
2107
11192
4992
5080
5137
8772
2986
11368
9878
3830
6480
8092
1352
7498
2684
9282
11372
6960
11365
4330
10336
7347
2796
1920
7898
8129
9750
10597
5976
9705
1050
2561
4295
6565
1564
3642
6698
3896
4547
9594
8489
822
11041
9876
1812
4218
9538
7133
10226
7042
4824
8102
539
1363
11299
10120
3155
10475
4557
5171
1083
6648
5802
6508
5420
1890
6935
10616
3150
11251
3466
1360
10519
7824
6672
7552
738
1392
4677
4376
8779
2403
2036
8155
1484
5770
7364
4455
1801
6305
3345
10783
6842
4479
4069
6458
2173
3463
4673
10217
5777
6667
11377
7198
4803
3656
5190
924
2565
3147
489
5429
3787
7459
3584
11102
2642
7916
2680
9019
7664
7770
6707
4411
9785
1060
4267
9806
5246
10143
8288
10370
5142
9155
9417
2509
1519
7626
778
337
580
9342
958
657
10803
8008
11023
8053
5302
3008
11281
9415
2176
7568
2610
4237
5071
6610
11378
9433
9830
10008
6351
3672
1580
2335
11049
10656
10197
435
8311
5629
10341
3666
364
9966
8651
423
4467
1788
2730
5426
8015
11197
7402
4298
4684
7080
1164
5882
2851
6798
10152
11078
9925
2161
7611
8286
9302
7466
8030
10909
3606
5819
11024
11166
4737
7485
2905
1737
4835
849
3658
1212
10426
6704
1554
377
4061
5265
8855
10935
2193
4041
11318
9117
9587
1200
8167
9099
3734
7097
11149
7418
10804
5427
6675
904
2507
7509
10403
9334
4035
7429
7896
7209
10346
777
611
6088
1763
2958
7642
2118
2292
2387
5081
4506
1113
4658
6633
9191
913
1181
2431
5029
8354
10630
10244
9125
9662
7432
11157
9238
6048
11008
4801
9582
8801
8287
3030
8633
5874
8374
10372
5125
4185
9889
10131
7493
4806
432
1961
7683
8665
5098
9574
1449
7718
5123
5914
3680
10739
8836
9671
10357
9229
8151
11055
11209
3213
4623
1962
347
1949
10897
10855
4514
10933
390
9970
8733
6652
3260
11137
9212
7140
2099
641
8141
3799
7326
7134
10418
7148
10230
10730
6787
10382
4656
8345
2943
9376
8793
5743
6044
7836
7054
3758
9187
879
9735
2603
10414
3986
5391
7484
747
7822
7193
5237
8001
8879
1021
5049
660
7165
532
2609
9611
4125
1457
1931
8965
11028
7590
5806
10527
8961
978
5578
1596
10823
2944
3266
10635
3499
8481
7812
5148
2512
8727
7139
1668
9572
4388
1834
3948
8969
5731
1872
4088
5414
7951
404
4332
10671
7872
6339
6917
2191
10809
4133
7273
3397
8219
3209
3633
1853
6475
8548
3832
6934
5853
2235
1126
10411
7709
6863
732
7532
478
453
8710
1776
3472
9669
11091
6395
10787
857
9577
9917
2502
9038
7268
4485
7655
2954
4846
4923
3316
11328
10067
2247
5118
8122
9707
9231
5298
6025
7460
5016
4997
5515
8524
10141
4322
2923
1914
5651
2608
9305
10252
2733
9843
751
332
3597
6256
9884
6733
5844
8818
4276
8547
1556
699
11076
3660
5823
1936
3780
3523
5593
3078
8246
10299
2884
10174
10458
3364
843
3113
8095
10259
7651
4777
10994
7865
9378
10865
1941
4618
1814
4289
9697
1787
909
1717
8596
3170
4205
6266
9795
7043
2780
7160
2653
3262
5419
9049
2048
10340
698
3939
8254
10279
11278
5556
2355
7307
11066
5362
5652
9648
8496
2402
3508
9694
3309
10498
1023
7009
10999
5513
3022
8716
7893
9048
8097
1589
3406
11079
3307
2932
4207
8487
8976
480
10012
9910
8402
3594
1892
4568
7419
2549
6521
7909
4062
7516
10647
578
5382
1490
6245
6509
9961
8502
3246
1294
3859
5159
7991
2400
8755
5973
2726
6757
1947
4067
9962
9986
7231
10549
6495
6927
676
8628
9484
1376
3131
427
8465
8232
5281
5006
10763
4432
692
8840
7852
4728
5570
8309
8686
7188
1386
6591
10121
8036
11096
4886
2819
4973
6881
595
1720
2236
2192
1119
9774
10546
5543
1558
798
7582
7322
8729
2877
9183
999
3933
9951
6500
8136
10553
3583
7633
3413
11218
4419
6281
1563
4932
6871
3012
1236
10936
9914
4797
11213
10048
7929
7089
1695
5166
4401
9763
10881
8556
1407
7841
2597
6193
5020
4306
10587
1218
6143
3160
6996
9804
1003
4147
3627
8640
2904
8417
6232
4747
862
2410
584
1660
6021
3525
9704
2984
8062
8042
6157
11101
5911
1149
2709
10556
1058
4116
10030
5399
9794
8685
4964
3519
2082
3392
1387
6124
8880
4461
5028
6501
2178
9092
3778
2474
4818
1768
2675
6141
5348
4628
7021
10485
9013
9015
3314
784
5034
2611
6468
2501
361
2232
8462
11339
1198
9897
7641
5444
3686
5018
6546
5671
7827
5372
3630
9432
2846
1342
960
6954
11254
3346
2297
8099
1077
10538
9311
750
1451
4650
7632
11150
9609
3874
8281
4577
673
5101
9051
8161
2639
3733
1993
6697
7629
8583
9347
1070
2316
9639
1982
6391
5441
4426
6169
6081
1777
8525
4692
7051
568
8128
4270
345
4665
7749
8034
10069
9848
2550
3737
1157
4184
4389
7512
9404
11242
5512
1460
8430
2834
7149
6959
4489
3636
3788
3517
8270
3299
10754
4353
8679
1495
10000
7514
8910
9683
6234
1572
6151
1326
4096
5597
9138
1769
5316
5830
8722
886
3203
4935
2971
3094
1255
5931
9753
7436
2253
5730
5532
9708
6153
8010
6328
5206
2953
6112
2782
493
5921
3172
3504
9052
4820
1496
10942
370
2372
6031
3328
7572
5786
1597
6527
4633
8621
8442
5621
8928
8378
4194
4273
11042
8082
10991
8860
10479
8142
5468
3308
2077
393
1128
5180
1752
4077
10253
4576
8578
2508
1111
9373
6407
6194
3361
4427
8941
6587
5732
1512
9515
1824
4748
6235
9410
9508
9525
914
10280
1385
10469
7255
3370
7534
8437
4144
1336
5774
8403
5854
4848
6838
5231
6995
8966
3846
8280
969
9469
7706
1785
10111
3720
8804
6947
4315
9913
6898
10850
607
1445
395
3069
6590
3532
1209
875
2327
9237
4621
6479
8939
9477
2040
9633
7020
11259
3179
10338
3901
3068
6674
9507
9221
1691
4518
1178
5365
9281
4063
7736
7793
10142
6267
7443
10011
1725
2164
3836
2542
7259
8163
3227
7685
8113
2011
7016
9273
5678
2425
11111
4690
4277
1952
5953
5815
5565
1367
11045
10621
2521
7847
10632
7410
8282
7228
5010
10646
477
2518
5560
1747
2824
10793
10723
5491
3702
1965
7959
3649
9635
11103
11162
6661
7292
6242
2602
3641
8449
2311
8277
1538
9344
11110
5505
4961
8208
4103
2274
5501
6102
813
6470
10424
7789
6526
5891
7763
2723
7070
689
3988
6227
5117
10300
10428
9722
3272
3848
6712
10887
4545
7984
7196
1945
901
8983
7792
8283
9567
550
5605
4774
11019
8783
1900
10377
4819
2498
10748
6623
4266
9494
11238
10094
10250
10969
6029
5398
745
5510
5256
5430
2174
8229
6834
7921
8438
9320
2206
795
8635
4875
10848
9129
7261
7101
3980
3994
957
7299
10559
10695
10984
2713
2465
11168
5910
5090
11337
2641
5451
2295
9629
10162
10532
10526
4134
2203
3682
3348
9931
1223
9219
8660
1640
9941
10210
1555
2059
2267
9246
9495
10461
7774
10902
3282
3188
5648
4112
9675
4282
2669
9684
3543
1511
11155
7490
5967
2467
10601
8882
9728
10677
5138
8718
7328
5203
5126
1302
9034
9558
5657
2352
3100
8405
1500
6880
7128
8940
10662
5749
4772
8897
8091
512
8896
4391
11313
4917
8203
9954
2097
10667
1429
9612
9810
5985
8310
10337
4945
5495
3032
10827
954
614
6009
2317
10917
3291
4221
5436
4114
1838
6540
10808
10726
6176
4805
1943
610
11178
8946
2466
7583
7761
1974
8455
2580
6155
6788
7381
11167
3011
6789
8452
3602
5415
7731
9627
2434
7344
10386
10599
5751
10128
9402
1954
5559
439
6241
4916
2977
10097
10086
8261
3727
3704
7861
9632
5639
10169
1047
558
2815
7197
10918
9943
5818
8862
7942
10441
6229
9103
2029
4918
8065
9695
2057
11227
5796
1906
10905
6931
4313
7114
1320
1154
1526
4118
11325
2883
6024
4481
5723
6082
11223
2288
1430
11327
4981
8516
5996
4463
11177
4864
2046
4631
2706
4539
333
4109
7093
7938
3866
11206
3910
4572
2633
10740
8748
6460
5646
5249
8004
726
7126
3717
5449
11182
2659
1525
4060
9932
5154
508
5795
8019
7291
10598
10972
9328
4051
9619
5115
3025
8078
5879
7944
4754
5157
2781
10110
3869
9203
4444
2744
3825
4055
836
10557
935
9199
11077
2421
8279
7033
7744
4698
1123
7695
994
10764
4195
2826
4649
11260
1663
1968
6833
2838
3426
10710
1397
5803
6090
4562
8420
5642
6154
11135
8165
9493
2064
9904
10423
2012
2700
5542
6749
4812
10705
1176
7505
409
10018
876
1134
3264
2113
11034
2548
3033
6249
3236
2798
3148
7481
8134
4452
5537
9796
8245
6292
6047
2909
1207
3638
4523
3829
774
5240
8839
5615
3688
5814
5550
5213
8466
11247
586
9826
7866
4898
3924
8326
7321
10137
7757
7897
3145
6964
7409
6893
7423
9179
5998
8565
8919
4790
8398
4390
1462
7550
1317
10202
7639
2256
11288
1762
2380
520
10788
2257
3795
5410
2787
3402
2443
6918
11054
2441
8611
2587
1371
10733
10180
6226
10045
979
1303
1287
7476
10093
2339
4969
2388
1177
6357
5418
6268
9616
11031
3637
4721
967
4003
713
2836
6474
5747
9379
9287
8460
1567
9623
3046
4308
9184
733
9542
10736
6203
9397
4827
9837
2393
3502
8459
3167
819
2799
6406
2229
1651
1743
8717
7549
3659
3796
2806
10109
10602
6361
9466
4733
3925
2862
5379
3509
10878
11140
7765
7696
2033
4462
4890
2878
5308
10745
3461
2576
1017
2983
10063
9113
8066
1121
6582
4844
7441
2719
8149
6318
765
3074
4516
7524
3940
6782
7638
2685
2003
2440
11132
5466
8944
2105
6514
1347
10052
1577
7648
5210
4301
6593
3922
6773
9178
563
6608
8863
3403
5916
672
4123
3774
7472
9111
6910
1005
9835
9115
11179
6118
5982
10373
8013
6367
10422
1923
3109
9549
8673
8404
2924
8849
10752
1473
7758
8324
3612
8294
9012
4371
8876
1466
6992
8290
11374
5506
8238
5461
3725
6520
5549
462
11298
5908
6516
5053
5409
940
2920
7362
718
3358
6588
1897
2196
4716
5846
7691
10017
9510
2185
714
3195
961
2783
11344
10796
7884
3516
9483
3321
3383
5344
3003
5944
5440
10937
10786
9613
2805
1125
5617
7799
4867
7005
8680
9439
8814
9554
9161
11170
2522
3542
6584
9365
10267
8791
7813
8368
1080
9591
3756
4392
9313
3850
374
10623
2293
3141
6450
4651
11283
10833
8399
7489
5708
7297
9393
387
8991
9514
1818
1213
4910
4424
3669
9340
1136
2117
2860
4766
7028
9335
9699
11301
9197
5839
5761
7722
1753
5186
2199
1443
3082
4636
8522
6685
10604
2577
5325
4129
6814
5205
8658
6580
367
1285
2975
10384
9901
4947
434
5388
6464
1878
737
4094
1441
3903
9754
8951
9959
6951
6132
7723
10286
7615
6064
8981
10681
4535
6182
10459
9766
2773
9157
11349
2489
6349
794
10502
2285
1390
10875
9565
3588
5121
10660
6907
1014
9375
4512
5763
868
9738
2623
6326
6316
6473
2234
4699
597
3482
4854
2810
590
4078
6686
7205
7343
8704
2251
825
8649
709
10911
5228
10117
10188
10251
11093
9721
981
564
5769
11039
3451
7087
11098
6541
1100
8250
10364
2172
1348
910
1895
3175
10873
2705
2180
8982
10138
2255
7110
8892
6040
4049
6019
8523
8444
4640
8255
8498
10718
7554
7855
6542
8342
9956
8974
4960
9116
9087
11053
3918
10355
11173
2650
1764
10515
2545
1684
8259
7825
7912
7107
2890
7972
2586
10216
3464
3204
7588
3987
5248
683
10478
541
3555
10841
10212
8361
8505
1749
3192
1905
574
7605
1153
4404
6467
7544
734
4495
3418
5932
7263
9767
6486
985
1546
7697
6008
3181
7752
3563
2041
8210
3421
9649
9656
2511
1096
9998
9559
7891
7085
9720
3125
8362
8199
8824
4028
2179
7903
7059
5952
8535
8888
5540
10600
7216
7290
8671
1338
10433
3079
1384
9082
7214
5662
4696
3034
6135
1227
704
2831
10437
3956
8346
3729
10749
7932
2865
5653
11224
7672
620
3530
3927
5715
7008
7055
4639
5269
5458
5783
6426
10232
4549
9814
9228
6079
2442
401
5833
5734
1724
4204
3615
5353
3118
2661
9134
2747
1693
988
8107
5541
3486
681
5252
9534
10862
11201
4305
7272
4325
10398
7561
1454
6870
10462
708
4953
6860
9002
11058
7465
2249
11015
392
7233
7245
2841
4895
8327
6358
9465
4338
8924
4833
1646
6114
10028
8225
1624
6189
2468
3536
6620
6109
5528
8784
10297
3646
2861
3754
9159
9131
2794
9545
853
1659
1809
3171
2727
5508
9370
336
5918
1382
4044
5720
9112
7997
3026
9024
872
5257
10682
3223
1480
1781
8570
5128
3544
6314
1491
9339
8382
10627
10582
9072
2423
7719
6110
2439
4383
1103
8563
9260
6566
7011
4333
6604
3393
8393
6913
9250
9321
6847
5169
11106
538
10574
4164
368
9398
9496
11130
892
591
1256
4730
8023
1600
644
530
3801
786
10981
2165
5748
1804
10927
10771
5245
1545
6212
3280
10831
6192
6857
1410
5224
11017
1132
6369
10199
7737
9435
9768
458
10360
997
10603
912
10127
5476
9261
3163
8410
1269
3716
5011
4874
2420
5472
8359
10661
8260
922
7334
4261
1627
9562
7376
8303
7482
5660
2658
9703
4445
9537
5533
10040
1278
3452
6011
2997
9851
1033
10957
2218
982
3228
4146
2411
11203
7119
770
987
8555
1883
4169
8394
9957
1802
7914
8725
6390
1447
9324
874
4090
10801
1602
10035
10622
5939
11118
10995
6352
9793
11145
980
5547
2377
10679
3785
10449
9070
2182
9488
10856
6301
2386
4744
6855
11067
7535
1437
9005
4441
3363
5370
9046
8073
2119
1761
2343
9887
3405
8917
4702
6772
365
7513
7022
9486
6199
1274
6089
5390
6341
7099
1328
5767
3777
10432
6499
9701
10080
9308
5197
7971
7720
2578
4786
9020
10154
1486
5007
9714
4749
878
6294
2146
3253
3798
823
3930
10544
11075
6537
1515
3569
7004
7778
9700
4166
1190
9737
7468
10208
4897
2873
1186
963
4934
2132
3965
5538
5886
921
4365
486
3493
6261
10652
11183
4168
9652
467
3211
8894
9037
2791
10523
7771
2042
11230
2543
2055
2458
4931
575
6828
1863
8822
9162
10173
1681
7046
7173
8599
9858
1222
7571
5841
10761
7920
6825
8926
4130
10350
6041
8815
1248
11257
10335
11195
7628
6375
6014
10699
3810
3700
6205
7840
1161
5198
4408
4796
10929
9430
4613
9268
8610
7882
10289
4714
2219
9923
7386
10425
983
3873
3577
8809
5608
7724
9001
3427
5948
10036
6210
8937
11081
8699
3441
7937
9585
1840
6599
864
7795
1723
2872
10351
2436
4220
8234
5729
9074
2302
4177
2724
10592
2346
6055
4668
1911
7923
8204
11324
5972
8320
7104
5437
9201
608
10770
1442
6622
8049
8834
6457
6869
8511
11189
10039
3165
8247
8176
2732
4993
2195
6069
9476
2969
10758
6310
2649
4203
1188
9123
8358
8975
1362
2876
4701
6204
4478
942
11216
2330
10002
2050
1979
6721
494
11114
4609
3631
5413
1226
10241
8172
2331
3696
7295
10071
8002
6179
5480
7557
7624
7120
2240
5439
4893
830
2068
373
5503
1588
5526
8702
2870
1619
10812
3325
6262
6562
4379
5452
1337
3354
2027
4029
7253
11194
7003
5966
4246
5312
10331
8055
3286
9692
8173
8536
9284
4369
7678
5716
9258
7112
331
8109
6049
4807
9442
4245
5889
7266
4691
10379
3802
2473
7996
6190
1086
9086
3023
3102
814
8391
6273
5568
1000
8719
9647
4020
2094
2005
3216
919
9921
7002
3558
10737
928
5341
9407
9399
944
11063
8518
10185
1692
5644
5905
5103
3794
1015
1364
6237
6975
9798
8674
7006
3075
2589
1396
8325
2061
8922
6323
2131
6387
10571
5086
4476
7740
2626
1543
5567
3124
2811
10156
6658
10235
1498
1475
7541
1896
4988
3382
8071
3907
9950
6321
10440
557
3934
10182
4180
5074
5991
9874
1738
2606
6821
4142
6711
2210
1424
5784
2758
3613
3352
10499
1152
8788
4491
9519
10312
7453
1423
1527
8492
9871
10784
10814
2742
3591
4050
4304
8740
10847
7378
7714
7172
10567
835
4720
7456
9267
10038
11239
6592
6438
10613
6525
3603
5919
7168
10985
2952
7395
6713
3877
8707
8550
4084
8943
599
10020
9236
11100
3634
9740
10959
10339
7175
7377
6421
9583
3662
11152
4569
1095
10759
5884
11153
10140
9971
2363
1823
7587
5442
6851
2922
8993
7239
6456
11364
11249
10558
408
767
7414
9960
9280
11312
8445
2072
7045
4933
3507
8464
7608
7637
6396
10973
8357
717
1821
793
7727
9343
5066
5575
4160
11072
647
6434
3611
7325
1951
11222
7486
9822
2999
8100
424
6338
11356
5625
6239
9132
5755
766
1690
1393
9384
6145
10926
437
905
2216
9464
9383
6750
4362
7077
504
10320
9364
9411
7994
1791
3854
6297
7281
6968
8738
8837
6985
8726
2457
4944
9948
5292
10919
9045
1426
9252
9836
727
2956
4030
5284
8038
11340
6076
7869
8434
2158
11265
3448
4272
3337
399
6208
1085
4662
5069
9626
1246
3914
5078
5031
4630
5191
5974
7248
6589
4227
10811
5831
10390
1321
3214
917
1013
6568
5800
10176
6684
2169
505
9711
9022
4163
1711
7603
11080
4232
8025
646
6181
2066
4534
7352
5860
1734
8777
7404
6926
4907
10648
10179
9762
8048
11307
8272
7311
1467
5321
6447
2301
6976
2676
10964
3390
495
700
2073
11146
6072
7483
1732
2296
3043
6567
4007
397
381
9772
9394
2341
1767
7970
7548
1116
8891
6687
7982
2076
1528
869
1950
8697
9759
7279
6094
3380
5825
5351
3019
749
5196
10447
4980
8180
3782
10974
6039
2864
8893
7310
2376
1350
9566
8682
1343
6735
7415
3344
3514
4490
8183
9039
7426
9093
5737
4838
3430
9257
10524
6840
7772
1007
9014
2062
8216
9459
8235
6991
8572
9677
2486
4291
8588
7702
4119
4859
8490
3534
4095
10993
577
7313
7826
414
536
2528
8364
8451
9555
9255
5395
10268
5622
3177
2031
4877
10270
2683
4226
4255
3783
1055
1819
460
7579
8866
3878
8200
4292
9304
6336
2667
9312
4026
9993
2115
2564
4983
1492
8998
695
2120
7191
7324
1502
10399
6864
10958
11051
4757
884
8189
9900
4447
1395
9743
9885
2638
2259
9870
6491
9784
3408
3894
6487
11316
7478
694
4393
386
2774
8340
8678
6503
9218
5000
4675
3269
1924
3732
10535
8841
5184
6477
8543
1135
5322
10925
8652
7293
3745
2593
2652
7495
697
6018
6213
3527
5504
10316
7049
4056
1408
3151
8321
5607
9541
7367
11231
3790
7562
5558
7405
4896
1727
9672
636
2721
9216
1608
9673
3921
7776
11069
8352
5212
7331
5227
4855
10670
4816
4809
1485
403
9374
9085
6877
10076
4425
9243
8037
4587
7241
4795
9186
7282
4438
9380
7151
7296
8796
1937
9156
10034
7190
2892
5649
1557
1220
6892
7079
9076
9942
10016
3843
10637
3112
973
680
2181
2793
5793
4244
9853
3362
7289
2938
11351
7963
10798
6919
3864
7492
9481
6837
5406
4761
4286
4396
4469
7521
4446
8256
5728
6987
8711
3893
4862
2637
524
10307
2459
1370
2364
5828
2916
6463
8253
6410
887
7781
1203
1845
9443
5695
7575
357
1378
3739
10347
1997
1307
8251
2347
6924
5581
8046
10107
5999
8958
3561
6360
9358
8758
3748
7475
8241
9928
9945
10712
9102
6437
5282
4908
839
5801
6690
7618
6129
2708
10888
8314
5276
3562
11300
9690
3581
2940
1585
7244
4470
8182
6435
9997
10864
5235
1280
5058
9622
1489
2672
522
9205
7500
1722
2001
10365
6398
5857
3820
3746
5602
491
8432
7407
867
1755
9027
6077
9136
4005
9209
6425
2556
2361
4745
9504
10512
7308
1707
6759
4635
11160
8503
655
1730
7371
2541
11144
6606
8689
2981
4811
659
6543
6073
10938
10606
8828
6222
8700
1295
10685
10144
6136
3241
7905
4967
7034
10487
9605
3719
3067
6466
7815
11350
10713
3661
8821
10741
6573
4791
7048
9500
2634
10986
10584
1770
8412
5750
6353
9174
9122
9208
8022
8995
11191
9023
9222
8534
1639
6427
1418
5041
1870
2552
4135
10074
687
8488
6835
6483
8175
5527
5375
9141
11323
10369
10288
3535
6385
1621
2480
7053
10229
3189
2655
3434
6071
6150
1353
11014
5144
9353
10122
4326
2121
9108
4400
9283
8889
3398
1994
9107
3347
3524
2616
8921
10852
2226
7581
8206
1380
4312
2019
4505
2426
2304
9972
4159
2075
8306
4979
1765
817
3912
7506
10278
6051
3465
1155
9213
7622
8668
10105
3063
7130
7768
790
8598
828
7406
11289
11282
8634
4709
11221
3476
5663
8945
4085
2818
4927
1575
1261
1452
10639
9029
11326
10966
3099
1735
3298
4358
2808
10950
4543
6053
8789
2562
3960
1930
7525
4880
5035
1615
5984
5150
5378
7551
9886
3334
9288
1800
9445
4558
4492
5335
2270
4602
5816
10624
1842
9210
6978
2913
8764
812
6414
11295
4871
10213
4265
4474
10877
8292
6200
10879
3718
2433
2927
9636
4520
1708
8741
9298
2000
10510
5798
8787
4654
8999
668
9984
2126
5838
895
10861
474
6461
3982
1551
6444
1011
8947
1313
1594
5928
4236
7109
7688
1638
11003
11331
7430
1318
342
4179
10119
2809
11141
9006
9077
10948
7462
5868
6282
9905
1887
9419
8334
3420
4937
10696
826
4789
10785
4972
1643
1142
1562
1689
4832
1631
883
3547
2134
2264
1310
10988
6096
6853
7830
5289
10874
7458
3761
5111
10429
9296
7958
5992
10810
4132
7132
10672
10626
6849
1746
6146
8616
5275
9926
2032
4891
1935
4659
3822
1592
10349
965
3625
10939
7729
8927
4637
10089
8190
731
10311
9638
3538
5946
10806
527
7950
8887
1927
3432
10791
10521
5107
7329
10689
3006
8486
8528
2030
587
5788
7659
4504
5851
8135
7360
2714
1995
6732
443
1740
518
391
1634
3564
6037
3962
741
1917
5785
6376
3552
8148
6327
3815
1266
6767
9490
7319
10659
7280
8349
5151
10716
4317
4403
6506
11185
5100
7222
9318
9896
4151
11121
7878
9862
4448
3490
11274
11025
8708
8416
9277
1876
8930
11354
3689
8479
6950
11210
7547
455
4331
4644
4415
10359
10368
4948
6888
1239
797
2303
8644
4853
10824
5827
4240
7379
10550
5679
10123
2991
2996
642
5555
1172
2478
5599
712
5356
10724
6005
2370
11246
4264
1234
2583
3750
10563
6994
2500
2374
4429
10330
4089
6065
6820
1721
1645
2647
7767
4002
6617
10541
6074
10690
2045
1304
4857
6561
5780
1127
6895
831
2718
9412
510
1553
10261
8217
1478
888
349
3185
4604
6822
5183
543
8857
11156
10904
2490
6703
7962
4183
9607
7981
992
8397
4346
2767
5612
10256
7743
3232
369
1960
8560
11133
5779
9880
10860
2024
5775
8549
3671
376
11277
881
4047
3471
4416
9996
7383
7124
5474
686
8830
2776
10570
10962
9773
1933
3670
1948
10901
11366
2463
10438
6718
11275
4860
4770
2479
5047
8123
1487
6646
7199
2470
8308
3828
8072
8874
6761
1858
1001
7000
934
5188
1831
3176
1162
1682
10589
8786
8267
10751
9512
10832
5842
7965
911
4830
1483
1857
3342
3097
663
9204
3969
8236
3317
2067
7091
4617
8045
930
1657
1741
10610
4508
9325
4366
10830
3938
1751
6173
8604
9441
2711
1440
402
479
2333
3676
1351
10617
5270
6334
6280
10237
4856
11016
8278
9406
8968
9710
3086
7760
1656
3807
8639
3093
1648
9290
6278
8307
2660
1591
7314
10005
8600
3444
2320
3546
4608
7392
10551
10407
847
5883
8471
6752
8275
9198
10263
5765
3221
9859
7809
9386
5459
3992
8972
526
7526
7179
4442
6914
1839
3595
2395
3059
7849
2368
3233
5225
844
497
10247
7267
9813
2362
10021
11107
6577
8990
3084
2995
9800
4817
2106
10816
2656
10893
6581
9689
9091
2245
7649
11267
2928
9788
6861
5404
5216
10327
9621
6448
8086
8181
8112
3037
10446
4256
4551
3721
8060
10728
5179
10371
10961
3367
9765
8153
10192
7075
3110
3350
3695
9369
1625
5940
1654
4787
1094
9235
8753
4555
10027
499
2051
11200
2919
9497
1901
4348
1879
4186
7700
7999
5402
2973
9217
4841
11338
8579
1493
11330
10533
6383
7096
5309
2829
4711
10766
5464
8390
2972
1946
6368
3156
701
9244
5768
728
5092
1431
6810
8899
5875
3460
4219
5172
9799
3964
2694
10308
5994
5519
7306
1398
6445
9422
4023
1523
5291
4502
10060
2754
10780
3004
11347
8929
8715
1482
3378
8369
837
4959
10772
6746
5314
571
2827
7467
3648
9491
5005
1903
10762
6763
1232
3533
2484
417
3769
2990
2183
1977
8020
4423
596
11187
6657
9982
4475
7141
3248
2917
5624
9456
10797
10691
10453
787
1843
10642
2622
3926
2696
5027
2157
7463
5563
8805
1379
3054
7434
9657
9532
5187
3876
4676
7892
6359
5849
8224
2955
6413
6724
2823
5040
10913
10611
1846
9903
11320
8807
2962
4377
3144
5389
7438
759
7254
3044
3885
10187
9041
4340
10068
3952
2768
10148
11029
7635
5061
3302
7966
7504
10167
8195
7975
4978
570
3665
5692
9169
10869
6717
2079
7262
9446
7818
3559
8385
11370
5328
2697
4037
11329
9882
9797
10643
10963
6148
4600
1069
7728
9688
7183
5757
6981
10146
6498
3711
1820
6775
4717
10319
10236
8517
3056
413
4593
1774
8386
6876
6692
3066
