876
5946
8038
1012
11251
8031
5352
9605
5280
4374
8719
3843
7145
10391
8071
9081
3751
6261
3933
4543
1371
4636
10850
7242
9660
6527
1480
435
6114
4597
3453
8627
5115
2296
6891
1171
1693
4535
4392
10030
5783
9969
10525
1055
9115
6318
4729
5835
4422
9556
8741
10354
3450
5136
2562
2836
10439
9257
6059
527
3050
3019
10168
8039
7581
3464
8660
7529
3770
6410
6064
7557
1974
3070
10249
345
1544
8548
4830
5186
3011
1875
3470
474
10377
10741
5968
5532
9865
11024
2940
8748
2819
6991
2174
350
4853
3659
7636
1608
5724
1082
10446
9815
4735
6352
713
9252
10571
4252
11020
10806
8949
1011
6278
4573
6976
10532
8999
2539
7597
8391
8304
10334
8437
7513
5810
4988
10180
2146
9072
8177
8096
4073
10231
817
6947
7080
7303
6434
4857
3878
10384
676
2433
6542
3798
10128
5697
4379
2159
4191
2188
5555
7214
9304
6327
8527
1370
4028
8927
9638
7919
10090
8307
7668
9997
9157
3758
2850
3392
2411
6158
10131
9946
7648
10169
10144
9926
10779
5503
3100
9440
5837
9501
3012
2907
4920
5625
8245
9082
5388
6503
8549
5815
3723
745
4455
8199
4948
10558
3315
6068
3603
7750
1624
6752
9768
5569
10550
11375
944
6871
535
10451
642
4108
8100
4391
1441
5192
2113
2316
4855
823
1470
4960
2160
4946
5583
8172
6923
8867
10981
10563
7057
7193
11374
543
9384
9445
8953
6656
5613
1152
7130
7382
8024
6659
1730
5134
1268
7677
4336
6151
8268
10690
2236
11018
9583
4462
7901
11034
6560
9229
5029
1553
9407
1261
9161
7524
9073
4086
4301
2864
4562
2865
5457
2406
2247
1830
1484
2264
5616
1306
3275
4967
10347
3318
7191
1128
9626
6595
8982
6338
3561
11224
2024
11249
8467
3094
5221
2041
732
2499
5212
9593
1202
6022
11283
3536
5237
8474
7801
5800
3239
7353
3490
6475
2485
7556
693
591
10080
5528
8595
7241
2653
4709
4369
391
7932
1424
8974
7898
9795
1689
7027
3768
1451
3812
10536
6825
5338
646
3864
3581
8346
8864
5409
11019
10316
4065
2456
3788
7371
10606
7151
6136
7998
1483
10287
10986
7123
1906
842
1363
1735
2637
5985
4151
6349
9943
9900
1440
1657
6354
10648
5430
5777
6840
2861
7132
8091
3499
7478
10124
9441
8023
2558
1362
8399
7334
6790
3642
8597
1855
8611
2667
989
8173
1528
6761
8555
11009
5234
4047
7500
5587
9283
5792
9179
11223
3153
7489
7869
8215
9021
7679
5364
5510
3951
5224
6194
7338
1948
6292
7101
9346
7326
2069
4018
2808
847
2019
1538
3632
3355
5765
11156
804
4872
10076
2494
349
7261
7322
10710
9618
4545
1840
8433
1839
2876
10533
688
7849
6625
10229
2262
1709
7429
8572
4311
9778
6820
5676
2362
1976
7622
11107
8062
4615
961
11050
427
4817
2106
4295
3887
2061
5078
981
4757
3147
2245
10213
2327
10018
4473
1828
6431
4964
4656
2718
10544
3181
1490
6707
5290
6339
8374
1744
3003
3977
10696
6540
4067
7538
5179
5644
5418
2671
5658
849
1962
8562
1908
3476
11194
10619
3592
2782
2983
6814
6508
4205
8569
4702
9717
1209
337
895
9217
8251
8579
962
5639
1071
9186
7770
9609
3673
1770
1824
518
7483
7892
376
3266
7306
4585
9422
5402
7347
10060
2468
10780
6040
8961
9885
3516
677
9513
5842
6019
3298
8132
6938
5977
7281
5005
9203
8364
4874
2484
1021
5840
1977
11289
9034
5289
8498
7114
10357
7843
6454
3891
1843
9109
11298
3926
2311
8161
2157
6358
8861
1142
1454
2845
1343
1933
4676
7951
1426
10704
10493
10913
10611
8620
10626
922
6185
2054
8261
7718
3044
10802
7499
8671
7571
5542
2182
6725
8234
2921
6469
9701
3732
9623
6664
2503
3665
11330
5490
6821
9639
9545
1823
2862
7861
5328
2754
4142
7905
4331
10034
8758
3195
10014
6289
4983
1069
6315
8598
7915
5245
2910
2663
9772
336
1632
