9651
6268
176
5184
6855
8689
7409
5146
9943
7306
5234
9091
5280
6719
7123
8403
4575
1609
571
7925
8917
7982
8515
5115
328
331
4369
8092
8527
4975
4086
2192
10461
6916
4276
217
7225
2376
10612
8039
5832
4423
9669
3429
1462
1071
2465
229
10229
11107
10355
3041
5217
11310
11066
240
312
14
3637
6991
5439
5456
8212
5438
7377
1995
10962
11025
296
304
8788
5974
4676
8675
7101
10913
1306
116
8331
10334
8634
11224
68
9627
5921
3364
9933
3716
3696
9700
272
1483
8485
2146
4690
7581
1594
8031
7482
9541
8264
10611
114
2954
7257
209
10854
3918
712
8787
918
5362
2730
4861
10766
930
6376
9113
1380
1511
9109
6331
9259
6651
5005
2265
2188
8038
4147
8270
8701
8945
6820
11014
6102
8555
4997
2485
11173
1320
7709
127
86
10841
3456
4607
7896
4135
4735
7002
3350
5761
7334
115
3733
5639
8999
66
281
2069
2042
6944
10253
120
8064
55
7311
7382
3434
7417
9203
8953
5565
10254
3946
10452
8104
4692
6527
7353
2301
992
8671
94
9329
5840
6595
1011
7505
5074
10927
6029
9491
3147
1830
5824
37
9953
5692
10295
3138
8842
2374
2847
9343
4543
8173
2782
5245
3070
8261
1854
2677
4640
2558
7489
10764
10438
6707
6431
1127
4226
9465
10969
10786
3156
245
4313
806
1838
8117
4988
33
5866
5697
603
6078
7129
5428
6231
5352
350
10384
1648
11260
6674
5770
7294
11303
6353
6914
3286
1186
1051
9447
6727
5476
5320
3470
2626
10034
11038
7246
439
183
10307
8233
283
6827
683
9217
2417
5035
1612
1697
5172
3044
4446
4585
2262
6497
8166
8538
9633
1608
10855
4703
7645
11147
275
6309
4391
7757
4993
8964
963
4047
11077
4118
9694
1682
2125
1765
290
8668
10519
7006
5263
4164
4289
9558
7786
190
5387
10814
8775
8892
347
11225
10479
881
2054
4188
2603
2311
3109
1596
7048
7404
8718
6600
9583
9605
6535
3101
2325
4600
11378
42
10502
8393
71
3243
4462
6296
4444
4806
1824
2913
7465
9061
105
191
3666
1241
7419
5541
5810
5794
4980
709
6040
8932
4636
8170
6374
8543
4245
4584
8805
844
9850
11144
4835
5892
6289
11187
9580
4855
6958
2028
29
7932
3588
8802
10824
10252
5929
7322
8472
2731
5845
4285
1856
8963
9364
953
11230
5233
1974
2456
9285
9626
3555
3038
5733
1069
10288
4558
163
10082
10739
6613
6131
7197
199
7172
5679
7429
475
1496
8309
8610
8280
5458
273
2298
7118
10511
2718
112
5213
853
3280
130
6334
7346
8220
2431
1480
7385
8987
11177
1140
1943
1744
10027
1266
10741
6453
7205
10297
8635
8247
9232
5785
7526
1583
9824
3673
9977
4492
8727
278
563
9870
10795
10462
9946
4035
8308
6924
7005
5994
9904
277
3700
804
11162
10926
10687
7175
10451
9345
7778
8161
10213
6014
6172
3925
4160
2714
3921
7145
2748
1149
3522
5910
8682
4194
7624
5440
6964
1857
1481
7233
8979
319
5898
3476
4006
5793
2173
6551
3465
10897
3406
8304
7521
10857
6772
9160
8380
11315
212
24
1220
6571
294
9855
82
1431
10192
10414
5527
11099
6170
208
3670
9290
3238
2024
7290
776
129
8098
8086
309
6425
642
337
2122
297
875
6645
8517
974
3594
1722
4018
11079
3934
9163
192
9283
4297
6539
5568
7080
2850
3558
2094
392
9295
1364
4573
2339
6987
3874
7919
11172
479
10062
414
8699
3727
1285
9867
165
10270
2724
8523
8857
1671
9377
3760
466
9609
4615
1791
9549
867
7178
5597
287
9815
5197
7749
9159
2551
7038
276
121
6261
4020
10013
91
211
609
4445
10314
6385
261
7405
2741
11116
9958
518
4701
9837
1164
9337
25
3777
4134
1189
3209
3507
7571
10501
3175
9072
3403
1139
7552
6312
10566
10201
6891
3577
10128
5186
6996
6283
10559
4880
5192
3213
10041
3100
11156
1634
10869
7544
5459
10949
7811
7762
7725
3734
1087
6784
3812
1708
1392
727
1426
871
4273
8172
8502
9684
9510
8027
3748
1173
10648
57
6725
2233
3342
2103
9186
2068
178
11213
1463
8663
8321
267
9862
2901
5214
4185
9515
7836
8142
1152
4682
3926
10918
1572
5765
1632
3960
10812
3502
3467
60
3451
5663
4374
3686
2826
543
3808
5358
2169
8290
4317
5104
4987
5505
1996
6656
874
8241
10107
6637
4864
4506
1017
2434
6398
2670
10802
1275
8882
4142
8430
5941
7893
6837
9379
10231
11050
3951
3739
5914
10831
11204
6923
7542
6770
5314
9406
3110
5715
5791
3783
5228
9636
4218
10626
96
1397
1528
9887
7483
2196
9205
10399
9765
5380
8873
646
421
11312
1369
2981
1176
10647
6698
2860
6202
8720
9865
9585
7891
969
8119
8048
7372
1080
9263
7499
292
1801
10044
9761
10747
1924
336
7740
10116
11374
10259
4034
3266
6266
1763
2468
6636
4789
201
5136
10720
9081
663
7045
11295
155
5878
1424
8650
8798
2920
1717
9445
2815
241
6866
9842
5412
8433
8708
9459
5731
7303
7132
5289
5644
3605
9131
8102
825
6790
325
1897
11135
3181
2829
171
839
230
233
7254
9843
1171
269
6143
5649
4889
9587
3461
2032
2470
3295
7396
4195
6752
8386
6443
23
3584
7272
6277
8210
3370
10345
2234
7648
4073
7799
6834
5468
7942
4891
156
4383
11277
8754
11329
3033
4075
7214
9794
3798
10412
1592
3615
2907
6411
7991
781
205
2562
9236
243
1280
8070
458
9437
9969
8717
53
6089
3719
4322
541
934
153
11373
3964
11368
329
4706
3012
2966
9169
11181
7590
9759
7188
3019
197
1153
8099
6473
4785
819
3888
9107
8944
7883
8072
5142
677
7418
8672
4353
10819
2338
4463
10110
732
9111
9667
4340
6262
5457
11008
5069
10911
2466
3624
321
5533
10883
3875
1350
6503
2872
7724
10177
7557
8535
8037
672
1855
141
4729
8969
5633
10347
3300
3183
8501
4069
2386
12
9866
34
8035
10137
77
5515
10168
3803
8287
4920
6361
7201
4568
11088
1389
1042
9649
265
4321
504
369
10008
8867
9534
4753
6729
9612
6601
303
3557
8090
6825
6802
5384
2609
2147
3597
227
9023
6950
2236
5854
1846
2019
2672
610
7263
8277
9885
1841
9385
8228
11042
2155
1165
2001
5763
2861
4298
1343
3659
5504
1401
11283
9701
9209
8511
1589
10736
7070
5437
7110
892
6124
8583
5
9916
7884
1764
3829
1876
3450
3632
725
3530
6129
2403
8291
6259
7114
9562
2264
1502
7605
1843
6339
6985
9565
4621
5651
10823
8452
8864
6136
7089
4122
6544
960
5728
1690
2324
7693
70
8732
11035
175
144
3207
4675
9785
4945
2480
3801
3078
8278
7699
10585
4602
545
10703
5001
2636
7493
10526
3
5972
10216
3870
3603
7253
6185
661
5007
7938
2080
73
6871
2048
1840
10169
4710
7209
138
8475
3011
2991
2458
3377
6525
9287
11123
150
7729
244
5838
8471
2174
2775
4597
10011
10839
8234
67
4346
6885
7459
4428
4173
3836
924
2639
9466
3331
2577
10525
1498
6704
11031
8880
3930
9137
247
9021
9997
6318
4376
5555
4264
9183
1370
10210
6759
10074
5827
44
10
1027
4286
2877
2106
7685
1419
252
8909
8696
9200
11133
10556
8362
7130
5977
8268
4744
7550
5187
1834
3794
697
3388
8259
2362
9796
9077
8993
1504
4021
6150
9952
1976
6529
9179
4473
4572
9993
5203
5911
177
7518
4077
9117
5491
9394
1563
842
2754
8229
10323
8599
464
1303
8095
5334
911
4947
2199
1858
3866
7984
10676
10429
5646
4026
2494
3788
9253
2694
7583
253
872
6100
7271
10746
6082
11289
6917
10690
6506
2719
9956
7242
93
6851
2552
4041
11235
4377
7812
3961
3642
1100
847
6116
922
1436
97
5167
10316
5688
4108
9485
7994
8467
10833
9650
2404
2824
78
7436
4236
1726
4187
7267
4295
1136
298
5018
3843
2819
3141
8416
9092
4084
157
8002
2808
7340
30
4795
886
3707
7668
8976
8597
1489
8457
6504
1819
5836
1901
2090
7573
2245
2547
3745
3275
251
2656
1956
2421
10850
4112
6151
3662
2516
1963
102
8849
6610
357
660
4470
7910
4608
4658
3544
6067
5454
5944
7996
2099
6878
7264
4688
3768
10211
9298
63
6671
1085
5569
10018
5179
10346
5031
3239
4336
6927
8758
8809
9157
246
10861
9621
5734
2575
4913
1738
8782
8307
10407
1982
2079
2876
11221
9813
2077
6275
11251
1906
10023
11002
238
7193
7147
364
5282
5237
6338
2442
6937
3452
6305
3219
5666
2316
10105
9033
5732
5552
6375
8972
6482
10357
2962
9538
10009
7126
1318
28
9237
4639
9277
8639
3236
10719
9432
8232
2411
8182
1352
5393
2646
2873
6822
10600
5538
6064
5542
7053
8862
555
3907
2660
6781
9926
4871
1972
3841
5723
8620
494
2972
812
3216
4809
2486
7291
3355
11346
6920
5815
7057
435
3998
1621
2182
10186
5704
3561
2437
2680
404
1094
5229
4087
2650
4998
274
784
10999
2737
1526
7529
1113
9082
8524
89
1177
7273
107
2187
1083
9657
226
2180
6469
6572
1323
9788
9328
5408
10581
8149
7534
7148
162
11250
101
8611
1815
1585
9480
6090
323
2647
10557
5796
2409
9400
6382
8893
9080
3891
1229
6454
3054
11190
734
7916
10994
8286
6604
4985
10037
5212
9422
4562
2406
10620
10393
6508
9050
8062
9826
7451
255
132
1521
2996
2556
1689
7133
770
4327
4812
3516
4733
216
8096
11296
3392
8895
3737
912
8199
1556
6750
9441
50
9927
311
7191
1687
9136
1223
11197
10726
2787
11301
9611
7898
3074
11246
4464
1999
6840
7462
3569
10272
4654
1315
11063
5450
4450
1890
7222
1979
4667
11054
2164
11371
401
1607
7364
7882
2322
9814
6893
1994
103
3361
5807
2373
2433
10784
39
9537
10368
2348
1797
5662
11041
6881
5877
8664
164
3728
1602
2940
4984
4005
2841
10710
1781
4324
11210
6717
1538
629
7241
5968
11314
2041
5812
9747
6762
4486
10148
9093
3326
186
823
6281
5224
10563
4741
1342
7849
3854
1441
9656
10432
6557
8719
2186
4983
5528
10900
9195
6034
1175
7329
8289
2533
3480
8741
1457
8930
4853
7572
10577
9115
64
6542
901
10322
8245
10249
1060
2709
6588
8376
7780
1828
9361
10119
6460
9456
4448
6221
9496
6345
10180
9489
16
3732
158
6495
5699
122
6457
9554
9822
268
8109
4060
9793
376
10942
8305
7770
6341
731
139
6244
7523
6926
831
1371
8498
9889
5979
1125
6864
5100
1255
11058
6540
7951
8349
10140
9375
10212
8205
8378
10689
317
3988
8961
11051
2931
5415
133
2113
10674
795
5429
7516
9046
8859
5323
3032
10000
4749
9146
698
9921
3332
11338
9104
9623
3394
207
11232
11361
1823
1657
7224
6267
7579
6819
3246
2766
6096
10219
2228
1202
6114
3195
7184
3362
6810
7458
10070
9122
5395
11013
9182
3221
5616
8034
7113
7587
9108
538
9257
6664
7492
7628
4504
10537
9415
817
21
7712
4246
7402
6019
8679
5110
10226
8253
8778
218
2776
3580
257
6038
9012
2512
9882
3877
4301
9271
1021
1400
5624
1142
2371
5367
936
7948
4649
5519
95
5206
4777
4747
3493
10599
714
8636
10853
10973
2276
8836
5860
8896
11020
2436
647
6315
316
10704
3227
2549
1591
4879
4325
4517
7944
8367
125
2985
7629
161
3448
1123
1056
10032
342
58
100
80
188
2983
3864
8483
8364
51
4644
98
3160
2496
10856
1144
4063
5749
8616
7789
2836
1531
11292
7813
3903
293
10493
11326
3319
182
4702
2341
6842
3631
9276
19
1568
11323
1172
8998
10366
10643
3172
659
8651
5121
291
10111
131
10532
9645
9699
878
10086
8
195
11287
2810
6538
9962
5797
9547
9125
5409
4455
533
7173
3525
2927
6683
1771
10195
2377
5503
8046
9452
7
6118
3112
4830
10446
75
7034
7012
6591
10410
5118
7165
3084
10483
11091
6821
5931
7843
10158
9717
11009
4966
6757
11019
6369
5635
485
8919
11300
8122
4768
1757
5402
3013
10723
3004
9671
10261
4003
6907
6947
124
7702
9477
10063
6853
11071
6352
6566
2295
10478
10958
8080
3347
7909
3769
456
6468
1809
11
280
250
1159
10952
7655
2946
1735
194
3094
8548
8965
413
2916
1749
8678
4514
10386
2108
9900
3878
6204
7474
3627
314
7328
10255
7902
5767
7500
142
3384
214
9246
1651
4280
10078
8673
172
5471
6787
2165
1896
6068
8215
6435
10068
9419
829
3717
3723
4028
7338
8660
2851
198
180
9695
8767
307
6692
4520
3991
5290
3427
4625
9716
2663
11298
1398
979
9945
9002
8281
495
2467
6292
1593
10162
2833
6470
2070
2543
7339
4535
40
2393
10439
10336
6607
3102
6832
3787
9728
8743
5842
3464
10124
4931
6844
7634
8750
1883
5946
7307
2652
7678
7626
5227
11249
10696
9373
10551
1684
9763
8489
3150
286
7140
2659
10685
5671
4604
104
4748
5900
6061
2425
84
10621
7633
2506
1339
5275
2708
2185
2330
327
10544
1484
11336
9255
11034
4388
324
6237
1721
4934
5622
8804
10670
7538
1709
302
3208
8057
10408
3302
377
11325
7347
263
6196
10178
10794
1440
10571
8492
9304
1977
45
3948
1362
6860
8008
7774
7801
1782
8968
72
8941
7892
11017
8148
8486
3282
9784
9639
9896
9070
7804
10716
5708
8983
4259
9986
8023
7020
1442
2852
7695
9221
9469
3672
7151
69
6203
10820
4512
885
31
5420
1775
8703
56
6836
1104
5625
6223
2924
2000
2047
8487
522
9847
9507
11347
2598
299
7021
224
8704
557
6358
260
2997
3273
9798
10458
9513
8861
8707
6383
6410
2712
940
579
1470
6406
9455
3940
4555
3298
2734
3633
9959
11055
3231
1406
7371
187
9545
849
9778
8463
345
9523
2361
6938
5602
11318
745
2292
7367
4228
4067
5302
10995
5353
989
41
6139
434
11029
11299
9399
1092
524
219
3380
5442
106
1437
1126
8267
9273
6918
1519
5328
3546
137
3291
5835
9949
2897
9204
3088
8055
9490
7413
11098
8219
9045
1
6485
8235
9387
7905
3490
3245
676
10365
535
5464
10286
7292
2255
483
3065
6657
134
7869
11113
1513
2031
5792
7824
10617
4074
7671
2059
11364
3665
2327
221
6461
5153
1454
4478
4548
10131
3040
5198
2671
10787
7176
9593
223
5364
47
10536
9685
1582
10835
2653
1655
4183
6861
10349
1785
2600
7664
3982
5404
6059
7815
9897
9689
575
5813
4803
6079
810
149
2439
5079
11086
143
2157
169
8562
2220
4055
4720
10340
10129
8637
8569
5571
320
43
38
5225
876
11369
1984
3970
718
4757
9464
10433
1295
2210
6194
5964
1117
8937
5052
234
474
10692
5788
910
8572
427
8951
6676
5166
4796
3807
1490
8024
9524
10804
1892
9192
3819
9384
4272
9172
6091
6132
7357
10791
381
9309
3499
5564
2765
4730
8243
3818
54
11191
443
4901
148
8889
8175
11044
5078
4129
9495
7639
3641
9380
1049
8606
2285
751
11178
5510
2473
65
7439
310
8111
2563
7636
5194
2336
10031
10801
4004
1913
2580
1134
1730
85
1252
5336
6458
11018
6310
10080
7541
6811
4128
10090
2862
10642
8396
4
4191
9629
8748
6940
1358
6793
4964
18
5351
9772
1044
4817
9404
8132
10040
1450
542
687
3444
9905
1008
1879
10319
3755
6560
271
2296
1666
5381
4323
117
460
2742
5223
2455
11228
5849
1023
2627
2838
7679
7718
8549
9638
9483
6630
10289
5478
4874
8887
9652
10364
8680
179
2159
6906
3344
1760
2370
7539
10679
7059
7043
1417
9501
6464
1903
10416
3115
1659
10071
5127
5777
6081
10420
9034
7036
32
9085
8716
266
4700
4969
1948
7386
10928
3671
11288
1847
5608
4365
7086
4787
9618
9243
8250
318
2061
7075
3901
9229
174
9191
3680
913
8157
7362
4296
5669
2162
11049
7476
10045
5013
4130
7861
10659
6562
259
10076
2616
3043
7753
1105
3171
10104
5748
6994
10808
2413
4953
5676
8221
5322
9282
5095
2781
1274
8898
2637
2459
9774
7449
1181
9161
3985
3272
1072
154
9327
4008
228
2818
1055
3543
10667
9710
8084
9019
11045
10589
5133
8578
6354
3356
1422
6326
235
74
135
4965
4832
688
8784
10123
256
8652
9440
1209
11375
1529
8878
617
2910
10832
6366
2541
5053
3933
5784
3111
9264
9020
5781
8136
7512
9556
11330
8848
7958
8108
5444
6158
8346
4204
10415
2045
6146
4429
1660
4709
3704
8974
1800
4432
2317
5258
7054
6474
558
5928
8088
7990
1099
17
10922
4620
1905
99
9231
6065
4656
10981
391
5532
2705
5261
10185
4303
1923
2503
7592
7010
3656
5837
1839
3968
981
7742
4967
1656
1624
9076
1272
3589
11349
527
1047
5378
237
7607
914
7767
330
9006
6031
10806
76
8442
11261
9105
8598
5783
2454
7134
7575
10436
326
10533
10873
2928
2511
6314
977
4416
4948
264
10466
1631
3063
2528
9519
2806
3949
8604
5430
9252
4441
126
239
10033
8940
1895
10411
108
3113
883
2426
8579
1747
10283
366
1432
954
9222
5480
1106
578
2303
4065
10339
6025
6434
2088
9750
3873
9970
9790
210
1893
4176
6603
549
8958
8025
6278
9903
7513
7376
5882
999
8399
3022
1704
10146
9119
11121
2848
10391
4308
7901
5134
1307
1246
8466
3315
3151
3592
8949
4027
2490
8711
1832
8710
3758
5338
4418
3658
5814
3887
6252
305
9325
6659
9928
184
5550
4080
11337
6491
8735
7959
4662
10558
10985
2520
90
10779
9383
2253
4078
4523
4171
6857
48
962
3879
4637
9484
7597
204
9073
7011
322
4859
6728
49
9376
10060
7112
5673
7514
159
5445
5658
10397
599
2890
146
6044
3328
9110
7818
6229
5388
1693
5221
2
8990
5587
1952
728
2224
11307
1232
11026
2727
5413
26
10418
8256
6690
2662
987
1059
10263
81
7062
2651
1203
315
3581
4659
5613
8374
83
288
9120
10030
6022
998
9407
5451
9320
6721
10618
2644
7027
1363
6210
4123
2133
5729
1057
3093
9044
9907
10830
9691
61
9238
5800
5205
8868
4182
2160
7998
11189
7758
9487
5853
10656
5269
7677
11106
225
7966
173
196
3463
4261
7033
766
11149
4331
3770
8764
2412
4838
7591
2956
5502
7135
8437
11223
4788
2062
36
8181
2932
3534
453
1213
3153
1082
587
4358
6002
2568
2137
10937
5874
5535
10803
10572
3927
836
5490
7406
7261
6761
4475
15
7389
640
92
1012
8556
7551
3786
8627
1485
8085
7622
6072
9013
2713
308
6543
8410
1242
869
166
7731
3318
9214
2030
8310
1451
6880
10014
4109
3912
11357
402
8320
6301
258
88
300
2883
10896
6568
1261
5154
3832
5312
4202
170
4114
4411
10754
2522
5724
10780
7018
3117
220
6992
2971
995
5410
2333
4159
6039
4326
7776
1770
4392
262
7763
6995
3095
6165
136
6413
6298
1050
6890
1774
249
8641
5583
5086
2183
2667
189
1908
5027
9278
8358
917
8726
20
694
6327
3529
3751
3708
10327
11231
11239
6983
231
6225
10934
6
6041
8276
4422
2864
270
1875
1959
4351
961
2369
9374
4355
6475
1643
6968
160
10606
46
4281
2260
3118
1373
3536
6569
279
1482
591
119
3447
6208
9581
333
2605
4946
3210
3986
1510
655
9
9654
6976
9267
7700
6141
1933
11195
236
306
3630
10941
693
5612
1845
3523
8528
3146
5570
4244
8237
7723
5819
9660
10354
9434
10144
6112
10287
10553
254
4180
4062
9768
2191
9574
22
6699
9500
0
5058
6925
2508
2283
2302
8595
27
3025
5028
11130
59
10660
1790
1960
9346
10972
6169
7490
8755
13
5595
10550
3201
4923
2519
8776
2939
3554
9795
9582
1112
1827
2247
855
2176
2984
10938
8665
200
118
8455
7524
9939
9492
4949
5479
2219
3977
6814
6845
9251
8780
1544
10495
1567
4857
6235
1387
2128
6077
713
6359
87
5858
8927
4205
5636
6598
3761
167
8526
11331
145
9951
10312
7556
10528
2256
7207
7488
5268
52
2865
7603
3097
213
4867
6558
8071
4311
5879
772
6809
4623
282
1555
9601
10377
5798
4603
6083
10991
8251
202
8391
3762
2685
6009
215
9443
6227
147
168
301
6556
4243
1447
356
5029
5846
1500
1673
9386
4696
5908
3453
3661
7484
4943
4085
4873
11157
7352
3763
110
9381
1777
6756
11100
5667
1384
6448
9219
7637
2921
8715
284
9607
9494
4854
4307
10464
11185
4170
10879
4252
206
5403
7897
6911
4534
289
5418
2115
5985
7968
8777
79
10798
944
2484
374
3939
4814
5196
6018
7761
9358
6452
4668
2309
295
9391
128
6838
8421
10986
1000
1487
11024
6488
738
3050
4025
10724
6174
5023
8982
10138
2195
242
11341
4090
8474
3725
6625
151
113
10619
1600
11015
6977
1388
9167
980
7750
4305
794
285
7915
1962
6843
6027
11131
123
332
7325
2499
8427
11075
1734
814
9998
8177
109
10874
7288
1931
4151
7473
1668
1407
4056
2900
1766
2917
2513
5693
11324
8097
7746
140
4421
9184
7870
111
1019
2816
10499
248
4221
313
895
193
181
3713
10127
7964
3669
2539
4379
4039
7475
1676
5958
1553
1268
10748
9841
7281
35
3067
2887
2328
4872
222
10725
9923
7728
8206
3082
1111
10469
4545
1010
2117
2564
1128
62
4904
10539
8702
9187
10425
10809
5851
7504
152
8516
8100
1119
7923
1297
6108
1086
2608
8444
7392
9632
185
10292
622
9948
2849
3508
4877
9353
7478
1393
2845
3131
8091
11194
3441
232
10939
2697
4172
686
4960
398
6349
8306
7970
1396
11005
8134
7326
5435
8019
5889
203
9310
349
7547
7727
9708
2502
3349
2977
10603
5599
3003
2172
386
4380
7414
