4955
10533
8721
3917
7270
8149
7283
1841
8980
7416
11027
10489
11358
6886
2014
1119
8443
1514
2846
2905
7185
8783
5987
7779
4507
4724
2755
5722
9502
9847
8277
923
9922
6029
145
11151
2145
10260
4280
1778
8823
1394
138
2870
9970
2032
3179
10057
4106
6281
1364
6034
9505
3470
4611
365
7703
4981
3655
5914
7321
4716
2834
3280
2512
9183
7143
5776
10814
1426
3800
2506
7390
11244
5383
7922
10008
3520
9663
10958
5211
6447
1674
4897
6823
7709
3121
9931
7029
1363
4820
9810
3302
8678
562
7696
4312
2366
10277
2721
2386
5716
4225
11077
7403
10450
8778
968
8312
6132
11046
2383
1572
9442
3428
10305
535
2024
9557
5883
6727
2890
67
2482
796
973
9282
1313
7664
845
8633
4377
1109
8406
449
9882
4133
4201
7619
2027
4078
5861
4586
4927
273
8220
6834
822
9571
11277
9382
1776
7931
177
6139
6207
10984
11364
4195
11140
3456
3425
9825
10415
9939
10411
9996
2070
7081
4774
7556
11110
1654
6868
3995
9424
5913
492
7538
5659
5109
2656
10448
4425
9232
10458
9740
1904
7136
10616
10382
7770
9869
301
10401
8942
9363
636
4295
5897
6720
7690
9215
2316
8439
10935
4165
10702
9197
1468
8217
6127
10968
4572
8793
1285
8048
3514
7814
648
9285
352
1968
2016
11012
658
11264
6440
6499
11223
9357
7173
4178
6707
630
4320
10827
7956
1571
657
7399
11322
8147
7801
4789
653
9296
7229
6931
6089
10053
4908
10484
7965
33
5134
4326
5583
4652
828
5145
7174
6426
4971
2856
2273
9110
5327
7312
10052
6947
4902
4937
7474
10879
8986
3798
6535
4755
552
2601
9624
7189
4791
10332
2797
8505
4525
8516
5258
4459
8900
6922
4396
3975
10940
4840
1284
429
4415
10201
5586
1315
2898
427
5847
5473
7768
6791
9709
7727
3493
471
1379
2733
8487
5699
2589
5644
7544
4294
8446
2013
10563
3890
9121
1272
11199
2208
8887
9512
9796
5761
165
8356
8799
6337
448
8259
71
7874
811
7687
7899
4792
4926
1129
1224
259
1998
7837
144
5352
5995
9526
1819
2095
1009
3387
3136
2735
1451
2798
11204
5693
5534
2232
304
441
1698
6798
2009
2267
1464
7429
9554
1161
9341
1030
3914
4834
314
7496
9634
10276
11215
8047
4080
8601
8939
1786
1061
4198
10481
2263
7213
11025
4259
5884
7711
10500
11085
234
5438
7462
11017
10314
9747
4998
6935
1949
8360
8765
10029
1336
7783
9379
7058
2451
4057
9390
1012
8639
3882
2136
6709
4751
5899
2967
11159
2503
8031
9446
2750
1483
4351
618
4118
2513
4093
1516
8896
10469
7628
11231
8789
3206
4476
5616
8067
2866
8816
2235
6979
585
2359
10051
3290
2805
8510
2706
9541
6873
10973
10027
3927
6056
1162
961
6900
10486
11189
993
1274
4601
952
1853
8013
84
10480
3382
10467
4206
10715
643
8135
3643
2213
846
10630
9793
6157
1617
5769
4088
7940
7031
7378
769
10711
5585
9450
9535
3256
1474
6141
7146
7371
9832
11074
6661
2803
8464
5808
5002
4943
8028
2884
2919
1788
1288
7862
2452
5940
2115
11221
8923
2562
5544
9144
9700
5000
5519
3861
1953
4009
4028
8853
5390
6644
11227
3590
9260
1802
3294
3099
8445
8700
5492
2746
5562
4614
3572
849
1308
7391
7503
11157
2777
7718
1877
863
3810
8195
10999
380
7484
5163
1655
10218
751
9897
80
1195
3983
6929
8946
9641
2000
9786
3311
7887
10254
6164
4405
7071
9059
4830
9113
10426
3788
9670
5370
11217
1992
9944
8408
2437
4941
1036
2368
9439
9646
8090
5582
7680
5008
5319
782
2799
11123
7481
10150
4203
6926
7533
3956
5923
9218
11144
4050
6154
6869
8751
8566
4263
9602
5681
5123
10648
11228
4029
3992
7507
2685
6963
7073
5820
11363
1667
10965
7716
10530
5531
4556
9482
9858
5705
9290
5942
4084
7310
4940
4159
8218
4145
9890
3475
5309
3381
2059
3204
8355
9916
5389
9106
10269
4542
7675
2577
10373
120
2526
3319
6158
3582
7000
3004
609
9625
2144
8447
2829
10137
3736
5087
5372
3784
3939
1498
5840
8174
9976
1885
6984
8523
4891
4370
7413
5860
7284
10798
4117
8093
6394
4870
4276
2804
9626
7988
4273
6797
7951
10771
7260
4122
6742
621
1374
7866
6561
10668
8069
5184
5510
6311
11361
7372
4483
576
9040
676
3474
6800
3842
8690
5593
231
377
7267
9603
4174
10438
3305
8498
4348
3249
5501
11252
1783
8944
53
5509
8086
3482
10575
9041
10011
7612
2718
9347
5983
2877
6542
2688
2320
4169
6219
9034
6444
8254
6058
8996
8805
5301
3213
4039
8962
6224
7830
5465
9007
4340
2769
1238
2676
6836
9593
10960
9497
4480
10236
8933
1370
6256
1447
9063
9330
4219
2439
3026
3783
6575
5063
7163
1704
9988
10256
387
9669
858
6036
10642
2062
3945
6546
3370
2065
2112
6617
1405
9351
9549
663
4713
4478
9160
10671
1663
7450
7336
6467
2958
9779
9227
6996
3334
5089
55
3961
1814
9472
3653
1205
8979
7882
3376
2847
3395
1870
10985
5882
883
7759
6849
10689
765
5657
766
4783
2771
4458
9378
246
7567
6510
9742
7872
6907
9844
281
986
8822
8094
3268
10699
5620
7194
5212
2458
11269
9451
1496
1172
1073
7994
7311
3997
10358
3985
1638
3106
7272
748
6950
9651
3405
6687
6635
11155
8817
10620
8257
3039
3507
7541
3167
6756
717
9616
7845
1543
7654
8834
9654
616
7508
5466
8889
10793
4760
7327
10043
6364
7420
840
6970
3990
7637
9884
5242
4291
3889
10399
2079
219
3869
68
10208
5817
8010
7772
3797
5343
7064
725
4024
8682
8709
1984
6672
6607
10976
678
4448
4321
5916
9717
2496
1903
6723
10805
5595
6483
7741
5122
3001
8124
6923
10819
9454
2764
1116
7505
5682
8040
2337
8578
2907
10518
10226
6960
6030
5918
4017
2217
5298
10588
9146
394
11142
908
1569
1480
3295
8457
11271
7195
8594
6783
10383
4152
3769
9753
10943
4993
3978
6055
2054
8703
8421
2031
11170
7380
10333
8940
7248
7404
1740
6878
4111
3309
9398
1347
1137
3173
6835
5226
6841
10511
6044
3247
7800
8766
625
4798
10998
7607
229
1720
2962
4213
9966
8137
9682
3952
7610
8009
10376
5825
3519
1927
3466
9666
5786
3310
4697
4282
6913
9478
2942
8595
889
5364
6552
1506
7974
6095
2599
921
9191
2643
8812
395
2825
9395
10937
974
10733
7428
6407
10731
5214
5144
8204
11078
2367
6777
3725
7301
182
1829
2369
8081
6319
561
7583
8036
520
8635
1880
503
8663
1121
6266
5577
558
4945
1314
131
6012
3870
7606
11056
8541
4912
6987
11068
8229
1722
1847
5235
8761
9583
2985
1780
4857
1545
8363
8675
9376
5745
9900
10672
4187
8588
4422
5129
2912
10883
2896
1858
867
5413
7497
5541
4894
10954
1761
7616
10380
901
10788
4334
7178
1433
10182
10468
2037
5790
10629
1856
1355
2453
7252
10046
6532
7526
2445
9018
7443
5748
4623
319
38
8668
5579
3102
4987
567
2044
7262
8308
11024
1999
1270
1359
5814
5679
8247
1329
8387
6579
5759
7467
861
1153
1003
757
5440
5245
3207
9209
2666
2126
2186
3038
7326
6432
112
10558
8519
8113
9791
1004
9203
7376
375
3592
4677
6003
11015
8606
4116
350
6578
10293
3226
5549
1103
9002
8166
4663
4563
141
10478
6838
524
7631
3760
4434
1277
778
1295
6210
483
1528
10323
3644
7241
4780
8745
10641
9024
11211
8937
5670
3377
2518
2809
8640
5260
252
5908
5381
10328
1462
2754
5634
6952
7266
10268
8019
8324
8389
8055
6278
7748
10112
7352
9163
5380
1793
8997
5893
2387
7834
9834
8208
9308
11126
3967
4968
10421
1017
3937
8503
3085
5575
2734
8740
4745
1686
11194
3777
11315
10762
9809
6760
6338
6248
396
1787
3442
6302
9337
4004
971
8129
7892
5910
7661
6501
2647
1673
1369
10514
9533
8022
10654
709
5344
10846
10402
7571
10210
7482
11249
4407
9575
464
4807
5317
9001
10202
1501
2524
3357
2314
2849
8612
1862
9628
4672
8044
7411
6340
6435
4873
2660
9960
5856
291
9780
3298
10300
9035
10384
3950
9217
2941
5872
4758
2827
190
10652
3245
3008
8083
3499
7199
4795
3556
864
1005
1910
1160
6471
7334
11042
8354
2118
10765
7126
2430
754
10871
6571
7093
11303
10209
4293
1340
1211
4776
2343
4286
3928
5540
1401
9419
8866
10361
10581
6202
258
10264
8891
480
8809
7280
7059
8975
4759
7145
9304
9130
8798
7923
1406
3437
11006
9047
9481
8143
5605
7930
1838
691
8954
9112
9470
5880
1253
10349
8407
7349
584
3308
5065
4492
11071
2906
4444
9967
367
640
5565
8088
1669
7282
2177
2488
5514
10970
9137
7577
11332
699
9792
11365
5346
10335
9212
6043
6993
2309
2587
4253
9159
1842
3549
61
2999
8099
6520
1993
4673
843
2638
5136
1759
7875
2583
10766
10840
2173
1579
2333
7172
9565
2586
9133
11370
6480
9936
9781
4335
8189
9103
10248
4527
8563
5642
2466
8027
5146
8170
9790
888
1475
9831
360
6860
9636
761
9070
3267
9182
4802
6035
10560
5631
3183
5133
3981
10092
3261
7944
8970
4921
785
1918
10743
6586
5649
4732
10574
1183
8537
6663
2456
6776
739
9305
6688
6817
10488
153
6150
7249
583
5830
4258
7813
11290
3989
6206
10932
5773
2169
5394
3754
1827
4394
9822
4879
9491
8091
5608
11349
6859
3658
2792
7075
3999
10180
7649
7097
1800
6073
519
6747
6862
8002
1694
1229
5764
10859
5878
8171
116
8269
2156
2812
4046
10966
6770
3786
9423
11346
7835
7157
9671
5973
1319
7394
7860
114
3911
3946
10603
10143
6054
1534
1088
2491
8963
3660
6369
7906
5991
10010
3841
6010
3694
10944
8947
2808
9276
494
9258
10892
9092
7698
6009
2691
3864
7997
4704
10495
1934
5507
9331
2288
10720
2392
10880
7791
7006
7515
6289
10824
3544
982
3343
3130
11253
9465
5771
330
8842
6414
10338
7070
2131
6086
4546
7101
4735
3726
4913
3147
8452
7402
9857
11120
3722
7251
1230
1576
1049
5435
8413
11177
2615
10417
2479
309
81
1324
738
6181
6670
150
6175
2716
6513
8989
6429
9223
9852
6986
1114
6331
5787
2378
5257
8470
1325
9983
4790
4008
11275
6875
7688
7580
97
10230
7368
3062
9979
1227
10813
7929
6462
3670
915
3589
5441
1435
4497
7827
10128
5664
799
2932
11032
5902
4393
8427
318
5927
361
4519
9322
4864
9638
4087
2295
5948
5338
985
4916
8244
4730
6306
3615
214
7604
8206
4437
4068
8852
1134
7807
10909
7910
5456
758
6288
882
10215
610
2212
9123
8825
262
10687
9030
1091
2334
8941
8811
5160
10164
6238
2035
3949
4944
7347
8240
2094
9684
10372
3915
10959
830
6965
6762
4900
4549
7937
7982
2052
10263
397
6437
2744
10117
1977
4302
6927
3149
1713
1909
6200
9044
2543
1721
2425
6170
8539
7500
4256
3893
2306
130
6702
9713
9107
10343
6290
2058
4384
3528
10745
5201
139
2944
11270
1645
9515
5053
9480
788
3392
10921
3340
6204
23
1292
4538
3332
4692
4391
10307
10211
11329
362
5635
7869
1149
451
4509
7007
4852
7865
5055
7102
254
3345
3156
7946
5398
6576
8080
7493
5231
596
5838
3883
6827
5654
9917
10341
9087
10902
8495
10475
536
5924
4412
3237
4641
10387
7685
6645
3598
5661
8343
544
3380
8105
8899
5788
101
2346
9576
7210
1825
2374
2737
9422
7833
11114
5988
5851
7440
4796
9905
11368
5624
4667
8361
8466
1897
3695
1395
11274
5804
5137
5543
8182
4420
7815
10355
4574
7043
3411
2427
9004
9469
7434
4517
9675
5354
9965
5712
6081
1512
9498
4762
5553
2241
3735
10375
8130
821
5871
414
1169
7345
2541
11342
9839
3371
813
7528
9278
6807
6186
2818
1561
3053
7756
8322
11301
4033
7986
547
9009
7060
10792
7401
3637
7077
3536
140
76
191
8336
3400
7884
4800
142
4643
5195
8514
1254
6183
4638
5862
7294
10070
2170
1034
9456
9098
6678
8260
1444
1651
1899
11003
7643
6545
4722
10667
8546
627
6148
6398
5858
5852
8764
1804
2155
5054
1158
3710
1098
6303
3122
9170
1383
8782
9586
5818
7684
5326
7287
8508
8530
3799
5375
3896
8186
9599
7984
9293
8465
632
3863
4861
2302
3336
10109
4788
275
4470
10144
1182
11243
4973
1587
8804
7953
5931
10100
8755
7822
6909
8848
4429
8481
5867
8380
6981
7492
4930
6422
3600
8331
9367
9441
60
9349
412
5829
10775
6812
9818
10132
6332
776
2843
2040
3408
208
904
9562
5932
7140
5057
6334
227
6839
298
2702
2476
9448
2245
11060
3472
2025
2163
7883
7517
8623
320
8564
7701
706
4974
9522
5912
4996
2658
6357
11063
10579
1074
9082
502
8713
8286
3129
8141
5972
6082
7377
6758
4832
7218
4719
5986
186
8384
6094
5621
4936
3596
1930
5052
11268
10334
2972
5747
6325
7432
6818
5267
11242
1728
3816
342
8654
8930
6231
6015
6381
1564
4602
1231
3905
2417
2939
7841
9739
9841
6840
637
5251
10724
4635
10800
7134
10178
8886
11007
11103
1522
9985
3277
1883
2553
6203
9688
7233
8368
11318
8278
5957
7525
1546
6144
9609
9880
1058
1382
9868
6759
5542
759
9161
946
6769
7152
3796
426
10203
6614
4983
570
9359
11190
2442
2127
5636
3028
10397
2313
5650
1834
3583
5175
9989
10025
9720
8157
4356
3573
5547
5288
8731
9336
6448
2862
10791
5205
5351
4443
11251
2365
6735
3464
8202
3574
329
9799
10198
1186
8527
2196
1989
10136
3836
9623
143
2952
2389
4464
2634
7885
9508
3018
8735
3312
5410
9384
1611
5962
1371
3055
4594
3048
8902
6730
8210
6708
5233
413
9460
1511
10169
7579
4368
386
6629
2315
8450
2497
7864
2796
6070
8491
2986
10760
6267
2114
6691
3240
8125
9420
1954
5043
2350
2608
8854
9544
9315
161
11134
514
3833
9464
2192
1337
6740
2841
385
3747
2473
594
9704
10207
6895
1218
5141
5481
7699
5400
4229
1242
695
455
4067
3813
5217
6118
7766
9678
8148
9453
11008
3100
669
9672
5339
1746
3341
10571
7878
4887
6554
8696
955
2918
6580
685
5619
5138
333
1252
3448
2663
10972
801
11201
2585
2122
5964
10006
9573
499
656
2603
1282
10005
5311
10485
9249
5504
3253
8647
7640
3895
11047
6763
9861
1440
7362
5993
5062
7098
9493
7068
6345
3697
2628
7947
3488
8301
3667
8303
3366
7366
8416
2753
3338
3795
836
7629
2665
11107
3672
2395
1495
6719
10572
3837
6312
1585
3401
3160
1063
11218
3902
11172
4688
4847
9633
3610
3056
1652
10837
11164
2412
1388
2892
6455
7297
6659
4980
3599
2204
32
1928
6772
571
4824
4285
8818
7774
10586
6441
10151
2800
10651
4754
5304
7589
4010
1894
5279
7264
4904
5274
5316
6736
4698
4094
313
6560
3765
7242
4044
2038
857
1887
4424
1234
3685
1317
9517
4889
10961
3131
2719
8769
8637
9888
2071
6343
10751
6615
1789
8104
5792
10822
6596
7909
11374
4892
2904
11050
7596
7215
5340
3579
10746
7161
2757
4531
5980
8017
5641
4775
2215
10664
602
7653
2069
2731
5581
10048
4821
3495
8497
2789
8978
3604
6383
9655
4047
7689
7710
4110
5358
3624
343
9273
2311
2472
269
8411
698
10748
742
5077
517
11096
123
6896
5237
2230
8801
6819
4536
8587
316
1031
5676
3496
9722
10021
2508
729
7263
10146
4816
1748
5559
8855
2408
3431
3933
1023
11037
4628
9630
5228
1312
9601
6079
793
10453
6470
3847
2954
6959
5103
11373
3716
5303
5482
1404
5729
3588
747
7976
1889
6998
5949
4567
7405
6863
3389
8133
786
4184
10425
6479
3969
6831
5232
3993
2182
66
7810
3239
5505
7557
2080
2228
10505
5240
9444
4156
5762
7320
10474
5784
8087
7226
3326
3081
4905
1657
4362
358
2581
7527
4744
629
400
11226
6147
2478
8072
3255
917
9051
10433
6662
11090
8904
5584
7078
3569
5497
6502
5990
8311
2379
4962
50
3468
8651
1481
5714
8271
10231
1888
7160
8552
384
2400
10405
4942
11330
7130
11310
2344
1094
6620
4613
10362
6790
250
1859
2243
6048
5730
9280
10326
4204
4167
2787
3339
2929
1151
5669
702
6052
6531
9128
545
6272
3117
6454
1033
6365
1354
401
9427
7122
1446
4061
7677
8164
2299
984
7228
6604
7274
10688
4598
1865
10656
3554
10001
422
755
8021
3849
10130
504
11327
8739
121
6549
9321
8877
11259
3594
5768
1318
1157
2680
2546
3752
4077
6916
9340
912
872
403
10714
11084
876
7275
3182
5238
5520
10754
4710
1084
10320
8730
10348
10519
8752
5928
4193
4456
9908
1935
1019
5558
8605
5387
3110
624
3446
6018
9311
4909
1123
2613
631
1605
7061
4866
10114
7431
1758
3021
6524
3210
3273
5672
3654
5078
5021
9588
4721
4113
3097
3461
7044
3938
179
2699
1792
357
8423
4919
8101
1607
9443
7104
10884
10839
11248
217
409
163
6279
9591
7961
6438
11119
693
10039
10103
5921
276
6649
3224
7203
2529
476
9788
9368
9458
5946
1817
6468
9153
10416
2411
11337
6064
10650
10072
5688
2927
1588
1971
2751
3327
9595
147
1956
6161
6264
10304
826
4342
8759
5738
5630
5229
3078
10190
1503
5265
8283
2292
5740
4959
8290
6558
6705
3935
4097
2542
2925
1477
3674
11260
4465
969
1239
2745
2901
7244
2092
7271
11317
5789
1997
3065
3506
3901
7057
2220
8030
2774
3396
8581
703
7322
5282
10626
4365
2483
756
5673
2467
5252
10111
1011
7340
7037
5044
1245
8543
1823
8140
7957
7728
916
6243
4982
6403
8145
5181
11254
1145
6247
8258
245
4177
10241
8504
4553
4170
2822
11313
3737
1357
1620
646
6642
9173
6830
5981
6128
6905
967
6976
5944
5689
3322
1306
7667
2409
1701
6555
5203
6458
4999
11267
2187
6754
7054
2370
1920
3414
5452
2150
710
2498
9355
7695
5528
4284
6287
11095
2632
5843
4452
1184
6919
7576
2362
1413
133
8964
1178
10600
2815
5831
4472
7317
4720
8525
247
8681
7400
7898
3585
2814
9913
9600
1643
11213
5728
809
5885
9509
5248
3932
2639
815
1164
775
9064
4491
7848
290
2099
6785
954
7838
9765
5367
9354
11023
9635
6879
5752
5785
9653
6932
8714
10804
1380
2211
5442
7171
6821
4723
7570
6464
11238
5126
9299
2878
11286
9640
4037
8239
7546
4006
6108
10685
642
4223
5061
6093
6489
4845
4678
3705
10997
5241
4839
1664
11019
6059
1913
6370
10191
6025
7151
3623
3211
1300
10223
10758
5455
6667
10914
4901
3450
8352
7119
11055
3980
8345
5412
8050
6189
4103
1200
11325
11225
9699
1490
6298
3306
3738
8922
7658
6924
3208
4707
6846
3209
6117
3862
3186
9287
9763
10212
5182
6784
5329
3436
2817
10784
9569
3191
9741
5209
2179
339
5710
289
5563
2606
6874
1090
9703
9664
2959
8117
9715
10890
8412
4142
8279
4227
6244
8515
10882
37
741
11360
7373
9255
10238
9990
9524
6376
1460
5950
6466
3711
8232
6712
4584
7355
11302
1677
7138
7925
1362
6211
3825
1613
11182
351
6569
7518
7590
1641
5005
3095
5881
1085
5464
7803
1343
3291
2770
10258
1054
327
3194
7754
9156
10297
6881
3088
3317
9086
7621
1220
10285
9693
2290
3534
7737
2997
5960
2398
2683
1615
3011
3650
8710
6872
4455
2100
1505
2605
102
5185
8590
9833
9801
2167
7357
2673
4738
4279
7587
6583
3215
3808
3547
9010
3524
10244
10168
9166
3834
9534
11299
4813
9674
1156
9471
10717
5356
3781
9180
11331
3880
7306
4426
938
6136
1052
3363
7871
8302
5622
7676
2090
10899
8264
2582
9484
4369
6781
157
4960
1716
1196
7574
5870
9958
6550
3979
10077
8386
2619
57
8949
2728
1409
4035
6518
5312
677
6793
1831
7934
278
2293
667
5215
7560
7141
8708
10073
2082
251
7945
8715
8967
2949
3146
5836
3259
1015
3565
1056
6368
5755
29
205
8928
8511
5900
5470
10007
6061
4906
4541
6038
8338
5281
1209
1025
9608
10697
10122
2531
2206
6179
11036
7200
1449
6251
4639
10085
11202
7539
2648
8738
2724
2704
885
947
8121
3775
11079
1725
7725
2500
8838
7374
3152
1526
419
10850
844
6525
3866
7384
1452
1082
2137
11087
8289
5422
9184
3702
9235
6893
5493
94
3155
233
5799
10772
7121
5615
2402
10439
6643
1397
331
5646
792
9135
10179
6788
4533
9056
4336
2364
2474
3164
6774
9824
10903
10568
8205
10145
3244
2889
5798
10865
2418
8698
1603
4418
176
7202
209
3746
7851
9369
3192
5045
8871
3577
6305
1813
7056
3202
9488
1723
10925
9102
10601
1580
6209
11240
7049
975
9124
8089
2926
9802
9164
4194
4329
268
1202
5898
6461
10915
10750
8646
2714
7948
3963
1222
5917
9812
393
7303
8953
5119
5975
1567
5333
5107
10365
819
1040
5307
3706
1293
3947
3447
7638
4460
2859
5355
7188
7739
3831
9677
2852
1101
1140
3912
5459
6427
8431
7932
3451
4498
3652
1437
2900
9711
6262
3575
5462
2135
11004
3821
11115
4001
3888
9514
4445
7721
5325
9761
3064
8968
11263
6143
11052
9607
7522
1719
5204
2886
3372
6689
6363
8664
10228
5014
2725
6954
8597
3503
2887
5751
5523
5958
111
10681
2826
10369
10587
3323
8172
10038
3638
3292
5603
7247
8779
10636
2222
5775
8966
7032
8178
3250
5904
9659
7595
5032
9233
7726
5264
2433
9827
2979
8788
4771
8534
5733
8203
7846
7719
4212
8341
8410
5511
4580
253
240
3300
7849
3595
9997
10817
4149
10094
8988
6842
3231
9943
10769
10986
8532
1697
2621
5720
9649
10995
2835
5567
7118
7543
11051
673
74
8222
6020
10826
10432
6619
950
5701
8697
328
6040
3356
5952
7519
5656
996
86
6563
465
2477
3111
3076
4439
6732
7485
4
1846
497
5992
7915
5739
6724
10342
723
4717
11149
10066
9078
9302
1726
9963
9555
9552
5299
6989
8981
5612
3383
10059
8723
3384
5153
9933
473
7343
8193
1923
1600
9257
6951
9889
3181
3951
5959
496
2168
4815
5013
736
3266
7154
6361
3276
5302
7053
6852
4523
9926
9862
10610
4502
128
10097
2570
11031
542
10392
4742
11355
4357
8493
5599
7351
6509
9222
1351
10200
4675
3074
6019
3275
2493
8132
7396
728
2146
4803
3476
4128
10009
1341
5443
225
3625
11005
2026
9619
4842
8035
9496
8925
9866
5588
3614
10308
1640
10479
10036
4211
10196
4880
2810
8888
7125
6350
6937
4275
9815
10941
5098
541
3404
3682
3288
2569
10261
10614
435
3491
1377
3059
6870
11187
122
3505
4053
5953
4907
3732
8772
113
9115
297
9930
9851
52
4518
8243
5071
1980
8800
11216
7291
10529
381
1768
10507
5875
2868
7436
8905
3118
5131
6565
3444
4397
11088
7968
7572
2200
6526
4072
5823
9189
4379
5979
10161
8777
5273
238
9582
11176
9516
2202
6446
1106
7660
2017
8393
7300
7900
10217
8065
8958
2948
6824
11165
2166
2486
2410
1216
8436
1275
4372
8960
7499
6789
5330
568
10801
5017
4645
6425
6534
668
5007
6968
9689
6167
11054
5915
6512
6300
8056
4059
4043
10869
7907
2249
5347
6335
6168
126
9324
1177
3591
7928
6087
6973
2272
7811
6392
8287
7480
1504
9271
10205
1192
10289
10894
11073
10251
7491
7238
5024
8568
9566
9208
9587
2594
6047
10838
6213
4468
7117
7617
1556
5448
6116
4693
8184
218
7346
6511
6713
6660
4002
4734
4767
9631
9848
5945
2397
2148
6650
1982
1995
6804
1014
5568
11246
2690
7896
814
8742
6024
11333
1809
2700
9350
10949
3019
700
3120
6261
96
3260
8589
3235
2301
4304
1408
8542
7486
6491
89
4625
8335
8096
8328
1403
3346
6205
8364
11265
956
580
526
10635
4020
11160
5658
2978
7315
8561
6767
10105
10370
10599
6574
6342
4099
2340
4115
4976
3930
7742
432
5753
902
1683
4933
3070
4570
8544
6433
212
1917
9335
994
8248
4655
2209
1914
2561
3562
135
5533
7156
9723
9346
4251
4406
9940
1179
1360
791
1155
257
4989
10239
6153
282
1083
5782
11308
73
931
10808
10675
5186
9681
10868
2933
9875
6962
444
10797
5200
194
8756
5056
2788
6515
4278
7691
851
7706
2349
10779
5901
7369
9972
4236
4337
4108
4376
7069
11181
6686
4843
11229
226
1705
11188
3943
1568
1127
1782
8513
2105
337
1933
3561
3161
8629
7635
7204
683
2874
2066
4631
4676
10119
4292
5709
8458
8298
910
1240
3972
9794
10274
5939
8373
6106
6293
7826
6323
5289
4618
9171
2415
2296
1988
6706
303
11292
6217
1346
5597
5666
1215
6307
11041
4359
5001
7113
2047
4281
10983
2657
2830
10663
3057
4555
4863
980
6813
8370
9313
1087
9850
8273
274
2007
3976
964
4805
1835
1067
9455
9632
1537
6521
7414
6080
8198
10482
8026
2505
4153
5064
14
8943
714
1344
6239
5117
9613
5691
195
3006
4875
1335
1808
5770
5888
3527
9830
3355
4883
6864
10099
4327
8559
5480
6773
10246
7095
8063
3230
7365
4703
6388
420
434
7921
7895
633
43
8402
3576
11347
10080
2106
7008
7598
3508
10312
10698
7187
7594
6599
3360
8754
11045
1331
6333
8134
3925
2444
1411
7430
9968
348
7040
10165
1201
5010
4990
6786
10609
4066
1310
5439
2465
3463
8650
4054
1985
5155
2329
2982
171
5891
10860
6697
3344
199
6353
4551
9838
7181
2221
11247
9538
3347
6867
612
406
1302
1427
6891
1805
4246
5322
875
3922
10296
2575
4689
1642
9551
1578
6226
7740
6145
9754
5994
5216
5042
9776
2356
10719
7555
2993
8615
7344
2579
9706
6123
1415
4844
7920
6417
10584
5508
5779
6764
1132
4725
5414
8969
4374
8109
3597
10510
7010
9912
8916
6016
2578
2833
7048
2277
8177
6633
2678
10252
4797
3620
3696
8299
5124
10812
6829
3835
8440
6710
6594
9405
10770
6595
7084
11135
1644
10527
4325
5757
2687
3899
2545
9661
4500
1016
3398
8326
3749
4591
6230
3724
9192
2650
2428
8449
9150
1393
6309
6748
9840
10167
690
11320
1154
6699
474
3918
9807
8549
789
9291
6066
4347
684
7942
10406
5420
324
4315
1102
5246
4575
8995
6608
10159
1255
3225
4501
4778
5101
7483
5170
3348
8744
5016
10700
11220
2165
7901
8433
10452
6416
10459
5805
8492
486
7408
270
11011
2607
7855
9777
9811
4766
6304
8743
4230
11256
10278
10851
9580
2947
9463
10445
3750
8520
8394
9695
1599
5386
9737
154
5671
2261
1653
7771
3609
10194
7668
9077
3792
9767
976
9495
6882
3636
3390
3641
3467
1552
8729
6752
9038
235
9020
1042
2991
4853
3433
9131
6096
6114
8920
10069
6346
2019
2086
548
3740
196
6787
359
5536
10506
5297
3906
5742
2649
7023
3844
423
4299
7602
4277
8512
4994
11094
1583
481
9977
3148
1921
2224
11162
9220
4522
484
4241
1616
7052
6140
6540
1265
467
2888
9764
7129
749
1525
11169
4104
3265
5968
5243
3236
9066
10204
3713
9782
4440
8420
5404
10709
10895
2525
10613
11167
5512
6270
1349
5236
9489
6676
3785
5369
8621
6434
3677
820
1952
1680
10023
9244
5218
7363
7943
3190
6898
5020
11009
9352
8906
376
5104
4837
10160
1911
2151
9270
9050
652
9145
1488
927
5969
2922
5824
634
4290
7034
5956
10604
6134
3440
6063
10067
7890
6632
7630
10904
3675
3522
8596
8016
7620
4235
4914
3241
3281
10891
1582
1978
382
2195
4972
204
1104
7353
6041
2076
8329
10139
7316
3948
2338
4865
666
9955
7714
1093
2642
8677
7870
6999
2940
8337
2970
5096
5766
8419
10633
9132
7208
2969
3072
771
7243
10444
848
2188
7206
8005
5162
2635
521
2595
715
10662
2363
6903
9426
7190
7148
11232
1146
9267
7757
4952
405
6779
7302
1866
9732
10543
764
3320
2580
1994
8873
3042
5468
592
9307
6957
8018
1062
3661
9016
6463
8672
7955
2694
6559
10002
10275
10718
7792
1679
9946
805
8694
10956
8507
2523
4499
3123
1750
5399
5458
7293
8767
1700
3712
6443
2130
6103
810
25
3965
5270
5373
8781
4858
8659
4882
8859
10265
5477
1832
4400
4026
615
6431
1675
8691
10807
9054
10108
8305
1961
1854
9430
8750
2839
7124
10295
3454
8097
6196
4323
2696
3766
5726
1387
8041
9179
3584
7747
5546
7993
10234
5555
7873
7123
5374
5084
10229
2190
2945
7559
1872
6384
7894
9724
2010
9234
10499
2036
7537
5030
7569
528
4846
1695
8156
9140
4888
7219
6115
5971
2111
11101
3857
11196
10767
4739
2873
8911
11125
10910
9696
3455
9817
5706
6085
8333
837
806
7702
9011
1126
11334
6138
9925
5639
4495
1092
10303
7639
932
8245
2075
10881
4895
1806
4451
4238
4345
1524
9224
941
7916
935
7456
1739
3375
2096
4030
8600
1099
10705
5741
10722
3178
4192
4855
10863
1724
8643
7778
8200
9543
8972
2727
4564
4565
3761
7531
10020
1747
727
1633
6743
6944
6358
10317
6832
6268
4514
9606
7361
4016
7412
1658
6011
9594
10412
1457
2286
6566
321
5379
1912
3427
1454
2705
5083
21
8126
10820
4433
2668
10454
1045
10462
1213
3187
2742
10095
9400
7205
7918
3313
6972
7165
2989
5070
1661
8903
10155
6396
6978
6104
6372
3756
10810
2470
4872
9462
7704
556
1874
7831
8768
8820
574
8628
5907
3158
5841
3762
3850
158
4701
1010
4597
295
2260
3714
6259
1538
7066
3296
10522
10340
9438
5365
6861
10888
5489
9757
2275
5499
424
918
11291
10683
4069
6242
6946
5618
8617
2104
7348
1356
10134
7839
1798
9437
11112
20
5224
4086
3094
2593
7227
4136
3531
6592
8844
783
5445
6669
7295
2983
9117
4338
10288
10175
7536
2707
5578
10556
7350
5095
8077
3545
8849
8604
4848
8379
6544
2795
7784
9466
2342
8642
5308
719
307
10546
7623
1879
7099
10473
5495
5314
6401
7338
2902
11100
2779
5154
3823
1531
5305
4224
28
2434
1665
860
9929
241
8803
287
868
9214
3145
5080
2661
9716
1731
5853
11049
6273
6606
7494
9660
3892
6084
11239
2559
7562
10829
7856
1271
7962
2552
6169
1321
10503
8718
8207
4630
2992
9389
7584
8993
8695
1712
8688
323
4910
5116
7415
7613
9564
2371
5535
2176
5678
3441
5611
8875
1249
4031
5220
3364
2002
3486
7935
9733
2132
1259
6475
4529
8845
54
665
8749
4036
6100
1237
3362
10259
7107
379
7356
7106
2147
5892
10346
1424
6711
10035
6602
5834
4640
9787
1001
10659
6135
10955
6406
3361
7568
4881
4052
5421
8231
2448
6329
9904
418
2701
2644
4984
3075
7745
2568
5135
8038
13
2836
188
1551
1871
5629
3680
457
682
10936
2028
9828
9318
735
10068
5796
10592
884
5360
488
6187
11062
2462
3089
10716
10091
10232
10435
10963
8049
9141
8282
5371
4836
7958
5361
10418
1960
10945
6405
10262
8251
6000
11111
4257
3626
9728
3779
2609
8785
10030
8865
6327
8598
9846
10301
1307
3673
10942
10847
3812
4218
411
3848
10393
6716
2629
9118
9221
4604
3087
3168
4301
7139
5296
7409
945
5
7521
9327
720
8272
1967
10919
2893
6605
2899
2281
4389
5050
4650
1294
6828
5683
5048
4473
3826
8879
8102
8992
2307
8591
8438
6112
3501
10693
4535
4877
5009
2693
7457
10774
2310
2360
5758
4612
2565
4761
8517
3642
2244
1502
7819
10083
10152
8381
3492
3907
10430
4306
10831
8611
2566
6997
4680
1774
1830
10195
2142
9065
3879
1421
4121
10055
3254
4120
3645
5594
7407
2123
3874
4965
8725
7809
852
5385
3686
3640
5795
3733
6065
8819
3791
6883
6507
7332
3460
7211
10157
389
4920
6641
1714
3373
1734
1373
9986
1455
8780
8362
4969
10324
7091
5936
5230
2964
6983
1594
8535
4804
5967
1171
7278
1128
9074
8285
458
605
7339
5703
5854
4772
3521
5127
9617
5290
5763
2457
7749
4770
439
6648
10250
4706
8224
3606
8529
6228
4854
10291
7939
5966
6484
5320
5310
9506
3112
10660
5436
6404
3159
7776
6734
10994
2860
5446
999
6757
5082
3646
3304
1539
9061
9407
9425
8401
5416
6853
559
4543
2287
2011
2854
9277
3671
1342
8977
2842
2519
8175
1959
5845
5409
1065
4462
7780
3633
3548
6803
5695
10913
8226
4827
7542
11179
10044
5718
8448
3651
1166
7879
5890
10901
437
4737
5894
482
4733
10082
6584
1507
3827
8864
6517
7246
4404
7307
9928
7642
10783
671
3681
8924
10975
2677
7458
9596
4441
7198
9408
9982
518
7733
9416
1850
5227
1754
2422
2772
8638
1174
7476
2998
485
9907
7551
3283
9962
7805
6027
8375
2426
5151
966
4185
9906
2965
4244
839
6482
6291
5213
8110
9259
2291
7427
5515
7082
8829
1945
10408
8776
3050
6601
1060
9589
661
9915
1194
1261
10434
4956
1043
2743
9091
284
9366
8983
4367
5552
9076
4346
7615
529
6665
9185
6076
1756
5130
7330
10147
3125
3523
10749
5623
4180
11124
1821
4705
6156
9411
5723
770
7633
9615
9415
6492
1217
9775
8372
3041
10313
10559
9300
3559
903
388
7063
3787
9935
8618
2844
7796
10270
8
1907
8701
4874
443
3365
5171
3368
2487
7692
1957
2738
5275
4310
2197
2102
5419
10547
2404
3412
9149
3394
8814
1006
10063
10437
1634
768
1785
540
8990
8409
2199
8610
10213
1499
7674
2681
4484
3243
5189
39
10135
7889
8573
5848
1221
9186
8724
7646
5384
4221
2283
11109
5832
4642
7980
9760
7183
7611
4831
3044
3755
530
2682
6453
8485
1442
7773
1559
10283
6866
9773
4214
2951
6424
8936
9284
10898
1873
277
8653
7735
965
1822
5110
7852
7341
9746
1489
11312
9886
9719
6385
6071
1250
4777
155
5731
8999
10398
5197
3602
5947
10424
8982
10761
9642
7026
5926
5736
9353
2654
1987
9759
9071
8000
7418
10738
9042
1857
2435
1733
9019
6007
7764
10628
10290
5557
1553
2516
10646
825
5943
3251
3171
9361
3303
5982
2001
1649
6320
9283
10962
11183
8376
3034
2976
1550
11061
5828
223
5977
3068
6664
2762
6796
1425
10589
3526
7888
8636
3613
1898
6918
2784
1631
9910
7722
2050
9785
2760
5253
6362
5027
3052
7177
9860
5315
3873
5460
10541
10121
3108
11076
942
6945
9226
9795
5180
731
5156
10795
11069
8173
10054
9945
9075
4442
10148
8460
8649
6165
10364
9953
9956
10732
2298
7132
7444
7911
1320
743
3252
7672
1434
10487
3929
911
260
1117
1484
9109
491
9656
8241
3119
746
8490
10089
797
5206
3016
4714
2865
8007
6033
2538
7938
4490
7298
6275
8159
4252
216
4469
2763
7182
7318
9937
4528
5887
10557
1711
8786
8385
817
6564
8728
10018
1702
3162
5405
1189
3426
2045
9870
10852
7191
3541
5115
3987
8841
3502
11294
6299
4189
1438
5291
6255
69
7548
2987
10098
10583
4360
4753
11300
9927
7903
4752
9081
5905
2747
3174
2218
8661
794
9694
11075
10907
8797
8347
1112
1039
6858
8162
3189
450
2977
1247
1878
3996
4784
6856
7832
1269
6880
8122
10916
8522
10516
5401
784
7863
1136
7891
1715
2382
7360
5269
2194
3868
9805
2689
7319
1589
9406
4488
3449
10363
1478
2270
2420
10706
8191
6042
2242
5794
6046
5941
8396
1303
4090
5079
2623
9342
4410
10255
8885
317
5011
6098
4100
9459
4042
10594
11102
9452
11127
3856
10064
7575
40
4482
10249
7424
7367
6625
1267
7876
9155
7989
9676
1032
7601
7707
6277
2061
5696
2759
1621
5638
4756
6486
9644
2871
5876
1876
8791
7724
760
1367
7804
4003
6611
4876
8603
4007
1443
5643
2709
438
687
5176
4786
10739
10377
10431
1815
644
10187
6894
280
2864
2029
3971
9262
4233
5592
3898
2319
10407
3968
2074
960
4182
3513
3570
6889
9578
9504
1635
7051
2159
8938
6639
4383
4375
1637
4671
2178
11245
3957
10154
4239
3878
7652
4040
3307
3753
4503
3453
9329
4132
4590
2405
5142
4419
2935
5896
1602
7840
5488
6227
3538
10004
2819
3393
2252
7553
3511
8414
3510
4095
4220
573
10470
2158
5341
10596
1801
8758
3846
5403
10844
2327
9210
10690
7550
398
2265
2785
4975
1463
4146
4207
10302
2345
1110
6553
1257
10524
7447
10366
7135
283
8165
7175
7155
1803
6588
5167
3692
11166
9129
3264
7273
3768
7592
3822
3084
11306
997
9364
3232
4653
10037
10087
922
3748
2023
11208
2988
1392
1772
5490
10243
5285
9100
6673
9789
3282
5587
1055
2622
10874
6888
4051
2128
8935
3859
7644
3031
2920
6341
9172
8557
162
8813
8770
8265
10022
6326
5602
3350
3331
10728
10472
10597
8314
6771
6623
10461
8567
11272
2872
6668
9125
9572
4925
3525
2257
1256
2258
7223
3049
41
6314
4378
6420
879
6495
9959
10682
19
7812
9094
8315
8183
6685
6308
8340
11369
2278
3324
7978
3025
1891
4485
4466
8029
4350
9947
9292
9126
3563
8304
4825
3040
10501
9863
510
6964
1843
7438
4929
1385
2064
3138
11296
8295
3413
893
5234
2708
9028
3688
4096
6573
10456
7147
6049
1479
7304
905
2463
6980
3794
6683
10512
6102
3790
51
11021
11328
7451
399
8176
6282
6045
9621
4197
2521
5663
11154
4828
3516
674
8862
5376
9879
5342
8318
1624
4868
4188
5487
1596
8501
7523
1591
6257
11105
6887
1685
726
8225
4162
8608
5073
1399
4063
192
11116
5607
4019
3815
998
1717
6092
7012
9431
10981
11034
7561
10127
493
6991
11276
9924
207
1541
9685
10649
534
4232
8500
11338
11064
10794
1143
3351
8280
10678
1828
8630
4629
4181
2863
8499
3082
1757
787
292
9499
4558
11343
378
6146
6124
7977
9333
1050
3063
5332
9903
3489
5132
10638
9597
2481
3141
2882
407
11156
2555
266
553
4012
1881
11038
3551
11354
7936
2201
2423
11173
3564
9316
730
1170
8860
279
72
2522
10455
7502
4409
8441
3471
3024
3109
7011
10174
8228
9194
9068
802
7495
4034
6322
8575
1549
9142
4373
6679
2294
11350
11146
1738
3150
6459
816
1353
7277
1391
2840
7245
3010
3622
6317
2672
7535
3886
8378
1608
7472
5191
4216
8092
8609
5368
3734
7636
3299
5668
9236
2057
5626
10141
3504
5613
2936
6292
7712
9611
8506
8689
4055
977
8494
9380
7975
1173
7799
7422
9835
1566
189
9314
2686
4554
4264
9303
6408
5601
159
7753
3955
9995
9252
10106
6810
4262
10422
7296
3242
5717
3104
1139
1554
6820
3776
5393
1629
3286
5810
4932
7279
10782
10811
10084
433
5161
716
5674
6418
8956
10156
8707
2468
538
880
3858
712
1366
10074
8674
11040
4075
2421
8897
4138
1304
2324
8836
6222
8369
3402
9036
9702
1689
6612
4636
2980
1120
734
865
9797
9216
178
10049
7999
7441
2005
4729
1762
10032
4997
8662
9268
4032
105
1118
953
9105
3916
2234
4496
2811
4746
3701
5102
8332
10990
4953
8908
9158
1597
2240
10703
3132
2193
2544
7534
8261
6622
3676
4179
5357
9697
1228
6060
3580
1666
11028
11262
10279
4382
9114
3805
2853
7047
7632
3479
4616
2133
5431
8382
6378
6198
9519
8872
10834
2161
1281
3045
4339
6005
156
10149
7681
4561
6113
3359
8353
724
7847
5809
2913
2776
3139
4493
8585
9547
6906
8415
6283
9279
4190
3423
7258
4654
2164
6739
10908
11258
1790
7777
479
8392
9952
6068
7103
1519
9837
475
7588
3205
6943
2376
9523
599
1038
1430
10855
4576
874
2219
8359
3023
8371
1532
5391
9973
6215
5707
3
5821
8424
5353
7708
185
1000
1323
5521
5015
807
8114
1515
6562
11093
1130
9650
2339
4288
1210
9418
9511
866
5702
6847
2253
804
8881
1626
5496
5028
1181
8521
373
11316
1198
9237
5767
7682
991
6485
9073
613
6684
6176
5985
11372
1428
8066
3909
8959
5337
2157
7437
9748
3621
7758
310
2908
6523
6897
9385
3434
10679
5933
6516
10825
8475
8051
10031
8732
1908
2429
2015
5906
1279
11235
7651
2730
4513
6188
1781
2930
243
3801
5207
456
1191
6621
6099
9104
1026
8991
1513
11013
8365
10845
1486
10047
5294
4728
10727
5287
606
127
3033
9531
7618
924
4978
7111
1844
7197
9394
4150
8806
10086
3683
1024
265
104
9680
4349
1458
1046
5362
1264
8325
2097
9854
2460
1558
4183
3126
7423
6778
7018
7459
4903
3817
1752
4421
1965
7914
9710
10311
10979
10537
2861
6191
4317
4166
6107
10747
6460
8250
5239
7648
4592
9560
3151
300
2775
4141
6199
3537
2034
4979
9477
5397
8741
8023
5609
3422
8746
5429
6450
907
3553
1896
11336
11378
3533
614
6780
6253
6428
1232
5653
4547
8223
4380
7153
1262
9263
4970
10391
11233
11010
5150
7144
4609
1365
4814
4504
3931
11230
3771
4823
4324
2602
3071
2053
511
2373
9143
549
8538
6636
9057
10525
6610
10598
11153
10410
6496
1381
2646
1386
9348
2766
4270
7055
10034
2773
34
3090
7825
7466
10721
2801
4386
6373
5662
3293
5754
6782
8870
2325
1824
152
9417
2710
470
11285
8187
6901
10735
8671
8856
2626
595
6988
10101
462
164
6768
5938
3140
5038
1936
6111
10353
9769
8357
11281
4168
9984
1291
7650
11001
6336
3707
6537
10627
5879
9770
1079
4163
1487
10227
6197
2048
7385
3780
8774
10905
6693
4428
2591
2981
8213
3409
660
4826
10785
2625
4694
10081
7230
930
6925
1584
1352
11147
6356
8796
10806
10686
10752
11344
5411
3699
9447
2960
7626
3720
6229
10926
8757
211
7510
4112
3941
5844
1976
2372
10870
3069
10240
6692
5675
2950
4390
2631
5708
9513
7941
3000
2752
6755
5003
4988
4148
8471
5954
577
469
11257
1207
1632
3487
10319
7425
6500
10611
7789
4328
10548
4413
0
753
4107
1863
6695
10618
4947
10971
3664
8917
2530
5272
10378
7046
3806
3184
1334
7752
6349
6911
7836
9022
4411
42
8716
701
7305
10676
10696
4700
10299
1105
572
6057
4387
9679
7509
1273
3811
2850
5432
9658
4583
4917
563
9240
589
944
210
2471
8586
6826
1708
11118
2590
4648
4818
8720
7445
4175
10843
10836
3745
9017
565
3587
7127
10199
9375
1950
5427
6628
5866
1263
2931
10124
2198
8686
2971
8857
5873
7035
10786
1623
6921
3137
3080
7697
9871
4417
9856
10736
2511
8736
1372
6017
3970
7991
4682
2384
2551
9345
4740
5647
11377
5889
4871
3877
6379
2381
8476
8123
1322
8128
9585
10789
600
5006
3258
10502
18
10360
6395
7162
293
1509
8211
6722
2101
10889
6360
9898
2341
6177
3200
10028
3143
9803
100
1699
4353
5600
1996
4487
3271
7159
4098
7257
8153
8435
9918
3852
3763
6961
8599
4143
7717
4924
5660
1520
6101
6380
10967
5951
1059
9532
10969
3853
6582
7313
9295
10934
3851
8676
8645
6295
6151
4217
2083
10253
3840
1557
1807
513
11158
7853
2588
2317
3457
10991
9485
6240
3958
9062
5645
704
8297
3700
10347
1260
9247
2020
7025
4711
6825
4322
1586
9111
3406
6258
4571
428
3144
6948
5012
6640
3802
5208
1656
4634
4297
440
2740
2867
1749
9845
1836
200
5909
7024
4822
6296
7170
5417
11371
8462
8973
10540
1892
5396
1048
5483
109
9872
948
9648
5140
4544
2640
9080
5589
1612
11307
10404
1969
4799
6265
10350
10605
7453
2407
7893
6746
564
4171
340
3887
7843
7490
4526
10423
1648
6519
5147
1797
1609
8473
507
9198
1492
7854
5503
371
5121
4385
1751
5434
5196
9429
2226
3830
4070
7663
7641
7670
1138
11132
10451
2239
9537
11197
10854
4810
3203
6508
5092
781
10802
3228
1453
5454
5335
4812
3960
7512
6473
7419
6137
2813
2446
8763
6382
224
8249
3709
4511
344
6527
6430
1299
1521
8994
7605
7398
10744
5911
2237
9043
5114
8120
7005
2652
9592
11014
10573
5444
2336
10120
9052
6442
7460
4743
1958
1660
3814
8349
2323
10989
8284
9991
11356
2739
3107
4427
4450
1573
8795
7254
115
9219
6452
6451
5022
8192
3484
6802
7115
1646
4249
6551
5125
1389
8366
3480
2684
6039
3634
1436
3128
4657
808
6316
3419
4961
5606
7506
10634
5076
9433
7593
10911
3101
11280
312
2268
8006
3199
7659
10577
8310
7314
5165
6725
9029
3744
6694
11362
4669
7627
10938
3014
1925
8383
5254
1333
30
5199
9598
9174
10542
4764
1682
3169
3908
3648
10357
7461
4196
8808
2401
10184
6171
2063
990
6366
4228
9207
5537
9195
1779
6939
3047
6671
2352
8003
3321
11117
2380
4626
1784
2424
5598
11081
6528
5756
4267
856
5743
3727
1974
3679
391
4885
8556
5157
8524
7225
744
6159
9978
6072
9165
7816
8660
10924
10123
5425
236
5359
10024
10565
6190
8161
4060
3543
9326
4781
3459
369
5877
8294
8748
7532
5727
6941
8020
1286
2768
4091
7086
5306
2351
2073
364
356
5467
827
8238
1735
7169
7009
3353
604
4124
6766
5059
9238
4431
4579
1159
1206
10050
8867
1845
442
8185
10631
10861
8059
10400
8584
1922
8474
9974
3824
6037
7498
11295
9476
8327
10608
5827
1729
611
10170
230
4731
6236
10625
11250
4260
10848
9097
5697
9853
10684
4849
3552
1670
7370
2831
6245
10723
5677
1199
1529
1476
6390
5826
1931
1574
10013
5463
9865
8616
6310
6753
1947
1826
7477
6163
9139
8948
6577
2485
1069
2540
3246
9242
9409
7524
2207
7609
2399
3809
7919
10371
762
8985
2055
1445
11298
3134
831
85
10056
5812
8965
5633
9176
2514
6088
8042
4023
4608
5069
7581
11139
6313
5732
5035
11137
664
8131
4559
859
6051
597
9751
10951
70
3027
6995
2308
7586
7973
2139
6851
5072
4242
2722
6714
713
3936
11219
5524
7769
1096
9088
733
9370
8625
3772
6917
2612
5735
8216
3274
7554
7952
7214
4841
1647
9401
311
11163
7217
11359
3715
10185
8915
6541
5694
5527
305
6656
7435
4364
4718
9993
9749
8929
9372
3855
9392
9301
7597
7762
4475
2726
5655
6539
4939
9605
6212
4627
10140
9445
9643
7065
9026
2125
8658
894
9981
5525
6249
7016
10457
9440
2419
10773
10142
2396
7775
10490
5778
8921
3061
1144
10414
8684
8821
3913
2669
8593
7720
7877
5166
5437
2557
11224
5999
9899
4129
3114
4610
302
9162
2297
11175
187
7067
9245
10615
2266
560
8955
1610
2185
5774
9358
10093
8479
9800
6109
11108
4573
347
2134
10388
9540
5202
3410
2006
3867
10267
7039
4708
6609
436
697
7867
3964
10637
10359
1901
10153
2274
5193
9058
9003
7886
2782
8592
6184
5855
3627
1547
8054
1081
4835
6646
4833
2138
7337
9178
9558
7201
7755
10042
1710
4977
11150
10875
201
3698
8687
2778
5472
9229
6122
9021
4699
7017
7309
10163
897
408
8858
10497
7954
7829
5192
11304
6410
8528
8112
4578
9951
4736
9037
11184
6603
10665
7990
750
10867
8136
8890
5041
4176
11293
9396
7021
8270
2620
6031
4402
6263
1560
2946
6651
10759
4318
7798
6330
255
3984
8266
9377
10062
6421
3452
10917
6399
2845
75
9387
2335
6928
2756
2077
6855
5469
8053
4354
2713
8052
10309
8068
6375
7694
8945
5324
8293
9994
8046
9610
5148
11
6811
4548
1860
10310
10741
10446
5561
9691
3530
2610
6476
2651
2091
5128
1795
6174
3920
2282
929
7116
6351
5149
7471
3335
11002
4516
3352
9969
11086
10443
9712
2033
1028
1636
870
6252
2729
2662
9093
3369
1619
4957
11314
4605
9033
7193
4268
1008
3124
5614
7079
9755
4076
2480
3005
11082
6053
7359
7913
10403
10661
6715
10726
6657
5837
7614
296
4545
7015
10449
11122
3973
2564
8826
3439
1429
4199
6982
8934
1540
887
8168
4659
6400
2780
8901
4013
1021
6133
8323
10494
2377
2692
8868
6105
9148
6389
9521
3605
6737
2276
9414
914
7364
10886
11152
125
622
5530
1932
4127
9399
4319
6845
9266
6321
11321
6658
7004
2388
505
8428
3046
10617
9998
3229
9885
10520
5172
11016
7678
8667
10781
3083
6744
4665
1053
8194
4951
2618
4809
6090
8869
6704
847
8139
2459
11097
4684
4893
9550
6933
3571
4065
2285
15
6915
3820
3432
10856
3728
1916
608
2229
7475
1981
4071
9312
601
3764
7237
4247
3619
1900
6149
6457
10110
546
617
5746
17
928
8400
5345
1080
3289
4566
9645
2454
4283
9196
8851
586
5415
8987
4463
5271
5091
6078
10181
8486
8196
3509
7335
8417
5506
8111
8039
8882
6637
8551
8526
9874
4403
7133
8167
1672
3316
2916
4681
6522
9725
2256
11043
353
7781
10033
2820
11020
8727
404
3578
8540
7861
5573
10778
6627
2924
2674
2961
1290
603
5447
1187
9168
5284
4105
2767
1131
5719
2895
6131
8624
2558
4344
6285
3270
5491
10580
11319
4588
752
10515
6160
1327
1113
3567
6182
9136
2124
2869
2537
855
8480
891
3478
7019
5074
1469
11351
9887
1938
7501
5031
8717
10977
4352
8733
7520
6717
5293
10980
8893
5692
4298
4135
7222
6616
4081
1296
4850
9328
9914
6590
9895
11283
6062
2494
1423
5090
4126
10677
9934
4210
3297
7002
7552
2891
1810
7392
5556
829
5518
10273
4164
9501
8004
6155
3662
1416
4617
7902
7114
10823
6439
11193
10247
10862
5548
1491
2917
9013
8952
1345
2911
509
7379
2117
6274
3054
2597
9819
2975
183
5550
6026
4311
8454
688
9942
7625
5569
9520
7454
5392
8976
10957
2039
9901
4966
8576
9667
7479
1390
4027
5034
6506
854
2149
1328
5922
7324
5118
8095
2233
10531
10102
1332
6028
10815
8496
10953
10756
708
1744
9622
1970
8583
10107
46
8154
6347
10832
8307
7738
272
8300
5097
6178
5640
160
10694
5617
8831
3325
11305
8057
368
5280
5920
2934
7489
10841
5791
7235
3269
2305
8926
82
4140
6371
9902
3421
10691
3603
3994
7088
10177
4300
812
3458
10294
11161
5099
9500
5529
10389
2664
8792
8484
4715
2953
3438
1662
10551
10116
5081
3391
10225
3871
6119
5187
659
598
5970
8762
1882
459
9428
8509
7558
6675
8199
10873
1743
4266
5777
431
10374
10271
8395
10866
3378
4589
10000
10115
1895
7085
1361
10828
4679
2051
5111
10321
2475
7464
24
2855
5807
11297
6920
5152
1497
6355
1167
8212
1020
4296
11237
9864
10996
3002
2879
3829
6936
8644
4765
873
9461
2259
1906
9230
4931
4154
2175
7573
958
2604
8807
3518
10564
6002
9762
1459
6956
4801
7001
7723
7971
5188
10929
3894
3659
5261
7216
6232
1376
9727
8880
978
773
3483
9806
7426
2857
2823
711
3219
77
6749
7184
2567
8666
8064
1148
2614
6286
4161
7092
3227
1727
5576
3272
5651
8073
5286
2021
8627
5833
3854
6765
8545
325
4313
10534
3940
8106
7072
1309
6409
9548
2110
10562
9821
2289
3105
6529
3616
10576
10570
10284
1418
2109
4747
623
10233
8076
47
7787
11083
9204
10
7904
4205
6857
9843
10330
9949
5047
2119
4557
8150
4915
4446
1057
3221
1068
6613
3198
6908
1890
8281
2957
7511
2492
1601
2501
8276
5765
3462
3262
3133
2781
10526
3693
10186
8160
3629
1233
11070
4018
6910
4240
10395
2741
10282
4089
2093
10947
11212
9023
926
6254
5989
6572
8692
5049
8058
4856
9784
4938
7120
881
6631
3557
6297
9604
10569
2304
5321
790
6626
3741
1639
8230
9085
1089
10368
3403
487
8555
4985
10419
10900
569
7767
1510
4633
7790
512
1966
4524
1124
3166
7149
1766
2279
3385
9855
11059
6647
10742
2003
9201
3223
9169
1204
6280
10065
8613
11066
7705
336
7985
7821
1472
1767
5627
6848
10104
10266
129
9992
5164
7410
5348
5734
1108
10566
1414
8488
1687
4782
9
9829
3015
550
9673
91
4049
7880
1223
1855
9518
8146
6733
421
779
11241
842
3581
392
1419
8071
466
6301
9188
2046
11035
4884
10354
10325
10657
5797
6241
5190
2318
10982
4690
1939
7824
9435
3185
2089
5516
2824
6799
5793
5029
9190
7992
2068
5545
8296
5277
10216
9938
6324
4664
8478
8344
5886
8771
1412
5108
7286
1142
9294
6581
1431
1765
11323
2572
1577
7578
4265
288
6899
4769
4505
10701
10755
4532
3485
522
10833
9343
10768
8398
2438
8705
11214
4471
9253
6021
294
9479
9701
4793
3998
9274
3926
841
11129
1400
5058
10491
2535
1348
3872
5313
10016
10331
1684
8577
3986
878
1555
9473
9388
10193
463
2088
675
2794
886
7433
5433
4658
9306
8547
7622
8061
7760
9152
9559
1133
7090
5801
7600
2067
11133
8275
9483
2966
6815
6805
4222
1562
3721
2322
6397
2225
4749
7080
2592
9371
6477
1775
3910
4585
5485
2641
1533
9119
4615
555
2432
8477
10345
4568
10658
1018
5713
3757
7158
4851
8242
1077
2262
4137
4449
9072
7469
4447
261
4395
9948
3175
1693
9627
8221
9530
2469
10553
4102
8775
1244
2450
5159
8620
8760
679
2154
8334
9892
4041
9320
4481
8418
10222
2416
2056
2695
2550
1893
10590
8116
137
8719
9637
1258
2923
9620
7820
10666
10508
8292
215
4537
7240
11099
6548
2955
7045
4768
2113
10930
639
8931
1764
7963
937
10166
11309
10974
267
4986
9692
5395
9005
1378
1301
6681
619
959
6700
5868
5780
9735
3007
10552
3668
8397
7669
7212
5937
3778
3165
543
899
1796
981
4269
454
6680
8704
10429
4048
6348
9138
9536
3586
696
823
10413
1688
9721
1422
9957
9228
2504
1951
8456
5934
9241
9000
3782
3934
4155
3257
680
3953
3657
5604
3601
7382
10280
1517
9919
9911
6091
3865
7547
2534
2406
10624
6488
824
5019
6129
6377
6731
9154
10993
11255
1812
3517
306
1926
6967
3838
2883
7448
8472
7563
4073
3568
6990
8429
9175
11057
1071
8554
9231
1851
5813
10442
579
3386
88
6110
1086
1417
4489
3318
1606
4991
1799
1530
9584
10113
2098
6966
1051
1456
4287
107
4899
2358
8179
10776
6344
4530
2331
10567
1152
3481
134
7529
1771
5266
7950
7794
11376
4750
2881
7449
10352
1165
6216
3415
8840
5628
7817
3665
9049
10674
2806
3342
1471
4607
2403
1466
803
4332
5450
1007
10125
64
7164
4656
9873
3374
3012
1251
6166
645
8142
1002
11185
197
10245
1820
2436
11030
175
11022
4510
10329
1037
3030
732
4160
8201
9652
5457
9876
5139
3804
767
9039
6503
6994
9808
10927
11279
4867
9157
3532
4366
5997
1448
7582
12
3473
707
4946
132
4000
3490
3566
11033
3003
8074
1368
8518
7693
11340
6014
7276
871
1542
934
5018
10532
2880
11287
11121
1298
5551
1044
1180
3287
2236
8685
1523
6374
10257
3966
7209
818
7917
772
6214
7969
4620
9961
1176
9964
1064
10713
10987
7381
1289
6682
1709
10582
10390
9581
590
2973
7924
1837
1175
10612
8246
11289
1983
6934
8622
2636
3379
9449
10918
6185
93
9859
6557
10286
4748
1690
3632
1962
10041
10647
6666
853
6876
1791
2264
9410
10952
11065
7859
6339
6387
383
5113
3073
9490
3091
10272
8787
7736
4261
2723
2431
1696
11205
7375
8632
1339
1350
3417
1718
2938
8459
5494
7468
9487
9766
587
10379
7788
3687
4662
2549
11203
523
10857
9503
6415
6871
7624
3022
892
647
1840
9714
3180
1884
2231
4305
7323
3903
390
9590
6193
6547
1197
244
5772
8614
11130
2174
7933
6942
10071
1022
1678
8234
8119
9690
7256
7028
11058
232
3690
8103
1944
896
11348
8422
6795
3730
10477
9317
7290
8648
7981
5816
425
6318
5158
8235
1964
7234
7074
44
11198
11341
10595
8850
2732
2440
4083
1975
5652
1940
9545
6465
4838
2790
9323
4687
8268
11048
1141
4392
2894
3539
3135
4886
8012
9393
8835
8550
5526
909
9820
1027
148
8734
6822
9510
5566
10493
3429
5571
8489
9338
4158
1595
7686
4401
11128
2791
9614
5334
5863
3032
718
3635
446
1905
472
6001
4890
9120
949
10645
2547
3843
4958
9045
6393
6912
8098
3358
9867
4191
181
9826
2554
4595
7250
1461
4358
8144
5749
2994
3354
1135
6233
9053
7750
5051
4691
2042
10447
10316
8062
2375
9288
8467
4005
4151
78
8843
9836
8679
2357
2563
9243
6223
7751
3535
4101
1536
6992
1598
8253
3558
2081
5895
2816
3767
6624
6004
641
10992
4453
9662
4271
5760
5929
4139
1548
2670
7003
3742
9734
2238
1990
7516
4314
6413
7393
800
6497
5295
1963
3618
8108
6276
7972
983
8846
6953
2748
4709
6067
5632
6698
1402
119
8377
8861
63
9200
8390
1168
2489
5998
5179
5402
4649
4038
7647
1439
10367
8815
7530
7540
2330
6208
5513
4147
2876
3921
4119
2556
2903
6638
4331
3234
8790
1248
2085
1706
516
2354
8619
3546
1278
10219
2783
8919
2536
5955
8468
7150
1972
95
8912
4622
1581
11138
6850
3416
3944
3923
2573
649
3954
8533
8847
11148
4666
2996
2630
8892
4423
6411
10441
4898
8236
11192
11366
8115
2251
5996
1849
3195
2108
3216
10554
1473
5815
8832
3115
6677
2659
4015
5262
8321
1095
2909
338
1614
2574
7786
1979
7608
7823
2502
9896
8839
4923
7828
2153
11136
6050
1941
9756
169
9842
992
9657
10948
5963
2180
6469
7308
5225
9921
5408
3832
4092
6865
10835
9031
5100
10669
8837
206
2041
5068
9079
3891
5687
11080
1753
5377
9412
2532
9891
9687
3875
10017
4562
10224
1241
2129
2078
2517
2786
7979
9339
5453
1214
5978
672
4928
4660
10176
8895
6884
4398
10712
2246
7908
3036
3759
3465
5283
5060
689
4651
6536
9365
7383
3113
1742
925
8531
4079
3177
7983
862
10129
8288
5903
7221
10322
7388
9402
5066
3678
3704
1943
9083
11261
5093
103
4569
8118
1115
1243
1732
10897
8188
5382
7960
2141
1565
4695
2107
4878
10509
9032
8894
10710
4058
11210
10197
6914
1208
4741
3188
906
11282
10173
5925
2205
1326
8339
11278
1441
9298
3127
7231
1075
2203
500
1212
6315
16
7329
3238
4508
8214
4011
1107
2527
9774
10946
11335
8045
9012
2515
322
7083
1604
8001
7331
8404
8753
4231
10692
4560
3550
7186
4474
6121
4950
951
6074
2183
4022
1330
460
8693
4773
11141
8699
6806
2576
9381
1125
554
1280
3066
5292
6843
8502
10639
9813
7645
8320
3988
8961
2761
3649
10740
7239
5806
8434
370
5323
9975
9360
774
1420
7387
2885
6494
9474
5974
5737
3647
5085
5120
9568
11288
6097
1041
3469
10498
2851
4173
10872
8034
8602
10931
10737
3803
9108
9971
10763
9718
3388
890
8011
3684
6837
9894
6538
2280
7734
4371
10172
4245
3333
477
3214
2443
8802
8015
3217
6367
1973
2464
3839
3020
117
495
10853
7089
6173
6152
1777
1465
933
10704
2507
4624
7397
8560
8138
11345
3248
1193
7949
4255
10523
7881
58
8673
5424
4644
98
532
8152
6655
3529
2214
11326
4702
8574
3959
3631
7785
6125
780
8233
10026
3172
9256
10088
10978
10906
10933
5574
8060
5318
8399
1741
2300
332
7131
9248
5106
10339
7
8351
9015
5328
6591
8430
8309
4621
10483
9344
9334
10158
7465
9373
1592
1861
3086
2928
8403
1122
11171
124
3717
1816
6352
979
2533
8037
10396
3560
1575
8957
3222
533
7232
7744
11186
3617
9783
5428
2248
9528
10471
10643
919
9254
8548
2968
5168
6487
6792
6877
3212
6955
7732
59
2008
9048
6250
7328
2943
9362
5591
1745
6985
6271
2312
9246
5522
6472
1937
8197
10078
5194
172
4215
8163
3608
461
7285
8215
7087
4995
838
5423
635
239
11339
7585
9768
3723
490
5037
8227
740
198
180
3477
9883
7094
8180
4520
27
1185
3037
10707
970
2461
1398
3154
7109
415
8878
11067
7289
1869
7027
8634
5449
3860
10162
10585
939
575
2227
10214
5426
10188
2393
10337
4486
10336
6260
3197
6221
6120
2624
5842
2072
9096
6587
7110
3220
6585
416
5744
6844
7634
9705
11113
6481
6949
5811
10799
9729
2353
3035
4964
286
9798
2645
7168
1755
2060
5378
2875
10192
10521
5430
7478
681
7196
10729
10019
3884
2837
4685
10621
10409
7166
5198
7142
3367
5067
10877
10544
7128
8883
6449
9289
11104
4388
6237
7795
4934
10670
3666
957
8810
2963
5471
9467
8553
6794
263
1305
2715
1219
833
1070
4341
4600
9122
6412
9147
10242
10734
9281
10964
45
6391
10440
3329
8008
2391
7987
1450
4859
2012
8863
7603
4661
9563
5850
6975
5475
10764
3719
9639
1848
6600
10787
10189
2216
6493
7020
7269
6958
9272
5221
3731
3739
9457
8032
4512
35
31
2030
4134
5865
56
1188
5625
2584
3729
8998
1235
5984
7100
9356
7259
3512
1508
9507
4785
2598
299
593
5256
1544
1707
557
8950
7463
8319
2210
6162
4414
3077
5517
9239
2712
5874
940
9577
1470
4272
501
2655
5596
6703
10079
2499
6180
2793
5857
6593
3058
7761
1627
2441
5025
9893
2103
877
9778
8463
345
2361
6938
5715
745
10090
6402
7038
3013
4806
8830
2571
10012
1407
989
3337
4399
9772
11029
1266
7793
5930
5686
2711
2848
4817
1535
3278
3193
834
62
9814
106
1737
5366
8267
8579
4632
8426
10555
8033
4477
5835
9261
90
2897
2394
10816
8082
2736
7549
11311
8219
943
1
6738
7545
1163
7905
8405
3079
8348
3330
7806
7996
10183
10535
4157
7713
7292
6284
10327
4316
5750
10118
3663
9529
6728
10428
11072
8078
4074
5864
3540
5859
221
1297
7042
662
10298
5961
2162
99
7452
10131
11091
4307
2022
10133
2671
7176
8932
3060
4646
8913
10536
3196
4234
341
2653
4862
3051
9668
2004
6069
2600
3982
4992
9055
6816
489
7927
11353
10640
1671
8437
1942
5476
7565
149
1375
3669
2152
7224
447
8884
5572
1467
3279
8562
10885
2560
7782
7488
6741
9089
8569
2990
6023
6218
651
9612
898
9744
22
4248
8669
10912
4757
1268
9099
10504
10864
6077
6194
8469
8209
1915
10632
8070
8252
3399
237
5484
8572
5474
8907
9743
8951
2247
11222
3807
9275
7671
8024
8313
10045
1316
2679
2675
4457
8388
3819
4250
5665
6718
6930
4200
10171
4125
4596
9309
5564
2765
3691
4587
4186
3818
3900
11191
722
5406
3285
8580
2049
4787
1097
8971
6833
11044
363
3885
1924
566
2509
8274
3430
2548
3751
5255
11145
11178
7655
10496
9008
65
7439
7857
5086
4896
1013
3718
3498
3092
1570
9025
3991
9325
6269
10655
1730
8909
8914
11174
11018
4552
578
6974
9738
1946
9090
4808
9199
9213
1736
5590
6940
1358
6126
7970
537
6530
10695
798
9404
4811
9181
6885
10040
6701
2617
3420
4606
4144
6201
478
5725
271
7514
1659
10602
7417
4274
334
5223
2455
5849
2627
2838
7679
5554
10306
10318
6630
4967
7564
6032
6808
10538
9877
8680
8655
8570
6570
936
1760
972
7167
4963
7797
7765
5498
3611
2087
7446
5178
10315
10381
346
7236
10420
2355
7036
4922
7253
1047
10796
6854
5685
5088
1493
1948
7386
10928
498
11207
8263
1868
9539
5637
11273
9177
9618
9014
4794
6654
9206
174
4550
5075
2121
913
10015
9849
2181
4309
9556
8155
3793
3919
6533
1078
4130
3593
8918
5026
5263
4647
10076
2616
3157
2347
1955
3043
4581
1852
3494
10623
1811
2413
6246
1147
963
10653
6294
7959
8898
2637
10126
1763
8607
5105
4454
7683
1072
4712
6220
9211
8451
8158
8483
228
3612
10061
6902
10578
1864
8084
5570
8683
9752
8626
7299
4085
6354
6172
1986
4727
5036
10385
2390
9542
3103
10821
8784
256
795
8652
1276
3555
5478
11375
7030
3607
2596
10680
4726
2910
2084
10513
11209
1563
5704
6971
5276
3233
9193
5781
2143
8670
9525
10386
10545
8346
5965
5331
4064
9932
4869
10220
2915
5802
8974
4432
8828
1618
10673
9823
8706
6474
3407
5259
692
4829
10922
9686
3163
10492
8190
8737
8482
11236
5532
8432
8874
6423
2284
118
4303
11206
11143
3445
3904
3656
3689
9468
1839
9432
10463
5210
6652
9225
4436
2348
3176
527
737
10528
2832
9116
7729
4686
6745
9006
4467
5461
8442
5700
9941
6775
5783
11039
995
6419
10436
326
10351
349
4416
4948
9567
6674
264
10466
2921
2807
6195
2528
7666
4779
4430
1190
7076
7662
4343
11234
1029
4911
3435
48
5711
108
3424
9745
9570
6809
366
1432
2633
5249
4237
9434
2303
2749
10622
5724
920
5539
9750
7281
7220
539
1150
7288
10206
11284
8025
2223
10730
7513
2189
168
9475
9095
5173
581
1794
10725
1225
3418
8043
5500
4308
9332
355
1246
417
3315
1311
9069
3542
2490
8711
7096
8127
3758
10235
9579
1283
430
1630
11089
525
9629
6013
8827
1066
8722
7050
184
5350
1593
4361
9101
10780
9264
10344
3029
2520
5250
6729
9383
4355
9647
7731
8984
7842
3924
10591
2171
962
9980
1902
4637
213
6445
7014
10003
11000
5046
7926
49
10060
7112
5219
173
4330
6801
763
4506
4521
10075
4333
146
10753
3328
7818
5560
5388
5690
2
83
11026
6567
26
3828
8256
6690
987
8169
4109
6008
7062
8773
1203
315
1867
8374
9027
10096
3067
7442
850
6022
5244
9527
2821
5451
6721
5680
2802
452
4123
8582
7967
3301
3093
5169
10830
9250
10549
7041
1886
5800
7599
9736
4582
654
2160
7998
1035
5839
6597
8151
9698
11106
7966
9665
6436
5684
5363
7033
7743
4515
7808
9546
3770
3096
7591
2956
5502
551
4021
8453
36
8181
3897
9067
453
3974
3153
5919
3743
4014
832
5033
8656
7912
10803
9758
5538
8255
7406
7261
6761
4408
2254
7389
3515
6498
92
8833
628
11098
8571
1485
8085
2447
5407
308
6543
9730
2449
869
166
1919
5183
6969
9771
9269
7192
6514
10014
11357
402
6225
5278
8317
10896
6568
6075
721
10757
2018
4202
170
4114
5698
10221
7673
3773
2255
220
2974
1527
5143
3170
9421
531
9950
8291
1770
5040
7333
7763
9920
10893
1692
3497
136
2321
5247
6890
5039
249
8641
10394
506
2667
6328
10356
9286
10058
8358
8726
9954
694
508
10790
6904
3708
11352
10708
1773
10950
6892
10237
2995
6
10460
2271
588
7715
705
1875
10593
9374
9731
7255
3774
10606
4670
6726
6751
1482
591
11200
7265
9683
7850
5004
2484
515
8536
1818
6504
9046
7325
2717
4599
7700
5822
2510
11195
3630
5976
7657
8631
5580
8794
8237
9909
5819
4254
285
4935
6653
10287
10777
8461
6142
4062
9987
2191
9574
8342
1287
5336
3116
8565
10465
2611
5222
7108
9881
9436
2269
1622
9553
10858
9084
9561
4479
6750
10876
2414
10818
2937
10550
3201
5349
8558
4819
5721
6490
3500
5300
6192
7421
2984
3009
8665
6478
8455
7858
8824
9492
4949
5479
9127
3977
6814
3881
9251
10281
8876
655
3845
4860
6235
5869
3098
1494
6359
87
9205
10923
8927
6598
167
4381
4461
7566
7665
11367
3017
7207
7470
5268
410
9397
6589
4619
777
7180
468
4209
3349
900
1410
6618
10476
2758
10427
9134
4603
6083
202
8391
5803
670
10644
4226
8712
3443
4131
5935
6556
4243
3218
11092
8107
5846
1500
7995
582
9386
4696
2140
1226
7358
4540
9878
110
6006
5112
2043
7022
5667
1384
6505
4435
1236
1100
4674
11053
9494
6130
4918
354
7844
10464
2326
9726
8367
607
620
4208
7897
9486
5648
4534
9707
5418
10561
2184
4577
9265
79
4539
9202
4683
374
10878
7268
3284
4045
3628
8014
4668
10988
1691
9391
7395
3703
626
11180
7137
10920
1681
4025
335
7179
3639
5023
8657
10138
11168
242
7868
2250
3314
7105
1703
2539
8910
151
5094
10619
2495
2116
6977
8425
9167
8747
9403
4593
9804
2120
6696
2828
11131
9413
4289
1991
11266
7802
4494
10887
8330
7656
445
10849
1625
7487
2385
7473
1668
4056
9319
5174
11324
4954
7746
3397
2698
7730
6234
248
2720
895
193
835
8262
7964
10842
2703
1676
3789
9060
8079
6386
1076
4438
2328
3876
3142
222
1650
9923
1833
4763
1111
1628
3263
10607
1338
9297
988
10539
8702
9187
10809
9151
7504
8100
2858
10517
372
8444
2914
650
10292
8316
5610
3942
1590
8350
7013
7455
8075
5486
9816
7342
6634
10939
2697
4172
686
1769
4363
4082
8306
203
1396
6456
1518
9310
3962
9999
9708
1929
2332
2172
5177
7354
638
