2361
7552
3603
1480
8953
8976
9946
4913
1568
5810
10969
9593
9192
1171
10937
4891
7458
6124
3050
6772
4392
8597
1307
7919
11018
11121
3392
4796
6595
9229
4130
8711
9701
5409
8173
9232
4069
2499
8873
1117
3745
11106
7636
8707
849
1827
10080
7583
1913
7898
10201
10981
4034
7521
6143
676
1498
10928
5688
3201
1362
3968
8743
8949
7352
9376
6296
7499
10719
10466
3758
7529
8416
6625
10451
732
4060
10725
3748
5013
11231
3877
3332
10399
1976
6129
4985
332
11310
10018
7869
9073
2455
4074
694
7590
8215
2159
5362
4422
2503
6560
8290
7385
4388
6762
4658
8637
9033
5302
1099
3786
2528
4259
3544
6940
3841
5569
5058
10577
6169
9986
7883
10787
4261
4191
386
3633
9200
7709
7201
697
4462
5612
2180
5206
1152
3659
3347
7753
5118
5192
3246
8321
7556
8237
7557
4668
8678
8627
9072
8088
9373
4084
734
5616
7648
1693
4980
7290
4122
1242
10557
4311
2426
11223
3985
5644
10952
7241
6361
10720
2539
8310
5846
7534
6704
6431
7489
5625
7916
3760
7801
6987
10334
10537
11041
7145
9510
4966
10270
9044
2850
2173
5134
8572
1042
3624
10525
6292
10090
7193
6352
435
4142
9583
6064
5035
4545
4874
8710
7991
8229
5029
6158
404
356
8498
6338
4252
9623
3733
2113
8241
2815
5571
5532
1583
3453
4164
1128
6947
10391
11318
2236
4473
6690
7758
1396
3388
7587
8474
9019
9717
944
918
1202
3210
2373
7572
11195
874
9556
1175
1113
8232
6194
9364
6923
6031
1441
414
5565
7597
9691
4379
7214
8268
6457
6301
8702
1363
1974
1585
9921
10544
1092
5217
9387
1072
9977
479
6506
9157
2485
1596
2671
6630
8555
2865
10231
7303
10429
3798
839
6339
2841
7173
10670
10804
7513
5510
3879
3594
3377
5280
6468
4854
2939
2317
3117
8122
8611
7757
6540
11009
1582
3171
9380
345
7893
4446
8620
2547
9105
8038
7603
2456
9061
4205
6656
2406
1906
2737
1384
5666
7261
10621
2196
10572
9626
5338
2146
3216
4285
8636
6473
8410
6664
2712
7027
5258
10927
7070
6185
6029
4243
5086
3592
7123
4004
5914
4953
9923
7891
2436
4160
2192
6659
336
8039
10857
9110
9785
6261
5440
11228
7207
6068
10086
4700
5237
6034
4296
8489
3507
11373
8100
9092
4597
6318
5763
6827
913
2442
6844
2174
5724
9252
5767
8776
6083
10855
2296
6938
10896
5840
3172
10528
2411
4063
9969
5800
2862
1104
1306
3887
8421
5931
4369
5491
2887
2826
555
6237
7328
4946
9815
4988
11034
9287
9943
7702
1790
6235
876
688
8660
6728
2253
3019
4534
1875
4065
2991
1905
9728
1668
8276
713
7033
4391
2516
7982
8696
6151
4244
8117
9956
3669
6871
7326
6588
4975
2090
9582
5121
3094
1963
3070
4649
9489
2247
3755
7944
9492
6926
5837
10779
7101
3331
9257
989
6840
6469
3525
10295
2048
6460
7114
6995
8055
4280
4185
9494
5608
7292
9537
11361
10747
9889
3219
9538
2164
4644
8437
10034
3632
7057
2616
4470
8062
8072
2041
6385
3536
5323
8346
9788
3038
6784
7386
7762
7175
8136
2191
1544
1828
6527
9778
1447
5430
2316
8527
4696
11349
2927
751
10168
9209
7338
5479
693
1371
5854
1962
9107
2954
8364
6845
7176
3530
9900
7836
9507
7925
9246
11024
10377
5815
8864
5777
1490
7824
5552
9501
5334
2861
1223
6880
7451
3763
1055
8778
6976
3686
6018
1019
10493
1432
333
9885
2393
4336
5542
5503
2047
8048
1632
1607
1709
5403
9070
1834
5649
10128
8982
6112
1149
6040
4535
4855
6920
10856
4295
2672
8433
8024
6374
1186
11235
10076
6475
5074
4730
8172
5748
784
10703
9186
8940
7172
1854
8974
2155
6454
9948
9159
9440
6315
1177
7322
522
1424
7396
10283
7750
3843
7896
1139
6165
5792
8080
10972
10502
1268
11301
770
9747
11026
1764
7059
8616
1840
6434
7679
6756
3864
2558
3597
2876
2165
6090
677
872
3464
5221
9632
6067
962
2637
9928
7488
7281
11008
8859
11375
1996
6410
6853
3751
6572
4964
3832
3245
11283
6996
5234
6604
2199
6790
10347
4747
3447
4947
9795
9282
357
6906
9183
7915
7901
3450
3561
4073
4322
7884
8758
1071
2188
4301
3011
8256
9115
9271
7518
5734
10365
4934
2775
10030
5783
6508
8515
9545
3723
9237
10158
11123
10791
7591
3529
7271
6707
6556
3041
8867
5731
10483
2549
1126
1369
9750
7538
2147
5595
11249
2386
4923
823
1624
2403
2276
1602
5784
10853
1785
5214
2054
3033
8091
8097
6298
6821
10000
1417
1303
10439
6334
5224
3818
8748
5194
8177
11099
8199
11135
7036
1744
8031
6891
10501
557
535
8304
10287
4573
4636
1730
4018
7371
2639
1463
3100
2765
9865
10941
2182
3209
1979
10180
5964
4749
1049
6944
2890
2900
2872
5651
8562
9609
10144
1722
6354
3151
2551
6208
4967
8719
10186
9605
6136
1892
6059
2069
8245
4028
1082
7998
5364
4960
3836
10741
5136
6259
1470
5527
6038
3716
910
7140
4675
981
3728
6349
2228
1621
1777
1781
2847
969
9708
3951
11221
9137
5974
10558
2782
10794
3658
9997
7409
4735
1766
3788
10074
7861
3907
1352
5944
10986
9667
7429
7571
3236
6542
11323
2265
7685
7034
5186
11013
8951
6244
10648
11020
10254
9304
3451
10571
9534
9163
6991
3866
1484
8250
4326
374
10009
7045
9108
4997
8861
7419
9618
8104
7011
350
2088
2520
6866
8085
1457
8025
842
10357
7581
3939
3470
11191
6482
2459
1209
1972
7695
3141
4741
2160
2458
11251
2921
4159
9381
10676
11288
6699
7478
3111
3988
8096
817
6131
5639
9495
5583
7191
5599
8993
8396
7622
7291
4901
2653
9325
7130
3328
2185
3673
9343
2032
7020
7677
11289
9117
1612
4709
10499
3082
9843
11049
9415
3656
1567
2836
4584
1297
2019
5836
7436
11300
10140
7575
10850
1159
2806
9585
4920
3878
1735
10812
7573
5018
5838
4543
5528
629
10253
1830
11014
1407
9953
3642
3508
8071
5053
9660
7080
3118
1119
11337
1855
3349
3434
6114
5866
5245
11232
6203
9445
2819
4108
10606
10078
6562
8732
9515
9021
8787
9385
9452
812
11295
10129
4475
3181
1749
5104
7948
7634
5673
10679
2433
9636
4520
11130
7334
8741
2000
9329
9513
5798
2115
8999
10536
6968
895
4514
474
6268
8267
1011
7804
6089
2966
745
5393
4492
6893
979
11331
1528
1771
8057
3933
7340
3239
8455
10659
1760
10519
9905
7712
9419
1519
2302
10131
8098
8391
1142
6557
6488
4228
2264
2309
5289
7958
3829
8726
7132
10710
4272
11325
10393
10346
3286
7086
5568
9926
8516
7984
3499
8035
2210
2864
1689
9076
8927
4637
10748
9916
2605
731
10626
9638
2256
5946
10806
3581
527
8023
9763
1489
10689
6613
3146
9952
10336
5388
9191
4374
3315
1995
9649
2262
5197
518
391
7483
9480
579
7449
4087
2810
1261
6327
8467
7524
9768
8349
7054
4733
5968
1815
3012
7222
11374
1676
1125
4151
5358
1521
646
3490
460
11025
9407
11326
8784
1876
11298
11230
8930
10784
4005
9082
3770
5785
11210
7547
4331
10297
4948
2417
4455
4853
3732
5827
5813
5697
587
10550
10384
5835
642
10169
5555
3727
11250
2940
712
4176
10724
5384
7761
1012
5797
804
1059
9161
10563
10803
8502
2910
1370
1181
9580
5613
5564
6820
2494
5480
5807
2311
4264
4236
1531
10690
9002
5490
10408
11194
5408
3160
1127
1791
2718
6132
1553
10195
10045
8675
349
6721
3502
7382
8134
5268
543
1343
6027
5457
2490
3298
4562
4183
7205
2562
2924
3275
4346
3318
3605
1608
7932
7353
4325
4297
9203
7242
10354
2024
4688
4077
8549
3762
376
11277
6838
683
4047
5212
6452
3074
6022
427
686
4067
1023
10416
6283
1400
5814
2374
2496
2425
1538
6044
2283
1948
591
4871
9549
4857
5444
8764
1220
11019
6474
8308
1010
1673
6761
9172
3812
961
6825
7724
3109
1388
10833
11149
4025
10316
10532
10832
2564
3569
911
4830
3516
1483
1857
2907
6811
3097
4308
8944
11371
7668
5985
10249
5658
6002
930
1657
10674
10323
2061
3003
4729
8234
10414
8604
2480
10124
9441
1440
8399
8650
2371
1358
2667
6225
6503
8535
4180
9384
3768
4323
7500
5587
9283
3807
9179
3153
7718
6278
8307
7389
8149
5078
8569
5819
10958
9346
9081
5794
10551
2808
847
6752
10942
3355
1451
6196
5765
5352
1252
4872
1800
3891
8798
8972
1839
11315
3380
7849
2838
8305
5225
5908
610
1660
1060
5676
2362
4003
11107
3406
4615
11050
5115
4817
2106
9309
8374
5708
5418
4757
3147
2245
10213
2327
2928
6861
8882
10436
3631
8181
5290
4720
2369
3977
10802
9125
1450
5179
8034
2330
4945
8919
7075
7811
1908
3476
8682
10619
9699
4787
1094
2983
6814
6535
10839
883
7746
4702
1901
4656
8595
7700
337
4943
9217
8251
8548
8579
3102
10533
3734
3043
10766
7770
2972
4128
1770
11156
1824
5770
728
9113
6014
766
10446
7151
2298
2694
1529
3266
7306
4585
9422
1364
5402
7347
10252
8862
10060
2754
10780
2650
8961
10600
8715
844
11224
2468
8524
5468
5842
4086
6019
6637
8132
11312
5977
9491
10461
5005
2325
4625
7699
1931
6411
10229
2484
1021
1933
1977
10830
9034
4445
2917
5624
7843
5167
1858
1843
9109
599
3926
9904
8161
5027
2157
6358
4667
4859
6683
9657
1454
2845
8457
5187
2609
4676
7892
7951
5849
1426
10704
10808
10913
10611
1846
9903
922
5052
10618
8261
10696
4463
9184
7254
3044
3700
9379
8671
10008
9490
11029
6725
3302
7966
8895
7504
7329
3195
10138
3946
6591
3665
11330
4135
10869
7010
6717
9639
7664
1823
7818
9394
5223
954
2502
5328
3671
8487
3888
9882
11213
1380
7905
5282
6914
11225
2556
10014
6289
4983
439
1069
11045
8598
8046
11324
10319
8517
2663
9772
794
1734
8386
7474
7774
