6261
10030
56
5237
85
328
10144
256
164
61
124
9772
8031
257
6068
804
116
103
318
108
137
3012
5280
231
320
19
30
4573
4065
2983
182
317
8251
219
9161
66
2754
12
107
316
148
7557
1343
149
2316
227
7353
4988
290
89
3315
11050
9034
86
8579
1426
73
3665
292
9407
10563
1
14
281
1839
324
82
114
5490
179
9157
98
1480
8
6947
6292
67
11020
10287
64
41
7898
312
305
273
11375
5186
4735
7500
201
174
9283
7489
99
72
287
8627
267
6540
3751
5639
3464
11024
8864
102
9082
6410
31
314
323
216
6022
10168
184
3977
42
989
9660
3758
10334
4473
322
427
319
4018
3891
4295
172
8719
5792
2245
21
2311
303
277
330
183
2782
188
263
4946
2157
175
272
10391
2264
9441
294
150
40
3864
233
218
3318
10
169
173
223
1261
9440
315
288
3
7242
6814
2024
9556
132
245
8527
24
3195
10451
204
211
194
3392
235
26
6358
4702
133
4
229
162
191
7132
4374
45
10626
44
732
2247
4422
190
474
91
3298
39
92
10544
217
141
5842
240
186
8927
4331
1306
308
304
250
1490
154
68
166
350
10571
1142
5457
337
842
143
310
50
165
6339
177
161
76
58
9422
10213
5179
300
224
847
11223
249
7801
6434
376
226
142
11298
326
3561
100
11251
228
3044
195
5212
9513
8758
280
220
1824
53
286
5765
11009
11019
10128
296
6136
262
11
225
88
543
243
7915
823
535
1908
8268
268
199
155
2327
70
159
2188
97
37
688
9501
20
38
5289
299
1483
93
9304
32
4392
6
327
196
3070
646
2174
176
33
65
8433
9926
274
7529
922
120
112
57
1470
4067
156
3153
9626
1528
11249
3275
119
255
10316
3019
11018
276
264
5328
7998
7130
307
1843
130
7057
10060
3011
676
3659
236
5338
16
214
187
271
9229
9545
234
2406
9
54
139
5
325
1055
6354
2862
74
122
254
144
2910
9946
129
51
1069
239
9638
0
36
265
302
4757
10550
27
135
745
6840
7214
221
8467
2
10231
7429
237
4855
13
63
2296
95
77
1021
247
5697
5977
3266
3100
8562
131
7
90
1933
5815
104
6820
961
259
200
118
105
8620
241
297
251
5625
3812
210
5245
1209
9583
3933
2876
84
3788
591
261
642
94
125
153
209
48
87
1624
336
171
127
167
5583
258
145
1730
3181
136
9943
7843
4615
1371
1424
8961
178
52
117
2484
291
213
1632
8177
5587
163
75
10131
6991
6059
170
3355
282
1011
5783
10377
8173
138
306
55
160
202
8391
230
212
59
1544
1709
22
6656
147
168
301
121
115
5136
1484
8660
5613
1770
311
244
238
9605
3453
101
6527
7648
4073
192
9073
69
46
7191
110
1735
215
10439
1362
9021
43
205
283
2921
8399
284
7303
47
60
197
7919
8038
34
206
158
29
289
3887
5985
126
79
7718
208
7849
10080
6327
6790
10018
295
128
2160
4817
1268
270
17
8982
8161
242
5418
8474
151
7750
10619
3632
252
6194
1906
6821
275
285
1962
189
1171
4535
123
8023
2499
2362
2653
2940
109
25
10384
4151
4948
278
146
7114
309
5837
140
71
269
111
9252
81
248
157
313
193
181
2456
49
4379
6454
134
279
1553
8039
35
1657
817
4872
222
207
83
28
3470
10611
4252
321
62
4142
8172
6318
4709
2808
6469
152
9346
23
329
9717
8024
8199
2069
6825
185
944
260
198
10690
78
7478
253
3926
232
113
180
6349
15
4191
266
80
7326
2061
8569
203
4543
349
96
246
18
6725
106
298
293
