3181
10491
10516
9258
10662
6157
1609
10656
9454
328
4348
6092
475
3910
8814
10675
8767
3893
10027
247
2584
9212
5098
8072
5211
9773
138
9495
1517
10453
4896
2235
2626
8135
969
2369
1657
4890
8205
195
9700
141
1302
10282
8682
2426
4570
11368
5302
4686
10146
9508
2603
6312
416
4602
2773
3074
6827
5104
9077
2836
4442
9669
269
11300
6849
658
1275
1103
4146
3523
6376
4096
5693
8674
8494
10592
1619
698
6261
9103
5676
4469
4421
4973
7557
1046
9375
1720
5944
9312
6059
5830
4301
7118
5804
10766
37
11076
7962
4820
8245
4142
10462
5237
5311
5202
4118
5432
3138
11315
8818
11281
3069
3464
1011
11174
8278
7699
9489
4848
3634
4807
6176
8286
226
9748
7521
10035
3300
5921
4959
10909
8088
10788
10570
483
11031
2128
10300
9704
1951
9087
10728
10169
1832
9753
8523
6037
10885
6269
5989
10558
5897
102
6898
258
2466
899
8675
4365
3258
10254
4187
9345
9220
4889
11077
8640
1814
7620
8689
731
8630
1378
9656
477
844
3123
4528
1936
6346
9913
5574
3160
4639
10712
3183
378
2442
9208
1827
11017
8462
4006
549
9982
767
5674
8230
9824
116
3466
3810
8560
3888
9398
3350
4133
14
595
9091
7776
212
9221
9904
10563
275
3602
2082
6161
11218
1131
1627
1481
857
7052
376
2000
1711
7241
3769
158
2866
11073
4846
97
2662
10296
2622
163
4369
66
4830
4801
437
3918
9209
3975
4128
1183
2192
5375
4996
11101
1914
11286
9714
10936
3273
8243
1161
676
6835
9862
8080
1801
1440
8290
6453
11093
1879
2946
11246
6910
8272
231
9303
8287
1460
3624
8782
2024
10173
9273
5210
2901
3788
6947
8610
350
9609
5440
3019
8528
9747
1164
909
2507
6675
8543
5127
3011
9514
8929
10642
233
2147
5178
5155
2115
7915
1140
7744
6946
4832
8439
10797
3636
8798
11127
1306
8294
9448
5413
4549
9916
434
9799
3308
4404
8416
1577
550
6297
10630
4340
4677
7852
11366
3864
8260
2224
8873
1393
5342
5139
7303
5663
4049
9111
485
10723
6642
9412
10808
2489
274
8780
7009
6499
8836
3110
3254
8805
6340
2288
2849
10033
7456
194
5013
4362
11278
8146
4592
6212
8125
9721
6342
1469
8842
5780
7898
9222
2906
2036
3873
9694
7997
7173
11329
2734
8477
8045
3209
6818
7399
9337
6268
11374
1331
4290
7727
11155
6009
6143
3484
68
2958
7418
7101
2511
10407
4057
5343
8090
5186
6851
4171
6699
8885
94
7672
1068
5107
4196
1094
6813
3939
10307
3927
3358
9244
7492
530
8981
9005
701
2932
2047
9788
5352
5217
2127
6438
5111
1252
11361
11299
5409
2786
7004
8714
5646
10452
7531
10419
10121
9636
9379
7853
5435
2847
5138
641
2384
8292
4240
7314
9767
10779
8943
7500
9050
3198
9455
7548
3476
1463
8778
4864
8275
1785
11277
7454
830
3169
11260
9376
3248
10141
3936
11043
681
2199
7512
3933
7872
6601
7963
683
4795
7944
9161
7046
470
5383
8418
7242
5730
439
8183
5768
7780
4961
2931
6282
2368
7263
8433
737
6788
1157
9034
2606
10020
2311
865
1023
2316
11203
5208
8515
3850
3755
4945
8089
4589
828
10068
10961
8896
9118
8065
10308
2463
8822
8111
1491
726
7849
7070
11166
7459
7923
8753
9361
6551
9334
5231
6607
1085
5661
4478
2376
7458
10093
6804
9131
4980
6781
1104
131
6939
7246
7718
4044
11055
7525
7282
3131
2566
3299
2589
8598
8485
393
2575
1738
8633
3696
661
2069
4710
6255
9417
8939
2929
3812
7430
2161
290
9559
5593
1042
1442
1780
2371
8113
7415
1643
6289
5125
6944
2997
4772
2188
3109
3824
7396
1401
766
8972
6712
9384
9624
2890
3737
521
10719
2228
81
9874
7338
6542
7909
5968
11081
6468
7474
3589
958
10256
11107
1025
365
819
6074
8650
7154
4836
8165
8549
8678
10226
3192
1580
6435
3378
5535
4584
9623
3470
7034
8251
10711
7043
5436
3949
7784
1888
5865
3348
2731
3213
10810
4030
5916
11365
2470
7245
4346
4969
5964
4844
3815
4122
3038
10994
690
4445
5298
1272
10128
1704
602
8176
1677
5206
3034
10081
11008
1371
135
140
6763
61
9102
2983
3688
7635
10350
2338
3269
3874
6471
2362
7296
1528
6537
5891
6916
9255
1734
11373
1171
7140
3987
931
71
6595
3851
3676
1012
7357
5253
7232
7509
2680
5528
9926
6731
5212
10396
10382
10869
7914
8596
3660
840
3347
8376
5597
2153
5102
709
7929
604
5720
257
3879
4034
997
5622
6135
2955
2694
11280
6836
2079
10804
2873
5053
594
4177
3382
1968
2922
214
6048
6645
11346
5743
7600
3030
4799
5420
6005
10917
7216
2516
9972
11349
4543
10252
123
4938
10024
3941
7506
7002
2066
6996
11146
7982
2187
4188
5197
6256
4984
2028
7611
1531
1097
4791
5731
4618
10433
8755
9179
1437
5254
10179
2439
512
10399
4170
10335
9263
5982
9587
10629
474
9198
1610
9164
720
8887
6924
8315
4447
10687
1776
3383
2295
2421
10749
10005
11137
234
5723
150
9074
2552
1426
2144
6784
4713
2467
1443
9671
4299
9435
2387
6231
4675
5903
571
2377
2907
8593
7343
813
1015
5049
3421
10283
9848
1984
5233
7539
9172
8210
9990
5150
10011
7405
8091
5549
4402
6711
2508
6959
9599
3802
5543
1498
10189
5103
6821
2226
10720
229
1364
8459
1545
10390
8264
6427
5812
2402
3841
165
8918
1639
11251
1303
5504
646
9830
8644
5429
8001
4306
209
2196
7975
4505
5838
6855
3140
1041
4072
11128
7460
3712
10359
3643
8475
6535
5845
1232
1383
5624
5097
432
2986
9464
8535
5796
5466
7804
839
6029
11050
9217
7695
11364
7326
9549
7511
10478
6950
7702
3716
1204
1743
8990
1927
9458
8047
2729
6772
4473
5717
2815
80
2283
2195
837
3050
10559
6170
4788
11228
2186
5836
10320
6584
6810
8247
8345
5951
5994
2796
6459
7958
5763
1708
9415
10771
2099
7704
6383
1757
9267
8402
3444
8894
1823
4874
8172
369
6203
2097
11116
2033
4559
7423
323
2458
3179
6338
8022
2981
1655
1543
2416
9970
8476
7649
10213
5933
714
9466
11016
7948
4100
1475
86
9743
6028
4496
9287
10567
3707
10599
11096
3757
144
5898
10244
2709
7884
8791
7757
7676
4943
7706
383
5515
2386
2372
5739
199
3321
8967
4897
5941
7360
3266
2650
2555
6041
866
4833
3868
8055
3346
7199
8280
10527
10733
5389
2054
218
10180
10984
6983
10338
8606
4816
8534
7916
7165
9024
9632
6573
20
9572
6727
3405
9313
9876
2641
122
9794
4112
6707
2464
9283
4983
8225
7920
8049
2506
223
9308
885
7532
7377
473
3257
4298
7074
3534
5321
1768
609
3200
8917
6205
9611
9041
7404
2094
914
9795
182
741
1065
4789
10373
8460
449
329
6659
2677
3778
53
806
304
2298
10261
4285
2872
443
2260
6096
8413
10295
7239
903
1602
10554
4617
1323
7037
526
3361
2400
7523
700
3044
10813
2865
1342
1200
3859
9858
7259
7556
1702
5180
750
359
3370
10067
4855
1318
8457
4219
868
954
10529
817
1917
10018
381
9933
5844
11270
3291
3236
1751
7003
4218
2230
7191
5079
1504
2513
2649
2450
8195
2610
3848
546
7637
10016
10999
7951
822
3801
7340
4
427
9996
5426
9406
7129
2705
4937
8563
4824
5284
1189
1123
1503
7085
1941
3985
10365
7883
3995
407
6880
5658
1234
3187
10789
11172
6746
3041
9160
4374
5732
1572
1098
5510
5764
1462
9469
3111
6021
9070
8054
10944
8109
5483
7639
1876
7568
8303
6454
2335
2913
10415
3305
10137
6414
6196
4852
9061
5475
9899
9538
10334
4881
5581
10437
7267
5153
10255
139
736
7942
977
6118
1697
6954
2501
2077
2118
3911
5355
414
3223
73
9084
1307
217
568
5977
1430
3054
6139
11339
6165
11039
7724
8993
6812
3402
4613
10824
8092
4353
2635
10136
6998
10232
8701
7538
11214
2131
280
771
986
11223
1594
2240
10512
10648
379
5710
2320
8600
1369
6361
5270
5358
6541
6891
4051
8668
6484
2159
7779
4972
4517
1375
5595
3951
9163
4682
8010
1815
8815
10094
2165
1003
456
10204
10530
9648
8420
5442
6610
9785
11114
2623
2292
9633
7008
2995
7823
4701
1224
7051
10418
6907
1511
9363
2580
435
3231
5158
8396
6847
7759
5701
8809
4849
11187
7809
10474
4853
3384
3461
297
8864
4238
5578
11118
3930
2327
9789
5092
1117
5203
8663
9857
9901
6464
4415
3637
974
1591
2257
2618
283
4917
10412
6581
6732
11132
7228
10498
8208
667
677
114
5427
33
6430
2274
9318
9439
9497
1674
9242
1993
1362
10827
1178
3319
4490
2090
10023
6257
6782
4476
6140
3680
9928
7685
5587
8408
1845
1182
1014
3413
8729
4703
4502
6102
9977
11310
3946
162
1095
11112
2302
7508
9485
7811
5459
3746
1434
684
2831
6752
7629
10461
284
9125
7132
10348
5462
3525
748
3203
1255
10247
7815
4750
8218
6802
493
6926
7273
2169
7882
8930
10634
7984
8763
1410
728
7994
5166
2146
6777
10410
1907
4803
5245
142
7175
8969
4809
9850
10139
6870
67
5351
8527
8138
8036
8304
4396
8754
1313
11079
7018
401
8035
4181
912
7307
1337
6881
6079
9886
7571
8389
11275
2774
4020
4089
11330
7233
3617
4711
10847
7099
5750
8141
3507
11227
3004
8232
8636
6558
9882
10411
8398
171
51
6316
2829
4944
2418
4315
9422
8481
11100
7921
4284
875
5937
6401
4321
4514
3894
6375
177
1351
10185
11042
4640
2296
9751
3356
5142
6351
5338
1010
5959
5171
6273
9555
6861
6501
1640
4345
9477
3828
192
3783
11316
5492
790
2833
7607
5707
10949
11242
8099
10759
8364
11034
1060
6724
680
887
10366
6991
4734
4861
5251
8451
2346
7544
11045
725
8742
574
6187
10600
3595
5960
10167
10455
4535
2706
8149
10919
2647
1379
5076
749
4255
3082
4913
1858
4796
8696
8445
9178
3171
292
4875
11071
4067
486
8723
1445
6608
2343
1392
4266
3561
11307
3245
9903
5857
821
8175
1317
3141
8516
7124
10957
3088
9589
2473
10798
8222
7825
6244
3334
6309
3969
5213
11259
260
10784
4728
8334
303
207
4323
6482
11038
4669
3594
4061
4891
3825
3785
480
2961
60
6877
6606
8069
5214
6177
5761
2780
751
11063
5555
864
153
10941
3355
8979
196
4441
8117
4448
9271
2524
291
10111
7896
10048
2841
4277
2046
8249
320
8611
2672
10963
6360
3207
9929
1608
3673
5490
9866
8949
570
11156
10208
8492
7636
2019
3545
96
8735
5365
5854
1897
9910
8027
3467
7765
3928
1772
5006
6089
11292
5747
3499
2823
784
11313
8308
5770
9761
11173
1483
3390
3367
5548
5602
6433
9282
4264
3798
706
10982
7467
2977
7713
9252
4737
9651
9049
8804
240
8452
1502
1489
1959
2926
7587
6820
10850
8229
5393
145
1982
3377
4661
5205
7367
9001
6540
2512
7306
9257
10439
10826
10165
6961
7827
11157
3957
8707
11162
2541
333
10013
4282
7633
10467
10074
5480
8471
4706
10745
6560
7145
1282
10661
11331
4692
76
8020
8968
8740
7778
6565
1689
2309
6770
5229
9129
1804
734
3544
787
10314
7910
6860
5556
337
7891
9052
4078
3079
5101
1001
7592
1017
6039
6842
6895
3695
105
1418
8666
9105
5878
1207
11337
3262
1980
7205
6179
4383
9174
6605
4029
9697
10109
8647
1343
2767
2887
6463
2675
10691
5061
1087
2919
5183
2061
2602
8261
161
5892
6683
2059
2719
4069
6874
7352
8397
11225
2259
8073
9956
10967
10955
10148
3522
1621
3059
5348
4327
11347
6199
5612
9695
1686
205
10541
6525
9311
10950
3313
5137
3323
9232
5914
8380
7841
1209
1889
2903
156
10211
998
1838
8664
5439
2096
10746
5810
11065
5379
510
3901
3084
2270
6513
9534
8994
9836
6267
1961
6906
7141
8060
1136
3065
3510
5860
55
3344
8228
7337
10032
1271
4986
8801
479
9952
11356
5095
1519
10667
7247
2714
4055
1348
7279
1819
3721
8599
6458
6432
10855
7638
9946
874
7550
2301
5910
10449
1149
2032
5979
9729
1336
7006
3762
3
9276
994
4676
1496
11078
5998
7518
704
7572
8031
5639
5344
6210
6398
2364
1999
5653
4149
1322
10699
2253
804
9524
1181
8672
3453
8102
9285
9237
5767
7113
2947
10171
10865
3208
6305
4220
1227
10785
2863
4805
953
9066
2428
10623
7758
6055
6154
9385
11190
2978
4904
8732
1908
10002
11235
3938
7077
542
6580
243
9496
5948
663
3155
7178
10153
11201
6937
1056
9944
6116
9533
4103
3033
2939
7197
9394
9986
3870
10097
8077
10535
2763
104
1726
3309
9370
3415
5362
5224
1361
1218
10597
8522
3852
4635
11005
2182
3434
10447
10626
7740
10537
2378
9917
10962
10747
6460
1725
6240
7648
3638
10495
3980
1356
2775
9480
7344
10914
7310
8741
9476
7932
4168
9166
188
6275
786
10229
4195
3754
7753
8259
21
9593
8941
3584
4765
9086
8638
4814
5123
1932
7725
5262
9044
8217
1394
11051
7772
10525
1139
7244
6759
2646
1210
2080
2571
9411
2852
4865
2456
4921
5733
7295
11247
3202
3606
7055
11075
9650
8331
152
5136
4063
5679
4558
8671
10212
2954
7082
3068
6281
164
1045
7450
518
8466
2827
3275
2294
687
57
9835
3028
6153
5184
112
5227
596
8393
2048
10152
5688
2232
7719
4428
9793
1484
4280
660
1747
9029
5660
1256
5146
7293
2787
586
9064
8148
10524
462
268
10624
2738
10540
9602
10926
211
2457
9703
2173
3729
3948
3282
1294
4987
2055
3364
8776
5708
9513
4586
6137
10275
4988
897
4536
10144
319
9927
1632
1537
216
10611
9796
9764
1557
3766
4278
4947
4075
2768
10760
10268
10349
6866
5410
8409
1229
34
42
3612
5757
2923
10676
10696
8128
10652
6108
9210
1320
2953
2850
5
1411
6064
5133
4371
210
5110
4907
9607
287
4761
23
3745
4721
6787
4684
8
2718
4312
10819
10751
5866
10355
89
2971
5234
4975
7087
9268
7451
808
4159
10736
2220
2324
7243
7353
2551
9081
4871
3877
9580
2577
2181
5537
7053
5775
8848
4452
3956
7535
10502
18
317
293
532
3835
10370
6071
5380
8182
2341
1857
9218
10881
4822
100
6358
1996
1615
3376
10069
4886
7383
2565
6757
2948
11009
3317
1352
4678
2877
5518
9931
10929
10969
4184
614
1654
154
6366
6151
1386
4019
1360
8283
8486
4895
8390
5414
10991
5841
4790
10959
10718
9565
10905
10347
2045
6106
10705
1774
6825
4322
5041
5825
1198
3763
9601
6395
1239
227
8063
3325
4297
1546
1969
4551
200
6296
564
6667
8788
9107
8727
2834
10844
10161
1173
911
8964
1005
563
3588
9123
9613
8241
9688
3451
727
7893
6019
1680
6629
9531
1049
1648
10311
1802
1797
10874
5412
9884
4845
905
1487
5121
7812
8738
2730
11123
3895
7123
5785
11327
10451
8889
9537
11197
4270
5615
1466
9113
4719
10802
1273
1717
7419
178
3243
6382
224
2158
3150
9847
281
9939
1521
5190
7605
9037
6561
2652
9930
11014
7551
5444
2336
5531
10168
3582
6283
2267
2370
3394
9214
8349
7821
6094
6929
10684
7813
7254
115
6452
4232
3686
6300
8511
9737
5603
11249
3144
1582
5738
5824
3260
367
2164
4991
2676
6791
4470
312
3702
8104
1663
6049
10577
3031
6725
9109
8386
4295
10778
520
11296
5650
629
4717
6193
5621
11221
277
10357
5853
10331
4548
10475
11355
2437
2101
4141
2023
6671
5931
10178
7510
6496
5671
6473
9452
1395
1781
901
3727
2860
929
391
10384
8524
7225
1220
2604
2716
3419
8983
7939
1135
10123
3672
236
10985
11069
3472
8161
1631
6718
9961
3787
8327
3610
6200
1976
8501
127
9942
4050
6888
9380
6437
6918
5828
3253
9575
4035
6863
8966
1883
8855
3078
9484
2031
1159
4974
7889
8867
9488
9071
10911
10861
5443
2265
8474
4604
2611
130
1215
11295
7079
457
1634
4753
854
230
5642
9290
5697
11250
9098
8311
6321
5616
9966
1529
4286
8576
6470
9865
8616
6310
3733
8378
9797
3406
7760
1069
872
10993
5695
10487
467
9594
3662
7822
2656
7919
3577
2744
7257
11256
6615
7728
85
9586
10754
7413
9137
7347
399
6678
7581
6834
2134
8686
11183
5728
1746
4462
1124
8336
70
6838
10688
3298
10105
1457
1501
9203
10230
6150
8786
10639
2861
3280
6604
3914
6917
504
11208
4777
7214
1651
4427
5873
1433
5399
8651
4047
4631
5533
9792
6656
9284
497
9993
2050
7878
7346
11170
5997
7762
4475
5167
8250
6539
6327
9605
9837
1083
10140
9445
3272
10758
3880
4083
1597
5406
6767
10458
9595
7139
2643
5827
2609
9053
289
9305
11061
5320
5370
5364
8048
11335
9856
3615
6664
8293
361
2325
10620
5973
4981
1554
6622
3229
6719
8150
10904
3112
2185
558
5879
8891
7793
5115
2644
8282
4573
8991
6368
2149
7938
1134
10995
7126
7258
5308
2323
3441
3964
7483
6697
1901
8220
4450
8538
2766
2782
6124
6262
8369
5236
824
6226
1740
6447
7937
1274
9321
7201
8139
11003
2951
5748
3907
201
9080
7381
1461
6016
5240
1092
9021
2465
8498
577
3352
6431
8697
805
10763
10627
5832
10340
9201
6941
6964
7000
1834
8136
6202
797
5382
2557
8270
6031
2132
3146
6651
5005
1328
2654
6025
8874
2634
10977
362
9646
75
9387
6485
10613
10913
978
597
11238
9378
8945
10762
8404
1949
5387
1213
8926
10209
776
10741
10446
2051
9691
3530
8597
2651
6136
9349
3950
5333
4060
2429
11007
347
2972
2156
9969
8189
4084
1662
8224
1705
4531
9093
6527
9504
11314
9369
9033
7193
204
1008
494
6277
10417
6590
2480
8394
10617
9335
321
1937
7991
8166
8857
10726
6657
5837
296
2695
11177
2944
2564
5636
43
1144
7278
6239
8999
1607
4968
8503
8030
1106
6995
7847
6093
5228
3795
10124
2276
5501
4910
5193
125
3649
1994
10150
9399
7696
2229
1727
9897
6047
5613
2010
5497
4455
2696
10182
3748
9885
9905
5172
245
7678
3509
3189
10270
10972
2543
10304
6090
9051
3408
847
120
3125
1507
25
9004
5565
5028
2285
7016
3866
9491
2234
3728
6018
6061
3625
9038
5527
4037
6686
252
7049
8053
11262
6457
7294
5882
17
1692
7429
7438
2001
3641
8886
9645
5265
7482
5454
3363
9159
8530
7471
4463
1538
9716
6078
9684
5192
7434
973
2886
8039
8882
7160
10783
4827
101
7133
11318
4038
2916
5160
1903
1172
2256
6508
9699
9141
9626
11020
404
1052
9195
2855
5840
1666
2924
4997
176
5752
7441
5445
7422
1846
9442
528
5415
6146
9240
2558
9989
7618
409
5491
6379
2073
8588
7005
1113
4474
10297
11248
5024
2434
2550
8400
155
5074
6588
364
9887
7986
8987
11377
8717
2588
8132
9146
6717
2293
10973
6935
5692
4135
1354
9727
8658
8604
8578
11153
1186
11283
2494
5666
3597
6785
4597
6603
4237
9011
2395
4786
6520
829
1310
4698
4555
1390
1965
7369
5702
4088
5751
10070
9331
10820
9643
4377
541
1759
10930
3124
10253
1892
10811
2373
5649
7902
8772
10823
2818
10120
3847
3324
1495
3232
9777
9481
8464
8985
1007
9013
8687
3761
8038
1841
7057
3241
7499
3580
276
3501
7737
7190
2106
9295
2605
2737
5662
4304
8465
636
8542
2498
6406
8635
1974
5716
10510
6330
3283
5569
1406
7565
4504
2826
3613
2742
3389
1808
5877
10501
4966
1033
9667
10364
5798
4027
397
6506
5672
11192
3671
10414
11254
4203
6245
9853
6923
10856
6134
6266
8096
5118
8013
2409
8095
917
8556
2233
7475
11103
7988
924
238
8518
1154
1896
11025
1744
2518
576
6869
1830
5598
8583
2975
7332
7526
4338
46
3968
7892
6577
8307
836
9236
272
10786
7789
1957
4965
160
1263
1380
7836
5285
3970
5607
5035
2726
1449
1153
5185
5071
5353
4492
10142
10581
6450
5794
4094
7384
10901
9016
7971
7489
4745
5928
5791
505
10143
1824
4183
1722
6081
1575
1222
6190
1240
930
7843
9821
1589
3603
8362
318
10177
2578
812
9541
3191
6592
580
10444
3670
2700
9104
9500
10190
8837
1490
7183
191
10610
6160
10401
5670
4960
10576
6982
10116
1080
6672
9622
3099
5187
7588
5900
11371
4576
6948
1121
8621
10369
9616
884
4733
10009
11230
8199
9769
8708
7339
10886
1646
5550
3570
8449
5777
1114
6141
5831
10147
3642
538
2468
6713
9962
8173
7641
3756
9347
1895
9329
4185
7799
11064
10202
2820
316
3611
4194
4260
2794
8660
5216
9846
1954
24
4003
5807
387
5128
3559
2711
2568
6920
7297
6793
6789
3790
8412
8212
7968
4400
4296
7554
5908
1695
6341
904
3829
10110
7752
7736
3658
8860
4007
8236
3393
8488
10575
5144
2062
9453
7573
4636
7664
8207
10618
590
2905
9328
7579
7211
8715
3432
10739
5918
2973
11372
1512
7723
552
6633
5823
3563
3659
9902
1293
2249
5261
6790
11088
1913
6546
3922
1492
608
313
5468
7583
10197
8880
8480
10210
697
4818
2445
143
10690
3219
7447
1562
9818
10034
7184
9280
5552
5126
8064
6148
8685
8479
2114
6292
10132
3227
6987
9039
7091
3744
2155
9672
10021
9828
8750
5651
7486
3426
10877
2969
10924
5248
9216
1515
3854
1856
325
5505
10814
5884
4313
9456
8849
6599
712
3940
5034
8713
5789
9765
8758
8944
10063
3167
7541
3381
11217
2331
10635
2420
6873
6529
2275
3711
6038
3070
7628
2374
9597
3725
7409
4747
4524
4735
1347
1995
6567
4754
2201
4236
4533
9186
47
7816
7493
831
9900
5391
9204
5452
3433
2991
4205
4882
6336
1370
10533
5644
6247
9949
826
19
2479
8015
8976
10682
7830
10574
389
10479
4446
1057
3221
7689
6613
8628
10082
1890
8281
794
4391
5007
5629
5289
4111
1162
8276
4087
5541
3398
9377
1285
2404
6637
2005
84
2781
10174
3286
4116
10259
3648
2658
10186
128
659
3760
5400
957
10341
867
10953
2885
7012
5116
10393
770
4018
8493
5875
2570
2741
4920
5678
2497
9815
11216
8953
4744
5495
6636
7334
4879
775
10958
9023
4273
4606
6811
183
5376
6572
6182
5280
9675
3345
8881
10199
418
9784
29
5069
301
881
377
5568
6631
3557
879
8301
6571
2304
7806
5269
3239
4628
10403
3905
10556
5316
4317
8862
2639
7697
4766
4933
11351
5553
9085
10551
4424
7081
5856
3820
3403
6035
6385
5157
3302
8555
1116
6429
7903
7990
4729
6735
8153
4557
7767
6155
3536
10233
6927
8324
6736
6864
3646
190
10812
6232
7385
2809
5542
4495
2583
7615
3395
1118
5843
10644
5868
7658
10752
6242
9855
9841
8921
11054
4579
10689
3056
10432
9169
499
10422
6280
8434
1373
5057
4325
2962
1930
11066
8490
157
8703
336
8700
765
11144
3362
7200
4302
2035
9342
11070
5456
9259
3519
7135
1669
9547
5905
10671
10104
4153
3952
4086
3562
10557
9447
942
8361
2347
11160
7264
8879
5151
3697
1424
5734
4955
6978
10566
6832
10031
9112
7495
708
9851
5117
838
11111
9
10971
9197
273
5066
3185
2810
253
7097
9649
3119
5521
6960
10794
7869
2067
91
9583
10986
6840
8266
72
8517
1223
2435
1855
7376
1549
1397
7271
2076
10848
421
9943
642
10902
8922
6467
9569
1096
1596
370
673
392
1419
4314
466
8203
9953
7632
3605
6301
11181
1585
9660
11035
10839
8564
4770
10598
7096
5797
6241
825
82
7496
5291
4998
10854
4690
7466
7824
10806
3516
3502
5689
2708
5938
7855
10603
1286
8368
5787
2824
1568
7289
980
9780
6314
7313
5793
5984
5029
3331
6387
8989
3117
2433
2068
10250
10028
10459
278
10216
10569
6483
1129
5932
133
471
10659
3147
5886
3822
11013
7472
4008
545
4318
10231
9810
3427
9861
1748
1142
699
2952
9635
744
9827
4444
1431
1765
5458
5082
0
9889
4319
9092
5786
9437
7866
11194
455
810
11213
1878
2380
6676
331
3008
999
6566
69
10791
4654
6795
8133
522
8743
10833
5833
9343
9364
6131
1480
6893
2070
6919
2811
9925
4673
9235
41
7610
7534
2389
1687
8639
2920
4376
2597
4916
9562
9253
8381
294
3661
10251
11350
9701
8720
2593
3998
5991
5290
4252
10346
5275
3926
2417
208
3392
1400
7272
1612
5058
10008
302
5999
6625
10323
8796
10852
6072
9493
9763
9678
7999
3794
2938
4572
6886
7453
7733
7402
129
7792
1551
1684
967
309
10841
4426
878
1555
1177
1583
8002
241
9340
8123
1762
5755
5437
4545
886
4658
8354
610
8547
2701
5325
6040
3295
4774
6480
2521
10130
3699
7688
11133
6868
2966
7722
7322
5508
8157
7561
856
11338
9327
10289
4749
7080
9339
6487
6443
7555
8057
7025
8042
6477
8450
7319
6229
4585
918
11305
2405
4615
9870
555
8646
10238
4568
9183
7351
6181
2808
3533
6684
3645
121
842
11019
2262
6768
8288
7820
9072
5509
261
3524
10052
8731
3175
1693
7364
9627
5635
8221
10770
3495
2179
10353
1367
8775
4336
5312
6569
5159
8620
10601
982
9022
1359
4842
9320
5969
6931
2799
1526
3480
1893
3100
4095
137
10039
8719
3912
215
3463
3210
11099
6410
7045
4768
7436
2113
6100
11135
7088
1775
10086
9892
1764
2884
6298
5145
8859
8171
5367
267
11041
9692
2485
5395
8808
10637
3504
6367
5765
3587
8841
10424
9735
4041
1900
8167
2868
5469
6640
6475
1073
543
7321
2454
9664
6661
8704
10429
5341
7768
823
7593
2904
1422
5246
5384
10792
5322
5756
9401
10934
3934
584
6495
7359
4609
5047
11257
7382
6091
1724
6323
2406
357
6488
3830
6129
7131
9843
3517
306
2122
9119
10677
11224
1906
9117
2798
10815
9673
4073
3450
2819
8748
5911
696
6233
1071
7781
9621
5519
9231
3452
11182
10442
579
88
6110
11115
1417
5431
10372
10062
8670
5967
6053
1821
1051
4166
4039
10064
7651
107
6377
10187
7712
6344
4665
11320
1152
1863
2126
6098
7529
1771
77
7950
251
10519
2340
5952
2474
793
5774
1165
6216
6663
8305
6620
5558
10674
6691
10883
3960
3342
6407
2795
4898
2562
2403
3023
4332
5450
10176
777
64
4656
10333
4927
7552
3012
3165
6677
9681
8142
5657
6911
197
4608
983
3591
1820
2436
9984
175
11212
4688
1682
732
4160
3965
5257
9652
5457
8965
11140
6503
6994
10871
10927
5398
3569
4867
5419
9157
3532
5626
12
5617
10879
7379
10492
7879
132
3490
2297
265
3003
4625
11303
2359
11102
7693
4418
6014
10288
6034
871
934
5018
10532
4659
7749
9446
11121
6222
3700
1044
4699
5779
340
2236
6374
10974
7209
2683
10942
611
4620
2423
1176
7840
9964
4931
4993
7742
7042
1675
10713
4525
5188
1709
7392
8004
6516
7709
10423
5889
9472
1510
1454
1175
10612
408
11289
2636
9585
7311
10918
6185
93
6557
10286
4748
1690
3632
3267
1962
7590
10041
4812
1147
7114
9800
6876
10089
2264
3211
10952
1843
6339
9350
6796
4651
7669
9490
2091
4429
10272
8787
4261
3040
1870
5314
2431
9685
9475
8783
9515
6189
1339
1350
324
6011
7104
9487
3547
10703
9689
5699
4662
2549
2322
6962
5939
4547
10857
10279
6871
3046
7624
3022
9932
892
647
1840
4778
4856
8086
2791
3903
6578
606
1561
6552
1063
4978
244
5207
8897
8505
9162
2174
10071
1493
8234
8119
4182
9116
7028
11058
10681
3836
6426
9584
3538
9184
39
1638
9440
2805
5201
6704
5795
7290
8279
9880
11232
7981
5816
9997
6318
4393
4221
4048
2411
44
10
11341
6114
8353
2732
2440
9871
5652
1158
6396
9545
11340
10672
7130
8268
9941
4392
785
3539
3768
9958
11002
8550
3583
10831
1027
6334
148
668
1642
6749
6822
1473
10044
9510
3456
2193
10493
7498
8718
10526
3429
5571
6051
7218
5966
4158
2754
7148
5090
7048
10862
1058
11354
5334
368
9957
4880
718
11231
5252
10772
4379
9120
1721
3780
2547
5438
3843
1854
9045
7428
8098
1389
11312
11141
1791
5547
711
181
9826
4884
5441
1478
4958
7562
4065
5992
3808
186
3354
7750
922
4691
1321
10316
8062
4108
9288
8467
8352
4005
10263
1787
78
8679
2563
9243
1127
6223
10299
7659
298
10217
1935
7302
8253
3558
2081
3862
3228
4077
1947
8238
1716
30
7668
5953
4283
6762
4129
5929
1532
5513
1548
2670
2245
9734
2238
1990
7516
6413
2105
8289
9578
6497
3734
2561
1963
6213
8108
2231
1831
8246
10053
2396
7172
2748
7965
6067
3869
9676
6698
10832
11336
119
10330
4976
8861
63
413
6502
9722
9200
5582
5179
4164
5402
1587
4649
10873
246
6128
11104
2330
6208
9182
4147
1752
2876
3921
7424
10201
10489
4411
4425
6638
4331
3448
1248
4716
717
11028
4985
3546
7372
5404
10219
2783
8866
8919
5559
1972
8888
2940
11152
4516
2206
4797
2586
28
1021
9002
5000
9136
8533
2713
1423
2996
639
2339
2638
1766
7925
8892
4423
7703
6411
5913
2042
5016
1436
928
342
2251
5996
4009
3195
11328
4080
3216
8716
10054
5815
3115
1558
1026
2178
1540
3817
6372
2909
1812
1614
1977
7786
1979
9554
2502
4259
1039
4190
8906
3657
1782
9082
6331
4068
9842
10485
992
9657
10948
8340
2180
6469
7308
5225
9921
5408
3832
10107
1155
7256
4575
7826
10835
4403
5081
5100
1809
7604
9759
3026
6259
10267
4026
206
2041
5131
3891
1753
4305
7426
6204
5282
10515
3875
7432
10017
4562
8277
1241
4908
2129
9717
6798
255
7462
2556
853
1214
9577
3568
672
6500
3718
2816
3307
8895
2660
3916
5792
921
9441
50
7291
311
3465
9199
5060
689
11301
9365
3113
1112
6951
4079
3177
3204
9591
2655
6425
7222
10322
4667
10685
9402
6082
3704
11344
1943
8382
11261
103
4569
1115
1732
10897
8204
5011
1452
2107
2999
8129
8438
10509
8321
10710
6353
8325
11210
6914
4741
3188
9314
11282
10122
3720
10805
1264
1326
3896
1441
9298
4373
1945
6709
4709
1212
5407
843
16
3992
7329
2661
603
1911
9959
4011
9774
9115
3118
9012
10249
1170
3032
1828
9762
7448
5020
1950
10692
3521
3732
6249
4292
4633
7973
947
2183
4090
10511
7691
5031
7770
460
8699
2040
2576
458
9381
4835
1125
693
1761
1280
3066
5292
6843
8502
3482
7645
8320
10360
3988
8961
10740
5806
747
9471
5323
7157
10000
10646
9346
3332
2870
7597
1887
5974
7262
2682
1074
5769
3246
2669
5788
4119
1202
5001
9558
7608
2851
4267
4173
9324
8034
10931
10737
8838
9108
9971
3388
4246
7093
8997
464
6076
1315
6837
9400
6538
10616
7734
1385
4245
2352
1842
6617
3682
8802
2443
95
117
495
10853
7089
6173
6152
1777
10154
7407
6315
10704
7147
8839
11345
1800
8472
8840
8779
58
5463
1086
907
2486
8673
1723
4644
98
2496
6655
1382
7324
3326
9550
9662
11326
3535
4702
10910
2011
3631
5356
2119
11323
3564
8233
3172
40
10906
4439
10860
8216
7127
9519
8399
7875
8693
8602
2927
10195
10761
5503
8046
10339
7
2736
9433
9015
8899
5328
6591
10604
8430
8309
4621
10483
9654
9344
11110
10158
7465
6010
10825
6646
8649
11086
1592
6689
8122
4293
5361
2928
8403
322
10038
3878
6925
124
9720
3717
6853
9566
6352
6163
979
9277
2533
8037
6685
3722
9043
11
6369
250
533
9410
6773
5428
10440
1735
1110
10310
10643
919
3094
8548
2218
5154
4491
10119
5168
6461
1749
10796
59
2008
7787
9048
7440
7522
314
7328
8011
2724
8170
2943
9362
5591
10117
1745
6985
8995
2312
9246
2203
10078
5194
172
8757
6068
8215
4481
4291
3214
9419
9373
583
3723
4028
6024
5037
3961
4364
198
180
3477
11049
307
2034
4520
7642
3037
2892
8357
6145
2663
11298
1398
10236
3095
7109
9945
8878
11067
8924
6733
8634
5449
10572
10162
10585
939
6121
9228
9690
9896
4542
10188
5048
2393
10337
4486
10336
5605
10037
6221
3102
9822
5526
5073
9728
5842
2072
6587
7110
7933
10156
5883
6844
7634
11113
5946
3176
10499
10875
7626
10900
9914
2684
2483
1089
5749
8489
781
4893
286
9798
7168
1755
6246
5378
2003
10192
5430
5682
2300
7478
2425
3101
2985
2733
10621
657
3129
5198
327
10544
7128
6521
8893
1810
10379
4388
2776
9302
6237
7795
4934
4227
7378
9155
10670
10371
3666
644
4489
2963
9705
4179
5471
10408
1788
5686
11325
4023
3925
263
9663
10553
6509
536
1070
4600
9122
7877
10571
424
9304
10964
45
5940
6391
2846
3529
8008
7774
7801
2363
4859
5512
2012
8863
4276
7603
3493
6848
6975
10764
3719
9639
8147
6600
10787
1656
5281
2216
8023
7020
10657
8343
2014
6958
5221
3739
1851
7151
7331
3025
4512
35
31
10047
2030
4134
4169
2544
56
10695
1188
5625
3809
3075
8998
8200
524
8487
9356
3512
9507
4785
2027
5464
2598
299
7021
5256
1544
557
7463
8319
2210
1636
7280
2478
2197
6878
6582
1091
10605
2712
8240
940
1470
1848
816
2659
6703
7741
10933
2793
6593
3633
8254
7790
7371
187
9260
9619
849
9778
8463
345
9523
2361
6938
5715
745
2017
10925
4228
7038
3013
4806
6819
8830
10012
1407
989
3337
4399
2856
11029
1266
6444
5080
2848
4817
625
219
3380
7229
9814
6197
8963
106
1126
8267
5267
10438
1304
6097
8519
3782
5835
9261
90
2897
8928
8082
2125
10101
7490
3097
4031
8219
1
2747
8235
1163
7905
8405
3771
3330
7996
535
9813
7912
7292
9110
11265
8764
134
7720
3264
1513
6526
6088
10428
11072
8078
4074
8426
4953
6828
3665
11267
221
7196
5318
9532
1295
6803
2162
4464
99
10131
11091
4307
10521
10133
2671
937
7176
8223
8932
2208
8821
9296
4646
8913
10536
3196
4176
2653
8789
3051
9960
2633
6069
2600
10888
3982
4992
7484
10584
489
4873
575
5813
10546
1671
8140
5476
149
3669
1082
7224
447
2157
1279
1467
169
2599
8562
2560
4720
7488
10129
8637
8569
1847
426
9459
2990
1429
38
651
9612
876
5874
4857
7505
22
8938
7107
4757
4390
7039
3006
10864
417
6194
8469
1269
8937
5052
1556
10632
7206
3143
8359
237
910
5972
8572
5474
3799
8951
2247
11222
2702
3807
9275
7671
8024
7215
2679
9192
8388
3819
5880
4272
10241
6132
4125
3036
9309
6012
5564
3803
2765
4730
4587
4186
3818
54
9512
11191
722
883
4901
2049
4787
11044
5078
4401
3885
10278
1924
733
566
2509
10218
8846
2548
3751
5255
11145
11178
7655
703
5737
65
11109
7439
310
5086
10036
1013
7188
10801
3092
4004
3991
11179
1730
4414
855
8909
9859
8914
11018
578
10080
9738
1946
10090
2862
5801
2103
9213
4263
4191
3145
5506
6940
4033
1358
6126
7970
4964
339
10793
9772
798
9404
4811
8733
5872
10795
10040
1450
6264
9465
975
4144
1588
478
10319
3796
271
7514
10587
1659
8834
7349
10602
7417
11274
7468
5223
2455
7248
5849
10398
2627
2838
7679
7485
5554
9638
9483
6630
4967
1261
7771
9806
8680
965
1952
179
8570
6570
936
10660
1760
1353
972
10679
7059
6831
5381
9501
9138
10416
126
7582
11378
9099
7547
10420
2355
7036
32
7253
1047
266
4700
6885
1948
7386
10928
3316
9281
2878
11288
11080
5608
6771
7086
11006
4718
9618
1960
9014
800
3994
4366
7075
4132
9229
174
9191
11023
913
7362
5669
9556
8155
3793
7476
10045
9234
4130
7861
6562
5263
259
10076
4324
2616
3043
4581
548
3494
11150
6397
5540
2413
9544
963
6294
9907
7959
1130
3238
8898
2637
2459
1763
8134
7449
4454
3750
6390
7683
1523
1072
6220
6687
8158
1956
8483
228
1055
5633
3543
6913
9710
8084
5570
9019
7716
10589
7299
4085
6354
6172
8184
9758
6326
4607
235
74
9542
3514
6349
688
8784
6466
256
795
8652
3555
960
9156
6544
5478
2619
11375
4862
5773
9867
10680
617
10345
2910
2084
295
11209
633
1563
7549
5704
6971
5276
3233
5784
8790
9020
5781
8326
8936
4932
7972
2057
2058
9525
10386
6158
8346
4204
4650
1486
2628
3627
1660
5567
2915
5802
8974
4002
4432
8828
2317
5258
7054
6474
8177
390
692
1099
7015
10922
10240
1905
3163
6065
8190
10981
6648
5532
8432
118
4303
11206
1923
2503
7010
5627
3656
3689
1844
8622
1839
1737
9432
981
6652
1624
9150
9076
2348
8180
527
8653
3777
5818
7729
330
9006
3967
4467
5461
8442
6934
6775
5783
995
7575
10436
326
2013
6981
2707
349
6808
7443
4416
4948
9567
6674
264
10466
2921
7542
3063
2528
2806
7119
1920
225
4430
1190
7076
6968
11234
10647
239
189
8940
48
4107
108
1278
9745
6073
8579
6809
9895
2542
366
1432
10108
8385
5249
9434
3156
2303
1132
5372
10622
5724
6434
2088
9750
3924
4583
9790
1408
4508
10716
2721
8143
8958
8025
6278
10730
7513
3447
168
9095
1997
759
1645
2064
3418
8070
3542
10391
4308
7901
5134
8725
1246
3315
3151
3592
5955
2490
8711
8710
3758
10235
2021
9579
5814
3887
6252
305
9629
9325
4537
8722
184
5350
2121
1593
4361
6491
10780
1258
9264
2272
3029
2520
5250
6729
6692
4630
9383
4355
9647
7731
4523
7068
1105
935
1799
962
1902
4637
2075
7138
6445
9073
10441
7011
5046
9026
6728
49
7275
10060
2108
7112
5673
3114
4330
159
763
4506
9132
10397
599
4333
146
6044
3328
6857
5472
7818
4485
5560
5388
5690
10750
8525
2
3086
83
4518
4256
11369
11026
2727
26
8256
6690
7149
7134
9078
987
1059
4109
6008
7062
1203
315
3581
403
6658
8374
9027
288
1707
10030
6022
9407
2821
5451
7976
7136
6721
8807
6486
7027
1363
4354
4123
2133
5729
7622
3093
5169
10368
10830
9250
10549
9238
5800
7599
8868
1539
2160
7998
11189
7594
5839
8947
8156
8151
7677
11106
4223
7966
173
6436
11204
5363
7033
7743
11149
2222
3770
6033
2412
4838
569
7591
2956
5502
1767
8437
10280
4021
36
8181
7481
3897
11147
453
5148
3153
5919
587
4358
6002
1853
2137
10937
10803
613
5538
8255
5191
7406
7261
6761
4408
15
7389
3515
6498
640
92
8833
8206
8417
3786
11098
8627
1485
8085
7231
6792
8112
308
6543
8410
1242
869
166
3318
11287
1455
6479
8310
1451
6514
10014
9766
11357
402
6225
6421
3527
539
300
2883
6357
10896
6568
3552
10935
10757
4202
170
4114
10091
2333
2522
3773
10298
4207
4612
220
6992
1527
2388
4946
3170
1741
4326
9950
8291
1770
9668
2029
262
7763
9920
10893
2277
136
491
1050
6890
9096
249
8641
5583
8552
4419
2667
7007
6328
5027
9278
1329
8358
5017
8726
9954
694
508
6904
5766
3708
10327
5760
11239
6892
10237
5010
6
10460
4422
2864
270
1875
4351
961
8497
9374
949
2871
7255
3774
2500
10606
6623
4281
6833
6345
1355
279
1482
591
11200
7265
1031
9581
9683
888
8946
5004
423
4841
1818
6504
11370
9046
7325
6976
9007
7700
5259
1933
11195
3460
3846
3630
985
932
5976
1560
9035
4244
8237
9909
5819
695
1559
10354
285
4935
6112
10287
10777
254
4180
4062
9768
2191
9574
7906
8342
1287
5336
3116
8565
5222
7108
3420
8595
27
1077
1622
9711
11130
7777
1790
1564
4479
6750
6169
10818
13
6641
10550
3201
4923
2519
4819
4624
3554
6490
9582
3986
1525
5300
4413
6192
2176
2984
10938
8665
6478
8975
8455
7524
8824
9492
4949
5479
2219
3977
6814
6845
9251
3303
8876
5309
655
1567
4860
6235
1387
6077
713
6359
87
9205
5858
8927
3486
3439
6598
167
8526
4461
10523
9951
10312
9740
10528
3017
7207
7470
7266
5268
52
9397
8536
6589
213
5040
7180
8071
4311
862
3430
772
4623
282
2758
2545
10377
9134
4603
6083
1216
10966
202
8391
5803
2685
4226
10538
9443
6227
147
5935
7120
6556
4243
1447
356
8107
5846
1500
1673
9386
4696
9864
373
11024
9754
5235
8298
1226
4540
9878
110
7410
2255
9719
6756
7022
5667
1384
6448
9219
3148
1236
1100
4674
11053
9494
4854
4918
3471
10464
11185
8496
8367
607
442
620
5403
774
7897
9486
5648
4534
9707
5418
9393
5985
4577
8777
79
4539
944
2484
374
10878
7268
5196
3284
7761
9358
8014
4668
10988
1691
9391
1868
7395
3027
8421
2441
1000
9353
2587
5390
778
7137
738
1681
4025
10724
7179
6174
5023
8982
10138
2722
11168
242
2250
3314
5335
2723
8910
151
113
10619
1600
11015
6977
1388
9167
9430
8793
9403
4593
9804
9529
2120
6027
11131
4289
8124
4389
332
2499
8427
10887
814
9998
10281
109
445
7288
1625
1931
4151
7473
1668
2642
4056
2900
4714
2917
10816
2825
11324
8097
7746
5563
3397
11263
7870
111
1019
8811
6234
248
1376
895
193
11167
835
3713
10127
7964
10351
2539
7714
2703
1676
5958
1553
1268
10748
11059
7281
7105
2410
3067
4438
2328
3876
4872
222
10725
9923
1833
1852
1111
10469
6109
10426
2117
8514
1128
62
1338
988
10539
8702
9187
10425
10809
5851
7504
1872
4052
8100
1119
1297
11268
2608
8444
10582
7865
185
10292
622
9948
3508
4877
4979
3833
2845
9816
4265
7198
232
10939
2697
4172
686
1769
398
4082
4163
8306
203
1396
1620
8314
5799
6456
8019
9677
10714
9310
10004
3962
9708
8163
3349
5575
395
5599
8066
2172
386
7354
4380
7414
