310
179
267
243
304
269
257
1
38
44
30
90
327
264
132
325
326
261
97
64
287
241
219
272
100
89
92
281
255
41
291
175
141
263
98
66
122
5
230
295
328
177
152
81
70
276
316
265
227
42
211
301
102
187
223
250
308
13
216
61
24
124
164
237
283
192
330
194
32
104
128
314
139
34
299
131
280
221
93
321
91
213
238
275
145
204
166
220
320
126
76
120
173
210
19
197
172
226
191
256
288
117
136
155
27
178
85
239
303
9
105
170
58
271
251
133
209
277
116
52
290
148
31
315
118
138
176
196
212
163
167
59
48
162
22
147
168
7
36
77
142
169
37
79
218
150
86
159
69
110
286
215
247
135
33
127
43
259
214
228
20
63
317
26
60
74
125
199
165
289
201
186
224
300
318
67
29
274
107
84
202
205
95
65
249
161
119
151
45
103
144
284
47
154
21
234
156
183
101
40
12
73
88
46
245
10
17
115
54
114
236
188
307
268
225
94
2
322
296
112
8
252
160
323
75
51
311
306
6
99
16
285
206
273
189
108
302
4
123
254
87
130
56
72
190
233
292
182
55
109
25
129
231
184
208
279
39
50
278
146
195
309
140
71
82
111
248
157
240
193
294
14
49
134
324
137
262
35
158
242
222
207
83
28
297
149
121
62
53
312
200
57
68
23
329
282
143
217
185
260
198
78
235
253
11
319
3
232
113
305
180
313
15
171
266
80
270
153
203
0
96
246
244
18
229
106
258
298
181
174
293
