6441
8541
10374
4259
10810
7864
7330
9587
6776
7201
4017
4049
10426
4872
11250
3946
6844
6556
8073
6802
3808
10473
1291
10356
5068
9182
2647
7795
3250
2449
8923
9399
8775
4873
6823
7933
3643
7981
8309
8365
2499
11082
8239
644
8481
4806
2662
6272
3071
10424
2230
6835
9642
3132
4081
6638
5214
1091
2684
1785
9808
3828
4651
8035
4969
9548
2185
6147
6459
11319
3042
3041
9345
10709
1796
6185
6245
9302
9931
1522
8435
4698
1974
1768
10462
3952
9930
2360
11116
5334
7979
5979
4715
2580
856
5200
6751
7030
7128
1546
2731
5838
6134
1413
6443
4481
3008
5621
7487
9464
8776
11375
9300
9123
1633
6197
4623
8638
4107
6036
7710
4738
7019
3242
2903
7399
4386
3451
8471
2875
9055
2217
5039
4949
6847
3872
5894
10725
2636
9941
7895
1668
4215
10668
395
1331
3173
7785
7384
4662
8145
9207
2531
2417
11321
9238
4372
4602
9115
11043
3710
5552
9239
6244
3691
2448
661
1419
9542
6448
9552
7560
3043
1652
5110
9765
6181
7146
359
714
11172
2452
533
6122
1294
2835
4520
9137
9530
2583
9923
4919
2197
6854
9745
5018
9469
6925
7160
8058
1466
2965
7846
1486
4750
5890
4047
7001
8361
10485
6489
2336
3125
5071
10620
6529
10883
1710
1321
9279
1957
2285
2995
4913
10932
10287
930
4460
5491
3374
5448
9504
1889
5584
3981
8291
5729
716
3057
2629
1339
11374
4051
2527
5615
10930
7503
1131
4861
3894
1303
5701
491
8845
1539
3212
7748
9499
2982
1535
9864
673
1080
1004
1207
4887
7185
9487
378
6393
4567
5953
2908
2677
4786
3687
5394
8283
1600
8275
8502
3343
10747
6948
1411
1215
890
9978
4363
5620
9824
9904
365
11207
10061
2252
9276
6456
3389
1544
3703
2179
381
3499
6031
4950
5157
10298
3450
6916
4756
8240
2745
8468
2854
1312
3225
4539
5571
5262
1561
11317
11177
10817
3214
10646
7500
2986
3970
6235
3866
3180
2598
8287
3050
1507
8694
2836
8649
8223
3123
10355
2177
6963
4179
7243
3658
10044
1663
10200
6858
10377
2922
4333
9395
8591
7417
3699
962
7278
3264
11106
8277
5810
10056
893
9942
10257
687
11018
2899
2327
4976
850
6941
4884
5629
4325
1185
4115
6192
2804
2028
2686
1174
3322
5107
3986
9755
3768
3195
8338
3793
5242
2111
9374
4116
3106
8856
7135
5653
8820
7189
3166
5887
4491
4096
8789
4038
6931
3111
5340
4149
7691
6074
6095
5434
3326
3237
4230
927
4507
9271
4024
7953
2033
8279
2968
1697
6828
2597
10523
5237
6080
10224
773
1753
5331
11209
6553
2100
7832
6273
473
7469
6523
5875
6222
682
10032
5588
10437
5104
8781
7509
8582
9676
8833
398
2220
3959
458
9953
6442
341
11050
2440
8019
2257
9769
9569
5518
5719
5770
10205
5043
1450
5488
9698
6740
1373
1773
4487
6697
2318
8420
9825
4790
1052
6497
2166
2363
5245
4626
9701
3693
5294
2512
11022
9730
8039
5449
8810
4945
7731
11156
7967
6096
8286
8592
7677
11190
728
8701
9619
5634
4401
1723
2792
6797
8886
8306
2805
2276
8010
1121
1675
1966
4724
10958
4000
2772
7425
747
10284
4791
10232
681
8914
6450
3065
1719
5462
3973
4203
4198
11089
953
10823
7518
10451
9400
4905
5750
5478
1537
10017
4954
10906
8559
1263
11101
8603
2966
354
722
10803
8397
9493
1027
634
8065
9107
4447
8865
4546
7194
9699
1057
8749
6773
5685
4829
1377
6101
1623
7437
6515
9397
1964
5170
8832
5867
8812
5336
2508
10579
4102
8864
4682
8257
2176
4256
11350
9143
2890
10104
11113
6206
10189
1449
4952
6842
2961
5837
1470
3120
4816
6807
7204
8636
6631
6302
8568
1731
10954
3962
4752
8431
7755
2870
5601
10431
4370
6510
8879
3433
8184
8956
9044
2049
570
764
6598
3826
8844
4123
2348
904
9250
1972
1733
2303
718
10043
5303
609
7528
4155
4414
7245
10147
4174
3208
5950
10650
9707
3119
387
2091
10428
8571
10240
3453
10415
10925
507
8642
10368
1127
6782
4850
10689
5525
4255
3446
6454
10253
9867
5597
10872
5406
8247
6860
8018
541
3651
1757
1042
9164
6081
1199
2275
2651
484
440
6744
463
10181
10296
8772
5952
1422
6391
5531
11112
11300
3172
412
4109
8549
4232
3445
9910
6634
3950
1383
4739
8347
6067
3593
6139
1505
7542
10714
3839
1350
6873
1893
2481
3837
10760
11163
10992
3515
6501
4182
5050
5044
6179
9248
9522
8025
6216
604
7255
8372
7624
10871
8798
7213
5892
8969
9918
6157
2526
640
5947
3730
1356
3401
2797
5106
5834
2160
10334
8860
7271
7191
6458
9631
5421
11347
6250
5512
9809
8551
5348
10509
3983
1907
7725
2852
7039
7654
7126
370
10223
1825
5455
6585
5603
10667
5056
6319
589
1460
10108
4762
11365
2901
7088
11235
9008
7679
5617
2496
3290
1448
744
8901
3328
10014
6194
2524
10004
3140
4902
10009
5995
979
2893
7923
7847
1166
5774
3939
5316
6859
1410
8456
6863
1180
11181
2446
7695
5861
2000
1476
4433
7920
3245
7338
828
2005
6650
10409
8422
4108
5210
8575
6861
5643
6608
7012
448
4187
2770
4551
600
1296
4526
6068
9575
3165
340
8080
4090
8563
7910
3448
8816
985
635
2766
5194
2485
10990
9048
7159
1492
7014
2592
7435
1549
2879
1388
2287
2519
5407
5760
5648
4358
8961
1126
1517
5456
7630
6663
1693
1494
4261
11150
9223
10757
4842
650
6336
3949
9233
9936
5249
9907
2729
10571
9908
812
995
10628
6276
4867
1635
1558
5204
9131
3729
8260
8876
9749
3319
11336
9047
4238
3420
5096
5823
4893
839
9099
4591
8732
10369
10799
742
4534
8304
9066
3816
1059
2095
8613
489
3902
4266
8108
8647
6021
889
5032
9922
3312
8552
3893
8489
5762
954
8714
1569
8034
2624
3038
8821
10857
1456
5125
4927
7511
5831
4426
3852
5063
1338
1122
6049
8376
2105
9247
5606
5397
9986
551
10081
8909
4030
8249
7890
5510
4625
8587
6502
3459
4977
1256
4135
7966
9625
7105
7964
8462
10482
3737
5378
6087
4420
1104
5693
1119
7556
9026
9408
8382
10948
8908
2579
9804
5139
5344
4385
8516
4665
1222
10442
8147
3110
8348
3678
5389
688
1367
4455
2218
5840
8117
4237
10702
2164
5815
2288
9396
6374
3235
8674
2905
8360
2358
2824
969
9305
8354
5982
2454
5921
10905
8799
5736
4506
5857
938
9992
11044
2241
2912
2319
3224
6284
11346
804
6642
6897
1688
2416
10381
3247
6338
2455
4483
5329
11186
2175
6328
4088
798
5346
6520
1401
9331
8162
1521
8979
4006
660
5926
7935
5124
2097
2563
3460
4766
3403
1148
8509
2630
10083
1877
5808
3575
4339
9987
2461
8531
1927
802
5123
4128
7857
5108
4206
10539
1255
6286
7297
7942
9532
6700
611
4243
3151
1911
9520
10852
4397
4039
11272
7925
1518
6770
4858
3803
6395
10684
5547
1584
11088
3580
696
1097
3135
4559
8413
8270
3079
1049
10656
5538
3104
2027
10836
662
4603
3477
8676
2132
9190
7498
5766
9851
5273
7671
4287
4008
11309
5781
10506
5756
3186
2069
6106
2369
8513
1698
10746
6491
2687
7416
9260
4474
6225
7084
632
5223
8895
1514
6468
1602
5622
7904
3631
8664
3416
1403
3480
8469
8069
7698
7713
3751
809
8235
5796
1807
2038
1816
356
7341
2683
8725
8323
10524
5370
4486
7529
547
1585
6033
10050
6016
2025
7060
9391
5287
4848
5439
6709
4307
2828
6369
8542
5542
4257
1980
3975
8332
1646
3410
2159
8978
9560
1968
7246
4734
1865
8919
725
9518
6332
10703
6452
2483
5755
8129
7673
2500
7031
3917
11308
8751
6944
7543
6777
5335
10720
5532
6880
6845
7913
2235
4272
1092
6168
2762
11103
9367
11086
454
6969
11182
11298
5585
1260
8586
5697
4620
466
3215
7738
5505
9405
1404
8651
9316
8318
2366
3341
5544
6478
10765
3353
10965
4468
10148
11332
1245
6877
5918
2625
10924
6219
3428
8650
10456
9743
2542
2107
6560
1854
8124
4532
2909
2999
2268
3933
10988
7379
7358
9686
2637
6171
2002
10536
2780
8902
8464
4371
9716
5338
3362
4926
1909
6104
5089
2242
1593
6164
10866
10996
8868
8662
6263
1553
7364
5265
4121
8677
8230
10139
1903
5702
9269
749
3971
7824
6910
936
11369
1743
6371
377
6977
10949
4482
3393
2548
5553
7476
1266
4760
7899
10171
8200
1447
8739
9607
8302
3817
2572
1634
9476
7587
7134
2066
9865
8074
7269
7898
6741
11140
6866
5497
949
1168
654
9385
648
9058
10511
5195
6258
629
10169
8932
11217
2921
8912
6320
3265
364
4248
5129
3916
10394
6029
2244
2790
5578
7041
7805
738
8012
10594
4136
881
456
9695
4616
9492
9800
7888
10317
1921
3332
8544
4540
4986
9319
8334
8201
7108
3726
5426
786
1738
6757
6165
4143
1194
1136
2659
5238
5951
3069
11033
11055
4622
5454
4659
5931
6923
5101
523
1006
6060
7200
9163
7054
4934
6619
1832
4393
483
11345
2489
4723
5211
11240
8425
4035
7841
5966
461
5172
4897
5000
4965
6155
7190
6722
3668
3954
5460
7412
8966
5880
6592
1269
3624
8910
2699
783
8623
560
586
897
10846
5507
9436
1389
7332
11253
3569
5372
10217
10953
8440
6669
5474
623
2425
7843
5583
4250
10877
9249
5358
3184
5613
1179
1037
3205
10947
2992
7593
5550
1904
9878
3439
9151
6085
10847
11341
4351
3706
11167
8682
7537
6504
1897
5174
9010
4137
815
11339
6815
859
7345
4961
1233
6595
9620
2349
8453
10874
3198
641
10201
10066
1483
7881
3582
2955
8474
9613
6002
1430
2277
4461
7440
817
10452
1146
9513
9536
5352
2313
10249
5733
3621
5530
8008
2864
10295
2610
7970
9938
7668
9694
3432
10445
1700
10733
1742
9793
3300
10465
739
6750
9848
8554
8126
3391
3857
7640
6500
4823
4921
6549
3798
950
1472
2983
9615
11233
6224
8742
2895
1062
2190
7380
7451
8790
1605
9525
8640
8428
10367
2979
3929
7643
832
6018
10358
2296
9013
8041
5639
5976
1289
5745
4763
6538
11193
6719
769
5408
11275
5790
336
11067
3498
8687
5954
9668
10210
6605
1570
7969
3617
3283
3292
9516
1432
5091
8383
2478
1326
482
9660
6306
8269
10269
8408
9477
6172
2060
5077
6400
8118
8526
4377
5467
3051
3396
6424
1064
3610
4258
9813
11239
2947
6217
5824
7344
6352
10588
8216
6318
7342
3523
8336
4380
1859
5787
8925
9690
5636
4653
5267
11051
5776
1624
1550
10569
2778
7415
5438
5006
10250
3544
10127
8871
2539
8727
10069
9256
437
4788
8565
4041
3718
6658
9508
9471
9214
4065
8182
3941
11285
6339
8746
1913
8141
3733
3152
11203
10029
8195
1861
10427
1056
593
7223
9028
9632
5122
9328
10918
3404
6175
8273
931
759
7113
5430
1005
4045
3254
2694
3683
3021
4930
7473
11258
1298
6602
5516
1680
10530
8547
5250
1712
4684
519
8601
1661
10211
6006
1301
1010
3330
6248
5929
2191
4052
6813
2162
822
4839
7938
4360
9052
4218
4418
4667
2495
6055
3402
7921
2213
3796
1621
1504
4822
9718
1848
4349
7402
3183
11302
6891
2951
6004
8476
10698
4398
2200
10711
10770
10634
6507
5631
8658
6140
6401
1099
878
972
1083
8861
6024
1444
10324
8757
7081
3599
6043
10923
9588
11147
11318
5965
7009
4615
4367
6654
10417
5074
3158
5882
2649
8423
9991
1746
8667
5557
11262
4025
6249
4998
1274
7151
10808
430
2821
9065
6659
5885
6685
10834
2668
1467
3148
1082
11166
2698
2329
10492
10489
6469
9234
5749
10252
5704
2850
10436
11040
5324
7891
9061
9392
5355
10688
9702
2316
3781
1135
3565
2547
10566
1147
4100
5387
5318
7454
360
2591
4860
8419
1986
9868
10910
10528
2509
7391
7149
10692
9618
10023
8067
5932
2807
2271
2269
8918
9119
6144
5432
9870
4568
3979
4374
10146
6131
2482
1088
7100
8386
11280
6015
2491
3323
9547
9831
865
7924
5632
7219
6565
1997
2611
8505
6107
1473
6130
4836
9467
1662
10271
10891
9484
10125
11104
4404
7533
4495
10057
9901
3296
5135
7742
3473
9709
1415
9691
1133
8566
1093
778
7242
6005
4231
2749
9616
9703
4707
4946
1114
1703
6624
6574
1329
401
6671
2648
10402
10031
9767
9030
558
5137
6653
5156
11038
3333
602
3117
2462
9650
685
3239
6347
7804
10375
9320
7672
5850
9105
8611
6484
4772
6530
8100
884
352
7693
2902
4283
3325
5059
2764
10647
9172
4814
3419
10499
10414
11247
8078
3980
10129
11362
3267
3087
6455
1229
5754
780
2112
8026
6514
2031
7122
2410
10059
3990
8137
9309
7239
8803
4721
7258
5132
2974
4812
3382
7472
6881
8204
6839
4345
7350
3574
4517
10475
10289
6495
5960
9845
1827
3492
3028
1089
8897
10784
5375
9842
10162
914
5023
10605
9899
10486
4947
1130
2993
2501
6649
5215
10091
8059
8715
2783
7658
6803
6268
6712
5471
1340
8693
4643
5393
4424
5795
9850
6218
1393
4095
10103
1640
5183
756
7621
596
3679
8033
1386
5623
7931
5176
3354
3274
9801
8161
5217
5142
10090
5231
5593
1627
9989
2364
2135
10617
9472
5893
11002
10459
6843
7922
2564
10921
10880
3680
3098
6416
10666
3088
2146
10971
4758
1159
11242
6403
10354
4687
1630
10777
9001
998
11255
1557
8143
6195
4315
9154
3485
4580
6102
2186
6664
838
5062
1239
8480
8768
2617
1240
10464
2211
3656
9284
2853
4042
10195
10483
10197
3461
8096
3891
2383
9645
6359
4318
971
3207
1376
5977
8225
1012
9446
7400
8737
5401
9521
4409
6298
2323
512
481
8808
8125
4714
11259
5424
10013
10419
3196
3951
4034
7413
5913
10743
5233
9301
10264
827
793
4357
2939
1618
918
617
8159
6418
2030
2626
3721
6000
6404
11343
7852
6688
10541
3334
946
1534
3588
9535
11059
10862
2371
1171
5713
5668
2062
9969
829
721
5357
1599
2397
636
4547
11191
5189
9988
6048
7858
10704
1853
585
3564
2781
6630
10007
9053
6675
5669
5897
2937
6493
7496
3351
6851
10471
5219
3759
7723
3660
5482
3908
7192
823
1428
5398
7525
10797
8091
3778
3272
5298
5499
9078
7653
11376
7409
7932
8778
6054
6488
4678
1949
3834
9609
944
11234
4298
5020
8494
9181
6159
10234
3937
5594
7747
6435
8970
9557
6676
446
1610
1706
8718
2845
896
10176
10035
9909
3095
9606
7822
10267
5785
9075
6057
2201
2173
2124
1814
8434
6586
422
6333
3055
9771
2946
10590
9854
1999
11134
10018
10101
493
4840
7613
4901
10300
8501
2784
872
4865
9314
6809
11299
5737
6209
5175
10399
8493
2389
11352
2029
8538
9362
2739
2114
9964
5708
2949
1251
3217
9601
3466
10642
7574
4690
10244
3695
8609
10673
1931
6629
11048
11261
10275
3340
10084
5561
6522
8105
1238
10126
3637
6534
10385
9540
11231
4021
1395
6511
4354
1862
4956
11179
6410
9573
11367
940
4106
9665
7169
4514
9689
9079
4134
3315
4223
1709
1586
496
7506
2354
7724
4153
8429
9264
1443
1704
10006
5060
5909
9635
11293
7522
5935
2507
1307
1384
1687
6699
7565
4071
9232
4246
2757
7787
5024
4126
8465
2245
8439
3253
7359
9836
10884
5271
7387
5690
4321
4875
7792
10193
2338
2194
10373
7591
6357
3969
8185
3566
10194
5453
6911
4815
4228
5283
2957
9466
1644
10898
8635
8205
3256
9576
7337
7256
9795
6539
7683
8317
9796
9682
5967
10972
6089
8245
1841
2858
6980
2412
3556
10518
1976
4297
10604
9617
6330
9667
1375
3869
10822
970
2384
6817
4607
7531
9968
1965
3348
3758
3957
10677
8198
779
2072
4844
1769
1609
5236
2450
5221
5589
4906
5484
10227
4782
9285
4479
8308
4449
8114
8851
5569
8648
11090
5326
2312
10412
1655
4882
4450
2480
6266
3056
5173
7550
3620
569
2472
3763
9977
2666
4405
11273
10933
7273
4708
9203
3100
10612
8842
1463
5479
5256
6912
4026
10661
6790
9371
6082
1875
4979
7675
429
10904
8581
3202
4376
7711
7024
9057
9336
5366
9221
4410
1782
406
416
11160
4422
4984
9758
2047
3838
1572
8717
4645
8713
9071
1740
1540
6893
1811
2540
11064
11225
8232
5260
10182
1497
677
2034
4681
7599
1273
1617
3813
10873
10731
7607
4705
5665
6966
7101
7786
8238
5549
6919
8139
10498
7218
6422
10488
2444
9424
9778
4885
9168
6887
6929
9948
2644
7460
5148
3124
2595
805
5876
8321
5944
10149
7104
7381
3709
8826
6982
4160
7488
7055
6871
3502
6233
3767
2359
767
8823
3649
5797
5117
3629
976
8421
6229
1241
8557
8859
4554
6518
11073
4323
2891
2144
5853
2926
1053
9751
337
7879
2279
10093
2181
4671
5489
6762
1309
1048
10802
10113
6940
9927
1869
3275
8632
975
5877
6848
3169
6108
552
8081
11136
3121
2155
383
1286
6705
4282
3034
10750
9537
5658
6612
4648
2224
11291
6964
5323
8523
7734
10804
10815
10421
11005
7803
10525
10809
3167
6092
10890
11249
788
2399
4923
1671
1323
4057
10173
7336
7948
9915
2039
5559
4188
7354
10828
2331
2390
7027
2688
4654
2728
9376
1574
3849
10549
4735
10145
2408
2212
508
464
7210
6956
2289
1019
5560
8622
11211
6933
7244
933
8949
6714
1739
9110
385
8643
1658
3711
7153
4909
9007
8657
7448
1252
9578
7811
9370
8960
5029
7158
2375
8797
516
11357
4074
3896
10165
10386
6283
10835
2311
11213
6798
10763
8939
5392
3927
4337
9468
3109
5576
7801
9329
7588
3182
3612
2980
7897
2520
10911
2654
9034
9155
4251
3667
11208
11023
7489
3139
1342
10130
4633
11149
5794
3995
2589
10157
368
7918
1209
8562
10207
4548
8973
10042
8965
4224
550
2971
598
3114
5364
5818
8655
790
10649
1039
5806
4896
855
7211
5524
5933
7740
2280
2578
7875
1686
10178
3475
3792
10172
5410
10976
2265
2283
7288
2609
9393
8594
460
9277
2281
3992
8362
6162
7764
8455
4190
9346
2868
4191
3503
4382
6786
10401
9156
2671
833
795
4221
2119
3262
6264
6011
1562
7757
2402
8911
5177
7873
11065
2438
5799
10072
2620
1488
3943
10219
9175
3871
2584
732
2763
4018
2771
2101
5116
5342
6754
5420
4195
7315
6818
10026
4673
5691
10472
5721
10614
7889
1468
2460
7228
2715
6734
2752
6221
5457
11324
7224
5279
3188
4938
603
7439
3035
3422
4751
8146
10338
3592
6995
5016
3444
4467
5646
10255
11303
10100
7064
6960
4810
529
4871
1925
4509
3571
4560
6047
8248
1322
9437
5343
6382
9263
8888
3426
4060
10854
5218
5319
347
6657
1461
1259
5193
11004
11108
2014
7957
10719
10209
10853
7401
7515
806
5220
2108
9339
7530
958
977
7180
597
7251
10191
5566
9592
4798
10082
5991
10166
6389
6812
1181
5376
1140
10613
10821
1843
3430
1023
10955
1720
9475
7499
5253
3538
8063
2129
785
9529
4610
9821
1754
7989
7215
1009
7926
10562
3955
5514
9308
9060
3539
2260
5718
3352
10070
10697
1279
4489
2960
10123
10021
3335
2862
7750
2324
1071
1620
7290
8295
10115
3623
3199
6309
7261
8847
6498
2948
6485
707
10962
9494
6345
1775
4209
2424
1017
10049
6136
11083
6710
10001
3025
8031
6460
10041
5306
3134
7238
5136
3976
1985
10886
8119
10422
2346
9440
8710
6097
9780
4086
9431
899
3567
9967
4737
10659
7765
7721
4582
1984
5847
1372
3521
3122
9567
3589
2726
4703
10897
4411
737
5674
6120
10635
7474
5209
8310
2494
10896
10623
1455
6119
8043
4688
7302
1855
2736
10283
5980
7573
6061
1141
5495
419
4082
595
1824
7831
6680
9195
622
1253
9423
2237
10664
413
8326
7161
5428
2250
2888
10839
10466
3447
693
3844
4997
4943
2646
7389
2325
2887
3160
2801
991
1261
4883
1666
10935
11078
7589
7007
1732
2869
3541
10663
1265
8378
7119
8537
777
4781
10748
10206
2514
1520
3961
8191
6838
5858
3105
2748
7471
3619
6579
11198
1191
10301
2775
1794
5015
6177
4825
5635
7998
3378
3381
4796
888
2754
11195
3153
8899
7680
2856
8004
3443
9833
9637
3930
10527
2419
9083
6668
2127
6703
9379
6294
7628
3061
9162
7339
6297
3874
1651
2765
9036
5856
1454
6116
11338
428
1490
6334
2171
4541
9425
4171
10977
5151
8987
1783
9177
3417
2913
9802
7182
8106
10071
7759
4254
9933
6063
5385
1177
8293
6026
2022
1485
4022
2740
2873
5067
5873
2077
11326
7370
4290
10723
8503
4632
8359
3827
3327
7177
3786
11081
9042
2007
530
2053
8251
11325
6755
3766
748
5939
9586
2090
6365
7459
7097
10366
7944
1201
4055
2615
11266
11036
1184
10341
2381
1542
11109
5133
5826
7015
5295
5300
5655
10818
9784
1284
3366
8846
2188
10345
3814
7977
2464
5162
5513
514
8507
9983
9130
6781
9708
613
9237
3940
6979
1760
6763
4537
4503
2923
2532
5435
8595
3548
876
7915
2722
3677
5956
9958
3604
710
9920
3187
9556
10502
2959
5425
1886
6070
3346
10351
1963
3776
5864
9035
9876
9111
10150
2309
10383
691
3738
10840
1523
3238
10730
6646
6487
7196
6607
5228
4922
1991
3161
3094
361
11119
7206
3887
3552
8404
11143
3757
3847
9961
6354
10411
8723
854
8234
765
4375
9098
2123
4612
10391
4165
10899
2362
3431
3488
10439
2335
10922
7760
5968
5596
7309
8728
9025
2035
7976
7648
5350
4341
10694
4472
3923
10106
10273
1737
8057
7116
4917
4995
5206
5002
10297
2434
702
601
7601
10987
1831
6656
3611
3045
7276
3543
3171
10995
9114
7838
5192
6761
7382
8401
1335
3299
6572
8303
9653
9902
5258
7006
357
9739
9973
7572
9297
7328
6259
3437
926
5652
9810
7111
577
694
9403
4216
7491
3707
8891
2089
9138
3440
6479
9892
10687
5041
11137
2505
1128
1876
9361
3435
2656
8192
8612
5049
3875
1981
2933
9663
2558
8530
879
5304
1993
1225
6907
3966
557
2469
801
3380
2140
4731
6322
4073
941
6472
3423
8282
4075
751
9337
6432
11159
9004
6569
6183
1434
5972
10062
8916
5465
4719
7038
10997
579
3594
2776
1934
5075
3339
7461
9077
3746
10580
1613
4211
1665
7051
5678
1556
2006
8202
6583
1511
2453
10716
1306
7686
1954
1112
7907
9146
1275
3591
6805
7646
4111
10299
6022
907
8854
6874
1573
3909
7145
10863
4464
757
8619
8656
974
10158
3116
5548
3229
7652
10755
9531
2420
3066
5726
5869
5509
4084
4768
9432
10413
2918
8213
9629
10573
4614
10410
8301
9113
1226
9088
8475
6436
6433
8943
1716
5958
6632
8653
5881
5202
9912
1268
8352
9335
7137
10276
7264
3728
8661
10767
7232
4402
8009
3517
6174
3133
10929
9950
10624
5676
4347
8227
10478
997
1952
1705
6965
6832
11034
5832
2378
1839
7902
1870
10776
956
6475
1188
8042
10540
3596
1214
3009
7142
10671
6366
4170
7842
6937
8546
11378
9971
2833
7390
2148
761
8984
8497
11290
1962
4935
8898
6027
2141
9411
6886
4150
3633
11314
2339
4452
883
8827
9186
2048
9646
1495
10912
6717
5459
7558
5809
9595
4912
5936
8774
2387
3273
1797
5190
5782
2556
6100
10329
4940
647
10681
10143
7887
8773
724
1866
1008
3868
4097
8767
7980
2533
9724
1315
9817
712
1302
6833
8458
4368
1801
7373
1622
2880
9611
10860
9326
10048
7467
6641
11305
1677
6125
5159
670
4985
5414
10827
4973
8027
9322
754
3429
11031
11236
1138
4664
3561
10222
7862
1828
7800
9582
10654
3632
937
3876
5423
989
10089
9774
10574
9160
7644
5127
8164
9473
1513
2406
8880
5248
6623
2543
10789
1043
9072
6785
9866
3023
2070
5846
7819
6203
1771
667
7563
8556
8104
1650
9511
1026
3409
6032
9384
6932
5477
4396
935
1536
1139
1679
8120
5650
8441
9893
2985
9341
10397
6118
9293
4324
3654
4879
10435
11327
10117
7127
6340
10775
906
3357
8729
3935
9506
6344
10051
6541
2707
10188
8144
3115
1368
9012
5570
10519
10378
1051
8590
9754
5145
1202
421
9442
3002
5928
7114
968
6176
411
10537
9327
10168
9210
7234
1692
9086
3892
8483
10705
1533
5207
8706
8203
388
3390
5852
10233
10142
6686
2855
583
11084
9622
8209
1044
5866
9519
11128
9005
6875
2372
9176
4987
3472
5146
3004
7013
2317
6223
4920
3150
6652
5757
9033
1804
8472
8652
332
10892
3347
10718
6190
6342
10583
485
5541
4227
10229
2152
2290
8964
5680
9916
2806
1850
2398
9773
4330
8782
7609
9803
5565
3220
9104
8054
9416
7744
10621
6687
7722
1784
10285
2851
5773
7343
5816
1868
1815
3906
1567
6955
7226
7292
8863
2282
9266
3060
8384
763
7632
5521
8297
7992
7280
679
8447
5184
7257
10199
1046
4505
1272
5941
1187
3883
8508
10047
4373
4169
11371
3723
3456
4125
1529
6149
4888
10945
6984
4581
7780
1944
8212
3464
9688
3142
9197
1437
3851
2065
6983
3278
6804
10133
5053
6199
3560
1849
8470
4010
1406
9636
9593
11296
11328
10984
5014
2618
8174
376
4578
8765
9662
9401
1958
3367
5580
610
10114
3938
7375
8438
11228
3882
5030
442
4201
2953
2128
1276
8312
10751
535
9939
1902
6936
9681
9781
8079
1781
6645
6769
8686
2102
7340
2988
2733
2848
3068
8733
8570
1531
9212
10144
9023
8703
1496
10952
6492
2568
885
4696
4843
1337
7883
4531
1793
4200
8467
10053
2760
581
10749
450
3519
4040
4629
6742
2628
7545
9478
7099
6113
3848
10463
5723
4058
4966
7821
3694
10024
11110
8618
4036
5373
9679
7032
1935
7636
8518
8514
5277
4289
5188
3756
10782
8047
2143
6535
818
5167
3862
11199
8805
5493
5476
8313
4484
2011
7463
7174
2052
5868
9447
3291
10788
3884
9445
7662
9103
8253
10538
6351
5446
7073
10742
4759
1067
4306
7901
1361
4233
8953
7753
3639
8454
9355
1577
2623
389
920
8377
4924
3211
2976
6890
2567
2116
8237
4793
10204
4148
8389
8443
540
3287
4869
9564
4469
5037
10153
4524
5905
2249
6696
10260
3645
7941
7532
10794
1477
3263
8064
8005
10131
7176
4729
2575
4263
1254
10046
4154
11071
10037
994
7445
3232
4928
9228
8760
787
6899
4874
7598
1884
7266
6387
5677
3963
10500
1078
3714
2943
2779
3626
5616
1929
4556
5054
7446
5251
7361
10946
10280
2046
7102
592
3747
988
10600
7298
3200
11373
5772
10098
3853
4044
9215
6372
9655
6682
2695
7346
3522
6252
3791
2639
3255
3226
4013
1579
9402
2415
1580
2409
8722
2516
8709
2978
10430
3258
10467
2154
7123
2258
4958
8405
8520
8962
7187
5382
4528
9612
1095
4904
1758
6961
2421
2356
4800
6009
1021
1878
8299
9957
3898
7457
1950
819
10395
2080
7424
8917
1649
6704
10547
8853
8324
8504
1615
1213
8030
11058
8942
7512
4565
2013
8149
8340
5624
7968
8221
3373
4608
2209
3879
4173
1061
9849
5998
1509
1612
1459
5666
4435
3674
10254
10453
506
11047
7635
1806
8345
9116
3640
10534
599
5969
7348
10543
8558
2587
5066
6234
2906
3524
8585
1713
9067
11243
6191
1183
5870
2326
1576
10693
4820
5758
492
8077
2594
3958
7305
1354
1885
7304
1058
7870
1790
9597
9394
11334
348
7820
5724
4089
4835
3650
8430
10186
4746
2429
590
10151
7666
1360
10020
9481
3500
4553
10323
7854
4338
11304
3251
2593
9317
10931
3434
6904
6138
2536
948
2606
10124
5354
3504
1525
6885
8874
5647
1417
5275
10434
4522
9856
5657
10121
8963
10241
10243
10393
10779
8296
8983
4733
11361
6440
4519
8379
10491
548
9574
6305
2084
1838
7718
8014
6462
8896
8250
2741
9056
8177
1989
11294
7540
4939
625
2292
4992
10999
8869
2195
3605
3684
10959
9144
6546
5534
9838
8756
4015
10608
5558
9311
572
11377
10813
3692
9310
10913
7520
7230
7125
9898
6486
1474
3824
11032
10326
5664
11227
2513
2884
9717
7990
3557
3597
1770
924
7802
9887
1834
7121
8196
7987
6962
4990
9084
9192
2063
7162
3944
6882
6547
4774
11260
1333
1035
10577
6220
6270
7584
2149
10293
9995
11363
5105
7106
3032
3318
2826
7070
1364
4152
2357
11284
9883
841
10636
3573
453
1076
5168
4597
9483
1532
4914
1120
10640
6426
9602
3901
10829
4803
9644
2571
8679
5651
2156
6894
10713
7028
7555
3356
9640
10629
4274
9706
1424
7293
10651
3584
645
7447
1684
10902
7762
9118
5064
9798
10175
9480
2570
4070
922
5380
3386
8156
10546
11223
6117
350
5843
8011
978
11146
10016
3948
11062
6152
2210
1564
3030
5232
10532
2964
4217
11133
3316
690
9658
8577
5942
10745
8604
2817
4204
6137
6898
1590
3270
6613
10633
5180
4252
10304
4291
8152
3089
6784
6601
8278
8838
8839
4837
6694
5825
3752
4027
9128
1541
1394
9704
6743
3074
9630
7067
10316
5975
9439
8460
4824
11238
5732
5017
10337
3598
8407
6756
5080
3727
4545
9087
7481
5003
4510
2738
426
10516
1500
9011
3840
4066
9080
396
1914
5391
2392
4657
1421
9722
2900
3774
1833
800
9761
11069
8333
9828
7078
4205
9441
5836
7303
10916
10868
6346
2437
2300
2385
1936
3713
4618
3720
6558
2734
1353
4898
1336
6045
5556
4634
4208
4611
1842
4412
10575
4726
771
3307
11061
4552
4399
11026
546
1106
2708
556
4316
10160
5115
5065
3058
9787
11000
6525
8692
7626
870
5946
6402
7770
8396
5591
3579
6202
7010
7205
8573
8215
1144
8298
8093
3370
5026
6121
720
11054
10033
5902
908
8457
2557
6363
7436
2353
2456
10928
4444
7139
8646
1129
8450
5822
1154
3329
3904
3648
2142
4157
8753
6849
9479
7714
7597
2352
2293
2322
4275
6635
7788
9410
911
544
7157
6938
2079
6304
338
4595
631
4144
4808
6052
462
5281
1264
8229
1660
3193
3101
4279
8529
7877
4395
5819
2941
10576
4639
3888
2474
4139
3880
9120
7991
5312
3765
3867
7712
2812
5247
10943
7829
8214
9981
5057
9230
8409
3131
1073
5469
1915
10085
555
2150
2825
10226
9353
2863
1024
1725
2096
1001
2021
8151
5854
7726
7355
7699
11162
10674
4728
882
9524
6417
1808
7876
1852
8576
5095
6771
5908
10460
7138
8132
10968
7254
8994
9996
3873
1813
671
7396
3994
6035
2920
2682
10086
3331
2929
9738
2130
5268
2121
6733
8913
4158
5689
877
6420
8016
3462
9015
2885
8811
2081
9180
6291
9251
1845
7600
2791
10950
407
9634
9847
7633
2657
4114
4889
9063
4525
2967
752
1242
527
3919
1143
1195
4262
503
6315
1028
7002
8487
8750
9351
5739
2333
4080
3295
8166
11288
741
2403
7018
7603
7872
452
4193
10346
10344
5663
1216
6079
10738
943
7227
4184
1792
7502
5011
4996
11111
1319
7170
6143
10881
3712
10951
3586
9815
8381
6275
6483
6918
2627
480
467
9040
8607
7523
3219
7860
6231
11370
3551
6934
6906
10826
2394
6679
7645
8003
3024
6935
1672
1280
2487
3554
867
11292
2576
2984
4599
5314
8744
8098
6421
9274
2709
8691
4471
1682
781
2600
10769
7592
9102
5010
3628
6826
8485
11340
9193
2055
9343
6683
2298
11077
4975
11281
11007
811
3304
1370
4138
9947
1465
8226
4281
10619
8000
5802
10440
1777
2426
1072
5436
1667
4516
6532
6381
8617
6295
7327
983
1864
7184
390
9360
1857
7885
606
2475
7318
4575
7534
9051
6066
3201
4989
3297
9372
371
7746
4530
9455
9624
6128
1932
4457
5055
2103
3489
10609
3784
4431
2603
3070
10167
6819
4584
4421
3001
11270
7993
10800
5536
7432
9453
3704
8355
10811
10568
7615
6616
1111
2936
9980
7043
4916
9894
9895
9970
3736
10078
9428
5535
7866
11013
8380
8867
11205
10494
2350
2407
1436
487
8199
7546
9417
2477
1030
6723
6112
10159
10055
672
10433
2373
7331
3013
2942
1880
6563
7939
3724
5134
7357
8534
1445
4202
10455
10314
10258
1205
10501
7036
1554
3863
5973
4792
1559
8779
8771
10231
7042
7093
6463
2759
3570
4442
3469
1041
2897
7233
10914
10011
2641
3481
1173
2247
2737
10855
1087
3997
9884
7306
9512
6720
7047
7754
1728
6810
2544
7807
1761
9350
7249
5367
9966
6973
5564
9757
659
643
5753
4124
8510
2504
4676
2506
9584
9219
1798
6913
8641
8735
8759
594
6578
2463
7661
8748
5419
9268
7539
3418
1288
9678
4890
8527
8597
1762
5302
9818
8083
6543
2497
3072
9523
2153
6251
2122
8870
10900
3928
8928
5052
6265
4577
10700
4183
2535
9741
1366
2086
3825
7867
6239
3092
3675
1293
447
10203
3375
1358
900
2147
3136
2793
4166
6681
9913
10312
2109
5061
9485
10944
6509
2605
1589
11337
3210
4892
9747
2907
9133
8545
5502
10593
8271
7641
9347
8621
4359
3762
5490
7634
6431
9387
3185
6636
5807
528
5246
3905
11123
1230
9982
11315
10380
1955
3666
4050
2785
4172
9158
8261
11020
2075
6587
2613
9860
9462
9303
7708
3988
5492
3795
5984
10493
567
2225
3673
1772
405
1939
5001
4991
7165
1397
559
7538
3749
11049
5682
7774
1219
1789
1871
8645
3424
621
6540
1332
9965
803
1050
6571
7225
8666
8356
5673
2588
2711
3740
6975
8907
5468
9167
6091
499
2789
4699
9700
10120
4113
11158
4197
9855
502
5160
7617
3889
4755
11333
2259
10416
1086
573
4072
10875
3920
9200
7863
1510
4741
5714
11269
10282
9633
343
9917
7167
3174
5696
6867
8663
9142
9937
8792
4833
2427
5169
10503
10768
6554
9094
7287
2846
4280
4087
7882
9377
9853
10662
6695
9278
9430
8627
4799
4440
8998
9725
7155
8133
6411
1900
8894
813
10105
4379
9863
6014
1132
3243
8862
5915
1344
8294
5654
3126
7796
9696
8878
6289
5780
6449
2256
10246
4214
10844
9382
7383
3655
1175
6109
3841
5863
1013
6811
1387
4764
3268
2315
5431
9648
9165
8090
9543
5791
9643
960
11107
5906
8637
8357
3850
792
8268
3671
510
9598
5009
3249
6017
5812
9962
7934
7815
2511
4742
471
5470
4009
10598
858
711
1607
5670
6921
2328
10842
7983
8721
8394
4241
10002
5705
5568
4304
2537
9714
3085
6317
5290
3449
5522
2430
986
9581
9062
6627
1211
11035
2866
2010
9091
2794
6775
5440
1469
2004
6766
2530
6662
1695
2944
9100
7585
4663
8512
1959
6151
7000
1901
9666
1830
6559
9639
9259
10643
10336
3190
9184
810
6324
2631
6293
1767
760
11138
6451
4293
7929
6470
1908
11155
5384
3277
7647
8122
9019
8373
8066
9589
2521
6544
3530
8233
2297
4785
916
4583
7583
4827
1736
9267
657
3536
6044
4439
6367
4951
6971
10054
3770
8988
9975
10641
6829
8606
2262
7371
4778
8466
7865
8070
866
8193
2380
9627
9434
7147
9501
3399
9693
9196
1606
1295
3138
2670
9728
9357
11170
7183
4453
8830
7385
9746
9294
475
4294
7207
7620
2832
4122
6423
5501
7794
1316
8242
3011
2345
6405
5140
6731
8849
1248
3308
6527
5263
3194
5805
9533
9872
6146
11052
3587
11094
10919
2223
2451
10266
10907
8370
6512
9463
4802
1582
3442
10515
8716
2664
8522
9295
8974
8218
2284
7797
6200
11368
7372
1836
11265
2769
3146
1822
3248
2795
3015
9378
5983
494
2418
8564
6900
3722
5618
8938
4627
9489
10936
1462
5102
842
5645
5088
3717
3257
7689
1124
9570
7799
3336
6727
2308
10461
10678
9507
9134
4727
2661
9457
2019
675
8754
2710
10559
3870
8780
6787
7285
3618
6628
6215
3859
11355
945
10848
9934
8675
3977
5699
7231
1096
9790
772
5472
10469
2261
4326
11310
639
1379
9281
4311
7823
8341
8620
11129
7825
11276
9153
5325
2009
10110
1503
10969
4704
5637
5166
11028
3700
9752
3471
7085
1228
10618
1990
9240
6059
2404
9955
2274
5707
1164
11117
5545
4604
8945
5165
6083
8852
9791
3365
5700
344
3529
7650
9342
3349
2878
8758
11039
4754
3310
4710
7868
8834
4213
1070
2251
8264
7703
7694
8950
1810
6242
1933
2174
7767
539
3261
477
11105
9603
8331
4789
6988
1759
11124
6303
10290
7706
4753
6597
3772
4606
3664
2898
9544
9594
6552
3467
6600
9344
7779
7455
2204
3145
1102
5817
6557
6471
612
3672
11232
5128
8479
9444
8720
8996
2523
7011
8085
8906
11245
2145
488
4716
4661
4656
5920
345
374
3819
11184
1105
3231
545
8936
4176
8519
9949
10556
5789
1161
10247
3298
898
1334
8672
11093
6647
5278
2264
6453
9924
4826
9109
730
1512
9820
10052
8793
8451
5239
5813
2915
5234
9881
1400
2844
8941
7086
6427
3309
459
10097
6316
2894
3858
9877
8082
4120
10406
7395
7294
3525
9064
1805
10077
10000
5072
5403
6311
9776
8157
776
8997
1160
7639
6958
9827
1691
10917
4344
2476
5964
7928
3686
3077
4131
9952
2388
8967
9705
8433
10214
3509
6908
7973
7685
5461
10420
7758
8154
1752
3159
5792
9242
6729
3755
8957
4260
11102
3091
3387
2561
861
7570
4838
9291
6609
683
8330
1405
5284
8452
8276
8946
1642
3602
4847
7456
9306
10328
7470
10825
4669
5004
3457
4417
1151
1647
7494
8924
9017
3062
8528
7025
2534
7374
7253
5241
6494
3395
3972
10980
1341
7353
6364
515
4488
8731
8985
8258
1788
9720
5153
8445
4300
1912
7789
8743
4156
5688
8017
10622
372
3697
10726
2712
11068
9194
5778
10830
4366
9253
525
4296
8071
8007
8463
6836
9841
11192
4655
7559
3998
8777
6853
6816
1045
5814
2222
8515
9290
8477
2092
7697
2231
2590
7323
3606
7919
7450
7186
8053
5130
3665
1431
8848
3773
8127
4496
11256
522
6438
9027
1956
2658
10400
9753
9333
9170
8001
8791
1568
9081
4319
3974
7044
5208
2847
8763
3037
2799
7428
6034
11099
3806
7363
7209
10696
11354
7704
9994
9217
9816
3698
4593
7023
1277
6783
3878
6428
1224
5703
6482
4855
9059
7464
8178
4303
1996
7575
2963
4691
8427
4740
6406
3968
4562
1317
444
9452
6378
6078
10088
10477
3760
4828
9073
542
1258
3708
8931
8496
10542
6281
9566
3344
8940
2665
4689
2057
5957
10792
1090
7985
7930
3355
6312
9220
6610
6008
5945
10177
6038
6993
423
4308
562
6564
6349
11009
1601
7578
1795
8418
10408
10957
3744
7143
5523
8150
2192
11046
576
10960
2125
7669
2889
8015
6010
6793
2602
5582
8689
5752
5113
4428
4069
5299
6674
6256
11164
10676
5595
7664
1156
1744
10028
952
9298
10563
2551
3305
5076
9726
2272
7262
2137
6830
5013
7281
10305
8211
534
366
9069
7295
4596
2719
892
6924
8113
5047
6166
8992
6343
11287
7314
10281
8490
6692
3842
3549
10795
4127
2433
7217
379
966
6379
7773
10495
6153
4999
6996
5865
5094
2001
2604
2935
7961
9299
3113
9844
8289
11286
8280
334
1369
8266
5082
4646
4579
8602
6007
1123
1745
7408
2849
1347
10601
6169
8569
5592
6806
6582
7398
3425
7017
7501
8228
9139
7095
8783
10596
9415
9003
6725
704
10793
5093
902
7115
6555
1766
10248
2566
4624
4343
5672
7468
5280
2003
8533
3846
1653
6570
6644
9550
932
5916
6154
10136
7061
8933
10586
7270
2355
549
3036
3314
10310
10480
5359
6148
4270
1998
397
6827
11045
5830
2044
2747
7880
2233
8806
1726
5722
4161
8084
4477
4083
10087
10163
5833
5377
11135
1000
7411
8873
9862
9674
5155
9495
10342
4586
921
2751
3415
6227
6030
9236
10764
7505
9946
6684
6992
6537
3771
4700
9664
10387
7716
9858
342
7202
2087
3542
3999
1176
4336
1987
7955
6524
627
4722
5835
11056
5450
630
7441
2020
11127
7074
6625
10798
553
10154
2054
2643
9811
4856
5985
2278
10967
2596
5671
7178
4362
7058
5412
1524
5614
3511
5710
8553
1942
10876
584
7905
4129
2196
1115
7737
4573
987
10909
7844
3388
6920
3748
1941
7462
438
5727
5970
5993
2208
7777
10010
1117
7466
7900
11080
8342
11091
4818
5706
11330
9021
3572
7833
513
6277
4381
6594
1501
6241
1018
9940
4638
4285
2305
5305
8822
4029
5716
5320
5743
6831
5927
7449
5730
2187
7140
7164
4932
10820
10739
1560
10773
9150
10497
4105
4962
7586
10675
10887
10454
1702
2816
2498
5742
3083
1257
2717
5914
10272
2428
1673
4332
9760
6689
11098
2088
10941
7248
755
4797
3324
2229
5872
3175
6946
1169
5034
3993
2228
2910
7937
2232
3052
1632
6058
6409
7220
5255
4957
862
11306
2931
816
5786
2716
5222
2735
8024
1860
2133
346
2413
7690
7035
1629
1890
4302
2720
10325
1872
4004
2267
3394
3259
10155
4451
6868
5517
6614
628
3026
903
10349
9014
6651
9389
10390
5097
4033
1923
5626
7144
1197
7656
10572
7536
7670
10458
3397
4175
852
7903
3936
6385
9185
10934
8170
8163
2950
7300
5526
8785
6473
3377
6115
6862
3279
7369
4419
2503
8305
11021
10116
8102
4641
11202
4320
658
9356
7960
7508
4974
6226
3854
6794
5898
9568
6313
1396
4356
5587
10632
1583
6355
1407
3924
2553
7046
3364
6123
11074
4430
2484
11180
3590
5803
993
1324
7566
1392
7365
2815
1481
10095
5605
3956
9429
10982
7912
1074
5445
7265
6640
2178
9398
895
7322
6094
10392
5099
8220
8040
10096
11131
5079
10756
9368
7741
5399
7851
8055
425
3985
10220
2952
1192
2829
8883
9846
10657
6201
10548
1423
9332
9206
8536
6158
3107
5845
6331
1555
8252
3191
3209
457
7377
8088
9024
9654
4695
4640
2117
10322
9381
6296
6736
10956
10870
424
4327
7057
2202
5422
8374
7853
465
5878
1031
5229
2970
3553
10786
8959
5740
7655
8802
3372
6728
10560
10819
7062
6246
5955
626
3780
9124
796
5527
2802
6637
9201
5042
2422
9960
7810
8625
6603
7602
9580
4473
3350
8696
3240
3020
9241
3203
4389
10655
11212
3811
8628
2343
392
6236
2787
9740
1204
8417
1033
4309
11006
7772
3376
633
5520
1098
1212
4068
8670
1330
4061
5442
339
3470
7687
2037
8328
1025
6196
5599
10555
2663
1163
10039
726
7606
8968
3359
6111
10504
9628
1480
8350
1425
1200
6953
5349
434
5240
11372
1297
3550
9188
6257
2078
6780
3715
8094
8540
9734
8048
5899
3833
11076
4813
4299
10292
2340
7117
8935
2206
1349
3483
8194
7410
9762
964
8926
432
3685
8596
3818
3608
951
1676
4498
6247
10778
4572
1189
6677
3197
4098
10441
10715
10161
4964
5884
10585
7083
3812
4903
7986
2083
1881
4585
9125
11144
5114
4672
3701
11157
3022
8766
10937
5764
6872
4845
2294
1776
3454
6690
10686
2307
2040
9837
5404
10683
4571
10682
5644
2447
9683
6670
2669
9414
2753
3016
2714
9546
4011
1352
4521
10545
9282
7148
2919
6618
8363
10581
9596
4794
7388
2750
7347
8495
1355
9365
10535
9750
2550
5997
5741
1519
4613
8061
4295
4899
6698
3636
10638
3642
486
3802
7978
10330
6726
4895
939
5515
4352
11041
649
10512
959
2183
10184
4536
393
9538
7133
9826
9779
9349
4434
919
3865
4564
11316
6361
1363
8948
4668
2706
2085
3807
863
605
2492
4048
6508
9929
9097
1670
5738
7676
1152
8589
8207
11251
517
8111
3903
2541
758
4942
2379
3192
11072
5205
875
7552
4328
7129
4432
4968
9089
3303
4091
1157
6187
4570
6800
1484
5768
10045
1327
10457
3910
3496
3040
11057
6445
2896
10551
6672
10735
5912
1910
9697
6905
11174
5844
394
5744
3463
8905
6972
7616
8263
10805
4694
5777
9352
4234
2058
10544
8745
1641
2263
3690
840
8168
692
9315
7590
474
3147
10404
10761
7618
5429
10015
7604
10294
3609
7569
10003
2302
7916
2680
1724
8337
8092
1439
6707
7274
7596
9785
1060
5751
6528
4972
9759
6590
11126
9307
3421
8525
3881
4028
1603
3053
8426
2435
5152
6243
8188
9095
5925
5261
4971
3438
10993
8021
2786
9932
6735
1249
967
5996
10012
7884
10067
6951
6314
3223
2673
9943
2189
5400
5433
646
3168
1374
3137
5577
9852
8955
5907
10008
4079
5464
10109
1158
8155
3144
7817
435
1847
10587
4499
1718
4132
10318
9009
10744
8593
10496
5895
848
10729
8583
3653
2730
7549
1669
11197
5046
8319
10331
7791
3371
6394
7080
5226
6922
7835
8175
3860
7037
7203
8809
10379
11096
10058
7107
10382
7947
3033
2515
3913
8169
6799
3820
2073
11024
4093
5554
5500
5111
3581
5949
849
351
9438
4915
7259
6796
3775
1616
6517
9254
5731
9742
713
9685
362
9386
384
10597
9687
2599
3227
8167
9117
2555
2528
5988
1235
1246
5667
5981
3734
8630
8366
1162
4031
7418
607
2679
8683
2240
10080
3978
6593
8578
6584
1234
8680
4801
7818
7429
7896
1077
433
6156
6551
9050
5441
6430
3006
7376
8890
7195
5820
7118
1250
1763
1270
7422
3286
10920
1920
9407
8804
3583
8424
5103
1113
4658
4239
9191
913
4454
11085
2431
8107
10396
5368
5994
8316
10443
7131
6188
2400
9135
9857
6967
5715
3204
3345
11008
2473
2342
10752
2635
2925
10861
6749
8243
5874
4101
2036
2432
11204
2777
4185
9889
923
7493
501
8615
9954
789
3306
8665
7837
11348
3547
7485
8375
2161
7839
10807
8836
9671
10357
9229
4463
6071
11268
9090
3213
9198
2120
2756
1961
9054
11248
3313
9224
868
2266
2975
11241
10505
7334
6290
5199
7320
1548
7250
443
2692
5735
8904
5451
5811
2099
2351
4355
774
4361
6407
7326
9169
6545
5891
8580
10418
8837
2660
8769
10758
5481
8190
6429
1304
7275
10517
574
9651
1232
8158
7836
10514
3991
8089
9187
2071
4145
2163
4863
3514
6550
5119
10022
4278
6791
7484
6884
7059
7193
9454
9209
5288
1198
1390
10218
9712
6114
5633
4331
2043
2396
6788
1892
1457
1032
6789
7171
10340
4046
4944
11011
2493
4900
2573
2813
6615
3931
1596
4706
6516
9500
3513
3266
1851
6012
5243
7089
2704
9000
7812
2685
928
7050
6702
10680
9669
6025
4388
8761
355
5381
10978
6878
7427
947
7814
797
2892
1165
7951
404
9373
1208
3221
7299
3363
6917
9830
4563
7595
3787
8274
3505
9517
8219
1218
4249
9789
5028
2871
8548
1856
3832
537
363
2672
7247
1664
7709
3301
9166
11188
6041
1928
3311
3497
1636
9474
5158
4868
10225
7761
8624
10787
2998
2814
6693
2502
7368
1983
7730
8392
5390
1508
441
2954
8506
3897
9562
7072
8698
7850
9243
6161
9786
3953
5411
5118
10449
6212
9231
6020
6701
2219
871
1178
5498
680
11087
8524
8614
3244
7414
6170
8388
4322
1186
554
2559
9736
3630
3634
3754
1930
9549
8920
9843
11145
7136
11279
5090
5371
3681
4670
4718
3082
10065
6145
564
808
4276
10112
5986
1988
4407
678
2165
706
3899
10347
8631
7834
3078
8690
9121
9906
3779
7855
3531
9559
7016
4574
2529
1399
1278
8095
10259
8498
4777
5163
10994
10790
8971
8825
4267
1283
2773
8013
4353
4981
4475
5257
6957
1717
10118
7567
9068
3486
10940
4212
11151
1150
6490
1022
7166
7840
7438
9503
2653
8320
4192
8695
6713
1516
2761
7068
3932
9614
698
10878
6764
7972
6947
8367
2214
844
9572
7307
11066
3048
5362
7490
6589
4967
2441
9775
6519
3508
996
6098
9563
8818
8442
10398
2094
1598
10970
5038
3800
10796
7827
7893
8608
8097
1084
821
7816
3406
11079
5574
2932
4566
10446
10712
8976
4112
6889
5575
1951
1170
2675
3222
10198
7419
2549
10309
7909
4062
7516
6050
578
2238
6046
1578
5048
7480
4305
5311
561
9275
10645
10894
6271
4133
4465
9553
9599
3246
7768
3358
10522
10403
5562
9262
8755
3413
6855
1748
10245
4067
2681
2299
10487
11130
2393
10196
6927
676
3895
2839
2746
7733
990
1196
2678
5486
427
5264
8208
10481
4497
5900
4247
9721
2924
1994
3495
8262
478
2414
3178
9792
7517
7188
5417
10474
6591
10850
7020
1206
7611
8954
2819
1320
10669
2608
1107
3777
10333
6446
2236
6099
5308
8660
7356
6300
4549
3663
5098
9861
6633
2877
9183
999
5276
2405
6465
9951
8831
8136
8051
10553
4809
6997
7076
8339
3945
11122
5405
1563
3010
8817
6348
10242
9832
5661
5801
2830
3012
1247
5458
5416
9038
11313
1357
1287
4063
3384
3753
6856
1899
10889
10313
6865
9763
4748
9647
9840
5272
4529
11189
7553
4222
1547
1471
5717
6180
5829
4490
4846
9623
10771
10660
4147
3627
4253
1101
4533
7775
6939
3657
4747
6412
10507
8075
10183
3081
2601
3537
10616
6580
10444
8062
2436
10915
4518
2803
5911
1149
3029
5642
6626
4384
2914
9735
10094
10030
6232
9794
9551
6846
9412
8473
6737
2732
656
4925
3392
5475
6124
6903
7510
3164
8222
9427
9092
3271
4043
1409
1729
4189
6141
7612
5572
6228
7021
2098
3922
8112
10215
9891
9823
784
699
6388
618
10529
6163
1094
7421
9096
4929
4866
7452
10179
2227
3516
9829
709
9897
4851
3845
7906
5444
3484
11278
9914
10521
3027
11161
6397
4918
3622
2612
10170
3739
10102
8416
614
4335
7497
6521
4779
3822
8099
6126
2798
8255
6648
10865
1451
9886
9433
4207
6028
3835
6738
8281
4177
7442
7033
3282
1137
2696
1639
1947
4677
2008
10838
4982
6990
7629
7705
2700
3128
3494
7911
1499
5383
8327
1982
8399
2991
5961
5483
9748
9366
9719
4692
7150
8029
8484
4831
8669
7749
1068
7198
9404
3512
4561
9984
4853
3170
2883
4970
1835
3788
10754
8952
7514
4773
2621
7845
2391
3468
9265
1385
7065
1611
886
2632
1527
1597
11353
11214
7940
2253
9032
4277
8688
2782
6323
8110
4881
7214
8584
10942
3761
9510
3967
1614
8872
1619
4456
3143
9189
4194
4273
11042
9340
10991
6480
1300
10479
8142
5930
4685
2538
8521
1182
4077
4462
4406
9729
3361
3615
5143
9515
5485
7393
3155
8437
7988
708
5085
8403
10141
957
3407
4784
8800
10111
4229
4780
6954
1134
3157
10238
5546
1969
3532
2619
11267
10190
8246
4621
7736
8160
1780
9675
1003
8140
6103
1420
6768
1118
11254
470
4504
6267
5971
3836
10603
845
11100
4403
9273
1100
1874
9245
5185
6056
2334
9835
9539
2886
4445
616
7745
1747
520
8539
4911
653
6240
6415
7959
1799
1429
10303
3641
8056
1538
10174
4459
5463
5259
7608
7763
6356
1906
11097
7856
10371
10348
7984
8770
901
3600
3129
5415
8461
11019
6639
1210
10353
745
703
6834
2838
2837
9732
8353
9129
2113
4637
2713
2465
5225
5910
2295
9713
9925
10526
11335
10832
3855
7310
1223
6655
2347
8712
2758
2059
4994
9246
10152
5537
3379
10707
9684
3000
2467
8882
9388
3647
5203
3455
3108
3823
9558
4732
8116
7431
1882
9173
10740
6596
9338
4162
4391
7351
5879
5443
10812
10561
6396
11139
8385
9638
768
6706
2518
4515
7782
4501
1943
11178
2466
6930
6513
1918
1145
3568
10599
8840
10128
2788
439
955
2977
9805
7861
8915
1047
7197
2565
10753
6193
2254
3005
5627
9756
4313
6666
6280
1526
4118
5313
7235
11359
652
4558
7974
9359
4864
5112
6774
333
1967
11206
587
3741
5506
8903
3731
2015
915
7296
929
5804
5154
7610
524
7291
10565
6003
5036
8138
3799
10212
8254
2645
836
10557
2607
1530
4576
3046
4196
4649
6716
566
7949
11344
10710
6090
5161
11118
2634
2064
791
4538
6269
8387
4783
3236
9482
6178
8134
8858
9140
6292
3073
10869
4523
3829
3688
5213
11120
8629
7325
7301
10137
846
8398
7423
9179
1922
6325
5709
6337
9764
10063
10202
3017
8459
6576
7696
4342
5769
6691
2443
3090
1371
10180
8850
7109
4713
7952
7752
5904
1916
1898
5418
1551
9834
4003
2118
6474
5747
9287
689
11263
410
10736
9016
4119
8244
5990
3501
3659
9178
10602
3925
5333
2796
5297
6902
6824
1267
1817
6373
1282
1446
4941
6945
8288
11053
6533
824
1103
4284
7524
8885
4210
1380
873
10484
5466
8944
10350
6621
2633
9839
4527
8036
4301
6308
3289
7548
563
3031
4765
10858
11218
6758
11358
6207
10989
5959
8673
9409
3809
7594
1262
1545
565
5386
8290
9318
2445
1281
9911
3725
5317
8046
11142
5409
3797
7362
2479
451
6588
1945
9074
8626
5543
1919
9149
5938
961
4619
9561
6086
6994
3911
5413
10315
3003
1433
6105
10843
10520
1125
5539
7005
6526
10270
8814
9554
7766
9161
4413
3696
2522
717
5555
7092
7561
6282
3487
6075
5330
1193
6299
7813
1325
4660
4392
1826
5087
4271
11012
2820
10849
9777
843
3141
8101
1343
11283
10833
7284
1236
5659
6084
3782
6408
2361
10658
9514
1818
8633
10208
8115
9226
9257
3682
3669
2818
2860
4601
10685
11301
418
1628
5839
5761
2023
5675
5186
7995
2199
4458
2994
4636
2554
10867
1290
2577
3644
10027
6814
4834
367
1285
1565
10384
11154
5120
6142
5638
2203
5388
6464
4094
1441
10019
684
5987
6678
4146
8951
9959
2822
6132
415
10286
6064
8981
3562
9727
2725
762
4535
4642
10405
4857
9157
11219
11349
637
3103
794
9421
3230
2702
9565
5828
5121
2314
1014
9890
9375
4512
5763
9875
1172
6326
2110
8406
2234
8351
10845
4854
2689
3047
2810
7026
6439
4078
8734
7798
7267
5070
7479
8704
11070
825
8400
8478
10251
3585
6795
4963
9807
981
4978
3284
10438
6182
11168
8482
10364
2172
9321
910
664
1155
2226
1895
799
6211
2705
2180
8982
7268
10138
2255
7110
8892
6040
6019
8444
3099
3578
7971
7554
2841
6542
10279
9956
1475
7739
4960
651
9944
9171
3288
3918
9974
11173
2650
6850
1764
1002
8259
4936
6779
431
6575
2586
10216
6288
3154
8189
2958
5274
7052
3987
1066
11025
9280
10721
7333
3555
10841
3702
4235
1749
9879
5923
1905
7605
1153
6467
7544
734
775
1975
6959
9486
6279
7263
3189
9715
8315
7783
5012
3181
2382
9661
9325
2041
8311
5821
8210
5586
7090
9649
9656
9888
7535
4103
9998
5328
8877
4064
1034
10882
7063
490
1109
3007
11010
8535
7286
7216
2012
8671
8449
5196
5369
9211
6499
9082
4334
5662
4076
6135
1227
1802
10552
2831
1756
8346
8121
4317
4104
11092
9505
2865
4288
5084
11224
3096
620
4650
7828
2973
5934
7008
5598
4508
4099
5269
5783
10362
9814
2442
2987
5734
5353
3118
7175
9450
1348
3064
4059
3790
11201
7732
9534
1626
3810
7272
3127
11014
7236
1837
7163
6870
7701
6329
4953
9002
3321
7465
10591
3520
11015
8991
7048
10034
6358
9465
5600
6745
10025
8708
10595
10339
9225
6189
8368
2560
1566
2468
4697
6620
2997
1674
5528
8784
3646
2861
9159
1977
9545
10135
6606
853
11271
1659
1809
2727
7751
373
7094
3805
2045
674
5720
9112
7997
666
5007
7808
3576
1414
1587
7237
7954
830
4647
8560
1491
10164
10627
10582
5332
1040
2423
7719
6110
2439
1081
4383
5496
8314
6566
8747
6604
9610
8393
8265
1418
568
2721
9873
538
7571
4164
6350
9496
591
6778
4730
8023
3801
521
8335
4592
3942
10981
5748
10927
1707
782
3984
1458
6093
8843
7580
3280
10831
8165
6857
5224
11017
10554
5197
5379
9435
9768
8186
8128
10360
807
4666
3385
10450
7335
912
2270
9261
3163
8410
1701
10510
1036
7943
3716
1362
9571
9460
9963
4350
9270
6643
5051
6287
5573
7692
4628
2074
3458
4771
7482
5533
10040
3452
826
2701
2642
9999
6496
6362
982
3228
3049
2411
4832
770
8881
4485
8555
9670
1883
6667
2169
1345
857
2042
7082
7914
3234
6390
3218
9324
874
3206
7651
10801
8740
11114
479
6214
7154
7066
6127
5365
1054
9304
980
2377
10679
3785
1714
9070
2182
9488
10856
6301
2386
4744
353
624
4441
8684
9046
8681
4242
4702
6772
375
2693
7513
10361
1167
7022
9608
9470
3915
669
2840
6341
1328
5767
2310
10432
9990
1971
6974
5171
7619
7784
5266
7720
4598
9020
1803
5694
4019
4749
6715
9420
7279
400
2859
6238
5310
11075
8977
1515
11115
5903
1243
7004
736
7778
705
9018
5286
1190
9737
7769
497
2115
5628
6321
963
7627
3965
3510
4693
5886
4365
7212
3493
8446
6261
10652
2614
11183
4167
4168
9652
5327
4408
7507
8762
4775
9037
2843
7771
1685
2834
11230
5771
2458
750
4931
7623
575
10699
6879
1863
3179
10363
10983
1681
5924
3405
7173
8599
4394
4240
5339
3638
8795
5841
1979
6825
4130
6077
4511
10895
11257
10352
8567
10335
5917
4686
2017
6375
9782
8391
9590
8813
8801
5292
4955
449
4725
5198
7665
2569
3411
9766
1063
1346
6708
1378
8610
5494
2016
7386
6661
10291
8738
10425
8986
9579
3577
5608
9390
3427
5948
10036
6210
8937
580
8893
8699
3441
9585
1840
6023
7874
6599
7682
864
4674
10230
2872
1244
4348
5473
11215
7793
6274
4117
2724
2082
5083
1953
10653
1416
5282
1116
6567
7886
8402
5437
608
10274
1442
10372
6622
8049
7495
6457
6869
8028
8052
8511
10717
4476
753
4993
5019
6069
5033
2969
9334
6042
6310
2026
8685
1638
8975
8358
3383
5609
8176
3528
3830
358
8414
2876
4701
6204
4478
942
11216
2330
1973
1299
6721
1645
1351
6260
4886
2744
4609
4631
5551
8574
4427
7809
11027
8172
8002
3474
5480
7557
9145
10837
7120
766
4776
2068
5503
4443
8702
4652
9812
11030
6262
4769
6562
6001
9286
10448
5452
9022
11132
7443
7087
11194
5683
6205
9491
5508
2286
6062
9692
8173
4819
4369
7678
9258
7112
331
8109
4807
9600
4245
5889
3934
7996
1926
10672
3102
814
5345
10302
8719
4020
3821
3216
9921
3558
10737
8815
8448
3856
9527
9202
11063
8700
3338
9526
5660
6335
10185
735
2945
3794
1015
5396
6237
2273
3075
6437
2546
6808
9502
860
2061
8922
2131
9147
5086
1543
5567
1888
2811
10156
10859
10235
1498
9819
6801
4910
2517
7541
1896
4988
3276
10236
4590
2882
468
3907
1873
5684
2640
1604
8654
1735
10064
2867
3097
4180
4605
9874
6852
10706
6821
4142
6711
665
743
9972
5784
1657
3614
3613
9126
6949
7576
8788
3491
5252
5164
7453
5363
909
5962
7329
8492
9871
2581
10814
2742
3482
4877
10508
1464
7229
7378
7172
10567
835
4720
3601
5712
10038
8884
3603
5919
1271
7168
10985
9354
1075
4141
5347
3877
8707
10885
8550
2337
10075
5147
4181
10732
10376
9076
9583
3662
6184
11152
4569
6901
10759
3526
11153
8824
10140
1823
7289
2690
5641
8131
3735
4310
8724
8993
984
638
11364
5293
733
7181
10783
10558
408
2056
6253
9770
10531
11312
7045
4933
3507
7637
10973
6792
9413
1821
7727
7277
6970
6434
3540
3162
2136
7871
11222
1581
7486
9822
4878
9985
2243
9711
11356
5625
9132
6133
1690
7394
4244
10926
905
2216
9383
1844
1696
5045
7077
4364
504
10320
9364
5989
7994
1791
9049
4805
6386
6968
500
6985
3369
8726
1506
2457
2525
5610
9045
1426
9252
727
2956
7003
8038
6076
7869
2193
6088
2158
2170
9577
3337
7321
399
5022
6208
1085
5069
9626
498
3914
5078
6536
5031
3478
4630
5191
5974
2139
4425
6748
1020
5181
917
6864
6568
5201
5800
5322
8284
7806
5862
505
7577
5005
4870
4163
5341
1711
4001
10766
10132
5092
436
8300
8796
1786
7352
5860
1734
7404
6926
4907
10648
9380
3989
11307
8272
7311
5321
4849
6447
2301
6976
2676
10964
3843
495
700
1065
6531
7631
9363
6072
7483
8197
1992
4679
5307
3044
4007
9772
4589
11125
2341
2562
3400
8488
6186
11297
7098
7982
2076
1528
869
7663
7141
8697
2050
9174
834
5351
7927
3019
6399
3804
10447
4980
8180
4852
9509
10974
8855
6039
7715
409
10701
6611
2376
1960
3080
6255
3506
8500
10772
1643
8183
9039
7426
9093
2585
3252
6840
7504
3518
9152
6617
4680
9459
6991
2184
8572
9677
2486
2138
8588
7702
4859
3534
6307
7313
7826
414
536
9289
10239
8364
6573
7568
4500
4767
9555
9255
5395
10268
8900
3177
7317
1231
4226
7222
4110
3783
10644
1055
8171
1819
2488
7579
8866
11171
3018
4292
10734
2667
4908
9312
9993
10564
6673
4983
695
2093
7420
7324
1502
472
4053
4757
10079
9127
4012
9900
7892
5581
11229
10370
7392
9885
2638
9101
3408
10879
5579
1678
7478
2800
386
2774
1237
4494
8678
6503
9218
4675
3269
1924
3732
11342
5058
1683
8841
4390
6477
8543
1427
5138
719
7642
5540
3705
3745
2652
697
10851
6213
3527
5504
4329
4056
1408
6198
1311
1435
5607
9541
2205
9292
10570
7367
3635
7562
7405
1727
9672
11176
10979
9216
1608
9673
6377
3921
7776
7240
1894
5212
5227
8285
10670
5178
5937
5686
403
4480
2930
9085
3982
11351
4016
10076
8037
4587
1787
7241
10774
4795
10470
7282
4438
3014
8032
2703
1937
10615
3130
5649
1220
6892
7079
4436
5901
4314
10637
3112
973
11001
7475
5793
8794
5978
8045
1575
2938
8705
7963
10468
3864
7492
6837
4761
4286
4032
7946
7521
4446
8256
5728
6987
8711
4862
382
10307
2459
2674
2367
2545
6581
3360
2916
6548
887
7781
1203
9443
5695
6419
7040
723
9458
5656
5073
10998
1038
5291
3831
8044
2248
10343
10107
5999
8958
3414
6360
9358
9591
4378
2743
7717
5285
8241
9928
9945
9723
5590
3320
701
2018
6999
5855
4178
6129
10888
7071
10490
1867
2940
6942
2239
1313
4470
10607
5361
9997
10864
5235
6765
4736
8187
1489
1778
8989
8752
9205
2401
1722
10365
5244
9869
7477
6398
1110
8807
10630
4542
335
5602
10695
1382
8432
3149
7407
1755
9136
4005
6896
6425
5746
6380
4745
7308
6759
1694
4635
11037
1359
445
655
1730
5126
5025
10708
10277
2981
4811
9106
7403
5296
6073
10938
10606
8828
11148
7681
1552
5529
3241
3039
1381
7034
9605
3719
3067
8411
6466
3661
10741
511
8499
2874
9313
10986
10584
2934
8412
6353
9122
9208
8022
8995
1699
9222
1637
3545
5427
2552
6909
10074
509
9498
7684
9418
9919
1079
9199
9141
11323
10288
3535
2151
1978
7252
6254
7053
7956
7049
2655
11220
6150
4588
5144
6160
10122
531
8659
7614
9108
4400
8343
5447
10727
9283
8889
3398
1479
6739
6730
2616
8921
476
7581
8206
3652
11175
4312
11095
7848
2304
1588
4159
4557
8972
5008
1007
1765
3890
4054
3912
10278
6051
3465
2842
6747
9213
7622
1741
8668
7056
3063
7130
7434
8598
7406
11289
11282
8634
4709
11221
3476
10665
4085
3436
7564
1452
10639
9029
9976
820
10966
9528
8130
4014
2808
1715
4543
729
6053
3293
3960
4880
5035
8436
10592
6915
5150
7551
5725
9288
1800
5640
2911
4492
5849
7908
3750
925
3769
3607
8764
11244
6414
11295
11360
10213
4220
4265
5487
4894
1846
11060
6978
8231
2927
10975
5021
1708
6167
8741
2755
10388
10423
5798
8787
3563
2365
8999
668
2126
7433
11237
5759
2215
6986
6461
10092
5698
1221
6444
5888
1011
8947
1594
8325
4821
4236
7688
6943
11003
11331
7430
1318
10119
2809
11141
9006
7397
9680
2471
5687
9905
588
1887
9419
7849
4937
10908
7312
2857
10785
2344
1142
1689
1631
3285
6327
2134
11169
2904
1310
5141
3479
7830
5289
5230
7458
10429
9296
7958
5992
7132
10626
8616
4712
9926
880
2032
4891
1592
5630
965
3625
10939
2291
7729
8927
420
731
10311
10306
6413
6481
7152
10806
11252
1891
7950
8887
10791
7945
7917
615
8486
4550
8344
3743
5788
7659
5851
8135
7360
4876
8087
1995
6732
1412
4743
518
391
6037
3886
1917
8934
6376
8148
5149
3815
6230
6767
9490
7319
5871
2881
7660
8349
5896
6506
11185
5100
7221
9896
6952
4151
11121
7878
2104
4448
8532
3490
11274
1365
1938
7936
6660
7790
8930
10625
3689
6998
6950
11210
7547
455
9451
4644
4415
10359
4948
6888
10332
8644
4594
10824
5827
5711
10578
10550
5679
11322
11226
2996
642
3900
5131
6753
9604
2332
1108
5356
10724
2370
11246
4264
2321
8605
2374
4429
4437
894
3260
7069
6065
6820
1721
6989
3764
4002
10961
10690
9733
532
9744
6561
891
4387
6895
831
2718
2368
3789
10261
8217
1478
5619
1016
349
4466
6822
1308
543
8857
8050
1029
2490
7962
8068
9449
992
4346
2767
5612
10256
6841
7743
369
1305
5511
4268
6370
5779
9880
8292
2024
5775
6665
8179
4544
9426
11277
7894
4416
8103
9806
7124
686
8415
1453
2510
3670
1948
10901
11366
6718
8730
4770
10533
5337
2395
8123
1487
7199
2470
10389
5315
8072
1571
1391
1858
934
3176
8561
7735
10265
10781
10589
8786
8267
1402
5842
7965
4269
4830
5254
4225
4092
3342
11311
663
9204
8236
7638
3317
2067
7091
7444
2691
2723
4617
8006
5848
8835
10610
10262
6013
7657
1940
1751
6173
3368
5943
7349
2246
1440
402
3281
10221
3676
5270
8371
10237
11016
10073
9406
9710
3086
1656
7527
7582
8639
3093
1648
6476
6278
8307
7156
1591
3533
10005
8600
619
2320
3546
6883
7029
7208
10407
847
5883
7260
6752
10263
5765
9859
2306
8829
526
7526
7179
6914
10134
3595
3059
9641
8076
3233
3616
5182
8517
9659
5374
6285
9043
4140
6577
8990
3084
4817
2106
10816
1217
10893
7366
1314
3742
7649
2928
9788
8395
1970
5216
10327
9621
6505
2989
8086
8181
7707
9448
5611
8060
10728
5179
5301
5963
9783
8153
10192
7075
1438
9369
1625
5940
1654
4787
746
9235
7316
10476
4555
7756
2051
11200
9497
1779
1879
4186
8980
7700
7999
5402
5109
10631
4841
11196
8579
1493
8322
10099
6383
7096
5309
4711
10321
469
8390
2972
1946
6368
3156
9244
10228
3294
4219
380
9799
3964
4513
10308
5519
6760
1398
6928
9422
1292
1812
4023
8224
5922
9657
4502
10060
1595
10780
2168
3412
8929
6384
1482
9272
8369
837
4959
6746
10903
3996
571
5604
2827
851
9979
2167
10762
2582
4683
417
9348
2990
8736
2574
8020
4423
11187
6392
9935
2917
9323
9456
10691
7859
3076
2622
3926
7519
5027
2157
5563
3054
9330
5081
5187
715
9227
2221
3861
2207
6724
2823
5040
9148
10611
8875
9903
11320
7283
2962
11165
1750
4493
3885
4199
10187
9041
4340
10068
2768
7667
11029
3302
5360
5681
7674
7975
7103
5859
5692
2198
3947
10722
7625
740
10513
11264
1829
3559
582
9461
2697
4037
11329
9882
9797
10963
4600
1069
7728
6981
9731
1820
4717
4804
10319
8329
8819
1774
8491
6876
9031
