179
4543
189
1171
113
591
3464
269
4702
8620
5237
243
59
210
292
147
283
308
169
5280
142
63
1735
5837
72
7132
325
280
327
732
5328
44
168
2983
277
144
202
34
85
8023
104
4067
5289
29
47
7326
302
1209
55
4535
306
688
86
65
10231
100
5186
64
300
261
1933
4573
115
1261
10168
3392
9073
10690
181
110
254
9772
11009
9021
4948
23
7529
9440
295
1483
4615
251
6
74
247
1962
5815
10128
184
1470
8433
30
842
118
96
1480
6821
314
4872
5985
11020
9283
7478
7898
3318
2264
165
174
216
245
8038
10213
4191
57
6725
2653
0
2188
301
5697
105
262
2499
197
53
239
3355
102
1843
2
6349
73
205
107
177
1824
143
7500
8173
11223
9605
10144
1021
7801
317
7718
117
222
287
2782
9082
121
6454
244
2311
259
285
3181
124
187
146
804
91
188
9583
274
9926
1624
337
2327
5977
2316
1343
130
170
321
8927
132
8024
213
9660
258
7303
961
318
40
6354
1490
8758
185
193
286
3561
207
4422
84
208
270
1770
7191
37
3977
5
4018
2940
1055
172
166
350
54
268
11050
263
297
75
7915
6059
8982
3153
26
266
8161
39
2862
3195
5490
7843
9626
276
329
2245
275
164
27
8562
225
135
206
3275
5212
173
288
3453
140
1553
6469
5583
25
99
93
8251
227
131
1069
273
138
120
4855
267
10611
94
95
15
10377
309
6358
11375
642
349
326
11019
48
265
67
150
7130
114
1426
6790
87
191
248
8391
6261
5613
241
10439
315
4757
98
7919
22
137
256
231
199
69
8039
7750
223
46
148
10451
201
238
8
316
52
127
5457
6194
97
9
246
9556
153
3044
8172
1362
76
108
1142
2910
1906
8660
5625
271
160
186
272
167
28
112
3758
139
249
322
250
1424
3012
9441
330
145
32
80
290
7998
6339
2808
2484
235
70
1709
122
11298
212
13
7
42
14
6840
237
282
10571
3011
1839
474
323
9304
123
9157
9034
226
7849
6991
161
10131
307
159
2157
8864
10316
8527
5765
3298
3864
817
2069
7429
5245
228
21
303
4709
81
4331
9545
312
3933
6656
3751
5338
1657
7214
304
8268
8961
922
8627
989
5792
35
3926
103
230
310
17
3070
4073
255
219
7489
745
10550
1544
90
5179
154
162
82
1908
49
180
320
8031
1268
3887
11251
9422
847
9501
204
58
1484
6136
8569
192
198
116
232
4374
646
19
10384
4988
281
4295
4735
2061
240
9161
10619
6527
8177
1528
156
5783
253
284
1730
6327
18
1371
293
2876
4
313
264
336
200
7057
289
126
33
9407
319
2754
6540
3315
3812
8474
178
10626
111
209
3891
203
242
6820
11024
252
211
2456
133
10544
4817
101
20
43
217
10
77
5587
1011
944
376
38
151
155
152
2362
1632
119
51
10287
10060
6947
45
2160
176
