9032
1005
2653
11101
5643
11192
2849
7239
4522
7069
4022
702
3441
4049
4880
5238
9559
2604
5086
9042
5232
2875
6402
3309
2171
6684
7193
7698
4005
10652
714
1236
6428
10287
10447
9880
8252
1483
4932
6191
10704
4297
1683
2941
10558
8919
1978
1613
7794
5983
10643
3558
3469
8169
11080
6131
9354
1593
5628
1772
6405
8275
4137
1967
8110
3688
7716
5567
6081
10964
6458
6347
586
3658
9910
10641
7909
2800
5204
1346
4515
9280
8792
6215
8195
3028
1626
361
9536
3284
2932
7842
1717
5743
5113
9113
5979
7965
9779
6097
4709
5173
7218
3371
720
9429
5340
934
11154
9722
7278
11338
6884
466
6284
5312
2798
8716
2548
7600
9373
518
4716
9226
7668
9502
3999
7224
2831
2361
7923
1498
7660
460
5353
10052
5021
5641
10597
9304
11076
349
10664
8070
10678
9699
9295
4162
1206
7352
2076
10624
2355
695
2217
7367
9710
9879
5052
2064
2513
5617
3578
4145
8412
4545
3672
5196
5143
3325
1002
7585
1020
9637
7760
7205
7699
10793
10648
9083
2510
10887
3186
2085
7146
6720
7294
4027
4902
9552
8114
8162
3825
10512
3683
5464
2619
919
9574
9998
471
894
5560
2661
5179
3084
4372
403
6306
7083
10929
521
742
3945
610
5544
3282
4774
1290
5656
4533
4865
9193
4583
3338
10147
2869
4564
6803
1317
2519
9396
6600
8613
4587
5541
5208
7665
5407
10633
3411
1422
877
5935
5262
5595
7641
3670
10650
4735
1702
3746
4047
5707
1263
1635
11110
7453
2452
3438
6169
7843
11202
8320
10108
4655
6145
4691
4463
11052
9189
7045
10591
8849
9776
11023
10475
8116
5063
942
3304
1543
7084
10217
7854
9782
9663
2733
7370
7671
730
4042
4338
9602
8245
7015
928
2939
3204
1692
1077
7144
2483
10389
3228
3773
11310
5480
5806
10032
1689
5843
1075
1256
5749
9925
2851
9109
10570
5668
7373
4208
1202
4362
9362
3881
2836
3407
1157
2820
950
1032
7291
1846
341
1287
3389
1784
1952
10378
5630
2455
2667
2899
10611
7429
8954
5334
3582
440
2214
11210
1966
2795
1682
2074
674
4769
4886
506
3771
3791
3632
7685
6378
5364
6460
3263
4729
8974
3460
4379
10563
10025
6916
10357
2024
4723
7539
8737
2380
1113
5370
4825
9071
1867
4884
7121
7262
6249
6163
9389
6473
8236
7816
9089
7380
2237
8244
9814
6100
6075
4489
10767
464
8121
3647
4943
6903
4725
974
7127
6404
5549
6886
5967
5680
7617
4952
9975
10605
7063
1945
1435
8187
11190
5524
10210
11201
4768
10375
1348
6530
6377
7741
4820
6448
5633
5331
5880
5185
8463
5762
5895
10517
4155
2819
1698
7541
1605
3710
3218
6384
9596
661
9205
10050
10981
6485
9272
5230
7580
9194
5516
806
9384
2375
6786
2739
9170
4014
9820
4328
6737
10606
4938
8873
5824
9809
7976
6912
6508
3053
2007
5142
6058
5443
11183
890
2030
3635
2545
4361
8023
9007
6127
408
8925
6300
2606
10356
4392
10984
9375
4788
11187
4270
6371
6682
10020
1088
6496
953
4674
5813
10067
5804
3970
8060
1669
10734
3132
9010
1153
9077
7010
2373
1071
8841
8740
9991
7284
8359
7411
8752
10229
7615
3568
777
11067
2371
6539
3413
6323
5663
8272
813
3465
8277
2601
5285
8020
3231
10903
10091
10349
9645
10478
8958
3661
9974
10823
11184
8391
3942
6766
3009
2938
10233
2936
2566
6644
3358
6188
8775
4681
10296
6595
7809
3847
2069
10293
5236
10992
7183
997
7195
8664
830
9283
9243
1265
6553
10986
3226
625
3034
7666
367
9534
9135
3602
1535
5430
5601
4136
752
5318
6805
6459
8268
608
8049
499
9052
478
1146
9008
5263
8198
1855
2204
3917
1822
6777
6103
1885
10718
10519
4683
10155
6825
2421
3761
2803
3409
7912
8462
9757
3416
3466
8345
3516
7995
4796
8646
10561
9425
5612
5674
6761
4216
8093
4877
1699
5831
5078
4461
1102
6623
4008
7456
1140
10708
1006
985
2539
2686
4772
9436
5362
6302
3639
6537
10649
7512
8154
7282
7745
10116
6260
9391
7628
3898
1578
7016
1985
1633
11232
7237
9154
3691
4159
3250
3887
6472
7490
2692
4973
5671
6417
7452
8175
7818
5823
5517
10963
3934
3899
2766
6606
1376
10365
11288
2484
4879
6276
9451
2947
4088
1276
6273
2852
4307
846
3201
4748
7368
2004
5474
5538
1775
2117
3090
5594
5220
4097
5501
1514
2782
10974
1296
6563
3629
10109
7540
10579
5725
2342
3481
10422
10057
2997
11035
9943
2389
7298
6829
8800
9893
10632
2289
6801
5216
10223
5586
7929
9277
4760
2428
10348
7606
10885
6515
7244
7749
7184
568
3381
6513
2437
5002
7046
10573
11339
5670
8521
3099
1046
382
975
9759
8906
9239
8280
8111
2553
5585
10752
8977
9222
6322
5900
4638
6560
10472
2929
789
5703
2151
446
3145
1337
5228
501
4981
415
6981
8767
11322
3390
4848
3576
4989
811
6015
2009
5172
10945
4440
10536
7073
6109
8939
8383
7350
6828
10924
8213
8871
9730
1390
8734
4183
1332
2084
1643
1898
2872
5941
10919
8123
10371
11327
9287
5235
3983
7190
3542
10510
5028
7479
9986
5810
1262
5008
8688
8457
5389
2054
7467
10547
6626
1739
7518
7168
9385
4831
1069
5394
7797
3182
8948
2441
6250
1212
8781
7379
2335
8642
10642
7203
6836
473
2967
2543
9644
7953
9612
1839
818
6773
1127
10920
7249
4414
3230
2523
4812
8474
8835
9126
8483
8298
9085
3487
8771
802
11062
6234
4588
6696
5503
2934
8404
8794
10313
9153
8400
549
8580
4509
5281
6702
4650
4181
9176
6701
6915
3443
4318
6871
2815
5761
3166
343
7086
6772
9321
1438
6688
5293
10016
4176
10128
3994
2184
4547
1492
5200
5845
9369
10282
8408
10218
8273
1664
4107
1323
8857
6953
7221
3454
11132
9692
9956
4041
8971
9562
6341
9018
7910
3380
3156
10026
1758
452
6004
2071
6161
4623
5759
9469
4672
7462
9151
7417
7946
1089
9442
6086
10942
2431
6999
7892
808
2729
658
10102
7577
7956
1394
9636
1974
9571
8837
601
6950
1099
7012
8264
5395
9981
3852
10714
3115
3549
7436
9258
5921
3397
4195
6824
4402
1560
9023
11142
9966
9807
5295
5056
8405
7652
11270
8307
2269
8614
754
11086
5151
8105
5299
10949
3888
4969
9357
6779
9125
7194
7872
5765
6700
10936
8216
8157
5500
6579
2880
6080
3856
5995
9139
10841
5920
4575
1116
9078
2305
10469
2372
5254
2695
515
3790
10955
1609
9282
1677
769
9072
3433
2918
5382
875
1016
11324
5457
1883
9057
8230
6831
5365
6119
538
9860
4342
11313
2746
1035
2901
1404
4666
2330
10159
1744
3321
9288
9906
9460
8729
8344
563
5424
8676
11319
9414
3478
1811
11241
11166
6943
1661
7833
7142
3264
7458
3916
8573
2247
3149
8760
2838
8731
1721
8603
6974
6954
4919
7891
4081
3125
6155
10404
9761
519
1283
3007
986
11059
10835
6996
9688
398
10911
6835
9854
5860
5347
9702
5336
7879
8578
5637
9203
10484
332
1175
7039
8527
3470
2561
1546
5676
1301
9028
5168
5497
4493
7489
7119
10820
6795
1870
10069
9254
2094
9716
2682
7997
939
6622
2493
9784
5788
8840
6481
8055
6421
4263
5488
5627
1998
5454
2969
11370
4840
10248
4573
5157
3014
1165
7449
842
11106
1987
5155
4430
9142
9804
10552
2620
10369
2203
7339
9518
958
10797
10083
8158
7466
11321
8632
8965
438
682
6649
6289
8522
6651
10717
4802
3038
8983
1073
9941
2652
1991
9837
3196
10891
10215
10617
1623
1936
8504
4783
2334
8390
2556
6265
10875
8827
3538
9650
7618
2098
9036
422
429
3327
1248
3061
4401
9217
2466
10244
926
5355
5259
7898
6395
816
6596
10993
5605
7601
509
6356
2570
7564
5802
7654
10493
8090
10141
6689
8557
5410
2239
6872
4044
1709
3153
340
9864
10908
2114
4846
8643
8621
4734
1564
1671
10189
6904
533
8011
3092
3642
10585
707
2211
3370
10234
4242
1186
376
6065
8799
11163
3622
4200
8660
2607
5835
7408
9806
6142
1704
3733
9569
11081
1188
835
8240
378
1760
1054
10496
1289
575
5733
10775
4306
8617
3681
5090
7863
10436
11026
5651
7949
8518
7783
5333
3630
10325
472
7514
2445
1728
6339
5758
8109
1282
491
2961
5678
8384
6905
9546
2952
552
2426
10152
6536
4741
4860
2627
8844
3855
3980
2018
3015
9081
11351
8366
803
5338
413
10113
544
3608
2593
2877
6023
904
1580
10106
1169
1499
8201
1538
4819
6204
9908
8663
3709
3311
765
10857
2993
3857
6139
8414
3224
8476
7340
8179
7378
4700
4423
10522
2559
5883
6150
8879
8261
2722
7630
8853
6299
2923
1880
10506
4280
2118
9404
2476
10723
10501
2415
6031
10143
7261
4965
7110
1990
2427
7806
6540
7722
9201
2272
2166
3654
5782
3517
9326
5167
7519
768
8519
9766
9749
2772
10960
2011
2720
10019
3703
8314
949
7353
2223
9606
7325
3128
7354
8599
7033
3668
4305
1314
5181
10883
6929
6148
6085
8535
8723
418
3403
1270
11085
10731
1052
10265
1550
1957
10741
1208
9441
954
9064
6521
5764
9898
6827
7075
2010
8403
4418
2612
7828
3565
6735
7279
3269
6868
10801
493
9891
5682
7268
9293
9783
2988
10773
1269
3040
10395
4302
6467
2425
7510
2091
10812
9852
8312
3753
2949
8863
10967
10977
909
938
3700
6971
8096
738
4996
9338
8133
503
556
7048
4178
7192
8176
7687
9537
7413
2832
8710
5471
3964
8125
8479
7903
693
3783
8227
10058
2966
9233
3904
2411
5956
5332
1710
9302
837
3993
7823
6907
612
1383
9339
9668
1972
9421
9408
4128
4531
6008
7214
5978
514
7335
3342
2152
5635
2521
10477
10411
10546
4546
1308
6619
5038
7487
3229
11125
3440
9459
6480
780
5329
1565
10133
2930
11011
9810
5499
5022
3986
4262
8830
5305
3667
3344
8059
8181
7963
5268
10200
539
1384
9159
565
3176
4487
11179
2712
6239
2992
6292
2639
4782
2158
1861
4456
7024
2034
10247
4687
4524
6092
1835
5905
9380
384
4314
4893
2119
9439
1953
11269
9301
11005
7889
11316
9774
6343
7058
844
6205
4764
7138
1497
1742
1941
2573
1725
6755
5931
3891
10153
5116
10161
7916
7719
11249
456
10902
10327
1690
10505
4103
8092
8963
854
6685
4972
8257
8678
10689
5610
3500
1749
2540
4597
10750
7603
6738
3162
900
5786
9471
1752
6730
5239
3246
5548
1414
411
9565
2912
10542
7608
10425
1457
2767
4475
2458
825
2674
4367
3429
3870
6237
8410
10345
4160
979
1884
8460
9687
9862
6839
952
8996
5017
6362
475
2669
2928
10736
10343
847
812
7004
8984
9136
10088
7568
913
10125
11349
5861
6957
4482
2430
4045
9963
978
5096
7485
1679
4794
1908
9999
6041
2150
10103
9090
4480
987
6573
3412
644
9076
9693
763
4202
1871
8520
1803
1554
9683
4528
8364
8427
9122
9638
10074
11108
1298
5414
5404
10068
4980
10028
4007
10270
3880
432
2505
5322
6415
9790
2468
4324
8647
3832
9225
7423
3291
3379
11284
8302
1977
7351
9335
1782
10987
347
749
10562
4268
1788
5109
4922
7327
4569
10890
8698
8225
7844
9756
11260
1017
7375
4382
8569
6242
10246
7720
8433
1063
2691
6344
3426
9653
10199
8138
7897
5250
7102
9897
9180
623
2035
7621
1045
2732
1194
6159
8192
8785
621
7561
9909
1630
4474
5061
9936
7917
4258
6869
5198
1086
9728
7096
1994
7482
9721
9094
8635
2126
2526
7808
9522
4959
4897
6852
2122
9313
1765
4751
7100
2392
748
1521
3436
8124
2828
7878
6128
2139
7186
2736
6555
1028
6042
10609
4942
6642
10765
8508
8296
10394
6918
3302
3316
7347
1925
9917
836
7114
9504
891
4380
8182
5685
4789
7076
5448
3502
1872
9509
5328
5219
6815
9861
6149
4500
10203
9310
8094
681
3951
2622
10922
1657
9865
6620
6792
4009
4530
940
10541
4326
10269
5581
2396
3736
2282
11208
6272
870
6104
4632
10034
9336
1419
4287
6856
7723
3178
6809
3866
11109
8377
2839
1312
796
9001
918
1271
8001
1597
8534
3063
8402
1418
725
1252
649
3193
7960
2492
10078
9789
1295
8852
1965
9971
11025
8544
2564
2222
5127
5750
10588
755
10434
1830
1177
6288
6449
2433
8823
4563
1412
437
9127
3830
6338
10973
8166
8450
6997
4830
3543
392
6833
10952
8485
10178
10683
9750
11355
11191
10226
10089
2916
8661
4077
10334
9535
5214
4975
524
3902
2002
4087
9305
4667
4352
9359
2108
8595
1907
984
8790
7258
5069
1367
9163
9830
9174
7018
11030
5903
9347
8815
4791
5996
6268
11196
8045
6345
11051
5182
6988
708
728
2017
1611
8608
5856
7109
4331
2511
10893
9579
4151
8704
3930
5934
8949
1012
9420
6740
10214
3308
1607
5886
2946
2971
3404
1681
428
9576
7874
1525
2250
2811
11044
2376
10566
3369
8929
7683
6274
10839
9709
4956
10551
2827
7187
1647
9378
2079
4419
10780
541
6176
7980
8816
8523
10854
5689
5386
537
3523
6032
8705
3016
7240
5476
8895
11291
8014
1454
2816
4558
9491
7730
3483
6799
2385
5209
9403
6474
7020
1310
7326
10806
1149
10941
7726
4269
10299
4874
8909
6822
7866
7737
8293
7064
4046
3248
2980
7043
8746
4093
6136
4574
8419
2568
3363
9092
5980
3659
9691
3850
11178
2228
1934
7829
5377
10466
4294
7938
11265
10112
3488
385
6542
1286
9167
6094
8117
4926
8042
7029
2717
8786
927
8325
10140
10598
8341
5566
2454
6036
8328
8451
3552
6613
834
2996
8397
5551
2092
9306
1697
4256
2924
3919
4282
7888
6493
933
3002
10622
5827
8941
3400
8084
7812
2731
7252
8605
8439
9273
11303
9920
10672
6174
2219
9641
10070
3240
7751
10603
10169
1385
4988
914
10044
5588
9811
7336
7746
9079
4657
9046
6248
3401
444
350
9475
8615
9440
3237
2058
9316
10915
8719
2789
10051
6568
10489
7597
8013
3836
853
5248
2742
3829
9944
11053
9817
5508
8904
9964
3985
8780
5625
2697
6510
2599
3932
5165
4468
1878
7212
5311
7386
2394
5739
4267
8593
6875
6349
10807
4496
606
8820
2754
9634
9780
630
8969
2245
8588
7079
10556
4713
7776
3590
4555
2894
383
3792
2393
3274
5569
10056
6072
9213
3194
2576
4312
7778
10410
1764
4891
7274
9410
2435
10871
3573
9117
11312
3560
10053
5379
3831
6357
10142
4360
10040
2843
4259
992
4210
3607
8103
2887
5924
1530
3468
9967
10626
6455
5526
7935
1596
8839
10470
6611
3315
10658
7609
670
1184
1061
6674
8147
2168
7400
9296
7610
9781
9826
1441
4754
722
3512
3377
5306
1461
6533
1305
11155
9598
4375
1225
4797
10413
2920
10177
4454
11134
11235
3820
8979
8842
4391
7213
9292
3962
7057
4633
6254
4629
5320
11371
485
4693
2565
10845
10383
8373
5380
1021
6442
4129
10671
5015
5139
1108
2051
1333
2775
1549
3094
3803
5908
7639
3447
1239
5129
11022
7441
9738
3105
1024
7733
7101
2178
11341
487
9021
10870
10601
9155
9432
3776
6967
6879
5253
9763
6771
922
10923
3851
1874
7875
4192
1325
4549
2963
8927
7921
3579
2975
9259
5014
476
1649
2029
7310
10983
1557
4792
9395
5899
4330
1922
4108
7677
5790
4744
7316
6582
4223
7801
1220
1733
10696
10021
5118
5071
6262
1009
9438
6977
4643
4712
6524
8292
4317
8037
1138
1365
8845
9353
5711
7374
5446
5434
2280
1027
6615
3625
6494
7664
10709
2259
522
9409
5559
11248
8865
4190
4627
962
7126
3180
4903
5547
8931
10380
6940
7563
6519
3012
944
3735
11276
10781
931
10511
5752
3532
7148
1887
6710
5345
9181
638
2575
886
7215
2999
5836
6196
6979
897
1869
10682
7793
11330
9988
4722
2295
3711
11250
7616
2061
6022
10429
3234
4131
6507
9311
8327
3026
10250
1007
11097
9977
4861
3341
10362
2726
4644
8812
4607
10814
1524
8887
2689
10577
3882
5381
10004
3103
10041
1481
9202
1183
1737
995
1330
5376
4742
5686
2882
564
1166
11332
7704
10006
372
4411
5372
7550
709
8431
9348
3110
9769
1911
10548
1837
10209
2665
7556
7315
8811
7077
833
1341
2414
2617
5077
1008
11050
2822
4733
4473
8326
7657
7675
6491
4135
3995
2824
2491
7137
2572
2509
2690
2349
10528
11095
10307
1831
5384
8601
6683
2185
4082
8349
1161
1905
11060
4481
4464
7766
1114
10729
4908
573
772
5089
3280
9646
6183
5337
3591
10532
6976
11144
2694
6965
4199
6609
4187
8294
8473
3885
5050
7293
7085
804
2551
2796
4841
4805
4002
11264
3472
2960
5684
792
6370
6629
2251
2288
6019
8418
6552
8130
10433
7906
7157
8211
9413
4538
4120
7936
6156
1423
6462
648
7729
407
6691
4070
879
3215
2856
4357
11277
3673
5658
2100
9724
1156
9685
5832
4133
660
2142
10435
8421
800
7623
1029
6048
9819
9169
2227
4668
6440
2615
6924
1455
6333
8620
3058
857
1375
6744
7387
1460
3353
11162
8847
9088
5491
11009
9765
4602
5388
9133
2285
3818
3124
5102
1273
6972
1766
11149
3575
8489
7430
5911
10104
360
4921
10168
9334
8363
419
531
7877
1293
2461
5013
3318
6890
4953
8444
1154
2358
8088
3540
1551
732
6727
9053
6451
1319
2047
3990
591
815
7165
9755
5648
3907
9973
1360
10412
1452
10388
3356
8967
5070
5342
3728
9003
3482
6881
9029
8309
2360
9621
5580
8955
7483
3935
4065
6859
2187
7447
7552
1503
10927
5531
6396
9294
4013
2571
10995
1747
4019
4443
9387
3588
11206
3109
5045
4803
4167
10312
10092
7827
4140
3974
10559
6932
9261
1774
9631
2338
483
3243
1221
688
5623
3140
10571
357
7130
4234
1816
11056
2671
6016
9627
10284
11063
9157
4582
7232
1163
6162
5455
4987
6433
11165
4174
2756
9086
5710
2440
7852
2057
10329
6054
4021
5619
3010
4941
3620
3643
7256
7188
9124
7272
2224
10504
6424
9686
8288
6382
6592
7984
2432
7159
7835
3244
8165
2623
7588
4085
8222
10586
5819
5811
2238
3895
5867
3452
423
6535
9103
5545
2110
1059
8407
5475
5737
5137
10869
6938
3306
11058
4354
2579
10315
11077
1068
8848
10386
1969
6677
1482
7728
5891
1342
10808
3506
8357
8791
1795
1570
7772
8744
1852
1933
8959
11345
442
3692
11143
5054
8686
1471
876
910
1949
9662
3163
6632
5837
2677
5144
5833
10968
8728
11307
6847
5753
3593
7125
5079
9883
4321
5525
7199
8190
7319
686
6375
1349
5661
4434
1218
10455
4572
10124
2370
10782
7173
3651
7537
9795
7372
8206
2181
5972
10805
9510
1366
1559
2456
7529
9493
801
1456
9327
617
7944
7535
6358
6301
1850
10043
6991
7858
1555
655
5149
6392
7744
8747
3649
782
10347
8332
3910
4104
6775
6489
8978
7788
3259
2052
11247
7504
2397
9110
2498
8394
4675
8051
2170
7176
5048
11078
10855
618
7153
3399
6102
3802
1480
7104
4682
7838
10273
1465
8604
607
9278
5256
1053
3908
1556
5039
3548
9792
551
6910
9144
6808
6741
647
1595
8819
6921
3819
764
2302
1477
6452
7111
4900
6223
7927
6076
2268
7853
10838
10948
4766
5402
6123
2339
4253
3894
6911
4250
7612
10268
6030
7526
10531
6607
6296
5029
10694
2210
5066
3646
4541
11240
3606
8876
4899
7684
7303
8048
3638
6005
8899
8801
4738
1642
10680
9364
7525
6653
6762
9030
2324
10377
8491
1159
7782
9381
2050
2630
9592
4491
1603
4387
4415
9263
9320
7738
10572
9505
3982
4838
10185
3756
9215
9926
9949
5789
5928
9482
3892
1148
1432
1612
8543
4096
4793
1718
8135
3624
5405
6692
3612
3511
6705
4976
10932
9824
6307
3973
3946
9374
5420
6985
4823
2240
6975
4598
9713
5591
10740
4409
11160
10292
5775
10231
7619
8968
3346
10912
10213
4664
10738
10976
3925
6612
4050
3183
10342
8340
1178
2032
6931
6482
1584
5211
7847
4309
4616
2771
2086
4746
5145
977
7605
10759
2001
1335
1583
10381
5985
7185
4999
8507
6049
9543
9198
10768
3770
7493
6857
4484
8308
8762
479
8034
878
7977
11325
5358
3295
10336
8860
7321
11204
1627
4818
8770
5283
7330
5692
8748
10145
1485
2985
2865
2499
4918
8369
4123
2310
10148
5189
9026
4285
849
8415
1152
2518
7255
6359
6787
7025
6870
1902
7333
1993
4015
7107
1451
1215
7179
7234
3232
8885
10666
6577
1825
4925
3347
3763
5534
4596
6281
8315
4028
1144
1084
8235
9284
10164
1426
11221
4193
3171
8697
5634
9428
1663
1876
11039
6178
4701
4277
1466
9802
3241
3928
9808
10324
4660
9229
7223
4349
10309
345
5723
6271
9161
4010
1107
8699
1919
1817
6229
6982
968
8184
4586
6956
3480
3258
8690
11298
1511
2951
8901
7966
7589
9744
7491
6083
3108
11320
10346
745
10659
7097
339
5779
2036
2688
7260
1354
9507
10637
10359
2853
8204
10988
4399
1431
1631
872
1111
3393
7743
7566
10402
8788
6450
9846
5801
6968
7281
7992
10507
5553
11020
7051
4239
1092
11231
2495
8656
8112
4867
9120
8509
9178
5076
9521
8755
8393
4425
6269
10826
3798
9238
6252
7508
7407
7791
1893
10524
6335
9146
1819
3421
6332
7468
6518
11289
6551
6133
1665
4869
2277
7166
1120
2680
6475
5128
8558
7501
5974
651
1158
2023
10405
5922
1420
4459
2434
3896
3290
4593
6194
783
9550
10799
3029
4283
7322
5907
6797
10933
3749
7141
990
10463
7217
7787
6947
3674
8947
8616
7962
11161
4472
5509
10243
3227
2544
4455
4442
7094
701
6986
6334
4405
6780
4603
9264
4322
3808
7161
1594
6045
7054
2121
7521
8324
5486
10208
3310
9904
7983
1587
8742
4933
3340
8685
4717
10075
9377
3979
9717
3111
8057
2346
7565
9922
7116
1382
497
5756
7882
3233
781
1004
3336
4781
10791
10262
9210
1746
10002
1780
5390
988
4636
2621
8529
4752
8352
819
645
4963
8761
9896
4628
7545
10530
8469
4872
1070
6210
10353
7781
8783
8010
8952
9794
3712
1650
8290
11215
448
10166
11034
1849
8682
10894
5741
9372
4276
959
5720
3972
401
8833
5252
6367
3348
7705
635
3890
4466
6286
7991
868
10479
3685
10256
3846
8043
1672
5645
10669
11275
7271
10553
373
9649
2913
3387
6189
6121
3031
8926
1935
8005
10278
1537
885
6655
8777
867
7713
11006
10957
5255
2463
1131
6151
4967
9398
7174
4799
9393
1591
10115
3235
1759
2199
10400
1453
5969
10545
8540
7759
1943
8052
4219
8680
2327
2781
7211
5432
9752
4235
2807
5156
566
8467
1401
10300
505
1833
6603
3655
10996
7942
684
4624
5997
351
7399
8262
1923
7264
9033
1808
5973
577
8782
2778
907
5413
3000
3530
8214
5830
4982
7651
11300
9983
9827
592
8472
6731
8542
7235
368
10722
10039
8550
2834
10500
8141
6650
9585
2944
5498
11070
3062
828
3724
3155
8036
9145
4189
5889
1962
7320
1043
8630
397
4795
3184
2301
9211
4255
2481
6206
8938
4127
8867
5795
5436
7220
10476
4762
10676
4221
4366
7006
5085
1805
8600
2809
9503
512
2776
5412
1090
5897
5777
5518
10701
8951
10119
10681
994
11238
1579
9942
11098
10437
6040
2008
8423
5869
1125
6350
3789
8073
5669
2886
4083
7369
6266
412
8547
9734
2541
5662
9096
7210
2444
6029
4679
3154
2764
5809
7522
5289
1307
8143
513
5807
6423
2453
4428
7301
6715
1798
11074
9948
2740
2512
3239
788
4034
7918
5287
3278
4273
1253
8986
10173
8259
10186
8333
3759
4853
1033
9937
2829
6224
8430
4557
2306
9162
2713
3323
7557
2331
9605
2416
2049
3637
1724
3442
2165
10840
5705
2580
3385
10842
8897
1900
1921
5613
7017
3648
10646
10417
7105
1895
6713
9434
679
2704
8657
6572
6068
3324
5314
4119
2037
7779
2504
3117
10330
3301
8381
10158
8612
8331
1417
8205
2649
374
7037
5041
553
3337
10480
7820
1948
2230
4485
9625
7108
1429
4072
6707
7323
7439
2558
10713
3107
507
3175
2500
6360
7865
3374
6587
7994
10533
3496
6055
3493
4714
717
4429
6039
2127
9346
3914
2958
10846
6686
5484
3515
10225
4844
458
6723
1479
9527
6313
4113
9832
5791
6690
3793
5949
704
4498
3605
4323
3913
675
3333
9344
10583
9141
495
10358
2395
7643
9137
5477
11130
4726
4852
4376
8149
9754
6373
2896
4404
3944
5706
5939
6538
8945
2480
5099
4780
11230
2755
6759
3135
1748
8436
9630
8584
8007
6374
9793
3144
5803
5278
2989
7769
9431
8411
7445
10897
5850
1396
8583
6430
5606
2888
4858
9315
8188
4029
8458
4265
1813
9467
9878
5729
4074
10634
4833
2991
7036
7647
10350
7288
6637
6948
8167
10779
7382
1834
8151
874
4595
10452
3116
7690
8076
3778
3610
3277
431
10728
9616
4699
3366
4319
9968
6446
3378
2167
3364
5117
6845
2792
698
10338
10628
2883
10064
6122
1853
353
470
10372
7881
2015
5442
9009
4704
11236
4329
9623
11343
7680
2402
8874
9069
1299
4654
5398
2994
1740
7366
2715
8361
10770
6006
3529
4671
8108
1326
1258
10308
2730
2477
3296
4779
9705
750
5535
7868
3391
4763
2577
8477
9762
4648
9062
10370
4217
8172
2515
5371
8026
1399
8778
2706
1150
1730
9106
8831
3807
8306
3459
2019
1506
760
3508
10197
6171
2381
3677
5906
9067
3950
8171
10813
10661
10994
10432
1201
6527
2208
6742
8943
1778
8449
5751
5515
11335
4203
4417
7460
9497
7533
5324
2088
7532
10916
1644
4146
8289
2062
1824
2241
9474
4435
3177
7761
2590
8563
6326
11220
10815
8424
10656
4111
739
5849
3947
1026
6523
8627
6280
9856
8132
2830
5057
3188
1823
7513
11038
5012
9982
8464
1104
11156
1023
8452
10097
3509
5672
6342
9530
6599
5203
9669
6315
3664
3497
6565
3814
9256
1741
6439
1443
3252
5735
9651
945
6597
10525
7090
9741
6676
6420
9192
4834
8609
706
10031
5319
1950
11016
11317
6806
9148
9618
869
8021
3918
3554
1502
3067
4875
10100
5505
6963
3645
8533
11170
7586
11376
10170
528
3077
4710
10121
4765
3859
4504
9426
10387
794
2702
3740
3600
3805
8875
5799
10306
7579
7305
810
535
8546
6203
427
4688
9333
5954
9058
3006
7624
6198
5024
6885
3133
2281
2794
3048
9613
3120
6308
884
817
7471
779
8548
4767
7080
960
11227
9034
7410
5667
10818
9186
3678
4621
7717
5657
1707
570
1904
9979
9358
9115
2910
7662
1351
2842
6781
5576
5772
2823
9997
11164
10540
7304
11010
9351
2260
8597
3037
4776
6199
7160
4508
7132
2162
3147
718
5687
9017
1128
3929
9839
10623
6630
3419
3784
5245
6208
3883
3992
6928
10557
2533
9341
3967
10206
4567
8191
7757
2751
2759
7308
7957
6813
9640
10620
600
6141
5653
4694
6635
529
5616
6601
1892
4647
7068
8137
8862
7150
11138
5276
7625
7822
9907
10339
3603
1328
6166
4736
9597
9462
7727
4507
6984
5169
5463
6351
7392
4753
6784
3486
8817
6569
8890
11363
1973
9047
10035
8029
6853
3840
6211
9786
8150
9483
6009
4909
923
9228
2769
3834
8260
10320
5479
1300
2235
455
2063
5191
8896
5702
673
8720
8590
6317
5890
5161
5558
5731
1067
7448
4685
10581
8067
1815
6046
9801
6748
6003
4907
11071
1796
10953
10644
4739
2244
10753
3477
3335
8713
5728
6416
2467
3824
4970
7363
7070
4301
9594
10286
11200
3848
2555
2212
3030
856
9080
6078
8086
381
10737
2156
9591
5960
2560
336
7975
5225
1018
7440
543
1520
5483
7031
1792
11315
2705
1617
9231
5162
6854
5435
3272
1714
4584
8461
3331
7177
2226
2855
4622
3843
9972
10396
2528
2931
8012
10575
6970
8670
1610
2382
1238
2418
10720
3313
10833
7028
5020
3100
7986
10449
3081
8278
3217
6922
982
2070
6495
4450
9119
852
10042
7810
8653
8749
9885
2787
7911
1001
3169
4669
860
4424
10998
9386
9016
7815
9129
6376
11255
2973
1036
10860
3939
10966
10374
8814
2066
5896
1051
9853
3615
4016
7896
5636
9595
855
1467
4053
9059
10852
1475
9290
11061
9481
5681
8768
5563
1057
2486
5416
6120
6955
843
11213
9317
10390
4492
4233
8530
866
7324
4581
10245
10686
10263
3657
4023
2027
6550
7559
3652
5419
2266
1863
2595
6263
6091
2728
1700
10114
4420
10951
711
889
3021
10024
2474
1706
2955
10991
489
3514
10930
5176
8208
8082
9221
5427
7275
8898
6368
1857
4089
634
10886
1553
8267
6848
9041
10023
8367
10905
10711
4815
10613
8129
9561
6447
9091
1228
1180
5794
8722
1696
10261
1608
656
8336
3596
7391
4579
1213
1445
1407
3432
4215
929
4397
2536
3738
7041
11256
10830
10095
11168
10940
8079
10191
2881
2159
7059
6441
5266
3954
1302
9863
620
641
11092
4813
8641
6598
3448
388
7849
10322
5473
5744
4761
5495
486
5652
10207
2758
7773
4460
1807
1534
7420
7517
2043
4887
2465
6944
3314
4882
8446
3382
6227
2073
6034
8920
6182
2201
2628
2408
9933
1123
1442
3209
9423
8773
3141
8869
2347
4849
10762
2323
10139
8910
4478
6340
862
4194
2786
9285
9996
6117
1291
2348
4986
5766
10827
8199
10874
10219
8571
2956
1318
2012
5309
1101
4883
2041
10748
2059
1476
11212
8807
7492
9455
10925
5542
7355
6657
2535
8500
3086
8442
3312
3052
9555
3319
5375
9458
6769
6712
1409
4719
11262
11223
8291
9489
5130
7584
941
2173
6312
1944
6001
2814
8586
2189
6007
2291
3741
4313
7845
6802
9500
8730
7098
10111
10150
2700
6311
3867
10774
4992
5188
8868
3396
917
2654
11129
5146
1648
10015
1754
1425
3262
3689
4121
6050
3085
1397
11124
10834
8516
4001
2954
8077
8505
4551
3938
7767
1437
9950
8387
4248
6631
930
6920
9876
6240
9140
3900
4513
1992
3159
6509
11239
6403
7273
2589
4368
6407
4100
4099
713
8982
2609
5026
6056
7725
2860
965
6193
2257
4069
10608
1640
4446
4915
8323
9131
9405
8934
2198
3476
1203
11344
9583
4054
10751
7484
5003
4102
7089
8739
4678
9871
9390
2137
4523
5839
8193
4112
3121
10665
9829
8044
4303
689
6942
2124
2773
5458
1646
10138
983
5868
3055
8470
7047
571
6216
10382
3722
5893
8913
9905
2840
7091
6823
7050
8217
3157
7395
8335
8856
5247
9768
6770
4244
5233
6849
8502
2648
8513
9490
5272
8644
9331
8512
11043
3739
5018
2640
6387
7653
5267
5273
7307
6418
9445
4110
1588
2412
8854
2039
2799
9924
7742
7247
4012
10928
6668
11131
6789
11361
6639
2093
7197
8145
632
8779
1540
4180
6389
4201
859
1517
1250
4512
4502
3981
11118
9185
1814
11188
1832
824
2369
4316
2183
5877
9035
10335
970
7804
5277
5946
4249
8645
4758
7629
10569
2448
4544
6745
1501
4497
7575
4173
4966
7681
9551
11172
882
1098
6327
10126
6073
6463
7061
4058
4341
6675
11014
10959
10368
4731
4237
1315
3863
4829
8071
5947
4845
2038
6018
4842
4927
10882
6501
3328
2633
9719
6665
4444
7534
5673
8973
2207
2806
6874
6059
6926
8539
2618
6147
1279
8310
11173
4525
6314
5852
5631
3996
2777
4995
5215
1988
8304
2429
6066
1355
10990
7488
10134
3223
775
1117
5406
6236
4552
6190
8395
10687
1257
1217
4031
5485
2685
10456
6393
6082
8715
1703
8152
2660
11054
4811
2312
4777
5629
3978
8717
8712
1313
1574
9767
642
1794
2172
9291
580
1304
10149
9587
8241
5074
10022
5174
8555
10864
1331
3019
6610
2138
5180
4441
8329
3743
2215
9402
2895
10935
11042
2534
10944
7548
9639
1599
9075
5226
3418
8735
2711
6186
5265
10943
6157
11292
6192
8438
5199
4038
3276
2261
9667
1589
10407
3138
1686
10049
4745
2399
5597
8917
2443
3884
8256
5792
3941
3350
6497
9965
8598
9582
6894
1463
3073
3758
3294
7341
8207
9945
2517
3027
1255
9962
8953
6798
1719
9487
8429
653
881
3751
4403
9834
2768
11207
3519
7867
2033
2801
11214
10241
5732
10654
4920
7432
7431
1653
5825
5660
9337
8923
5450
4728
10703
4335
2242
2446
10819
6830
1500
4930
4539
7052
10889
3977
8727
7034
6243
2472
9772
9275
7549
3975
5910
6498
5989
2475
10440
2802
3595
4873
2174
10550
2192
9545
1389
1799
5712
4658
10592
5068
8487
10281
2635
3653
1996
9718
1106
1906
4937
1548
4412
8757
8732
10810
3861
11308
4718
10730
981
7253
10744
3566
365
8822
873
5793
799
7678
11229
6594
2273
8924
3631
2248
6818
434
6057
7124
2825
10917
8877
1245
1939
6602
5327
10675
4639
8602
1558
10844
10430
11272
7784
10989
4243
7302
1879
8365
4951
11334
8514
744
8297
9123
9102
7948
5049
5846
8667
1469
11222
1264
1806
3047
2863
2278
6099
1139
10240
5521
6760
2290
3167
6093
2524
11302
2490
3871
3446
3988
7674
5640
685
4416
8889
6381
1711
10211
7939
7346
2870
8888
2925
7206
2321
8696
7709
6132
5246
10790
2953
4410
7712
10146
976
10384
5881
4477
4968
1821
3376
10647
10979
7943
2218
8437
523
6662
6422
8784
3414
2718
1542
10616
7236
3713
6561
5134
8759
1031
11099
8488
8554
10237
3876
1694
6888
11003
3083
8499
8946
7886
9654
4427
6425
1598
9987
9990
7955
1624
5213
5125
4348
1191
10595
3395
2366
1013
9267
3354
6734
5088
5763
10163
8671
4289
4556
11115
7985
8903
10144
3772
534
1845
6212
3070
3769
1781
1241
3464
3075
4711
6817
6164
10497
605
6411
6134
7155
7971
4663
1838
2123
3054
5583
2400
3557
589
3589
899
9787
4154
3211
2147
3714
6321
9093
6445
3693
6279
2229
3261
4737
6960
9068
2864
3005
2922
5227
2552
7857
391
8389
3662
10443
4196
2741
8702
9995
1512
10850
5349
8957
10615
9791
7642
5224
5926
3507
4971
11218
8465
888
1901
5062
1294
1860
9869
4062
1518
1364
3521
9237
1675
3604
3113
1812
9842
2379
9506
1680
6634
1573
629
1093
10692
8016
863
2650
8803
7454
1886
2194
8334
2109
7631
7317
5244
7277
5529
7415
1324
10017
2785
6889
1891
450
2774
5231
7062
6993
9173
6664
11185
4656
10537
11033
9610
6037
8200
11352
9492
10011
4388
7523
770
6645
1736
2190
8239
10766
11246
9416
389
7067
11135
10792
8456
2080
4453
11297
5037
3320
11375
10847
11087
663
465
1743
838
8102
7228
2099
8536
6791
10486
6949
6043
7655
2340
11181
2651
2315
614
1192
6878
10910
9697
2329
5603
2082
1723
9184
946
10568
1999
9114
510
2550
8824
2581
10518
5704
8886
6222
11137
1450
7506
11103
4958
4115
4358
4955
2734
9614
7394
9622
2684
1339
3812
3621
9253
6028
7974
11228
461
5999
4238
10754
1914
11245
10337
10453
11290
1655
5294
5367
7269
2598
5785
3878
1334
1618
4207
11342
6504
5888
8232
9004
5148
7780
9494
4363
8388
6044
7524
2893
8481
4413
5131
3056
4032
5456
11146
2516
1927
8538
1818
1350
10005
2252
10238
8589
2133
4747
10492
7115
3091
9300
2144
971
3922
687
4740
3467
2673
6898
11306
6549
6259
6750
2169
8362
10802
3267
5724
2494
840
2188
4847
916
5665
2177
5177
9690
5302
7968
334
2879
10318
10096
3305
1066
10079
7768
8022
10607
3580
9742
1561
10635
7072
9689
3707
2087
8789
1181
1025
4059
5133
8552
4757
1767
7632
2637
6233
6704
10385
6670
1133
8733
8738
10424
7154
370
2977
5356
6033
9711
9554
10921
9232
4824
8283
5511
6502
1705
1791
5683
8832
3170
1266
10275
3118
9212
5290
11294
3238
6113
7798
3636
9448
1130
6736
5916
7196
694
4895
457
8797
1716
1726
9532
8942
643
3513
9684
9270
6295
6126
6906
8254
10965
10184
10482
9513
7396
5374
2451
4543
576
4510
2176
2583
3858
375
8354
1232
9652
1890
1674
9913
4944
7596
11004
1176
10706
1727
10490
5957
850
845
3550
9558
7405
3794
4775
6899
4389
7349
6226
5655
6794
1097
2632
9260
6625
1369
4359
3461
9073
7427
4056
1532
2898
11068
4917
6746
6020
6783
8498
10515
8944
10295
1494
10529
7602
1632
7648
9269
947
4184
6283
11254
7473
3415
6069
9363
8628
1773
1851
11253
8322
7686
7811
1037
3872
8168
4351
3731
2388
3948
3383
7118
613
8560
8884
5986
624
4863
2582
11261
10458
8677
1472
6294
387
1828
5016
3142
8633
4325
10129
1809
7635
5862
10913
6013
7481
8851
6586
7103
3781
3254
10258
6832
5587
9454
8994
4554
9289
8798
3817
2708
2020
8210
2908
9190
3357
3556
6716
7644
7026
7502
7092
9082
9542
8864
5821
9816
9143
11008
3386
8872
7750
6643
5820
1779
2605
8726
8674
7998
1297
3708
7706
11305
2298
7030
9739
6564
1756
2959
10564
6767
10419
8935
7280
3874
6412
5357
5822
2401
1982
9450
4850
3402
6703
9512
10667
5494
4749
7066
9875
3444
4304
5632
7230
10725
3811
8902
3626
7358
8097
8350
3826
4577
7932
2300
338
6534
10794
2309
9570
4659
6180
8009
2275
5754
3455
8416
8212
2962
572
1658
6892
3317
8776
1616
7876
5533
1712
10461
7542
9371
6934
10298
6011
3361
8050
10003
7497
3425
4229
8532
4640
6207
3352
3747
3804
5083
9674
4689
8858
6305
3953
2263
5570
9019
9479
4540
751
1938
2129
8914
652
10760
7982
9884
11084
5857
1495
10304
2904
6074
2862
5104
2770
4817
6580
6413
3329
10969
7356
7134
4171
10118
7814
5784
5773
10837
3526
2351
8318
10843
10735
9255
9900
4697
4835
3270
10539
10970
7416
8809
5698
5449
3097
7123
4157
4984
9111
7418
5147
7120
583
6840
4962
9208
10467
1763
1684
11102
758
1470
2900
11296
6026
1430
8626
11323
5101
8140
2216
2383
1859
10587
3931
11280
9495
9531
4175
5816
6617
8155
6732
8089
9516
3285
3093
6118
3001
3462
4063
10580
7082
10638
6547
2793
3104
3219
3095
5675
8551
10485
11046
9581
2668
6937
3275
1897
10468
596
3181
2965
8080
402
5929
4949
5550
690
719
8038
8490
736
5440
3367
11314
7573
1489
6661
5036
3345
3965
5976
10276
3650
9895
8482
2496
10323
5958
10732
1398
4994
1513
10698
7673
7140
4061
11088
4890
3161
6608
798
6505
9611
2703
10110
1510
6843
11119
5604
1516
10033
7359
1122
5879
3256
6170
11182
9658
7951
406
9435
8672
11120
9040
4476
10892
8741
7164
5871
9833
9308
3148
8997
9250
9720
4339
9477
9934
2364
2707
7162
9248
10465
7000
2514
5938
9433
4095
3251
8202
9134
4645
400
10481
4130
3877
3192
3725
8515
2328
7180
9054
9074
1963
7171
705
2987
1320
9657
11027
8459
8270
7795
7926
778
4532
2658
10464
5834
5688
7883
477
3300
3779
9951
3003
7703
6453
9635
11136
2256
11148
5602
4252
785
5721
3242
1539
2995
6035
2246
2765
6336
3106
5955
550
9298
1842
2696
8891
5060
2629
2005
5659
3742
10499
6863
2927
948
9838
7899
11243
7967
2113
2115
5121
3795
7758
7622
1040
1844
3680
11336
3449
5618
7905
7003
2557
8802
2554
3420
951
9584
9929
2945
8881
5175
8008
4148
955
5178
4756
4642
2090
10931
10795
4665
5940
10252
1103
9368
9175
2636
998
3504
1372
8587
7290
8134
3617
8692
3208
4646
5321
6087
7023
2868
4432
7357
5033
8428
7679
2854
2826
1167
3334
5694
4964
5393
1378
2296
7560
6724
8058
1433
7636
1918
6426
678
10172
5621
912
4279
5582
7071
3690
2175
3303
5132
4479
8237
2937
5186
8806
7650
7583
10442
11002
10001
3833
2983
3096
9187
2586
7129
7022
3388
3518
2097
7245
1729
7970
10391
5107
1222
2470
10612
4261
4166
2646
5771
3212
9246
3408
5519
1802
578
10087
4350
10373
8209
1003
3491
1126
5490
10872
6304
7088
5609
5584
4859
9457
6328
6047
557
3499
6901
1585
7151
6400
8454
3168
10272
9866
712
5092
4521
6837
459
9840
8787
5608
2647
3572
4974
8466
5574
774
10653
10590
7438
9011
1983
7658
2972
9586
7803
2096
9350
4172
7404
3410
8531
8662
7135
646
7437
5638
11347
6352
5316
903
7465
3210
6593
9265
11066
9751
9727
7250
9660
11151
6858
508
4025
9874
10881
6909
1449
6185
1854
3490
9418
6010
8549
1670
821
7598
8153
10668
3893
7739
3911
2634
6913
6443
4071
10866
5650
8998
3072
6478
7509
5166
335
6893
2104
1592
5403
3800
9118
7314
6135
8025
5722
7191
8754
4232
3137
9708
9539
3445
8113
2213
2892
5478
11000
7364
3362
3786
2345
6195
7477
759
6282
3940
1211
11340
5202
9927
2407
4912
5194
1185
6232
895
7531
1316
8995
6217
10235
5080
4562
5195
4286
7133
10825
3489
4810
3862
364
11073
5192
1129
8226
10578
10543
8961
7536
9412
8246
1446
6383
6319
2737
9723
3796
6025
4051
9138
4612
4067
10045
10784
1274
5411
5546
2231
595
4288
1995
9707
9957
4150
5429
8316
5713
8282
8804
3841
10985
10816
10868
1688
3474
5854
5527
10082
6017
6933
2616
1303
2964
7443
10764
8907
11015
10059
5431
1329
3531
8434
2457
8286
2325
9349
3297
4336
9171
2520
11012
9323
5451
5536
1761
4483
3853
7582
1858
5428
11366
4855
7035
603
4090
3959
6457
9850
2391
5738
2596
9733
9257
3644
5755
6291
6177
436
7988
2848
8709
6646
1493
4152
7931
10574
7870
4230
9247
6758
5592
7348
6764
2387
9604
8506
7257
4798
1915
3920
7659
11133
1247
4868
3127
5598
4251
5998
9544
10789
5690
354
3253
4084
8039
9279
5778
424
1363
6399
11203
10688
4804
7785
358
8122
7869
10190
3864
4457
5392
352
1769
2197
11242
667
11019
4066
2101
4576
4188
8695
893
6277
10156
8248
4911
10895
3955
10165
3619
7181
5564
5568
7924
861
3699
7345
10859
3485
1233
10975
2356
4703
10344
4125
747
4098
6394
5282
11326
8859
4177
10950
7915
2021
6641
5159
1352
3869
9648
9236
6763
5040
6722
7001
11175
2503
6694
9520
8475
1170
2209
6096
4997
8545
7691
9916
1041
9664
8219
5575
4609
5119
1078
8576
1251
3780
8251
5366
6648
11122
9200
4396
1468
3716
7570
6785
2116
6821
6559
5035
5468
10934
3431
516
11121
1229
4386
4290
4702
1214
5124
405
8624
9070
1629
8915
5504
805
8136
9411
11337
1065
2976
9580
8420
344
10508
5817
9006
1641
7007
4864
2890
1439
6717
5994
4686
4490
4236
737
4615
6492
4275
7884
4068
9097
5269
10938
3292
11195
4003
10259
715
2659
6876
3879
2574
2398
7476
4153
5460
10179
3828
7222
8231
2804
3074
1940
3555
7649
9914
7925
8106
3453
3633
4245
10151
6012
10277
3768
9601
5904
7999
3525
2727
3797
6855
8269
3398
9743
342
1582
4809
579
2134
7979
5828
1361
4116
6695
10195
3777
3788
8878
6680
3059
3785
3501
9027
4910
6656
6935
5812
8525
5872
1083
4109
7095
359
8002
5084
631
7904
9251
6990
7093
4832
2808
4786
7444
7013
10228
7295
7231
2317
5303
2072
433
2068
11072
7830
6939
1085
555
393
2164
1625
3368
3563
7786
3757
2982
10997
1143
6465
3827
4246
3991
4985
6270
4436
5528
7826
5718
1254
1380
8611
6673
5767
3013
2060
2146
2078
7627
3205
8900
1062
7300
2549
587
9961
2332
11367
9025
5578
7569
7106
8572
4993
9887
6589
11017
1544
3174
5075
3198
4060
4163
7848
8882
1411
6111
5425
9356
6945
1620
9700
2136
8413
6959
9549
807
7499
10534
1219
3025
766
7500
7851
8064
8249
4506
7590
5082
5932
639
7296
5212
2154
5742
7147
6983
9732
6566
6576
1095
3273
1882
11057
9835
2797
2125
5441
6434
8701
3598
4676
5847
7009
9673
5323
1896
8618
355
369
5030
3004
11075
2353
467
1034
8810
2974
1242
7361
7409
8118
10631
5408
4204
7574
331
3704
5624
2747
3375
7038
1119
3528
10326
8639
10333
771
8966
4854
3088
1306
11219
420
9889
6543
9619
8139
7672
11055
3634
4364
2644
2821
8567
9855
657
9984
9541
6438
1434
6529
11126
3289
9099
4806
7329
5622
5183
10094
6952
5234
504
5959
3764
1182
3536
5341
2409
8666
11198
2578
8541
6908
5105
8185
2810
7338
3718
8196
10291
598
10351
10254
5237
5141
1234
11064
8594
10065
9446
9463
9065
2386
10555
9449
8976
4534
3510
10036
1311
11360
4355
9514
11123
4708
10746
4561
2714
5123
1986
3189
6160
11145
4998
5108
7702
5065
2450
5740
11139
4856
5615
10914
1162
5067
6973
5138
11083
2026
5882
377
8610
1055
8484
10107
10319
9573
6819
5110
8861
2193
8492
10747
640
7753
5258
743
726
5853
9230
8850
7656
8989
7297
10071
3984
2390
6140
2760
8669
8524
902
3966
5363
2473
5489
3752
4898
5426
2350
1415
2721
6627
1359
8640
5304
2874
5950
1196
10474
9355
4043
5798
8579
8795
972
7390
11281
5571
5919
795
6231
4378
3905
9322
5482
3844
1917
3806
7182
10599
9703
2984
8053
1563
6557
6168
2625
11047
7756
8766
10560
8000
10038
6614
3684
2788
7959
5502
7732
9955
6429
10787
7993
2307
7937
1147
2267
3587
1676
2950
7902
11127
7343
5796
3018
6917
7969
6098
9014
1776
3958
1151
3199
6546
11362
11226
683
346
3597
9324
6014
8596
3723
4778
5715
3503
9958
2588
9696
9994
8274
7498
2812
8908
9661
6616
5770
6435
2525
3463
11331
1200
6574
4630
8510
7457
5565
1910
786
6877
4501
5094
740
5944
4347
7081
7251
4311
6380
9770
9303
3439
4836
2670
5261
2903
6658
1280
7692
5925
716
5300
5848
8398
5210
9427
2735
11348
8382
677
3071
4272
8805
7136
6361
8826
2701
9993
9299
7802
4568
10716
2337
3236
9675
10205
5286
11271
4471
5011
10576
10360
1768
7474
10495
1526
2645
8921
864
1038
6414
10742
6654
7002
3143
10010
5112
5059
9486
7947
561
9048
8453
8714
2040
10954
1864
3774
3020
7901
10018
1198
3912
4374
8065
5693
2253
1958
3976
7900
8085
10027
921
9095
4548
8999
7393
2859
5053
10221
1205
2845
9578
8406
4117
8339
1971
5051
5654
4565
4156
2750
11287
5507
9066
3969
8565
5135
2413
797
371
8338
492
9778
8443
4126
6143
6499
10803
7645
404
1528
4519
5249
484
6235
6941
8892
7587
4106
3200
4878
1662
2885
2907
5437
9383
6129
7459
10305
558
10093
9199
3197
10858
9388
5027
8607
4101
9599
8673
1391
4264
8703
4346
1064
1801
8069
7419
11279
11001
10013
10376
10379
10355
7204
3266
4720
4469
10085
8763
4231
10317
4626
9901
1110
8223
11259
669
10409
1783
3987
4894
582
767
662
9773
1189
1932
9899
9266
3849
4611
1531
11359
3098
8511
1508
9043
1172
10183
9805
1523
10420
9224
5776
9672
6652
3547
4931
8422
5884
6484
10867
7312
409
1235
4086
4566
9227
4257
2161
10877
6774
9676
1930
7697
2365
5330
10763
9608
1577
3839
5153
4620
4690
3897
4431
6902
6325
7289
1836
1545
5838
5677
11174
5647
4122
3494
3616
5072
5296
4143
4406
10918
7461
6152
4828
3126
9989
9330
3698
8119
4724
10216
3562
4026
5818
7777
9892
8570
9736
7837
10274
2405
5948
2292
9345
6388
735
1100
6927
6228
3437
1424
569
542
10494
733
10544
3190
2917
2745
7530
4773
3787
6718
9563
5387
628
1080
9659
1050
10438
5513
4024
4983
10361
3032
10460
7209
3298
7764
6409
8893
3801
585
1505
3676
7919
6880
7821
6729
1358
2563
1614
11090
2141
10311
1195
6401
7172
4004
10907
2105
814
8083
4619
3750
4946
3216
10073
9566
10392
6021
3701
9297
3989
8417
10663
10621
2276
9179
4394
5264
2031
1875
9417
906
1458
3152
4706
2220
8493
5930
8706
7714
9367
4978
10828
7425
7306
416
9084
5279
11365
7446
7042
3247
4278
8648
5087
4904
4185
3926
399
8468
1975
4369
4451
5639
6153
1651
4295
6184
9969
3737
5815
9590
8258
3428
11176
967
5593
6581
7389
9496
9519
3064
9725
6432
1387
7019
593
3656
11224
5439
11091
3520
9740
4299
7792
7890
7637
7633
9526
7996
11234
7149
10290
2053
1586
10403
7920
10444
8234
4862
6038
6604
9589
494
3782
9132
3101
6621
7143
8689
3623
1096
6369
1118
2341
1230
2333
5579
3924
1000
5873
3450
6070
4916
3873
7360
6285
11209
9533
7313
6107
5952
2631
3669
4631
490
9152
9665
4928
6897
1789
6154
2762
4437
10462
11040
10849
1600
5009
6456
11111
1288
11114
11350
8480
4785
4198
3592
9104
9511
7682
3498
2655
6721
8562
5023
6130
1786
4073
6548
9218
5459
5965
6391
6348
2698
3146
7385
6826
1713
3213
4036
11032
9051
481
8445
8317
7562
1464
10072
4422
5401
969
8054
8386
5291
3936
6089
5984
4170
8164
9857
2906
548
9020
10900
1888
2449
5840
1079
7145
5010
1015
1762
6214
6293
500
3332
3065
6244
7832
7495
3594
4692
3675
6752
7424
5543
525
7661
7139
10181
3257
619
8441
8311
2464
2641
1406
10685
1687
8577
4124
10677
7299
9831
7128
827
4649
1757
3671
9470
1260
1848
9823
8494
3076
441
8178
451
5696
8758
7669
9116
425
7670
7511
9655
11346
6329
8100
1231
5301
2914
3537
1496
1197
8072
8486
3457
386
8821
2757
11364
4488
7178
2724
1536
1619
3687
3360
9841
3008
8041
2656
1637
7871
2055
1750
2487
7167
2000
7990
2186
8356
3745
8855
6768
3023
3720
6873
5914
5260
6201
8654
8360
3456
6663
5514
10415
8148
4114
3522
731
9366
10423
2013
8769
11158
8142
7337
1237
5326
11356
1840
2206
5352
3033
6110
2763
2299
6079
1082
8765
1447
1745
2202
8825
10862
3068
1771
5163
2957
2232
1800
10596
4400
5396
7700
5573
7940
901
6865
6406
9158
7428
1659
1777
11372
2153
5385
1868
4960
5222
9930
7332
10352
6834
1357
2603
8287
4212
3583
4033
7599
5858
6088
7398
7538
2262
5221
11304
6106
831
1970
9406
3330
9918
10127
8808
4385
9245
2274
3961
924
5271
4727
8932
10684
4827
6919
2990
5981
1267
1522
5780
6966
8046
2196
430
8448
9681
1243
4784
7914
2006
9223
11116
1515
3249
9523
10483
11112
4876
10778
8131
9978
2933
5552
6060
4578
9912
6994
6331
3628
9476
4755
8220
3505
3214
356
2374
9677
9252
10909
9932
8629
4197
7505
2377
395
1486
654
10822
4458
9465
7469
5445
5243
1947
2322
4923
9376
4040
9902
2986
9130
3191
1421
9726
636
11036
4247
4020
5855
8638
1278
5726
1137
8126
6365
7961
5937
6812
1928
7074
10255
4605
7527
526
1731
3255
7796
9828
10363
8396
989
7475
5229
9822
3288
826
2837
2584
6115
5292
9911
11186
3586
1685
1568
762
8003
4383
9244
9704
3394
7693
7930
1576
2979
9815
3601
1865
4826
1474
5539
7945
9903
7807
10098
6866
5774
9682
9843
3057
10061
9394
1275
1924
3281
1504
4892
2909
3017
1210
10946
6354
2489
8180
4030
6506
8265
6733
4589
337
1132
11140
10007
5768
7198
4315
3553
8399
1615
4340
9626
5607
8585
6514
3729
4240
9890
9107
8233
6891
4266
5572
7885
10896
5679
1660
10619
7406
1955
1168
10516
1628
699
2813
1209
2597
2861
8658
10610
1984
2157
7099
4516
1862
3952
2233
6246
1519
1770
3564
4641
7638
8255
7846
3715
9271
8972
3050
5369
2283
9276
10204
3539
4225
396
2384
9798
10120
3130
2921
5158
5963
8566
1668
7334
1964
11021
2679
594
10450
1374
2065
9220
7397
3584
1566
11377
9060
5288
1751
4560
11216
5923
10401
4343
2846
10171
8736
6864
10451
9012
11257
956
8471
4637
2462
6958
5970
8385
10879
4514
6951
9788
602
4310
2657
6461
1373
11244
2404
7044
5717
6187
8242
9698
3694
4934
6681
7824
8253
3813
4843
2546
5962
5469
6961
2367
3695
2479
4889
4550
8718
8843
2867
8372
8107
9888
5004
4536
4743
9156
6437
7718
3822
3173
3427
6245
7248
4228
6410
1572
5073
5537
8156
3585
9715
10260
3721
8285
2833
2368
1491
1916
6570
9209
1160
8440
1738
5701
3755
2378
6647
10772
7450
9528
6444
9262
1695
8378
2587
4144
6841
7414
10364
7226
9628
7200
6842
9219
2841
2270
1388
6525
2873
1413
3195
6355
5487
11128
6052
3458
6708
5284
1362
1701
6811
11358
8087
10341
10600
6790
6071
3717
3060
4141
2817
4365
6225
2858
832
8592
2884
5351
4954
7817
2902
7592
6532
2978
4439
5716
2111
2120
9803
1244
7309
10757
7434
9923
426
7626
9401
9529
7131
7695
7763
2676
4186
6398
9701
5313
8170
5152
8988
7859
7014
10749
9985
1638
7156
10182
5510
8028
1976
394
3943
9061
9556
1866
1673
1889
6470
3082
8146
9629
4885
348
9056
7774
5298
9560
7696
3372
5917
10520
10715
4332
9771
10488
8936
3245
7907
1368
6900
5368
8528
7287
5197
1402
2103
5885
9379
756
10303
1272
2106
2709
2608
6436
2624
4213
1087
5892
9160
7987
4370
11283
697
1074
11237
6925
10289
8834
9870
1732
2889
3679
5577
1010
6782
2221
1826
1042
9370
7113
3767
11089
2326
6883
9183
10878
7989
6316
10157
5781
5206
915
896
8574
9147
4635
10198
6500
3937
616
567
8962
5992
784
4901
4618
5184
4452
11329
11199
10081
11157
5964
5951
4585
9517
3417
3222
9813
8836
