8038
33
266
205
2754
97
11223
1362
3926
6327
3
336
543
270
195
2296
3887
215
5328
6059
310
349
10571
327
326
95
9229
3864
10080
10030
10690
2024
299
6068
9440
307
67
3070
3453
9501
1306
111
2316
9943
12
93
127
85
7353
4535
8864
2484
2921
216
155
45
11249
255
11251
9638
4473
1544
9772
99
8569
214
2653
213
1735
265
2456
292
7191
200
279
290
7557
5490
6194
7326
8199
2174
0
7500
14
56
4543
192
165
147
9422
3632
123
474
96
5765
122
1553
8161
10128
284
5289
8982
2327
1908
193
245
15
10018
8172
5697
133
246
48
17
961
187
298
8719
278
64
6814
3659
117
2499
3181
100
3933
101
745
222
1055
296
9082
229
109
7750
49
10626
31
305
272
6991
138
259
119
3044
318
5985
1483
3355
7242
642
4422
9556
150
5237
323
5639
1480
6410
312
3100
276
6840
7429
3266
249
3195
9034
5457
1490
842
9946
87
7478
676
92
295
3392
140
258
817
8527
107
238
7529
1839
287
7648
4855
158
2782
194
5837
219
79
5977
10316
5783
175
125
10384
263
427
303
1426
328
7919
8562
9605
208
1424
88
81
184
4142
804
51
9926
142
83
162
535
5212
10611
68
2983
1371
110
4702
148
149
224
1933
11020
42
1824
4735
55
2362
4
847
130
3891
330
237
1709
1021
190
28
2406
225
274
188
9545
2876
24
6349
8024
3011
2157
234
293
106
6540
82
9717
239
3977
73
329
376
143
60
30
4067
324
131
178
5842
283
80
223
285
29
124
248
10439
317
8433
6454
8467
235
3470
282
314
196
8627
4573
173
6261
8758
301
71
176
5179
169
126
9073
9161
228
204
179
37
108
84
7718
189
36
275
23
25
10060
186
254
6
35
102
4151
989
160
244
159
136
6469
9283
53
1
1142
16
4018
271
8173
141
11
4331
7998
62
206
134
5245
9407
10544
2160
9513
264
350
8
185
9346
10377
5186
211
4295
118
152
242
6434
103
61
294
2245
4073
1268
7114
337
66
823
3561
172
7489
2188
26
153
39
177
688
174
8251
311
4946
9157
1343
220
5136
11024
1770
591
309
210
18
181
59
221
8399
170
156
6527
3019
226
260
231
4392
8660
241
72
4988
10168
154
281
20
1069
8961
2069
1730
4252
9626
10
40
7915
183
6292
50
5587
302
944
3665
646
4379
121
11018
306
128
6136
157
4872
6358
252
10334
54
163
4191
10563
1657
135
2247
6022
6318
199
9021
6825
78
202
197
6339
4065
182
161
3751
10213
9252
129
6947
8579
8391
70
75
201
104
74
171
257
7849
321
320
1484
5815
5280
8031
236
240
38
203
233
89
10287
27
3788
6820
300
1962
1011
209
1209
10391
277
325
198
291
1624
9
5418
4757
146
41
105
1632
76
86
1528
32
232
180
9660
218
46
132
