202
238
149
90
254
208
87
163
115
37
193
3
274
268
81
306
178
97
26
302
43
135
270
120
46
264
150
47
126
232
173
170
283
54
307
278
147
32
305
199
326
155
6
323
66
58
182
2
136
4
118
203
219
130
327
114
183
168
151
269
277
106
112
180
141
267
299
122
255
258
318
85
314
227
29
70
166
42
102
124
20
187
73
215
310
224
250
161
196
324
179
57
38
11
315
301
308
23
253
49
65
154
71
221
156
312
243
131
248
260
12
160
152
322
123
316
88
95
200
84
96
185
14
51
236
33
282
313
304
261
266
137
157
317
189
275
128
176
297
233
240
247
296
94
329
237
158
159
78
9
280
98
289
245
234
246
105
55
235
218
153
164
290
272
77
22
171
1
50
140
271
172
45
25
197
293
251
89
5
100
52
213
286
241
35
83
295
222
61
127
117
244
34
79
276
262
67
320
16
252
7
214
104
109
111
28
138
300
119
116
18
207
134
167
210
169
31
108
101
139
195
17
325
142
60
48
279
80
144
0
13
186
99
198
177
129
181
226
273
93
148
107
86
298
209
303
319
285
239
228
165
125
21
225
205
62
113
36
294
220
206
281
72
175
211
