6890
10219
9649
10345
6866
8805
10780
4423
1047
51
282
9657
3925
4195
1173
7892
9945
261
3875
6540
151
7984
8210
3716
10169
6345
7539
132
4640
5587
8117
2122
10854
398
7389
7861
9187
7475
10942
4298
4931
1023
881
10107
5302
7637
8651
267
3147
2061
1059
302
1591
9115
108
728
8595
1809
734
6078
7780
5154
1082
3530
6851
4700
10071
204
129
2159
220
6562
11071
5167
6659
9415
6860
11002
11133
1553
5380
349
26
8941
7188
3988
10720
10068
7671
8023
10226
11300
1094
886
5503
9237
6116
453
2741
10322
279
9374
1600
6924
1436
1050
3516
3873
4377
5761
6454
10144
11230
391
8889
11055
45
10192
1979
4379
1857
7679
32
504
3171
205
2616
2041
4383
5186
9012
4280
5651
5583
6374
709
7490
9309
266
10819
2563
9796
287
839
3033
96
4668
8750
11361
7709
3041
5100
9447
3669
11116
3605
1504
6569
10839
1977
9406
5734
825
9618
954
4649
5827
3213
10692
6664
2897
306
273
10927
7655
8172
5358
1432
10365
458
8949
8944
4523
11044
2188
2117
11223
1913
2370
7818
4853
10647
844
3160
9519
11314
4597
8306
2146
6556
251
8466
5223
11015
7222
5704
7695
7742
4874
9583
1777
1931
5127
5052
6458
9077
7371
161
4118
3025
770
4340
4455
10031
6637
3097
7148
2338
3854
1924
4945
7048
5765
292
6914
9701
244
2
9671
5225
8982
116
1749
9558
3151
1274
6398
2660
1142
1738
10397
2916
48
10660
1875
3291
4600
9601
5836
5203
10030
7645
212
4980
9953
7201
3380
9654
138
6907
3238
3175
4675
7134
5023
9320
8215
18
7905
9387
6604
301
8261
9209
11131
2833
6281
11177
230
10991
980
309
5812
9916
7209
8161
11066
6761
10425
7521
377
9639
1995
1846
8349
7849
9907
4548
1563
2637
381
1643
7587
6102
2626
697
299
1531
9105
1362
7753
10869
2877
278
7172
10801
8399
11185
3480
8776
1484
1057
10070
7902
9651
5258
5528
10407
10312
95
6327
10210
2431
8467
11051
9046
7579
2737
4735
1585
5838
319
7338
3078
4854
4429
2646
5533
1782
5328
6855
1139
8035
9221
7027
10137
4450
8857
3907
1496
9534
202
8475
2302
3832
1948
4021
4028
9295
7147
3930
9500
4830
10041
9813
414
7970
2564
4416
10724
10162
2927
5275
7173
6170
10391
4446
3673
2195
2296
6235
183
7352
6448
732
3769
0
1164
2303
2547
7133
179
8528
3112
2255
5314
5133
7488
318
5227
2094
5646
1364
3581
4123
2924
3762
364
280
8287
11187
3794
9376
117
103
8229
2709
8878
9794
7597
7224
6600
6081
10452
7184
10483
9285
8809
2224
1165
7898
713
11107
7723
4135
1363
4803
8119
4703
10432
1785
5796
10861
6938
9842
2627
10612
10962
1252
1827
3219
182
11091
4388
4864
2694
5649
5840
3275
7045
10323
7513
10418
56
11250
2671
10063
1422
2731
8777
4005
10327
8610
217
9191
76
9772
8181
10074
2533
3456
1350
1952
1295
3798
10746
10501
8247
4432
2490
8699
3273
6029
3662
9343
2062
2328
10255
7893
10553
8961
7322
1072
5445
8682
9159
328
7538
1943
687
6129
10736
9002
2677
1567
7767
5625
8086
158
8708
998
8788
119
6237
1511
6259
603
2873
810
9238
5552
255
10667
2434
9157
7272
10981
178
8679
3427
5731
1056
1544
10874
9125
918
9257
6331
11191
2754
9282
10603
6504
8775
543
144
9926
5639
3084
3939
9437
1485
2292
9443
11295
5911
8641
4246
177
2850
3763
4709
3641
1608
541
258
9267
2516
7938
2984
7668
3719
1502
10803
10346
3615
3672
10433
9006
874
1012
1760
2932
238
6676
11324
1119
10571
3221
9587
5715
8483
181
7436
9391
6508
829
111
9759
4470
4620
9358
9432
10619
127
8157
294
3918
2301
8917
6880
9469
6861
232
4261
6707
8616
5505
9621
4084
712
8741
6443
11331
10972
9400
2442
5233
924
199
206
272
9969
9283
4252
5770
5723
4191
2849
1220
4568
1384
1903
7746
4747
5153
5555
5837
5058
234
8064
686
7458
8070
3630
257
7123
5570
6310
6018
7512
9700
5362
10791
9492
8604
10824
3577
10835
7241
9119
337
4997
2506
3758
5968
7923
731
9870
5027
10393
2030
647
2775
3302
6132
7699
2824
2651
3101
3723
10823
3464
9496
3985
8048
22
575
8433
977
9593
1959
1621
9137
9763
8358
1417
10231
979
4228
10559
5268
105
7626
7339
2966
10307
2437
9765
4795
2838
1974
8264
2742
4324
7700
6613
8220
6375
6314
9167
8535
6543
1320
10451
8572
9205
9019
1572
8025
1895
7811
3870
2997
5456
10739
4355
7815
2730
10857
11173
989
7763
11029
5353
276
134
7523
6601
6096
5393
2080
4108
2851
10519
4506
3470
5882
7639
6944
402
6268
4086
7386
5269
1149
404
9650
1510
5874
6229
6376
8471
10289
557
7070
5658
1447
7991
3879
4879
9689
4975
4085
10600
4078
263
3536
6202
8175
3631
6014
6871
11077
4478
885
2393
4512
6065
5282
3451
981
7551
5853
4067
9445
8664
333
6252
6131
8367
9111
6275
7544
6079
5994
2603
10741
8652
110
11098
9298
7402
8964
3019
7006
622
2412
8748
10804
5217
5599
999
2913
6814
2485
1153
1085
8251
8701
1962
5729
1856
6165
10195
5442
188
5320
3282
11157
4520
11190
8848
7542
13
8232
1690
8969
2580
7556
3961
153
2781
2808
2333
11310
3013
8919
2956
10287
9652
6752
10080
1855
2369
1840
4374
6411
4667
646
2373
227
9843
3394
8635
8444
5464
3707
7910
10111
555
8983
7113
92
6911
7712
1624
2000
9660
5402
3364
6995
6002
9928
9080
11025
6194
10656
2473
817
8492
9822
10938
1555
4317
8710
6221
2377
5972
336
7034
3661
313
8270
7778
10439
35
7740
323
2311
2946
8895
9179
1125
7516
5198
8696
3977
1602
10952
2417
7118
7590
10528
3934
5794
9407
8427
9623
5212
1709
10469
5413
2907
5824
1655
922
8364
842
160
4187
9386
8764
4204
169
9384
10918
1984
6991
75
9904
8291
9638
738
9163
8516
4171
357
1042
7534
6822
10511
10703
1223
5608
193
10377
9850
11100
6819
1764
5624
1388
11249
3054
71
6227
5322
2180
5908
10536
7591
8599
5336
4
10922
934
1607
226
10272
11005
672
1668
9747
316
4074
11172
11189
8380
3207
7504
3523
7870
4965
3507
4034
1832
11181
7205
1830
4934
10532
10949
8485
6203
6784
6064
6992
252
4365
10253
10014
157
133
714
2324
10283
4659
2575
2977
3633
253
1071
102
72
6671
8286
5471
2459
11239
2019
1389
6118
6825
6657
10216
2680
5542
6820
7629
5858
2309
3370
4733
2362
4295
8090
2182
7291
8256
185
11349
1100
895
8755
10314
2608
4654
9490
286
8173
2128
5527
7557
8527
9364
4534
9645
155
8277
524
1656
434
4035
11347
245
5749
139
8780
1797
8095
5437
6315
2425
11364
3239
8019
2541
3584
11121
8219
9605
8548
4644
7002
366
10461
6551
3012
5395
176
7789
6460
7418
1229
5387
3970
599
1463
2818
2659
8836
6968
10357
2361
4872
974
1069
5404
2727
10704
6289
10131
5018
8716
10719
9104
6068
248
5767
8502
4063
40
320
7140
1431
5136
5430
233
7414
8945
7372
676
7634
7439
9778
2836
4504
5205
115
10747
5644
7968
1397
7605
10689
10044
5214
7329
5504
10466
878
7020
7242
3951
6208
6878
7804
3874
249
8668
2031
10127
2815
5031
7583
7246
4768
10399
2103
64
3903
7347
6891
3246
1401
7824
1177
3461
8798
52
5224
2685
5459
8346
1175
6491
6674
326
8932
2653
5095
9459
8396
11277
4147
1775
10316
4702
5420
4185
3658
270
10168
8037
9456
6114
330
3836
256
8142
7966
9255
3946
2496
677
6383
9636
9524
1529
9959
10414
4636
298
5312
11373
812
8707
10606
10618
9612
84
1770
4964
10211
6977
148
3522
6457
9582
751
7114
7307
28
2185
3887
5115
4867
112
10078
819
5007
914
443
475
156
2028
1099
10045
4346
8102
4003
1781
6298
11374
8374
4572
1901
1480
7110
3093
10748
698
8243
2157
4281
5053
9093
8867
3807
9229
3761
9962
9379
3392
8088
9092
6
1771
2191
578
9263
6560
11288
11378
189
661
4077
5688
10883
11088
6452
9085
8472
109
5568
1689
5798
5005
9399
58
8887
2024
2528
327
3733
1126
8606
6976
5166
170
10879
3209
784
1790
4018
10259
5338
10138
7406
4322
1202
2845
5781
9076
3342
4949
7306
2173
53
6591
10926
7417
4075
10832
4998
10213
8663
5784
10911
10123
1592
694
1323
9826
4535
6339
6082
11337
7592
5800
11086
1697
6488
3569
2341
1392
11017
6588
2047
8990
2639
5974
3991
2147
8403
5
7459
814
11298
2316
4380
10995
8636
4814
6301
291
9541
7346
5078
10812
1963
3463
5860
1027
10446
8880
2045
228
10386
2605
7571
9710
10464
8057
9186
2662
3280
3592
7126
240
7729
3315
5535
6204
4871
3067
7636
6019
5086
9889
264
2386
184
1896
9580
60
9381
3866
11042
2186
4543
8849
7207
195
1593
4047
4369
1318
456
2558
6525
1470
3502
5381
9501
5597
8767
7942
7038
10462
9865
1086
9310
1268
9440
11221
8893
54
331
9815
5571
9107
11058
146
3138
4463
6836
6039
6719
5636
4575
7990
1186
1634
2486
5172
8927
5028
2070
8362
10008
6704
6985
9585
9422
1307
7191
5079
5819
128
10128
10076
7089
2468
2499
6027
9699
150
10119
6987
6266
7958
5777
4025
100
3818
1203
3201
944
2330
804
1128
6603
11049
11075
7484
34
3032
1843
9837
6790
2748
7624
3490
7340
9537
3888
10354
9204
4832
3666
8267
3011
65
8665
7376
2283
6843
1342
2901
9958
6031
9195
4259
883
4757
120
11235
1676
4621
4785
6366
4517
9684
5879
3117
11008
3841
847
8898
7994
142
175
1406
70
2887
6636
2090
3508
8027
9353
8718
4376
7311
4923
192
7429
9562
9160
9110
2705
10581
9977
4953
2466
9717
930
6964
3843
36
10806
3948
11178
10416
10754
1815
8998
268
4221
136
1717
2183
241
9866
147
7005
1387
10292
3043
3403
342
9510
2048
11014
8782
6358
3195
1519
495
2406
401
6857
1583
8111
10086
9329
4473
4701
7693
7059
6475
1657
7916
7724
9192
1763
2861
8410
1060
2670
6842
6352
7011
5197
7473
11013
1044
9923
4710
3624
8182
8486
3783
2176
4305
8579
11318
7267
1609
2962
6468
11156
969
239
9882
5515
1111
4301
7529
8937
17
7884
4109
8804
7944
9455
9182
5439
10415
5121
8702
10620
3734
4039
8430
3760
5510
2079
1757
6544
8754
10986
7413
10723
5910
3109
4080
8637
5378
1
8523
27
7288
2556
781
1765
533
1481
4418
3450
1801
7572
386
8715
10710
11312
8281
7728
1594
1021
3227
141
66
5662
421
1303
3912
10585
10544
114
5898
4130
4486
1454
82
913
10033
6834
1159
11224
2276
6139
3453
1490
8321
191
2876
7891
3328
9434
9465
6261
2042
5194
2409
7622
2981
6630
2187
2484
314
1426
59
2470
1437
4244
174
2577
7165
2494
250
435
10617
325
8671
917
2298
6772
9380
3659
97
3150
42
4069
7648
7982
4462
4676
5364
7813
2374
7483
11346
1858
281
5832
795
1181
8639
2162
3891
2996
7176
5666
4180
2782
5851
6146
5468
7385
6950
4545
4877
2776
9345
8221
9956
10060
2810
3447
61
4055
7357
5476
9383
9716
4243
10994
8072
6353
4218
5929
213
107
11315
9949
1513
6025
610
10928
11031
8909
8864
9276
3172
9547
236
10794
6354
6656
10499
6112
7882
10599
321
7948
4134
3588
3118
3347
7896
93
6185
6535
8104
4682
9565
6091
9750
2519
9480
10105
290
9172
4114
1106
8289
10896
3786
3777
4026
10659
6341
7499
5118
8233
5845
3921
154
9231
3115
1648
83
5807
6136
3429
16
4983
953
8234
3356
8393
1393
1343
11292
131
4615
4688
15
7897
3095
5931
8134
1087
8457
7135
9278
1612
8098
5479
10186
4170
9377
7998
4142
8304
2059
1483
8092
2714
7151
1315
8735
9020
4411
3561
7377
5069
203
4020
8206
4151
8235
20
7334
7075
3745
7573
5846
5438
173
3627
271
11325
3004
2160
6318
7836
1834
3544
1275
7263
4662
7254
86
9790
3286
209
4604
3768
11287
2900
8237
4065
3441
7
2295
6893
11063
347
7925
11225
1660
8
5728
9050
2724
7419
6485
10814
8268
1246
1266
1876
7367
3452
7405
10090
5532
8968
2155
8719
275
9091
2285
6698
1272
215
5418
6262
5179
5763
6278
9921
3040
6607
6196
10129
130
6435
43
6495
4422
1582
7264
11283
6610
10009
288
8578
3448
9070
1671
4880
6770
7718
6022
9385
8097
4656
9464
5842
2549
558
6225
8109
4159
5261
123
10263
2568
4325
5914
11034
7130
5237
6918
9581
9222
10897
9515
10900
10479
6923
67
413
11144
6150
1905
11303
2865
77
11301
4445
9632
8320
1972
216
3331
2262
9939
545
4947
308
6837
6762
571
24
208
4164
6410
2860
5429
2718
9131
2520
3231
6382
3808
7843
5001
2513
1451
1000
4172
6947
10355
518
8526
10537
9325
4004
6925
766
7043
4787
7909
10533
11147
4835
9
8170
7257
4188
6296
9487
5616
8979
9667
2234
640
876
1687
4696
6089
10589
6469
9013
663
5667
2883
3656
1693
8259
4326
5622
892
6464
1651
688
7552
3751
474
4464
4182
3493
617
9120
5480
6305
8732
5196
392
6474
8034
4809
7761
2099
8583
8489
2260
8784
11038
5693
10831
11204
10040
1104
2656
8212
10366
85
10551
831
9611
317
6044
9545
3183
10212
3153
283
11113
4984
1297
6041
6506
1105
1528
218
2467
1144
11375
2806
6926
4297
10249
5458
963
10493
124
6690
8549
74
10124
7762
4857
10999
242
10023
2325
9554
7541
2543
11024
1730
1982
9986
7012
4584
4448
8132
221
875
4358
149
9695
171
6267
6994
7518
7018
2339
1441
3787
3465
6572
4706
5454
9609
3933
165
8008
224
7476
89
2713
7465
3326
1589
11323
9948
9169
9491
3245
8598
8062
11289
2663
3111
8455
2636
9287
10550
8278
1500
11197
2265
2210
5491
3986
5889
8650
5979
3558
1285
9629
7132
8498
63
911
2862
5367
7799
1209
11231
1994
19
2172
376
9788
211
8953
6231
254
4062
10525
1800
1213
11123
9728
5793
7062
10261
4741
9507
940
8149
2245
4658
4985
315
10725
10116
2253
10766
9375
1352
8726
8055
10013
3964
439
11026
4041
3829
7550
4608
329
4202
2971
4993
8310
7053
7524
7526
6568
9466
8678
6598
871
4514
3680
6158
10062
3949
1261
1371
126
5946
4873
7932
6172
1839
2511
4160
125
3100
5029
11371
3082
11260
8930
8976
961
427
591
1092
200
11
6361
11149
5815
10201
197
11079
4817
9793
11326
4176
962
9607
9824
11035
4327
9993
7474
1824
167
10833
2458
69
2787
9117
1055
4392
11338
5944
1242
3022
7607
8673
11018
1976
9927
10969
9477
8882
3181
5785
2841
10855
159
3671
9061
214
4112
1906
3141
5569
464
10295
311
4194
8308
9361
538
6244
6983
6309
5699
6072
11041
5791
1370
1442
4441
4129
1845
3384
9246
9271
1556
10611
9483
9795
9113
10787
872
6283
4943
5877
9045
3266
6840
8660
7786
5541
11251
259
9708
4276
4421
8778
4920
113
4056
10288
1306
98
823
1171
7603
2164
5810
8511
5669
2165
196
10853
10621
1396
1489
3499
7770
7325
9441
9252
5263
3063
9082
522
8280
5679
6369
1883
4555
4625
4859
7364
11336
4090
9897
6756
7731
31
9905
1189
5435
9943
6497
10558
8802
3361
9277
8376
7233
8634
68
659
3725
4720
3156
2985
3580
1358
5958
7915
2928
7409
7021
4744
88
79
2068
3864
9513
10985
1726
1684
836
9903
3704
10566
4353
2852
7145
3355
5788
4623
219
9136
1890
3094
8241
3406
11246
9404
5440
2327
8039
2454
4087
6571
8122
4806
1232
49
1682
4008
2455
7664
10297
4321
579
1112
3642
8199
1526
7776
9691
10873
1538
4585
5221
494
1631
3131
8442
10158
2819
6802
11261
4812
1747
3812
5538
10809
6124
8228
8437
1017
10368
7749
94
2539
2672
9072
8253
8501
7214
1373
9523
10690
1152
2376
6434
9627
849
305
5849
3554
4391
3332
5035
2890
10185
12
8963
8108
5206
2247
6916
8611
269
8940
725
3803
25
3594
2940
2403
8859
4183
3696
9494
1708
5635
5797
3208
10032
172
4639
7462
2336
33
5142
7493
9900
2115
3318
1049
2765
9203
3737
121
163
9264
4122
2848
5444
10802
6759
8416
3728
11019
8597
4311
223
10034
3102
9885
5612
135
3088
7326
39
7290
8046
9290
2917
5878
222
2766
6750
10850
2219
3476
2113
9033
1847
8487
7478
9685
8309
4226
5663
9273
9044
7628
8689
7080
4272
3350
11195
4128
7677
7054
8100
9108
4913
4475
7482
2137
6292
5104
1010
10913
295
5478
5451
6927
4692
6059
324
5613
4960
260
10526
4966
3632
9373
853
6090
629
8896
7129
1999
9394
7057
10786
10436
7678
23
4969
10336
5134
1172
3546
21
1908
369
3637
7261
10270
9251
11329
4307
47
2001
2712
9785
9784
6838
485
11299
322
7702
8096
1722
8538
3300
6721
8958
4264
9346
9337
10626
6757
9538
3050
6793
8421
8680
4987
3557
5633
1659
8031
10018
9214
162
5783
10937
5697
660
2465
6728
5323
235
3732
5977
5708
1407
6811
5384
11162
91
2708
6470
5229
1113
