5943
7950
3176
9600
6924
4366
10305
9350
6719
3722
10179
9382
1514
3837
6598
832
10165
7770
9362
3906
5569
6830
2659
3749
5860
9933
373
7846
11342
2882
7426
6650
4268
1997
1647
4420
10477
10872
6042
5810
2086
9136
5622
617
9622
7380
8565
2156
11276
7470
2876
9902
1357
4991
9528
10035
2738
2207
1347
2170
5261
8207
4144
1841
10687
7556
6262
3279
3481
10677
6395
7263
10803
4722
11273
9230
9959
6606
6263
2620
2512
5799
1525
7283
6218
476
4090
4599
5269
4920
4818
4940
7899
10121
11103
7914
9480
1059
5214
2354
3173
5835
7088
2019
3627
2781
9010
8957
823
4853
10271
9168
3867
9217
3868
6776
7456
8644
1808
11029
7419
6329
3471
1556
5207
1615
2838
10288
4596
4828
6971
7476
10798
3913
3284
8506
10523
2236
9077
973
6746
9030
6065
7130
1431
5936
4384
5911
736
9209
4208
3253
6742
8628
4757
11326
8445
2282
3111
3132
5354
5067
1566
5570
10025
6162
4247
9849
4767
3244
10224
9181
2806
3659
3342
6200
10539
3062
1038
1201
6516
6047
11196
2894
8099
2624
3556
6433
1158
2614
11347
9844
6165
10724
3775
5038
9066
3626
964
9796
6152
8051
8015
7542
1670
2333
10823
5801
2439
4219
9515
851
1041
6117
5614
2229
2973
4421
1171
7766
7364
6168
6004
7763
8483
1139
3086
2185
11074
8163
6667
5986
10063
375
3201
10682
2934
2323
7724
466
4248
7764
2157
11149
9447
9743
10375
3838
5121
488
5738
3642
5335
7606
6487
5452
3928
9870
8441
7898
5242
4039
5367
5292
5395
9841
7033
10234
10685
1412
4115
10007
9775
7708
3229
1342
11371
3554
2938
873
8859
1116
6503
3530
6017
1761
8919
10236
10265
2485
3881
3824
1897
702
8387
1996
7270
10040
872
10603
10694
9347
5989
5600
9312
10417
8026
812
4606
4292
1311
4095
10961
1639
1629
2076
6467
8353
3962
5854
7114
10099
8027
6992
10350
2533
3866
2979
7953
5657
5919
590
7515
3597
2527
5524
637
5785
11116
906
4436
5739
502
1614
3910
4303
9041
7845
6814
8826
6362
10082
2873
640
5496
7489
10363
7999
1436
9088
7733
5198
3466
3388
10433
5162
2683
2632
925
2199
7309
1172
10432
9193
5969
6043
911
3347
623
6306
10770
7218
1065
4232
6402
5279
10141
1370
6510
10335
4990
8408
5652
2460
7695
4177
2791
7729
5424
9805
6895
3733
4603
3356
4052
3055
1809
9587
3717
2203
9606
9583
9198
5135
11041
458
4611
7922
4583
8388
8219
9476
8215
10132
4145
4893
9501
3299
5625
10217
10076
10679
5109
3359
3506
4968
3531
5044
10695
1111
6865
8185
3871
7163
10994
3672
5176
5602
10149
1954
1673
10339
568
2776
5098
9466
331
10143
5373
8029
6935
9597
3297
7748
6077
3736
10286
723
5878
5430
1964
3889
7410
1286
9942
7173
3854
773
5820
4408
4844
1327
10320
3406
541
1366
10633
6443
5819
4266
1593
1959
3389
1972
9120
5897
7573
11323
2596
3960
5696
1008
618
3152
10735
8956
3985
2198
3529
9555
9551
7657
5081
3876
8347
7537
2920
9491
9307
9817
9285
7971
4107
7975
472
9955
7279
10764
3353
3893
9103
8368
3870
4065
6607
5104
11349
6452
10983
2540
3609
4340
8294
811
4774
8411
10710
7788
11315
9932
1033
5855
2175
6724
7737
6522
11233
10476
11142
11150
1489
490
7571
6006
5015
8523
2017
8449
928
4182
4137
9530
2071
7813
1856
5876
9948
11186
10385
2605
2235
7861
1600
1728
3652
5852
937
1071
10988
1628
5296
10918
3117
2276
9359
7445
5909
2287
7958
3373
4748
8267
2761
5206
5672
10542
6492
5971
5616
8014
9791
2263
4624
791
9404
7703
10297
9511
7252
4129
3458
1694
7549
9434
8067
8131
4663
3984
5320
9717
9158
10693
3287
1403
5357
9728
8515
7160
2561
8096
10686
4293
1189
6980
6138
9431
4270
8884
7627
5444
6220
9846
5644
3833
6803
10541
2883
7184
10178
2656
8406
1769
6649
5286
6061
5028
5145
1744
6174
7558
5588
11247
1428
5906
6911
907
6214
10514
11058
3586
6161
5653
1262
9424
8184
6641
7866
4658
8486
729
6658
4480
7268
10783
6643
7546
5729
9165
8071
1839
990
10561
4387
5457
1222
2106
1789
6245
11333
7820
4319
9688
3189
7150
5008
6849
3701
9874
8514
4705
10540
4850
5920
4771
9340
8122
1679
2113
9074
3947
3945
8139
3904
8920
1503
6679
4281
5620
3453
1540
9938
10440
9616
1488
441
8217
3108
624
1843
8793
7067
5990
8143
8090
6934
8634
7569
11327
6581
8712
5702
8463
7640
7413
9667
8194
8109
1815
1560
10319
1526
9706
9861
9338
4945
1261
6751
2313
1231
8334
5500
3423
2117
2550
10515
1227
4588
7451
4528
3765
4962
4946
8586
1680
7570
806
3032
6137
6574
4683
10269
9960
8509
10338
1135
8729
10425
1529
8738
6413
8034
6741
9940
1708
9834
5136
11152
1501
1331
10172
4140
10188
8802
1199
5461
1124
9463
4518
6822
4381
8599
10627
8361
2635
3381
841
7522
10068
4824
4567
4662
3001
10466
8613
10345
4564
5410
1354
7350
1061
6807
8750
3864
11294
3009
8159
2507
6808
9112
2821
3800
2622
3119
8947
2966
6201
3521
11248
6275
7066
10636
7681
4524
7609
7935
8667
3366
5800
1880
2435
7746
8727
8155
4405
6209
4760
1877
6920
7687
4660
2563
10424
10148
4378
443
6692
5220
9729
680
4651
5889
9485
2641
3788
2811
2690
6007
3046
1570
8394
10310
9142
2668
11141
2536
10837
7873
1067
10334
6774
3236
4010
6293
5890
10009
6918
2377
5042
7814
4766
6720
10117
4912
9915
8255
11366
7837
3879
8857
10085
947
3505
2024
4449
9918
3613
4079
8579
10171
11262
1040
10364
5509
1027
1727
3923
8864
9204
7978
1246
2211
2853
3029
9471
2652
7531
3318
5343
7463
991
2464
494
5258
1050
5939
7449
7096
10840
5632
4509
8568
8889
10353
6221
5001
8065
4465
4179
2475
7110
4410
483
9620
9730
11082
10074
6462
8851
6596
2715
4597
1446
686
2021
2780
629
6754
9427
7853
2790
6958
4073
10866
7108
3118
2133
5929
6634
9013
1961
3937
10902
1335
10738
10868
4284
7794
442
4929
2985
8234
5398
3814
3280
9727
8193
6354
3308
7815
7827
1520
8110
10886
5396
7080
3797
8378
4070
4335
7752
11140
9614
7636
9071
7886
6783
4028
9322
10451
7118
10328
8848
2746
1374
1572
7727
7190
5822
8395
4823
714
10974
2444
444
7529
2369
4091
5978
5736
7284
4982
4665
8410
2986
8966
10590
783
7208
5093
11010
3845
1871
1232
4226
5596
9125
5389
4230
2981
5591
10723
5751
7838
5527
9086
2042
4674
3456
10596
11042
2413
8341
6556
10621
3663
3999
6871
6685
3948
10483
9923
1439
1341
3149
6571
1103
9006
7239
9506
8446
10962
7292
10923
9957
1268
5918
5723
6772
9640
7939
8371
7680
9901
7471
6990
3848
9538
8627
8171
2968
6885
4998
5434
1094
9980
3954
10852
10777
4549
1889
2848
1086
4737
4119
4527
7361
7595
6972
3217
3915
607
8349
4211
10769
2836
9040
6266
440
3614
1049
2591
4709
5307
2357
5211
9726
2995
2418
9855
10901
7277
9495
8156
6216
4565
4103
6515
5946
10697
8288
7078
2318
674
4201
9951
1091
5650
7223
10744
10291
1104
11336
4571
7129
1555
340
4312
1499
7811
9260
4806
2294
6955
5078
9464
11198
9787
4963
10896
1062
4714
10793
10145
356
4118
7428
5617
511
7528
1703
6357
438
8306
4223
534
7251
7371
4108
6545
8906
4373
10066
4637
11194
10581
9483
4141
3074
8338
3397
8282
4972
7015
11354
3590
4863
5609
546
9035
3639
8744
1943
7754
9022
8971
8335
10249
3258
2052
10151
7441
7925
8119
8224
3997
8652
6957
6108
1273
9654
9100
10781
2469
9523
5572
5753
6157
7329
11378
980
1848
1490
8788
7357
3068
7264
4112
11043
9714
8324
4379
4659
7222
1651
787
9335
2240
431
715
10058
4225
5236
7147
4793
3096
5223
4246
8991
5566
8620
7620
10081
2915
660
5908
376
6837
1487
3900
6058
7075
5844
9153
2451
1395
4423
6130
1230
7164
7532
9017
4836
6407
3875
9785
3438
4264
4923
10201
8462
890
7198
6502
8456
7060
6753
7557
6132
4843
7174
1660
3812
3654
2958
5643
5348
9577
4475
10411
1950
6166
7349
1513
9008
7555
3285
10382
8980
2918
4489
1285
10369
7159
9320
9832
7228
10261
9954
8873
10982
5784
3922
2137
5227
3324
3307
403
2281
6440
7736
6552
9664
9296
914
8794
4392
7626
9699
10727
9488
2677
2184
8420
2720
2309
2159
3087
10002
8807
7669
2589
2288
10934
4770
2164
4728
1573
7608
8405
9052
10431
5968
8432
5815
7295
1032
8216
7931
6013
4725
9012
6212
4719
11211
10589
1626
9156
5508
7059
3320
6473
6850
10164
9145
3741
9221
6323
7188
9245
3300
589
10370
7642
7330
10330
4642
2936
8478
10324
6757
4782
7005
2842
11297
8302
2056
1765
9731
626
9502
2919
10337
7509
5192
2687
4536
1777
10296
3194
3047
7900
1659
6905
4689
9151
5638
1984
10207
3018
4928
10316
4586
3218
5660
5868
1334
4005
6562
5947
2672
7792
524
5516
5088
9956
3276
9242
4452
8177
3489
8252
641
8061
6521
4253
10554
11148
677
11226
5472
8899
3967
4159
1658
10112
9550
6374
6083
3106
401
6326
8642
7561
2646
3821
10640
6690
1533
3089
6828
7998
3542
10027
6241
9907
7221
1591
2295
386
8711
10834
11027
5203
10705
10927
3049
2697
6070
5368
10287
5586
5832
2070
4149
6795
6367
9214
4601
10311
1688
9691
8403
4954
10518
930
2867
8039
9226
9121
6265
5551
9999
1757
8528
4889
10060
7230
1890
1719
9419
2849
449
9579
3012
454
8641
7730
1295
10404
510
7238
5525
7535
3540
6500
7966
5670
7782
960
4296
8421
3533
8675
8529
2456
4615
2163
574
5979
7276
2760
11012
1732
7287
4532
8901
2994
3088
9162
11118
3610
2725
10933
2859
8747
3150
1092
8691
4082
3051
3795
3560
10355
2290
6290
3583
10233
3071
2109
7550
3839
7169
3400
1980
9891
3792
2473
3343
9763
11111
10919
3490
528
732
7045
8766
567
9984
9745
8206
6985
4124
9200
10559
2476
3112
11168
6930
8098
4966
1138
7836
7848
3703
9257
10751
4042
8996
1705
4425
3940
4134
5421
1484
5673
9081
7447
5210
2940
5814
9866
5353
1175
9552
451
459
10302
9194
7062
9015
6995
4109
3544
591
6718
6086
8737
2269
8476
10865
1766
6797
6205
9109
1775
5278
4520
8650
3265
6460
4809
8473
5032
5420
1865
5141
8520
1609
11064
7203
9365
7122
605
630
6573
4563
10317
1399
8396
891
6034
1390
4758
7036
8753
11216
6376
3156
968
10645
3316
8263
7243
7458
2525
7894
8104
5510
10470
6800
6559
1595
5065
7784
1193
3963
2327
337
3724
8365
4064
8472
1320
9400
1779
6610
3809
2329
1636
7781
3317
5079
9380
4750
6372
5712
2437
9096
615
5813
9339
6196
7785
7002
4630
10107
3378
6380
2508
10351
10714
7368
4862
8118
9423
10494
6252
1872
7965
2764
565
3612
5668
7882
5686
6291
730
10062
1785
11370
7132
4677
3463
2718
3134
2050
638
10593
3763
4021
4173
8113
6669
1145
3005
4650
11143
5315
9887
4370
9643
5513
2965
2531
11242
10610
9452
7840
9825
2927
4150
7963
4307
8292
8979
8127
1904
6000
9884
11038
1022
7454
6106
3483
4556
4847
10655
3226
1143
1350
6328
4462
6991
1657
3442
7492
6560
9656
6940
3630
10012
10555
2538
3862
5480
1159
1878
1558
1592
3163
3098
10955
2637
3044
10845
3382
2691
2455
4320
4146
2144
2015
10618
10026
10721
9445
5358
10279
9190
6727
1218
3843
2782
6538
8253
9744
665
4497
2025
4202
3177
4209
5582
1858
3496
2095
7007
5050
8756
3655
4622
1003
4092
8950
9617
6151
3754
9906
4198
10346
9146
8951
746
5345
8372
3494
7044
8166
10805
5902
2675
1163
9762
5975
4888
3786
6036
10442
9678
6786
10384
3806
8866
7281
692
8169
10079
2065
956
1349
10415
10115
8117
5949
10649
8623
7943
11110
3726
1512
4221
6587
7705
793
4608
10728
6069
1184
9161
6491
7439
6424
4879
7621
11286
3600
3785
413
1908
646
6149
5029
11185
484
1277
7508
6018
2422
5571
10408
5205
3719
11181
10739
6113
4515
9946
627
8999
10380
2841
2063
3499
8714
726
2265
643
1622
2150
522
7111
6678
10959
2308
8382
8101
1915
10118
7302
2417
10312
6369
3534
8881
2074
4006
5326
6187
2160
9765
731
1134
10120
6133
7985
8548
7267
10157
7127
3392
3358
10784
2064
7498
3718
8704
4999
10183
10924
2267
1656
863
8903
9351
9704
3538
5153
8451
7993
1940
1881
7551
9316
1963
8307
10150
9631
5793
8075
8230
9659
4746
5413
5344
471
395
9465
553
9326
4734
9084
651
3398
5280
9070
7803
10348
3246
6638
8467
1887
749
5823
5713
10267
7153
10405
7427
7155
7920
8293
1549
7986
6576
9556
5555
3376
2681
10138
8844
9561
8489
6933
8772
2937
6788
7290
10906
4585
4422
6950
4193
8466
6125
2813
7980
8380
8056
10871
8202
6728
4992
3003
9952
1863
8398
6710
940
6625
1646
5829
9314
10766
3026
1441
5533
5063
10637
5055
7831
10048
6637
6235
6928
6651
9085
2372
8786
3944
998
2551
6733
9138
2815
4759
6582
5585
5791
11304
6325
3143
10667
5228
2365
7391
8677
8310
9108
6760
8915
733
6620
7937
11296
4161
6792
6286
10077
6631
7217
486
9732
1301
3711
7547
2834
4955
370
11369
6569
695
9289
3084
10222
3852
3069
5664
6226
7414
8471
4545
10617
3309
9061
7226
9216
10484
2824
10046
8152
1850
2784
6884
5803
8191
5140
7091
10429
1337
5406
6084
8068
10991
2801
3472
3794
6298
10349
2704
390
1505
9852
8648
6002
10794
4569
11173
9908
4302
10103
580
6021
11361
740
5851
7832
1362
1921
9686
8116
9864
3286
2608
3884
4258
5487
11104
5492
3216
4190
2301
8563
7666
1822
8209
10162
1296
6546
5549
9560
3682
9646
3696
6478
1156
6320
9283
8359
745
7994
5171
2542
7216
3099
10391
7234
4283
3131
8279
4911
8905
6520
4785
5507
4697
2355
826
3526
9871
3789
4898
7503
2703
2576
5423
11182
6420
538
9448
9712
1109
2088
5105
3435
3225
8278
7808
7524
3746
4186
338
1141
9244
6589
571
3375
4947
8763
9698
10830
10760
8415
6311
3137
4254
1515
4016
2618
1126
9176
9709
3511
5033
7225
4505
6164
5241
10441
1302
1500
4442
10888
9875
11289
8868
8511
7579
9329
953
10579
7611
1924
4457
8435
5314
4276
8959
7719
5743
4085
2339
6737
9707
5518
5927
2148
678
9173
2871
8088
7404
1648
11072
3766
9696
5428
9657
10262
1797
10780
9815
6525
9050
3183
5465
6485
3293
8850
4744
9609
8081
4922
5138
8835
4519
1844
11124
6403
1085
6627
5763
9898
3576
535
2974
10056
461
11114
6480
402
9859
5846
5728
586
4554
2856
7041
11263
8053
5552
4305
10512
10135
5651
1576
739
9492
10365
5808
5392
7590
8320
2446
5419
392
3386
8332
3966
10862
11356
8277
4908
11057
11035
6434
5983
5422
2279
3810
2332
10285
497
1356
9739
11275
11299
5429
5575
7296
10945
9575
3665
6921
10861
4147
7488
1689
9304
4620
10000
9835
3594
5768
4419
456
5953
10951
10498
1291
8776
9474
4846
5302
3041
7954
10301
4081
9655
2244
9800
11313
8309
2543
9236
10725
3283
7117
7373
3846
5740
10774
3081
4259
10597
4395
4130
5217
7412
11167
11328
9713
6230
8800
10870
9882
1699
1725
1781
5583
8546
2888
3080
4553
3492
4047
11089
10013
6717
2897
10691
11234
10732
6799
1796
8040
5097
4015
5874
475
364
4157
7422
10670
3772
4542
5059
3266
1898
7006
3631
4698
7704
9967
7462
5787
6528
2534
6470
5675
6472
11061
8539
1564
8593
7716
1364
1056
6585
7712
7120
10247
10372
1440
1099
7209
3160
2544
2048
7710
2466
2693
3573
8700
10680
987
2258
2639
8510
5221
6271
869
4535
5019
5364
1603
4035
6468
9912
1522
9232
8560
6301
5096
6820
7961
2030
3331
1720
11169
10128
5316
6283
6673
9255
11295
3931
9670
7686
407
579
799
6141
840
6171
11230
8385
4049
5627
9872
8011
1351
513
554
5321
6027
9911
5701
3592
5447
8386
8799
2220
9277
5339
5134
2984
4973
9749
876
1544
2337
5151
1598
2049
1589
9291
9372
6314
2991
2949
6333
10242
1317
8637
1541
3219
5384
9890
3113
3872
8911
5318
8085
10663
1386
11284
2447
8611
6176
2953
2833
699
5215
7673
1269
4918
1105
9768
7478
6517
3730
5711
3615
8318
645
1790
2018
4979
5888
4977
467
11231
2068
11210
7585
8016
931
5880
6740
1621
11277
5795
5907
9116
10354
2535
4616
2013
478
8286
388
5031
7795
8464
5544
11139
5170
1252
10879
6540
4357
9837
10893
8261
10446
9164
6628
6781
2787
1070
8574
8969
8248
4829
6324
1373
10995
10947
836
8764
768
8519
5733
2771
10390
517
6415
1812
10683
7331
1420
5741
9755
11031
7514
10548
6147
389
5759
10471
5503
3436
10194
374
3387
5883
10368
2612
4485
4580
814
6954
3452
5532
7847
5107
5879
3587
11023
8304
2692
4215
9202
4311
10530
3488
9748
6030
9615
6330
6316
4032
2700
7826
10997
4525
7278
8876
4339
7875
9992
381
2503
9390
5840
10449
1929
9687
3418
8060
11267
9638
2073
4840
6944
6764
5363
10885
4984
9525
1536
2627
7334
1391
4100
10746
5399
4635
7376
8954
8660
4294
5123
11215
6321
4773
4166
5401
8524
3180
1914
10915
505
8145
1958
6178
3344
3737
3537
1367
6312
2482
6827
1829
6414
4424
4500
9821
1324
11330
3961
2121
5961
4841
6896
6180
3987
11353
2947
1221
2547
2459
8598
9853
6160
10666
3415
2390
3028
4839
4358
10712
10576
4055
11334
6091
10651
1249
6356
4865
7017
1894
8856
4644
5154
1102
10521
9510
6183
10456
7103
6761
1671
9647
7193
9275
4699
8633
3476
11145
5886
4507
5545
9315
5277
3509
10427
1637
8289
10102
8426
9883
5415
8480
4077
3547
7171
5158
3302
6829
7339
5322
5898
8990
905
9747
918
8816
3629
10957
7172
4329
8091
4279
4168
6677
6076
1906
2615
1458
6879
895
2499
996
5263
7928
5022
9851
8662
10407
4909
6163
9690
6049
5460
3850
2611
4430
8045
5070
3835
3417
5477
2870
944
4913
3281
414
7472
4572
11189
5139
9786
6469
4783
8023
4686
10874
4074
9026
5156
11251
8003
516
5613
3949
7179
1994
4788
9292
2662
9090
8337
10331
3909
1006
6249
4713
9402
6054
10626
4488
8154
1388
6714
5179
10105
6659
1539
7031
5615
4110
1978
4726
7430
9461
4334
3399
2926
9965
2316
2962
8373
10831
3065
11028
9388
7395
9361
4831
2180
2954
3844
7475
6406
5071
2478
9406
11172
1634
5757
9124
5114
5690
2430
5754
1368
8798
4861
10388
10493
5891
572
537
11053
6005
559
971
1793
4817
8717
7841
11157
2826
3640
422
10696
6052
6978
8340
10638
9458
8162
1613
9499
5244
7857
5390
10322
4176
6332
633
8635
10664
4020
5730
9680
1081
7823
4298
1123
11240
4220
7315
8557
9619
10343
8842
11030
6493
7481
3636
573
8646
1281
10376
7407
6401
10836
2343
8301
1077
1205
5333
4631
5884
2292
1507
2557
6721
6217
7185
9396
11311
7423
5183
6646
6738
7248
11086
4299
7443
4026
4048
7336
1074
445
2996
3720
6184
2997
3841
1392
943
4178
7137
7613
10503
9899
7056
9122
10692
2800
3220
3048
9526
6973
1760
9548
3114
5998
9633
555
7233
6590
8086
6229
1200
10730
2765
5101
7435
9917
1569
9437
3577
8619
11338
8428
8532
6337
5857
2081
1242
5252
3683
2232
797
2717
416
657
9079
5351
959
10757
7307
4830
7355
7903
1080
2500
11337
4914
3921
3869
5993
6604
9389
8686
3969
8525
3912
3482
6278
4557
5491
10977
1162
6386
4729
7128
1685
2751
1612
434
9845
2452
6259
10308
8258
9004
11193
2197
11358
5684
6225
2654
1933
2010
2415
4510
11228
4288
2555
3728
3955
909
2179
3581
4627
5996
9935
9746
3429
2980
8192
6179
8880
10550
4222
941
3011
5189
5610
6989
2172
3859
5714
6693
6962
1464
9005
9782
3146
7773
8018
7817
7337
9701
4204
1359
7374
6553
2509
2392
4383
3478
9576
10897
10720
4681
2546
11362
5177
7035
6831
5378
1164
7668
6073
1457
7204
604
4501
1004
1985
6530
3054
2225
3995
5287
10543
5779
1438
7981
9549
10399
8182
1903
5387
2964
3756
3006
2188
6364
6847
7257
3886
1020
1687
2474
3215
3164
11108
2047
8604
8469
4117
9531
5256
7253
9287
5805
3021
2219
7145
7341
3946
3727
6514
1455
1400
10942
4030
3364
10223
2027
6953
9519
9398
3602
6243
10469
8998
6806
6087
1380
8540
10565
1919
5047
6009
10378
7959
4938
899
1328
5369
3427
5914
5655
8503
8684
2433
5934
6762
6208
10122
10713
10987
2737
7215
1758
10508
4067
4892
4790
6555
3066
8707
4960
742
6154
7972
3056
5941
9568
8912
1293
532
7018
7094
9539
2630
3319
6167
9520
8150
1453
5005
9179
5000
1429
8976
5560
4207
5146
659
9233
9779
6833
4812
11004
10797
10509
1064
9527
1602
6305
2124
2831
4398
8567
5349
11367
2501
9850
3605
3020
2423
10622
3212
5270
7260
1735
10722
6172
7480
8072
2153
672
8632
4566
4206
6959
5417
1037
5184
5337
6419
2699
3079
3052
1238
5224
5142
10948
4821
9503
8299
8444
4017
2302
5346
4367
9819
9718
2174
9446
10037
3125
7146
4605
1527
1055
11316
8507
6592
7783
2975
5014
1666
5543
609
7259
7324
8751
5103
6564
6513
6459
5048
10513
778
5786
8384
2165
1136
9044
754
8062
9945
10050
8830
4413
9505
6554
1750
7564
3607
2676
3562
2830
10788
11011
11171
3563
3227
10101
3129
815
9278
11037
7855
2264
6272
5393
4080
4667
514
7403
1627
425
4595
9346
668
1951
8783
4575
5748
2410
1553
7926
1275
2141
10758
11332
9392
7261
4214
4318
10264
10699
7731
4855
7020
1752
7344
1955
1977
5964
3311
2558
551
5084
10392
1608
8796
8203
666
1021
3061
9410
2140
10688
10100
2212
4228
7212
5658
10689
9373
10939
9601
3042
9628
7191
10932
6938
9854
2378
5535
5574
1859
3863
4867
3943
2823
10377
6389
10014
825
10166
10733
6964
7014
9639
8496
8049
462
10940
9993
6315
9826
394
7351
8314
7610
7317
8692
1926
5402
3998
2880
2266
8784
8491
864
974
6110
2529
5999
2053
4778
5716
5804
10088
8636
2484
8312
6824
3033
2792
10326
10944
7970
2420
2695
9324
6193
8436
5970
378
7933
5377
2054
2110
9337
7266
7799
8658
5164
7749
6725
11151
2394
1024
4237
8225
3925
9487
10821
9494
8837
339
583
5271
11303
5611
5257
7677
8948
1568
6750
5034
2983
938
8236
7872
6769
764
5265
447
530
4961
1154
3660
7303
5251
759
10119
7167
10374
11205
8590
2246
11270
774
1294
3849
4054
5325
7588
6660
3291
5072
10895
3887
8923
6397
3780
9676
2059
397
7734
3769
5960
4997
2967
705
8534
11008
4169
6383
3306
11221
10106
8311
4873
8083
5708
1304
8584
3337
866
6765
10790
10472
5073
6969
6948
5865
3986
5641
9880
8251
5923
7653
829
3330
429
6385
10186
2072
7495
2217
8771
2875
4059
8927
5539
3888
11162
9930
11302
8621
6599
8008
4652
2643
656
7644
2749
1424
7068
4530
9797
369
3882
4939
7787
7902
336
8266
1418
8174
6789
3982
9679
8570
1726
2685
4937
880
892
999
9456
7949
6008
7850
3603
9595
885
5323
1051
2351
7682
4621
1454
11320
3970
11241
5534
6942
6748
7890
3015
8530
2779
9737
1715
2249
6107
9801
5040
5778
6347
9757
5235
8173
6890
3257
5530
10110
5882
1663
5148
10336
2445
5230
2851
6633
5950
453
8077
556
8689
9025
3734
10028
1430
10993
9399
4327
1574
8512
3692
9027
1404
9830
3569
8863
5831
3625
8846
3390
4891
5336
4493
8690
5470
2832
9645
2835
7342
3735
1462
2673
741
3604
1338
1742
9182
9206
6889
1498
2099
7479
8180
11054
8748
6715
10706
4811
4238
10473
2740
9468
9565
6120
9032
6970
2297
5288
7206
2762
6317
9259
2187
9934
5624
4057
8457
1577
5954
9180
727
10253
9881
8653
1248
10373
10553
843
9829
5994
6778
7448
5469
9469
8805
2847
1410
2573
7311
372
2786
3477
10401
4802
7747
3480
5197
6752
1830
9033
2727
1896
6238
6294
9909
11092
10992
5554
4506
6381
9571
9430
6156
848
7676
2268
4975
3355
562
8284
8474
3254
5240
8728
10290
6966
10464
8336
3396
8942
10673
7810
3369
432
2035
9559
5506
1147
3702
2270
9020
9605
8645
7639
2119
9719
1730
8860
6378
2131
5362
6454
11047
7001
8022
4934
10605
1128
7101
8904
1416
8391
8006
5202
7774
9280
506
7604
9863
2593
6968
6390
2058
5856
8376
4088
6028
7142
6575
2135
3671
2528
6695
10532
7779
3188
4355
1240
4297
9397
3807
1058
1319
417
7883
2497
5646
4610
8364
10936
9426
3832
2837
8609
7306
10029
2300
9036
1459
8465
2766
3349
10754
1888
9421
10772
10507
4437
2465
7919
770
3292
1567
8759
3351
10176
7563
8992
9920
4139
8892
2442
2082
6993
4249
3158
8281
4382
3271
2436
7891
5661
818
408
8142
2502
7131
2336
6244
7089
1934
10929
8940
11159
10006
970
11309
2616
5342
8141
1229
5869
10818
8186
830
9936
10676
515
5191
6579
10426
9798
3093
8879
10465
1427
3100
9317
667
10776
6289
3221
2647
5011
3761
10857
989
5313
5881
4876
7242
5830
2215
10266
4710
1344
10130
4797
3902
7081
2633
6773
1664
10653
9500
1470
6505
10899
8495
5267
3155
8093
2158
7032
1662
1510
6931
5681
11220
10978
11024
5837
4623
7702
1965
4468
4755
5872
8543
3805
7663
780
4063
10549
3650
856
8719
4661
5843
6096
7055
8537
9893
6104
849
9034
1443
1813
6856
1831
1983
6881
4024
6708
3245
355
4365
5520
721
8723
1106
1406
7250
8552
11046
8484
3983
2347
561
2498
4916
4455
9250
2644
7154
8935
9666
6926
2458
4160
3979
10458
5054
10829
7562
1528
8069
6400
10755
3007
854
11119
1565
6060
2260
2314
6832
2256
4277
9635
8898
4012
4648
2716
4592
6121
492
3036
6756
1854
6366
6309
6927
7338
926
9360
1559
6626
6393
4693
10869
3773
10807
8407
5418
2363
4313
7029
4086
382
9896
4009
5173
8327
10921
3971
857
9263
11212
10853
9150
8804
7911
6891
4680
2077
4094
2820
3842
2374
9941
11163
6898
2735
6874
5942
4935
8214
11239
4093
6253
7520
8897
4272
4581
6486
2143
9557
10979
7647
7433
1352
3752
8058
1408
6780
8479
1953
2044
6270
1452
9234
5637
7952
9174
2334
1048
9573
698
5352
3977
5219
2129
10846
4056
6247
1212
706
2890
10786
8149
1580
10972
4781
7377
6624
3121
6498
11202
6074
4769
4345
6845
6490
5238
5111
404
7678
6804
10420
4684
845
2755
7688
7382
5836
8839
6551
6675
8328
9018
10820
5130
5747
9953
8329
332
4014
8665
10017
11376
6353
10546
5324
1463
8326
2768
2570
10946
10049
4184
8133
6195
9535
10280
11281
4957
3744
6026
10283
813
4604
4344
7697
9929
6796
9754
8187
1101
8862
10839
6198
1756
7655
7305
7816
4720
3675
7102
400
5499
5760
6709
4478
2055
4508
5504
3165
3484
5100
10092
5780
6336
9470
1421
4218
1401
3975
757
7196
599
1442
3926
5388
10230
7432
1477
5679
11199
9082
10421
7591
10416
3443
2171
5405
7625
846
7274
2427
8031
7723
2310
7420
3223
5756
4316
8028
2060
4675
3420
2950
4224
3827
6826
11007
11165
11087
966
10422
9578
3930
2472
9596
2930
2887
1260
7597
2929
5120
10243
4338
7152
3190
7144
4155
2477
9598
10634
3645
1496
6101
7415
8553
5225
7241
1057
7010
4731
8890
9117
8872
10812
4740
11213
9210
1355
1905
4495
9793
2629
9812
4875
6461
3776
4111
11310
1578
9543
9073
2155
11017
7255
1913
795
8709
4692
6477
9247
1838
1177
9675
10584
9143
9384
10309
8836
9262
8945
4832
11290
3441
7992
6231
7856
7889
4438
711
7063
4098
504
1736
8745
9274
8987
2243
2248
7401
11223
1107
1794
5443
9823
3354
2783
807
2405
10200
6436
6361
4133
9650
4227
622
7715
2845
10294
10505
6635
5731
3186
7199
10214
4924
3437
9177
3445
4884
1224
9282
4555
2956
3669
1901
5143
1047
419
2805
379
2406
8409
7962
2061
7924
1741
7053
10073
2650
8922
9784
6255
7468
6531
850
9290
1118
377
1806
3022
8865
10648
4593
7518
7385
10268
4995
6597
1078
8688
6640
5332
4942
9697
8030
3374
8736
2299
10129
3588
6203
4252
8930
7833
3816
8767
3464
1886
4181
10595
5988
2564
3561
10856
7658
6583
4099
4034
3710
10632
9391
8685
1115
1322
2645
10126
4835
6504
5557
3559
6883
10882
8227
5798
2134
6020
9286
8383
5514
9455
9267
9076
1060
6285
7099
1770
10762
10366
1988
598
7762
6902
6636
6268
4494
696
2726
5027
10215
2600
7455
7915
4200
1245
3673
5895
8497
3053
520
7740
7360
11051
7425
5113
5700
10566
8355
4919
8502
2328
769
9418
4470
9413
1583
2097
2393
9894
8993
6859
348
747
9043
485
6213
9191
5913
4513
4216
3425
10863
361
10854
7628
1820
8710
415
8746
871
8350
2401
1155
4618
2861
11146
986
8298
7440
4866
6159
4503
9660
547
8823
5871
6981
5347
2385
9637
3424
3128
1834
5595
5068
7486
6206
9087
5355
3764
10034
7141
8596
982
8229
6904
3145
5682
7182
9969
10631
4905
7231
1804
6532
8250
2850
3798
4775
9354
4860
6215
7771
3142
4322
2571
1909
9261
5505
1969
3784
8283
9235
4343
1236
2428
5350
6334
8926
2226
1309
9412
8977
1823
4544
3616
4959
10490
7973
8724
10175
8455
3167
3589
2461
7614
8228
11138
10935
8323
9341
10575
9716
10943
8342
10887
8986
8481
602
6067
11318
6949
9254
8233
5558
5330
6287
10499
8626
10911
2346
1762
6593
5427
11301
3193
3251
2467
9011
384
7539
6568
5977
7011
9521
10054
4591
5274
6567
3209
10327
10193
8972
694
2210
1253
6644
3141
6409
4735
10520
8393
11204
7974
8829
531
8952
621
952
3465
4626
5623
1979
9977
6295
3996
11002
7134
10533
1266
2429
2666
6654
4075
4538
6140
5304
6379
3162
10855
1534
10393
7049
9240
1433
10398
536
7065
4647
2306
10990
10051
5573
8500
8089
2730
9473
9603
5150
6860
8758
446
7930
2443
948
11133
6925
6158
6805
709
10016
3624
11350
1108
676
6303
10064
2409
7615
6346
8828
1372
6016
4212
5727
6544
9224
2649
8354
3325
7878
8934
9460
2922
9508
5796
8687
2389
2399
5144
9939
767
9097
7390
1895
7568
2857
4742
5776
5515
6731
4582
4789
9199
8576
9885
3372
3175
1537
10613
1946
3632
6079
9689
7807
6012
3298
10729
5049
10913
1672
6169
3518
8325
11098
7459
489
3618
1599
1552
4887
7487
10630
2610
7271
5783
712
6112
5468
7042
10996
10675
10516
1012
7028
4106
4136
8425
4756
10743
822
9780
2809
1693
2903
10090
4670
10004
5268
8381
3593
5297
5601
6595
4602
8564
3517
10241
1918
4454
9313
9268
11063
1652
6250
6848
7143
9997
9589
1170
4981
496
498
578
8431
4577
8657
852
2195
8554
9332
1792
2200
8220
3090
9454
8078
4646
1875
418
9435
4930
9753
9305
2311
3606
4657
3567
7772
7738
7638
10146
7149
798
1358
1228
2261
8894
9371
1219
9544
6344
5750
1174
7378
6267
9868
5026
3123
5722
7757
3187
3770
2045
5896
7660
9681
8907
3202
2284
1353
744
5894
684
3040
3433
5542
5035
7180
1405
10423
11099
11243
7790
2874
8370
8348
9376
596
9721
10314
6732
8625
4385
5359
6872
2255
10981
10591
7858
4191
8147
8726
9669
7090
7830
7633
1860
11175
1862
3408
8243
7505
8838
9178
11264
2679
409
3690
3501
4953
2488
4391
7135
7881
713
11237
10352
7822
5553
5734
10189
5229
1655
5951
10598
9916
2684
9734
7501
7552
842
6841
7717
4607
3191
10816
6840
11261
8513
1638
9604
8316
10045
9700
8722
5873
1225
7148
11364
10154
6691
7457
7347
3059
7964
9608
11317
3455
5678
7671
5695
9944
5327
10226
5195
11081
2411
11161
1129
1867
611
4666
1511
6701
6793
9962
8547
8434
9671
7356
2671
9585
9625
1447
3262
460
3829
1409
9842
7490
4473
8928
11060
1029
8167
5366
2818
10719
3447
6345
2196
2419
6439
10010
2742
10325
994
6116
2549
3691
2931
8300
10560
4346
8295
2840
6537
7860
2298
8580
11019
1190
7402
3434
10917
9029
2866
6051
1381
5276
7071
365
8578
4439
7452
10562
5454
5720
3057
4148
1945
9694
581
8732
1588
7043
3855
3260
3261
4167
868
10182
4633
10711
8120
2592
2122
9309
5458
9021
835
1097
9148
8575
6114
1798
9943
594
7316
7158
10878
8000
7254
3611
654
7536
5737
6404
1944
8330
9031
2103
913
1023
10678
11274
1471
697
5930
9281
7991
9284
10147
6257
5282
1393
6256
1668
2002
3708
3170
582
6836
7545
4484
10123
4375
6010
2192
4851
11097
3656
10980
1251
7751
2520
6111
8785
6853
4443
3394
8581
6694
3574
10671
4138
6894
4235
1187
10580
8413
2854
8649
4376
7464
7521
11268
11250
4978
4241
1142
4476
3646
4328
1557
3336
2039
2748
5676
1604
4669
6450
8932
2999
6188
6053
11091
9985
8792
10231
3705
10537
9673
8033
5521
6816
9429
11214
4127
4491
9319
10817
8134
9219
10453
2804
673
5597
11003
10078
4904
9534
9049
2597
9439
4921
6435
2330
3799
7728
6373
5462
7183
1468
5789
10039
1133
8197
9075
10864
6747
1284
5980
5306
7202
4165
8223
5839
8244
1010
10824
2567
3207
2408
9788
8849
2961
1194
6489
6412
8870
2127
549
10220
5529
9789
11155
8095
10497
1853
406
2744
10065
2331
5900
11368
1096
8978
1076
11298
6739
6906
7775
3459
7352
1475
6447
1407
5281
380
7175
1318
5642
6246
4180
10544
2342
10563
9581
6223
7869
8941
3461
790
3834
8076
3553
11065
11266
4041
1483
9513
5584
9783
410
10747
1043
6542
5659
11020
9349
7594
3543
7265
5442
4764
6834
5409
6495
9722
4512
6465
3903
10245
1821
3234
11120
6081
5484
7516
10898
10717
10809
977
5478
8297
9356
9516
10131
1479
3256
3116
4352
8735
1755
1068
7446
8715
7929
9185
5991
5494
10329
4590
6264
1827
11059
652
6003
5259
10960
5548
8549
6922
10578
3136
4799
6388
9769
3326
9658
9058
8241
10023
7664
7484
6363
7398
6878
5137
8760
8981
11235
2252
7318
4971
758
6839
2105
9988
5122
6943
4415
6175
4393
6102
4625
9759
7868
8651
6446
11258
2414
1469
4716
2471
8070
10379
4341
6914
8561
10569
1011
4533
1365
8705
9741
507
8208
6899
3328
8679
5816
1276
6842
10140
5932
4306
4738
7912
10216
6135
4170
5662
3197
5317
5982
5208
10903
8351
4156
9098
8362
5218
837
3416
788
6873
9407
5007
11253
8097
1772
5771
11180
2906
10880
9405
10047
6396
10737
4810
10475
7726
9127
4926
2006
2674
8542
6768
10773
1754
4450
7654
4368
4907
5273
2272
9922
9593
4950
3206
4371
9857
3231
6075
3951
1617
1782
3551
1316
639
6279
3901
750
7809
8438
5781
6085
867
3550
9986
6382
5159
560
8787
10511
7187
6998
7942
9591
6671
9966
6533
9249
1297
1902
2296
3880
8606
4517
4447
924
9811
5590
7652
1562
5397
11107
10529
8820
9000
473
8054
2992
7577
10210
5147
5782
5118
5260
1257
4267
1928
2892
625
8247
11207
2574
1015
9947
3109
2911
8607
1616
7025
10418
6463
4000
10244
3243
5811
3024
1131
487
421
2822
722
7913
5043
1667
9403
5848
10709
4037
2278
11245
7893
3601
10890
5772
8721
9498
10889
7917
5719
7864
9133
821
9038
4289
2426
3368
10659
7016
5115
3268
936
10964
4396
1976
6232
10894
4803
8290
10926
988
3203
963
9758
1824
1087
6655
7405
4350
6046
9302
1256
3700
1039
2367
11227
7064
7699
500
5606
8572
6703
9522
1721
1524
1706
2221
2560
10258
9644
10652
10604
8982
978
2595
6923
9858
2891
6946
8815
8555
9374
3981
9682
1379
8140
2626
9632
11269
1149
7105
4330
7247
3402
10093
10763
8010
3599
10920
10702
4183
8035
9804
1910
6041
4708
6910
9379
6670
3487
7369
10658
10198
831
8268
4870
8321
9110
4431
1620
3934
4641
11166
10323
6202
7541
5190
5974
6784
4826
7112
9553
7197
4078
2234
8344
2914
7534
8429
8516
1590
9238
9063
10602
1332
5172
4434
8708
6846
6092
5966
6355
11357
7589
5752
7493
9903
9028
2522
2924
2521
1891
8102
8047
5381
9294
6089
1936
2843
2719
7865
2079
9808
2201
682
10227
5541
3495
7358
2772
9642
5997
8910
5761
10571
6119
4762
7177
7000
5838
7670
10907
1016
3748
6612
1787
5984
6652
3768
9325
11018
5299
5561
1937
2008
2237
11190
4763
979
5094
2795
2012
4102
8196
1849
10577
6976
2118
1968
8706
1019
5250
4240
1678
1120
1709
1669
5892
2145
8695
10237
2128
1340
7916
4743
3990
6453
10968
5604
10639
4933
7494
1001
11067
10447
5987
2588
6584
9203
2664
2587
10674
11032
10459
11177
7804
11036
10594
1473
1323
3082
2702
9685
10480
734
9311
2338
11136
2038
8313
8276
1692
8494
3929
3755
3171
9045
6014
6862
10071
7497
1619
11021
6621
4120
4649
9518
3252
8885
1223
1743
6422
751
7851
9433
8262
4573
4561
2878
2537
5489
4291
9213
7852
7567
4445
10313
5693
2759
1624
11105
2242
9822
3102
4980
1363
1554
7607
8953
6656
6428
9367
8296
7777
10808
9927
3557
7725
7496
3305
5790
7362
6886
3865
8559
7453
5375
5958
7859
8810
1345
634
5841
10804
6384
8151
9580
9163
5356
2383
855
7722
10096
5483
10095
4619
10564
8888
9973
9246
8273
5341
1640
9328
3686
902
3377
2481
3241
3933
7887
2186
3148
648
2908
9702
10984
3094
1691
4845
5694
8896
8235
4053
11278
7932
7236
6919
10184
10827
9453
10905
2798
6868
3725
6864
7721
889
9123
7948
8669
6779
4792
8237
8600
9131
3411
5703
3208
6228
9594
7073
3858
3067
4068
7085
7421
8775
4584
10238
5767
3740
1893
1226
5875
8655
10629
11355
5149
5247
8013
4203
5863
2319
3942
5328
3823
4896
10740
11050
8176
367
6258
5372
669
6963
10582
6999
4547
5769
8808
6705
636
11176
8442
9155
5180
2468
2162
7689
1948
7572
4031
2636
10799
1571
359
1173
9370
10822
1214
8683
6082
9563
1884
3890
6237
1254
7543
6744
6680
9877
8121
8640
6128
7176
6260
5745
8038
11033
8781
10835
8831
2233
8937
6488
8137
7262
5633
5746
585
8883
6688
9115
7048
5821
10500
8447
10796
3932
5379
9651
6611
8974
8813
3404
3168
10950
10690
2345
2154
2228
7100
4353
5051
784
5972
6144
5476
4397
9517
8591
3762
1207
1204
5758
6699
9152
7525
8924
4113
8274
4815
7474
3303
9128
1432
1601
4390
10611
11285
2912
3570
342
4540
8205
5522
10282
10086
2096
5718
8871
7755
2293
8681
7578
6917
6024
6105
3333
1148
4128
4881
1504
4780
7707
7596
8743
1267
7300
6458
2884
5924
1263
333
7083
1800
1182
3617
7732
655
3120
10018
2321
2350
4308
7821
7956
946
9141
3968
10134
4051
2754
7232
10445
3952
9064
8201
2204
7765
10614
2829
4250
11244
2797
10199
9931
1729
1434
5245
6118
2686
5647
2532
9919
10030
9828
6851
4721
819
8659
8916
8164
3407
1675
1451
800
3200
789
691
912
4537
3016
2852
2089
3958
7691
9490
2320
9449
3822
2904
10403
6550
4653
10239
6288
436
8485
10467
10643
8697
4936
11259
2250
6430
4402
3339
3139
4496
9584
4772
5526
2978
7934
4234
1206
6810
724
5599
10734
5311
3092
4433
8670
7867
6059
792
7219
9425
5108
10768
7442
5283
7863
3019
3259
3004
7504
5473
9760
1805
10444
9569
10246
2712
7061
4730
10089
4260
10185
628
7659
10463
8797
1981
10654
3707
2603
6427
3507
7229
1516
7593
5334
3301
8791
8249
9926
1508
8588
961
761
3409
5046
7389
8319
7282
501
8527
5453
7314
11045
4429
1346
1547
5266
10851
1956
8841
4374
11009
8556
8400
4479
1920
6057
11341
6022
6687
5963
8017
5275
4808
10462
4837
8007
4852
3199
7386
7008
9336
8975
650
10958
5119
4417
10625
10069
6044
11373
4894
3361
9377
8583
6648
2132
1166
4609
881
2989
1007
9060
9001
8601
2152
6666
7618
8654
2658
9921
3228
2001
7084
9414
7388
5536
2952
7629
4337
411
3811
1716
10802
1445
5916
3688
8742
6124
2303
5952
9171
9998
3237
3523
8984
4131
1090
10701
4617
9928
3693
887
11292
5725
3546
3122
760
809
10052
5709
7201
6296
7333
10036
11123
3919
8389
9982
4286
7944
1271
9042
11095
10547
3242
6501
9588
7612
6511
9572
7908
10080
5200
420
9343
469
3030
7996
6987
2138
5087
4029
4883
2585
9039
450
5308
7880
6880
2496
2181
1179
5074
6173
9764
9195
1989
1686
2971
7780
10274
8404
10174
7679
8401
7076
10202
4989
847
11126
10438
4483
1448
8242
11013
8111
10570
7207
2440
10931
8812
2205
2706
6852
8126
10187
6318
5023
882
2487
2404
6676
2161
9243
8960
10024
10731
3115
3161
1842
10703
3978
5185
4927
5864
6090
8961
7888
1606
3541
4795
2594
8614
1360
7312
10448
1144
7969
526
802
1208
2935
1290
10811
8622
1817
6045
1387
7136
1641
2177
8063
5262
9440
2957
5319
8592
6984
748
10971
2584
1932
11122
10055
903
1586
2453
9484
11100
786
9095
4295
5626
3468
6844
1650
11083
6471
5563
2530
3964
2942
6483
597
1467
6547
904
9533
5691
1767
888
6882
2562
9683
5082
9862
437
9126
8713
4739
6479
3885
8146
992
7021
647
7269
4045
5705
9227
5058
5825
810
1000
2412
3371
8964
8833
2167
1288
9816
7921
8080
1990
8605
6812
11340
10848
4171
4711
7166
2619
10949
5568
2147
6876
3432
5493
2448
1375
11069
10567
2046
10419
5666
11335
525
3277
8740
6857
7800
2901
9364
6861
3993
343
2634
4187
8199
1209
11306
10748
5126
6408
10332
5867
4636
4791
10163
6068
3739
1625
6907
9886
6097
5940
1098
6527
1722
9175
2905
10084
752
493
4132
1698
1017
4970
9564
6094
10318
10005
2353
10414
10487
5866
2031
3651
11016
2972
8124
8073
2037
9590
2384
3908
1244
704
5577
7701
3818
6909
10192
1845
4050
5394
4733
10752
1828
8107
6095
5045
9327
2524
935
10496
9352
3360
1851
7786
9806
4333
2014
9166
3565
1195
10263
3491
10558
9540
8533
2515
4801
3525
4786
5576
4784
4407
1121
3783
2731
7438
3144
9478
2660
9751
10849
1733
9078
11293
7321
4723
2651
6639
8780
8610
7548
883
5859
3078
1912
8526
11375
6302
11137
7646
9586
2678
9342
1900
9648
8221
10963
2245
7151
6936
10361
9147
1763
8305
1966
3715
11113
9989
5117
4426
4548
4116
619
1044
435
3973
1579
8265
4194
10454
3313
4885
9766
7829
5095
2438
6811
8239
5052
4804
2613
2572
11001
3178
11201
9475
3075
7293
10383
1211
9512
10761
5481
3185
5127
5255
2362
7046
10072
8482
6023
8806
7189
4151
3151
3444
9197
1321
9241
1279
8569
7297
6711
4142
8985
4529
1585
479
3451
7918
4715
9188
8782
4359
7285
2642
7095
2189
1072
6338
592
6887
7844
7327
10358
8356
10158
9904
8893
7793
3580
11068
5501
1683
6713
7195
8057
9895
10257
10043
8566
7286
8190
1361
6642
8801
7839
9937
7299
10455
4309
9306
5376
9971
1714
3338
962
10001
5160
8918
7806
1774
1046
5671
4925
10488
1899
5017
3414
6056
9507
6988
993
10136
10527
2057
8291
9443
9824
2102
8666
7876
7700
3224
2391
7294
9509
11093
4645
817
2910
6496
9273
681
2450
4531
7161
2307
4314
10716
3548
8661
7396
838
11085
8874
8135
2083
1931
3395
6749
11300
2075
4412
6242
4388
3179
5870
3043
1481
10170
8009
5634
10321
3753
9795
9761
5692
975
4290
6743
1973
6197
10937
10275
468
4325
2750
2080
8183
8680
11197
9865
3914
3172
7540
7513
4985
2743
9742
7941
10574
3779
700
540
3957
1922
6418
8939
3743
1169
474
9169
2621
6055
3716
10228
4988
4125
4072
10525
9207
6591
6254
8238
10628
1543
5253
6802
1339
2948
898
8698
6438
2816
2917
5132
7745
8693
9703
7304
5797
9636
3714
8115
8488
6619
3350
3620
2729
10053
5818
3363
7009
10660
4011
2895
1216
9684
1035
932
1810
688
1461
10104
5294
1152
9482
874
8541
5383
7070
6825
11077
11096
1759
10785
4614
10293
11129
8814
8741
8895
9735
5945
3666
6712
9489
3976
11217
391
4498
2348
1130
10698
10669
4702
9270
9444
7989
2745
2899
10340
9167
9970
4300
10668
6549
3064
5155
6594
1220
3412
3467
3840
9479
11246
3524
4356
8004
6657
4800
9607
423
6997
6088
10342
2541
4753
1306
2943
2251
1185
2723
2879
4629
11345
1581
4717
4195
844
2855
10124
3304
4871
7544
3422
4903
4466
8803
9836
8902
10160
3027
2516
11282
7125
9091
1870
8161
5092
6352
7576
6518
10381
5639
6614
7500
7466
2710
3255
8458
7235
5556
8631
6838
8260
8046
6387
5858
2386
6442
10844
2352
9318
908
7394
7637
5717
2886
8270
6405
10252
945
3124
8285
9105
5502
934
8024
6466
10795
2379
5163
6292
6284
7651
405
8774
5486
2495
4205
9417
2492
5887
6359
11374
1491
10741
7870
1942
10998
685
3657
6204
2752
7019
2322
3379
2625
2590
11144
6867
593
2944
10044
10232
2470
5721
3637
8946
5076
4154
5187
10999
7946
11044
5199
3210
8343
8100
584
3643
3039
439
10833
9752
518
9215
10832
10292
801
2176
3619
10468
10116
1385
11192
3230
3760
7335
2844
9818
7753
5411
7121
7667
6001
10572
1882
7976
6297
545
2341
4236
5331
7936
4872
5003
2724
4814
950
3774
1075
8123
7778
8757
10801
3154
8988
4712
942
4040
3817
753
1734
7246
3678
7631
10371
5181
2209
8048
558
2773
2368
7592
8416
7554
11131
824
10502
5025
6456
2254
9663
6098
9867
8818
9069
1816
351
9486
7227
1371
6211
8322
8144
7720
4451
4594
10304
8638
1034
11225
6370
11153
1383
9634
1482
5593
10409
8271
5547
3077
6736
5775
689
8360
1495
1299
2380
3247
1348
916
10504
3680
9995
11034
11372
4816
5688
4543
7393
7140
664
8419
7027
2359
9692
794
7735
4301
8392
11066
8257
3250
6535
8752
2932
614
2421
3681
4931
5523
7313
4213
6227
4776
7825
4993
8768
9053
6307
9524
9068
9134
7834
3706
5036
6647
10873
7909
10657
8858
3430
3405
1605
2222
11094
3334
6066
9839
4987
7003
5973
4401
3891
8869
9054
4701
2101
11049
6299
8092
2130
6735
1575
5264
3791
2016
3857
3439
3419
1292
6698
4676
2239
3535
4164
4004
3860
9023
9288
1783
4655
2945
8573
7072
8105
10526
4688
3157
11109
10177
11071
6248
1764
8240
4499
8032
10197
6578
9113
4477
9451
5562
7200
10806
5061
7849
2107
10700
2960
8204
7706
6771
1014
2548
8114
5540
7381
1480
870
9420
1127
10800
4274
8042
1649
613
8499
2262
4579
839
1073
10114
9674
4570
3641
9472
6031
6342
3634
5621
4747
7375
6277
3815
8725
1974
5550
10386
7485
2778
4820
3575
7366
7818
10219
5826
5216
7982
11080
9037
1690
5091
11106
1531
8188
9300
10091
4362
7093
11252
1476
7622
3085
5438
7345
10008
10031
10609
5006
4342
5407
4033
455
3974
8921
2885
5687
2893
10362
3679
658
3475
1847
3935
2126
6983
7192
2462
10406
8931
6425
3448
4664
9772
5201
2084
1740
6526
10538
2441
9237
1745
10299
8345
4707
1584
4271
2028
3335
8106
5106
7220
3924
491
4787
9415
671
3623
2370
8211
8550
6588
3091
6697
9652
5698
4822
5699
900
5437
427
9873
6143
5466
10125
7874
8087
9375
9055
11183
2023
2283
9910
10904
10153
2486
1396
2125
5862
2552
5537
5792
482
2218
9130
4857
10443
4061
2033
3034
9308
10850
2227
642
9231
1095
8824
6823
8390
4574
9345
2631
2193
6629
4377
2518
8001
6755
5482
8962
11055
2963
6541
3380
2810
8066
10180
3322
6653
3473
8769
4456
4019
8339
1748
7632
2898
2770
1746
5636
8571
3732
11363
3874
2397
8019
6444
2182
3856
3723
9144
7871
7437
7325
4003
4880
463
5589
10599
3920
2381
7057
6035
4969
10033
8158
6586
527
4794
8375
3323
8682
10745
7843
1437
8589
1532
6819
5018
8437
4027
7077
5774
1153
6234
1045
3802
7040
1799
4414
820
3980
5168
5450
9672
6986
4807
6358
5770
3527
10662
6441
603
9363
7418
4695
569
3421
8358
11101
2398
1632
8226
8303
2020
9225
7240
8811
5193
8970
6064
9114
10750
2271
6665
10583
10876
879
5233
358
6843
588
10434
3486
10877
5248
4958
5161
6276
1444
7399
4724
9007
5433
10011
2858
10397
4121
3667
10195
4917
4827
7709
1278
7483
7039
4275
3345
7862
4732
2753
2123
10213
5910
4964
363
5640
7379
920
2274
3045
10306
10956
4634
352
6377
11014
3426
9101
1538
10251
10270
1210
3883
9641
1237
4983
8671
2827
858
7417
3684
4687
1336
8189
1674
2424
1112
10531
3060
6869
6668
3000
4349
3747
5152
2900
8160
8821
3510
1654
7566
8492
8676
755
5512
766
10585
2149
8731
5459
1100
7507
7275
9618
8936
10410
10211
3138
9838
9264
10635
4559
6763
11352
4613
4411
4638
8582
4158
9624
6888
3956
2403
4474
3697
9293
7249
7156
6908
6672
10315
3704
8452
4432
8809
9046
608
5807
8172
5612
2432
9987
470
11346
5925
3585
7565
8036
5374
5463
8459
6181
9024
2286
3295
4332
10137
4899
10619
690
5165
6558
6617
9792
2396
1079
3712
10022
2202
5391
1811
7098
2970
5992
3135
8439
4777
9048
9950
743
781
1991
3204
2933
2178
2998
8374
11360
7165
5464
4428
7113
6900
10938
2556
4257
6664
9368
7759
3008
1069
1168
8585
703
4761
4906
11112
5338
11351
1303
9708
8346
8886
1970
2506
3661
7116
6766
2889
1645
11265
1596
9057
6605
649
10620
9777
1807
1982
6062
503
7365
5788
701
2569
957
8094
5519
9546
353
6457
5039
796
3166
9422
9094
10402
4745
1493
1030
3877
1623
5361
6099
6451
2638
6431
7384
5488
4511
5064
9964
10506
433
7087
3771
6261
362
11218
6932
8352
3384
1151
8218
7383
2579
10367
6815
4105
7696
11115
6706
5938
7553
10661
7634
4467
5002
6572
1369
10707
2003
8602
7648
3365
11079
10203
2312
4487
2653
4948
6399
3698
383
7499
10756
4233
385
8427
8379
9366
10357
10457
11325
1869
3801
1701
1259
4600
7789
8861
1460
6411
10491
6507
335
4486
2091
8357
7842
8501
1394
10535
8878
5490
7819
7711
10196
10534
1814
428
8694
8363
11048
3721
366
7387
1202
10212
3450
4868
2921
8779
6616
10608
9067
11000
4765
4516
10167
9799
10704
5985
775
9344
7905
6563
6661
5546
4768
6063
9330
6509
10771
5933
7038
4848
6615
3512
7298
9776
4679
9252
816
2022
6508
9172
6033
2599
3211
4354
10592
3820
10726
4324
480
5188
1930
499
5360
5099
8668
6350
3327
5931
3385
9547
10169
5231
5010
4944
3778
1780
9574
9196
4229
595
1925
9541
6310
9991
8854
6939
7675
1704
9695
2146
1472
9272
9258
4562
1967
5649
6716
9677
4287
9496
7923
9665
5021
1180
915
10208
6280
11224
779
9975
7460
3828
1998
4076
7581
8995
11147
11121
6476
8037
6391
8603
8055
6219
6251
10428
8397
4069
2661
4269
9457
3348
10173
8672
9847
5077
9111
9218
4192
4087
5901
2090
2494
3413
10884
7947
1907
6038
5448
9976
4071
827
7692
2721
5400
10111
6618
8739
5053
776
10295
5467
2253
5697
9848
5912
4672
1724
710
6707
2067
1802
1753
1378
11117
6222
9477
8128
345
7805
2376
9582
2863
9529
4752
6539
9438
3972
3927
4673
8256
6375
2663
6417
9566
4838
3898
3479
8853
782
1343
3288
6726
10954
5957
5089
5209
6224
5669
7086
933
6782
3332
5967
9809
10127
1695
4172
3790
424
1873
3545
2344
10615
3035
3847
3713
1509
7517
4448
9229
1788
1377
10883
10439
8612
4243
9649
10867
5303
2628
6335
4526
983
6015
9118
6464
10588
7694
2728
1419
6146
3750
5842
7910
4472
7162
1486
7768
1397
9409
1132
5976
2191
9395
1389
3449
6437
10966
9099
6512
7328
4656
2120
11209
1711
6855
3474
9411
4321
8231
4632
1542
3198
6131
7004
10298
5915
10930
1326
4188
865
2112
3759
5237
9715
10641
11307
7012
3777
2483
5715
9756
4018
8558
2206
5285
10965
10718
2093
9149
587
6758
6190
11249
2733
512
8673
2602
3670
4126
4256
5485
5133
8720
6813
9567
4514
9532
3503
601
9979
1013
5310
5497
10912
8424
4703
8629
7798
3296
2648
10842
9002
2304
4022
1083
7051
1478
7170
2213
4805
8517
6600
4696
10843
11280
804
9184
10394
9104
481
3994
2289
1995
1960
7469
3571
1631
1801
2366
2043
8933
3314
10892
2825
7124
2623
1247
3321
11260
9537
7630
8074
7895
10020
