718
1350
2718
10366
1730
4204
10939
8261
1104
9394
1976
3580
8031
4428
2459
3084
4025
2465
9695
9636
6604
5437
4980
5430
4584
1856
9747
3921
1220
5224
5892
9384
3245
10345
9107
9276
9796
9406
1531
8280
5838
2972
2333
6925
4859
7970
5121
1134
6607
3807
8421
2551
4122
10819
9146
1144
8849
8887
1364
5429
5146
11204
10704
1726
10725
4690
3829
2024
8634
10696
3878
7534
10536
1656
3836
1123
3493
9125
475
5827
6551
661
6081
1529
8611
2808
9380
1760
11329
8091
11086
4871
10716
3318
4985
5312
8523
8310
6204
6827
995
1526
3631
5420
11044
10041
977
10585
2439
366
3700
9441
5879
10900
5796
9214
8664
10438
5133
6100
1069
10483
336
5378
1513
4873
7550
2470
10169
5364
4934
7728
1153
9383
9379
4803
5439
9638
10798
1060
5187
1840
8253
10533
2520
6139
7263
4448
2260
8639
9163
8982
5282
2103
10676
3812
8862
6756
10784
3384
954
3013
3286
2054
9905
10648
9019
839
5835
2513
1172
6366
5504
1896
9310
9077
4003
7729
9400
4753
9477
10879
3986
6944
8177
6118
5510
1766
3065
4286
6345
8241
1266
2901
11283
6079
6964
7544
10023
9203
10720
11341
8119
5428
5225
10606
6809
4814
7311
4730
1903
7762
4020
5542
3982
5813
5635
2826
8278
7224
2985
9593
8776
962
4654
8882
3088
6431
1708
1432
9091
4523
3641
1906
9033
2897
1056
6857
10226
7271
5384
4026
7459
7869
9006
2836
3951
2485
1441
6595
3561
930
5290
3441
1437
11045
6968
5505
4021
2146
3901
11054
8527
1521
7994
9105
881
5840
5194
677
3326
9012
1406
6572
4788
5280
10526
5409
2187
9519
1017
1100
1721
7034
10140
9023
4913
3991
6259
7175
3490
2115
8616
9574
8898
1801
4809
8364
3841
2860
6090
8595
3102
2425
7347
1504
7478
8474
7551
9815
4889
5289
892
10018
7742
3151
6950
8675
7429
1709
7294
8046
9933
9111
9798
2562
992
4682
1797
1602
4857
1612
6382
4085
7110
6762
7242
1392
11260
3074
734
4069
2412
2829
10741
10820
9558
4005
10386
8880
7780
2480
10433
6383
6170
3207
8782
3243
7147
7597
1417
5941
1858
8750
2730
5851
1080
8726
2301
8149
3050
8867
6926
5519
3603
1608
4272
1519
8777
5929
10786
6038
11063
1297
2841
2499
6924
9455
2030
9814
9629
5639
4953
6630
2317
11289
6690
1481
9434
3725
8234
8798
6473
10854
7339
1422
4160
518
7281
9547
6089
872
4706
6613
11075
4039
8787
542
11088
10137
5351
4307
1307
6225
4308
6603
4872
6385
3025
10420
6223
953
4854
2164
8064
2173
5104
4324
11246
3100
3940
8086
10062
10973
10949
6283
8979
1567
9464
5167
7898
2605
6893
5395
2088
1010
5387
10746
1369
6994
2847
4114
1956
8084
1897
4789
8528
7504
3870
1055
8549
6938
7253
10558
2734
6506
3891
8555
4904
386
11002
1092
8475
731
9939
5302
7417
10408
9943
10211
7801
6571
10612
6588
7328
9923
2228
8788
2727
8732
4520
9765
1019
9192
804
6331
1673
7724
10589
464
4028
10685
3331
2652
6458
7624
7645
5058
9788
5527
8305
7246
4450
4993
2541
2981
4702
910
10692
4074
2667
6318
6041
1823
10105
7340
5336
4946
9385
7944
2512
3344
8386
5035
9483
7628
10499
659
6208
3769
4444
4164
10679
5490
6525
5221
9632
9684
6482
6728
3272
2296
10229
9907
5704
8804
10962
414
2285
6375
4369
3666
9243
6315
2062
4733
1373
8671
3768
7173
6229
6296
4323
8243
1693
3946
2421
8689
2117
9867
7942
3544
3707
10439
3470
6014
4151
10802
5853
2737
5777
10186
3534
7622
8917
9020
3356
9381
10710
10795
9921
10532
4620
8784
895
11013
8452
9585
1893
6995
8515
3808
10873
1687
6034
6469
5608
4662
7731
11149
3109
9119
1241
6539
495
1485
4966
647
2833
8463
6557
9375
5797
810
11025
4183
8467
10806
2262
10410
7070
3054
8393
6659
4534
6116
579
9131
7891
11041
7489
9072
347
3175
7776
8932
1960
8427
6651
8172
5662
7043
7583
3970
6940
8433
727
8878
725
7062
3589
5552
11303
4861
8008
5457
9466
7637
6453
3461
9443
333
6406
10896
6625
693
9649
2348
4358
8349
10461
1343
4636
2503
5023
4380
6610
10926
7267
5412
11239
10312
10814
5028
1890
4259
6558
11058
5186
5229
9855
10566
5227
8024
2276
4984
5900
1744
5234
524
989
6202
5814
10839
10384
2931
8597
4172
3934
6040
3879
6529
11100
8754
11346
9667
9489
9496
11296
4830
4729
8678
10779
9523
8085
969
2303
6361
483
7405
3280
7038
1913
5964
6448
8718
10432
1051
772
3273
6560
10922
5666
8096
2962
4246
533
7591
7518
9387
8134
7753
1173
11375
11357
11157
4597
603
1555
8641
2210
5338
1462
987
9580
875
6784
8868
5878
4327
2650
4835
7923
7357
8403
6781
9750
4504
4374
4575
6485
8556
7861
911
4383
10659
3875
7130
7135
7778
2713
9507
4305
4416
8291
918
3866
9927
8037
4135
6454
9186
7367
10913
795
829
4625
3887
10185
10995
11221
2466
5715
8627
9415
11197
9768
6920
1044
4949
557
6237
7746
5196
2662
5692
5733
5858
5748
1295
1843
5994
8080
5503
2849
8289
9253
5860
6309
4285
9120
5729
5212
1908
5410
9337
5569
376
9452
4512
7695
11014
5800
1621
10349
8092
10127
8636
9309
655
1722
1765
9304
1127
8861
11228
9700
5832
5564
10044
6298
6022
1671
11378
10938
1072
4720
9618
1008
466
6132
7385
9113
2370
6987
6891
10009
10013
10550
5275
10857
2080
7678
3798
4376
10495
5944
5846
9651
2528
9085
7254
1634
6698
7418
5001
4832
8809
11055
9364
2876
817
7523
8893
3118
1924
8492
3734
3141
6262
1857
11113
1082
8983
6923
917
10391
3949
4555
10355
3063
5819
6002
10411
7750
5142
2677
11324
6569
10856
1684
10958
3111
4988
9621
8501
4297
8268
6683
1632
5765
5438
4668
7439
1450
1454
867
7712
876
9345
823
7901
6354
8637
11123
8701
9108
3138
6341
9353
5328
10107
9538
7112
2765
2506
2324
1845
4086
6072
3888
2265
1855
9850
10283
7932
11008
8651
10941
8767
7964
9887
7257
8331
2160
5413
10812
4171
8027
4080
10146
3927
3803
10158
7815
6508
9399
402
10429
6185
1500
6866
4041
6411
9200
7700
9182
5228
3275
6068
3349
874
4441
1280
3716
9361
7579
714
7513
4608
8245
5673
1704
9219
1202
10144
6252
10736
8132
8376
4943
712
2125
6174
11325
1959
10832
4787
5479
8572
11249
6338
6314
8606
1757
9320
2199
11029
11116
11336
1528
3315
10617
8221
7592
11049
9484
5977
849
7538
7207
1963
7261
10766
9790
6810
9045
2079
8410
9440
6359
1388
6814
10804
6488
8437
364
9627
7364
7998
9841
2996
8968
2455
3112
8569
6878
5669
7959
10180
8892
7376
9958
3362
5849
6018
6398
5612
2861
6413
3117
2159
8919
8889
10656
10365
7723
8117
7306
6911
2174
5845
5261
10323
5688
392
10393
1189
2417
5476
11020
5622
980
8998
3739
11373
8711
5110
8717
2806
7353
6671
8038
9257
4303
885
2147
8023
3467
1591
5565
901
10519
871
4696
6656
10110
6334
7396
11230
3032
1734
1995
8802
7505
2816
2748
7958
7010
5968
8444
7990
2220
10322
1049
7587
7547
9237
3216
8111
10037
10511
3558
663
8170
6914
2900
11162
5866
435
4603
9842
1785
2369
6976
10611
11288
5086
8290
1363
3717
535
7824
3147
4867
7634
6131
6802
11300
6374
10060
3388
7027
2245
1140
4675
6562
5197
10600
3926
8212
5602
7389
3347
1511
8944
9205
10286
4296
10416
10270
5393
1923
2456
5491
2496
10014
9447
10853
2850
10346
3101
6842
2233
9255
3708
522
629
878
9485
2019
11034
10581
6907
9282
922
8972
1764
9903
11261
8235
2330
2694
8264
9969
4607
7222
7870
3557
6491
1165
7648
3156
3476
2338
5154
6474
3671
6077
6843
9191
7165
1682
8276
8704
2336
8953
8430
7075
5115
7843
3380
8304
2473
1426
11314
3370
1659
9778
4423
2864
10642
7679
11195
6906
5233
8895
5381
1152
4948
4585
413
2651
3295
7919
3115
8958
6067
6556
6793
1875
8072
8472
11232
4473
9161
2754
5471
9327
8778
6443
6083
3231
6851
10934
8741
7542
10415
4090
5761
2781
3543
2339
10831
819
591
1384
5404
374
9605
3637
6664
4568
5723
9391
11147
936
2921
8963
9487
11091
9136
6637
11368
7233
7209
2256
3704
1246
11374
8720
4604
10287
6721
9465
10794
2484
1655
4130
7607
3964
10213
9232
4486
9179
2568
5836
1419
5367
6598
3530
4142
4109
10327
7483
2920
5031
9554
4517
7727
5763
10452
6992
10501
1624
11301
8088
5749
9626
11018
2494
10397
7382
1974
10525
10830
7080
10032
10703
7882
7145
4379
2061
1690
8048
883
6761
9325
11185
1358
6376
1274
10261
9034
2577
7184
10068
6305
7205
3787
7178
6196
3067
2413
3555
7053
7371
10451
6039
2454
3450
11223
6261
8233
9160
6790
6958
8969
5889
6538
10231
9953
9545
8199
9492
4298
10074
11287
2983
7804
504
3302
7386
5268
3658
8308
1790
2824
6102
9346
9785
8562
1050
6704
1854
2047
2059
6772
7148
3332
1948
5985
622
7114
5456
6231
2766
1480
9459
8598
1242
5658
7938
6461
2644
8166
3465
4874
9952
1582
2188
4855
5877
8071
1933
694
4170
10129
4676
11295
1484
3070
9172
5007
9945
4639
9717
357
7677
3298
2069
1397
7409
8775
6566
5633
4535
10201
6277
10123
2659
4621
1440
10462
2845
10724
10952
1585
913
5402
8247
5794
1747
9977
8206
4221
8090
9556
1830
8396
6091
6699
3624
6834
3448
2377
7883
4060
4545
2552
5583
10874
9264
1275
11172
3642
4182
9285
5676
8579
6752
2946
11250
3794
2927
3444
2564
9271
1489
4795
6918
3463
4236
8964
4056
2600
10619
6860
4176
4688
7763
6504
7048
6278
688
10336
4960
9949
5358
9772
10572
6692
2519
2907
8805
2724
713
7482
7346
6676
3238
9583
2406
11347
1676
1483
1883
2155
2776
398
4877
337
10178
3464
8104
10883
963
2028
11371
2468
8949
9916
8102
6358
3239
1252
4188
8517
545
3208
1268
1323
6064
8708
9046
6750
6845
5812
9948
6275
9882
7884
4969
8610
7902
3041
2309
3210
3453
555
7011
9093
11190
5785
2403
9080
4757
7290
8019
8070
9660
842
6707
4658
4455
10539
11144
5184
8251
687
6268
9491
3912
3011
7556
3763
1012
8535
9204
4195
2137
2328
1828
2556
5515
4281
2490
6540
4128
8650
10466
5029
7915
6861
9490
4084
485
6059
7406
6327
4506
9501
9277
356
2108
1371
11173
5979
2598
7581
4744
9716
3044
738
2563
672
1895
10272
8182
9221
7005
6719
3480
4108
9195
853
7896
541
3427
4244
401
6019
4879
6027
10031
8857
7633
6674
9582
10528
479
1099
2431
9601
6568
6727
4027
3864
7789
3751
617
6470
1689
5697
4261
6460
10577
5728
3434
575
11231
11298
10969
1139
1339
7325
571
10138
3181
7757
3546
5480
4640
4087
2670
5013
5792
1042
10340
8210
1362
11024
8940
9701
7575
4252
8873
1171
5649
7982
8927
2327
6312
6844
7916
10399
8457
8987
9565
9374
1815
4422
11098
1113
1538
9117
6352
10292
9238
7458
1771
2386
2697
5699
11225
9407
10254
3985
10981
1431
342
8259
9295
6434
1057
5334
458
5502
4667
11310
3529
4710
5408
8055
5380
9050
3673
10295
9110
1996
8990
9377
7905
7006
5595
8748
8148
10747
4311
2852
5415
8039
6885
3355
3131
806
4891
10195
7134
2298
1396
1979
1303
11361
9104
9081
10835
2890
1800
9437
5568
6244
9358
8682
2818
2185
5770
10334
11099
4421
4355
2113
10368
3377
7500
9633
3719
8715
1879
3093
8229
2162
8764
7897
9581
4191
10078
10090
6410
5538
9654
5459
1370
4034
1594
2956
10897
5136
7241
998
10674
5571
2433
6497
4945
1463
5679
1832
961
3429
4558
10502
7925
1059
3903
7799
9328
7303
3033
10314
11071
7725
6289
5781
3786
1393
2872
5478
1592
4218
7605
9946
4313
6503
10111
3319
2966
9685
5179
847
10255
6535
2122
9689
5440
1272
2374
4243
3605
10764
2070
10544
11235
6353
7948
4548
8945
10033
8466
4998
5824
10551
5636
8220
4280
6937
9495
538
5550
4659
2183
6657
3696
8848
7264
8526
640
10104
8358
3394
9287
5388
5767
1999
9691
9650
9169
10748
2637
6108
10928
10436
9480
11292
7474
8604
2195
7671
8999
7488
7557
6820
8993
10219
6853
3818
5322
10618
2458
4464
1643
8703
9537
2361
2371
7449
2712
7693
9956
11181
9534
9073
11019
9217
4987
1775
6146
11251
3665
7685
6150
10918
7539
3930
5269
7118
1424
4931
1209
1735
855
6822
6836
11017
2775
9002
7012
7626
6811
1112
1568
543
3873
8735
2434
8287
6636
7984
1631
11131
9862
6349
11106
1544
1763
5166
2910
3219
11178
794
11015
11315
2068
460
8937
10927
7499
3713
9061
4975
10011
2887
2376
5535
6770
10316
3536
2516
11156
369
2575
1306
8652
7413
3040
8286
9607
8250
9329
587
8974
6129
9469
11312
5005
2186
7002
7273
4392
6165
3656
7272
10621
8109
4075
1846
3672
4035
5223
2626
6717
4065
3183
3291
5245
5837
8205
10008
8267
683
1553
4187
7372
2292
6977
1666
3003
3502
7774
5435
11077
10289
6301
2671
10687
3447
9267
9761
5314
7639
8680
11323
7392
4901
7910
8035
10354
1087
5958
5172
6725
1401
1943
3723
8181
4700
7892
6985
2731
1175
9513
1770
8516
8859
6172
434
4573
5708
8057
5810
7126
10809
5807
2663
7414
4377
4226
7699
5445
7352
10192
2409
6227
7451
4817
6061
599
3669
3019
7636
2224
1117
10689
3762
1791
2090
11035
1482
10071
11299
5783
2646
7664
7770
4018
8702
2705
6369
2636
5898
1164
7786
8173
558
8100
7225
10070
7123
527
5079
1159
3907
3977
5599
8896
5693
4562
1389
2322
6729
7288
9246
4351
781
5205
11050
7529
745
934
3819
3588
2608
2411
11026
3728
1400
9419
4749
3770
9866
10212
4245
1901
4004
4295
9251
6916
6452
9970
2373
2940
6601
7476
8380
7018
1600
474
2157
3043
9759
456
4965
11369
5192
4785
10563
9847
10478
9137
5053
4228
1609
1136
979
10603
4446
10559
1047
3783
10249
8237
5100
10086
5613
1229
10210
4735
494
7201
9587
9728
10493
1782
9044
7996
8699
3201
4336
1657
9115
2106
6543
5908
1027
7573
7292
7473
5442
8672
3960
10116
2787
5323
8362
10040
10841
8108
3877
2295
6759
8864
2467
10803
1106
1583
8367
2627
2742
3342
4202
5663
9021
7338
8346
7045
8635
2511
5734
6210
549
6542
7402
331
5074
1176
10124
3581
5078
10670
8663
6983
10719
8620
6457
1952
1510
3632
3760
766
5352
6082
2486
350
6890
5724
10911
6600
10537
9167
9904
2917
3150
2325
6078
6029
9290
5052
9263
5403
2848
5882
3153
4429
10726
9184
1261
8483
3236
10667
5793
2939
4123
4047
10643
3961
5587
2283
1352
1607
5450
4301
9865
974
10464
7086
3854
2128
2182
8391
10412
7603
8696
2558
11224
3592
10647
5127
8215
5198
1447
9997
4492
825
3507
6158
5667
10168
10339
9793
2234
1749
11307
4073
9109
2264
3755
4572
2302
4703
2741
1841
7377
7813
7057
6136
1085
9524
2533
4741
10128
3456
4008
10620
3300
7811
9826
5454
4602
8098
5258
9422
8842
3554
11031
2404
7702
3146
4838
1470
4920
6837
9652
1181
8175
9236
3968
9283
9824
7966
10626
9822
10791
6203
2543
11331
9710
7176
7362
7541
3095
5217
7036
1972
421
1071
5153
11318
1697
609
2001
2000
9813
10119
8780
2133
11009
9885
9278
3038
4325
8157
1827
11191
9645
11177
1839
5528
6819
11338
2928
5842
3998
7133
1809
2547
9959
6880
5134
7552
11133
11107
2708
7767
4129
7668
3748
4600
1876
8743
2176
10288
3195
2913
10425
9273
2311
7968
8489
5214
5784
4644
8727
3004
1203
6832
1774
2539
1213
8758
7113
4445
9070
2851
7462
2680
5616
10177
4615
