11357
79
9480
6448
1673
6871
8437
4889
3350
8598
2370
7451
1358
7571
6040
3273
9386
5814
314
7034
8410
3295
7870
10795
1104
9843
6078
7054
3095
9580
8241
10896
6434
435
8277
7184
5445
4777
5832
11223
9815
2068
1087
4879
3065
7272
3388
4470
10969
5480
9219
2042
5910
8304
5827
4296
6041
8672
4853
2185
274
6503
1142
10620
7824
1057
9485
7818
3637
6923
6096
5882
5777
784
2829
3794
1879
208
3183
878
2667
2155
8511
9399
5428
8034
255
5761
184
3272
7053
4323
7628
1060
8062
8346
9501
5179
10037
4658
9447
9310
10116
2468
1634
6150
2513
4087
4749
2543
10479
8958
271
9487
9465
5781
10856
9623
609
7534
7633
39
29
4573
1011
1100
7402
261
10926
10952
9441
2836
2677
1582
10393
7147
439
7552
1275
5203
1563
9495
3171
2577
10577
2838
10270
7944
5457
4873
247
7590
10716
6301
1339
646
112
7948
2851
3725
3555
3808
10833
10798
10347
2816
806
11019
9373
8055
9772
160
5312
6540
4512
1126
2552
3836
10169
11008
3453
10739
4787
1023
10319
8930
6038
3318
6275
11107
672
11024
3356
229
5928
4676
579
6538
11049
4244
3344
5197
6474
4931
869
6917
9464
7322
8940
6825
9077
66
3380
189
5381
9329
2322
1823
9477
5693
3879
10986
9654
8253
109
5874
1134
1086
9562
6539
5456
2106
296
9896
11288
9997
196
3221
4967
1504
2030
10922
1502
8848
4183
10365
2413
6411
1165
6977
2188
3208
1380
8250
7557
4243
4411
2609
11177
7214
8261
2183
7329
7655
3670
11079
5212
9538
7579
317
5568
2079
9093
124
7112
4514
9689
4151
3013
8718
2192
1318
3067
7113
1127
5502
599
5944
8088
4703
6810
6940
9524
9217
7919
7346
7059
35
8754
10146
11009
4796
9034
129
6568
8119
169
3761
9183
4252
8038
9046
7002
11106
144
10076
10272
2727
8064
3985
10438
36
1480
9109
11121
5815
3044
2088
9364
152
5415
1080
5519
310
11041
315
2862
6132
1841
97
533
4947
7011
3960
2467
6461
11133
10525
5490
2219
7702
1152
10412
5542
105
9120
10074
9593
4392
2146
6784
6495
7597
75
9255
3236
8399
333
10794
4194
6468
4218
1671
9163
6139
1350
1682
81
7685
5013
1781
2865
911
2386
7197
11194
7740
10558
9708
10726
126
8968
8999
831
2781
5599
5676
6907
1099
10364
1801
3986
10725
10027
3672
1931
1181
3874
200
9358
9921
9747
9276
2108
9267
8048
11375
7135
647
11230
243
2608
2847
8704
7376
2338
4429
4855
11239
7062
10013
9998
3464
8635
2371
6002
5058
10068
7134
1876
11336
9813
6027
8096
2210
10841
5121
8637
7512
1483
6809
10553
10408
337
218
4964
8027
6338
5550
5911
5027
727
11232
3717
5692
2069
6906
2125
6821
2849
8579
895
61
3788
10231
10345
8788
1482
2456
3662
6165
188
1071
4182
4142
9986
6349
5146
11261
2511
28
4602
3770
7758
11312
642
6853
683
3875
3392
914
4473
7778
4692
10656
1632
76
5840
68
60
9916
9621
640
6129
9361
6690
1364
3172
2301
1272
5504
7241
7306
3011
9656
4562
9494
9785
2103
10368
3216
322
3832
5035
8084
5403
311
3818
5444
9541
795
2182
3926
10710
5166
3927
10679
260
4005
11088
3700
9013
10736
10855
7991
185
8849
276
143
1389
456
1297
7514
8290
10429
8569
10439
11026
9309
2876
10949
9958
8175
11213
5732
1774
1
3760
6844
10741
5402
7664
6170
7896
4026
9111
7916
135
72
8604
8205
7126
8758
5314
1261
10086
7518
11099
5438
8882
83
6464
8024
178
7225
2253
2512
855
57
1500
6601
11295
7419
2734
4709
2972
2122
7413
6814
6292
6124
6725
912
9169
10219
11277
4859
6331
305
3019
2719
563
9021
4273
9182
5723
4259
10832
2295
8549
11113
10458
10814
6598
3783
4077
4668
6836
8836
11185
4904
7357
2848
677
10787
11149
6840
11231
5205
3888
8556
2991
944
9187
5669
1984
10216
5136
7587
11020
5838
3300
2062
1895
9701
5471
2411
5437
9763
9889
4835
93
5388
404
2224
10263
9195
10110
245
5134
1666
3088
6077
6082
9639
1047
522
8245
9582
7484
6081
374
7801
6857
2551
3070
4122
2603
10791
7148
5468
140
3153
10674
7799
3282
6964
7338
9652
8071
94
2924
45
3207
814
2041
1960
9019
9159
466
5228
9952
6759
5338
6595
5878
3673
198
2841
5783
728
10124
5658
8023
7524
5900
1487
989
6843
6920
2810
2887
5748
5290
96
166
6610
6819
6772
2907
7727
3615
8990
3463
8099
8220
9483
10071
9377
10286
849
751
10536
9793
8673
7005
2191
1777
2174
3
1498
963
8157
8008
8651
8177
11197
7130
5245
6266
386
8650
3907
1655
5095
7925
8892
6588
10178
874
8358
10801
328
2506
252
10119
5478
9179
2806
3624
9044
518
2369
3949
7129
11323
3748
279
4187
6996
7429
7110
1432
2324
8859
4575
6385
10544
104
5393
9627
2928
7371
2316
5194
7291
693
6542
5172
3465
7849
2496
6029
4861
4325
3111
4173
11055
8767
9214
11173
10985
1173
8969
2311
4486
1809
7465
7080
191
10820
10063
3854
5941
8489
6064
7057
10377
170
9376
11035
10000
9327
1791
10585
7045
6141
9081
6309
1484
7843
11341
9489
1600
3332
2897
131
8025
10861
10253
4854
10643
3444
9146
7201
881
5792
5635
7994
4980
4585
2173
2047
4830
304
9264
3594
10292
8235
3970
4548
7292
2913
3534
7033
1764
1422
7634
5224
9943
7901
6926
8652
7964
6827
5280
9050
108
5644
10137
3777
5104
5985
9229
5793
6832
460
1856
10696
7173
5142
6375
11156
2528
3584
1687
10938
222
9231
9537
4172
1771
7307
1657
6443
125
356
8702
770
8232
6927
3561
11292
3100
6566
9904
4988
7639
1749
1117
7253
8873
2680
9788
1913
9556
4753
3680
7205
6354
8466
7998
5788
3451
1908
2393
3434
7636
8976
6039
10660
3903
52
7780
9221
8307
7984
4028
5866
1044
712
7893
2421
9761
9287
2236
10766
123
9104
8111
9238
2533
11051
7493
8735
8090
474
1055
5184
5213
483
2045
10972
2985
10551
10994
4785
7326
1447
312
7362
9353
10927
8442
9440
5351
4027
541
4948
2412
89
6406
10044
9699
9977
3912
2659
1726
6196
2712
479
913
236
10201
3377
4729
1470
2470
5800
9790
9795
3719
9928
3266
7836
8678
8467
287
10339
1398
1424
8610
4171
4069
5358
829
1901
6485
992
9824
10040
3219
6369
2339
2826
9826
5860
10779
11045
7990
10336
6025
7679
5649
2850
4301
9601
6203
836
6890
5733
7209
10211
319
1175
745
82
14
11330
6072
7482
2228
10287
10621
10850
4379
2434
4195
995
6314
2160
6569
6683
2547
2741
9796
4202
2169
917
8680
2671
1323
7959
100
2890
4809
1697
4326
2731
213
3998
8386
10647
8620
2662
1417
6698
8182
2962
4637
6851
253
2431
3737
7352
9407
9948
7473
128
10873
9253
8256
1962
7392
5851
2651
4675
302
4311
6091
9768
26
7404
6289
8291
8710
7334
5565
2549
3988
7729
8787
5538
8035
113
3580
9867
3239
9432
8611
2626
106
7273
11299
10261
4129
7010
217
11131
11181
4432
4205
8305
7757
1815
5673
6916
5410
5435
7118
11301
3342
10900
10399
4445
9184
9415
122
10148
3147
7086
1172
6544
6435
2660
1996
9252
4656
5187
10418
2852
4383
6692
376
9443
3448
10819
2818
6802
4041
2815
6268
2403
4204
130
2685
9862
8181
7409
5715
6458
11287
2376
5791
4289
58
4346
1451
3934
5336
161
485
4621
977
4700
3588
1923
4245
936
6079
350
187
0
157
150
2247
7556
5118
5807
2233
56
1510
7372
2775
8172
4558
1846
1255
210
1684
8233
207
7718
7222
2742
9636
7966
9587
823
10626
10018
4020
4965
9632
4478
9203
5352
8212
7175
8515
7938
321
10030
4285
6707
8492
6717
6994
162
8741
772
6169
2117
6083
4340
1176
9611
4073
8498
1734
2883
10918
2564
1979
4969
294
9691
1189
9887
5929
2946
7932
7905
2650
10177
4422
2404
3328
7271
2455
9277
11374
6625
8109
2861
5532
6267
266
9110
10346
9
2920
4920
7367
9612
259
8945
1797
4768
8080
190
3516
8524
11042
9500
8306
9285
8583
9091
5854
49
7178
10748
6278
5440
10312
9282
2652
980
11191
2473
5269
1735
6504
4960
11210
2361
7462
4236
10803
4112
8639
9466
5110
2644
5587
209
2480
6044
8987
10784
9959
9549
4603
3877
11318
7804
8362
3280
1648
10526
10830
7603
11347
320
9379
1400
8755
5223
4221
9452
2503
192
4891
7910
8517
5275
4065
201
2199
7261
6842
2234
7728
6100
8634
2940
11337
7459
1441
901
7724
2864
5555
11368
924
4336
7151
9993
3843
10495
9172
4450
4789
9271
4308
7538
2984
2568
7303
8715
4307
2697
3727
575
78
4295
53
8102
9650
1840
5328
1051
5734
5491
4710
278
7626
10082
10129
8264
3450
9609
179
1593
8964
5535
7762
3022
11091
2328
7191
10942
8809
8243
7723
4428
6031
1624
3063
6108
4923
4317
8452
2465
5404
2115
11283
2519
10754
698
10690
4035
10958
37
8433
4160
1819
1123
5679
2647
3669
25
11157
6885
4543
234
8276
8019
9157
6221
115
73
1119
1567
10566
3493
6995
6671
289
8108
1854
2059
8543
5819
3349
10809
4176
6310
7418
4298
327
9657
4568
1738
1977
137
10466
9137
886
10213
8668
7516
8349
277
9905
6820
1897
6864
6482
1370
9381
3054
5946
1139
2437
11251
2260
11189
3841
257
4993
11116
3530
7389
5464
1462
158
4662
118
4788
11162
1948
5412
10941
9946
6210
1450
3427
2502
875
819
43
3490
6944
4351
3302
4130
794
4696
1373
1676
2562
9191
1442
5671
8421
6527
6770
961
9939
842
3627
11130
3243
8703
5115
5595
4331
6704
9866
7583
4185
181
5154
7700
1371
8868
8867
5662
2977
202
1388
3362
231
4261
2637
9645
5613
5420
4597
11315
6613
8085
7347
5597
8775
284
2954
3109
10185
3870
3326
233
8982
5078
2255
5846
2485
8148
11063
9161
8374
940
2490
6102
5007
1280
8743
23
2436
10
9076
9070
1369
5810
44
27
8727
5167
1838
11018
5268
5633
2616
2426
1285
3298
6374
306
543
6834
31
2061
6985
930
1538
6413
146
3716
10995
2714
2484
1744
2558
2458
4062
10259
3661
2718
6065
4701
8289
3940
7176
283
10128
9459
6185
11250
1363
4388
2539
962
6009
766
4391
6603
11224
5812
10857
4864
1708
8711
4324
7523
9243
228
7898
504
1602
8927
9784
5237
5334
535
7677
1105
3546
9108
258
2997
8949
1568
10676
4475
3347
5023
10366
7709
6983
2713
6151
5234
6557
5667
5765
10180
10420
13
3227
10493
9222
9387
4281
15
4555
148
30
10210
5505
10283
7193
2157
1246
10854
215
103
885
5192
10563
262
1963
63
2737
8896
7038
3364
8098
4355
7550
290
4812
10469
121
5031
5889
7006
6473
2808
3734
10034
204
7188
5320
3315
11329
5763
1136
3807
4286
2180
1956
11178
11298
303
4523
10839
3138
6604
8675
3113
331
3319
10991
5074
3038
280
221
2147
6318
1717
2983
2292
5430
11098
4644
4945
3739
223
6918
6067
8072
7377
4055
8097
3231
4607
10879
11100
5914
776
5921
10288
7693
3671
1440
545
9290
4170
3502
1342
11190
10386
4946
67
8
11054
872
8965
3195
1631
10464
3939
6298
168
9667
9343
4747
6014
5429
10045
9205
6976
10297
1583
8475
8951
2032
11310
10080
3209
2877
7575
2499
3755
5972
686
20
11031
2196
4649
2439
10295
5233
7909
9669
558
205
7529
7048
9456
8376
3665
8562
9547
11300
9585
6112
7382
839
1021
4654
211
676
3115
9023
9774
6750
3210
1766
9131
5533
1689
3181
216
4623
9273
7812
9251
307
5476
954
687
494
2787
1042
4327
6787
9236
6305
10619
3713
5663
6326
1828
9953
3786
3110
1555
1608
242
10414
11346
3948
4985
4706
9970
3762
6591
7328
4966
6729
10874
10539
8572
6090
74
69
8963
10354
713
392
10425
5625
1083
11135
177
7489
9259
8268
62
6987
9232
4880
6880
825
10104
9814
1481
11005
357
10008
10764
3666
163
6425
6158
2070
235
6204
176
1164
132
10062
6529
101
2486
1770
1765
3150
9073
5858
1521
8804
3012
8777
7915
7996
7
549
5729
369
398
6630
167
8309
6345
174
2302
2600
6881
10883
8679
6781
867
9092
9209
4418
1933
7982
2709
1396
5227
6457
2176
6958
1763
8132
443
8206
3708
10550
9434
2824
9933
4280
183
2137
6560
195
587
2113
1059
8548
4659
817
6636
7500
1393
1085
4913
527
718
9328
434
7267
4004
9837
295
8391
810
48
9337
9962
10928
3078
10397
5069
9298
9847
3864
3982
4572
3603
5133
2931
5958
246
555
22
4164
2520
1027
46
1392
8663
1621
2730
1526
2256
4134
5977
7385
5005
4226
998
8122
10011
4305
7622
6637
1824
50
9320
345
5364
10411
268
3003
9406
1855
5636
4374
4504
688
10340
4741
11204
6761
1591
141
7815
5459
5302
8578
8199
8716
10557
11017
10642
6359
5622
110
11369
6143
4276
6315
3763
175
9006
3933
8720
8748
9455
4806
3632
7770
250
5813
2000
7089
17
5892
2670
6752
2187
3686
9192
5515
542
2417
8149
7396
2598
464
2
225
9507
9117
9907
87
38
8665
21
6674
2298
9085
10780
7257
136
1140
2873
7254
5688
2264
10689
4159
1556
309
3032
9633
3597
3758
10808
3101
10934
8641
2454
1241
8502
11324
3529
8538
9384
4272
180
164
4690
6866
4147
9956
4636
7294
1572
5602
6793
2921
5853
120
7246
2636
4943
10556
6938
1544
6431
41
2845
9728
1050
9020
3406
738
5384
5994
5666
6947
1704
10349
5731
10571
2296
8993
2028
844
8281
8215
99
285
8320
11325
6558
85
10123
11361
1999
300
4730
11172
8380
9684
7883
6924
313
10023
7581
5028
7281
6991
5378
9949
953
5450
660
6508
199
7884
9629
8597
1307
4123
8932
6116
5624
8393
5708
9841
4455
709
9926
11364
3467
8857
6194
4377
2080
239
5029
4545
9484
10255
5798
999
171
154
10502
381
3630
11
10410
10131
3043
8100
8707
11144
297
7542
92
1839
7123
7671
1782
2133
6727
7488
1463
4744
4832
7263
1112
6845
55
4246
7551
960
8606
8682
9237
10462
969
1668
5323
1531
6453
1242
11235
1094
2754
9759
6488
2748
1513
11147
8880
1186
11029
1722
7861
3033
4063
5528
9651
6146
3040
10433
4060
2508
7311
4303
7288
3732
3589
3355
2001
7942
6822
133
4934
2317
8778
107
4584
7172
10603
3213
1528
10384
7970
5564
781
11034
3246
220
349
3160
7492
6061
9345
6034
4953
2575
293
6118
232
8782
269
4463
172
1952
4039
9626
8308
10162
3291
10648
2672
325
5186
11378
694
10140
1972
2220
7036
8941
10685
10226
88
8210
10289
332
7133
1858
9045
7364
10105
714
8974
3558
9694
8708
6223
11228
3429
324
871
2580
7101
8689
1651
8286
3812
1019
4492
8784
11307
6571
2522
2425
10687
6227
3918
7541
6664
3286
219
5409
5225
2765
3025
6452
8221
5931
6551
4446
3728
8485
10334
5724
1893
3543
3866
12
4376
2433
6506
5353
10254
3696
5258
5413
3658
6878
237
8364
6208
5380
1406
5964
9671
7353
6762
8717
9200
7325
10416
1069
3507
8909
151
1303
8166
10478
10559
6296
8117
9842
697
4313
227
10973
1834
2054
1519
267
10041
5796
8378
7020
3991
275
90
282
3331
193
1437
6950
10452
1352
326
1113
9160
2663
8555
1401
9122
214
9822
9383
10357
186
979
3175
3769
5898
4975
8483
11123
8972
6059
6607
2099
8671
8463
9870
8039
3798
6174
8599
2406
4688
5289
1489
8979
11296
6376
9951
182
6893
9469
1209
6937
391
241
9391
2872
9246
5879
10612
33
3536
622
3146
610
11050
10913
3901
272
2656
4322
6277
1000
10212
2348
7521
2627
6645
3131
1496
7475
265
8091
8802
9927
6235
11249
10316
6231
6811
9523
2019
6470
2910
10432
9574
3968
10937
10581
8842
9437
1721
4803
10572
10252
6114
538
6699
9855
9496
7731
1008
5835
10804
9119
5408
8403
10391
5053
7405
6312
4625
4901
9445
4080
5770
5362
5229
2262
3141
10659
8898
4838
8142
5451
4464
8092
7505
9404
8474
10670
7207
8280
1903
194
9385
8889
145
2309
3659
5527
4006
1830
8267
8696
655
7140
8002
3642
8878
7572
5845
6860
8861
1407
364
8501
8627
7869
853
7458
3581
5282
4421
7449
9798
3977
2860
8136
8732
2341
1800
1232
4867
9419
1149
1056
308
8416
7789
3633
1596
2466
1457
2077
5842
2195
2782
230
4085
6327
3801
10519
6861
8526
6651
10533
318
8086
10461
3878
4987
9565
7958
3873
2916
10939
3470
8527
254
4369
2971
2283
6383
934
2516
4444
8862
10327
9080
10532
5100
1890
2377
1397
7436
6
10618
263
8798
8616
7490
9304
4074
6281
3447
1994
1419
10407
10723
9618
7750
6525
7951
10322
142
7132
139
8887
34
3525
10229
6728
3480
9850
8776
7725
4067
7774
5322
6334
4321
6352
1607
5079
9263
3656
8259
9325
5552
6361
2162
1660
8523
3930
4517
156
9125
732
6172
7018
5616
3819
8699
9882
2090
3523
3082
910
6262
4748
1892
4380
6838
1553
10869
5198
4021
6469
8331
80
9750
7547
5479
1387
5646
3074
987
6237
2939
1757
8455
