8340
6396
8982
1889
3672
6906
4450
3013
3138
7175
1337
2870
6599
3204
2068
2403
10559
6132
10280
225
2744
1424
9591
11132
5464
1818
3803
6520
4979
6767
9697
4812
8628
9013
9343
206
495
2700
4772
4846
10090
11127
6498
6690
703
1128
4030
9252
6940
10316
6877
6445
4018
1906
6837
1367
6562
7007
6136
954
10813
6034
9146
10938
6964
2388
5018
3992
5858
8345
7699
7343
2075
6941
6478
6607
3956
3026
3751
10270
5928
5704
2051
3869
8232
11213
5883
10752
9654
11331
4505
474
10930
6312
10646
3638
3054
5791
4719
4221
8518
6002
8464
5650
1268
6471
7718
4191
10349
4741
5292
2909
266
8588
2283
10660
10
9959
5078
1379
1947
4377
10128
9874
6114
6796
2431
6008
1764
3903
1610
4972
3097
9818
3050
8177
886
7229
3124
4593
5693
3790
5651
11262
905
9721
11150
196
11015
2389
9971
2991
10530
2014
10981
8849
2868
386
1119
2670
9250
4753
9453
5838
7843
7740
2719
4688
7786
10648
9794
8301
9199
7165
1347
4908
8315
903
80
10035
6076
2990
8673
3707
6991
9093
1502
7552
5830
369
2628
7865
2904
10929
10725
6338
3302
5510
9419
2267
1489
6648
10498
8604
7914
5833
3151
4615
4186
1538
1198
10801
3928
10528
9997
6273
1945
6210
6065
8353
9404
3529
750
9271
10747
694
3460
2707
5720
4427
6414
10024
8548
7641
5775
856
4118
8138
3822
9895
1350
9942
6022
10676
99
8002
2961
5505
11024
66
10036
6014
8965
1338
6913
982
4429
6395
7903
2352
10749
3031
7307
4400
5750
6729
9209
10492
3144
1582
9593
8229
10479
7417
10438
3314
1025
6349
3066
2951
2055
5879
4114
1738
5217
7493
10082
9984
2077
2593
9885
9719
2324
8646
4770
9972
9369
10991
8598
2916
8004
217
958
7010
215
9635
7037
11232
7008
262
3472
3669
6223
1844
1203
182
7475
5335
8241
8729
129
8878
10575
7048
6018
8122
7882
10199
4542
6907
9122
10180
5815
1112
11364
3463
5587
5567
3948
2312
8538
4273
232
7357
2081
11041
2907
7966
3761
4112
5933
5082
7919
2915
11280
2932
9853
5843
7731
7544
9014
4163
462
5649
9993
8031
8222
4006
7139
8487
6864
7538
7258
10299
6811
6314
9411
8536
9964
6452
35
3286
7716
8887
6148
1050
4827
78
136
960
6497
10397
10340
8089
8100
10804
6376
10254
1017
7478
2185
7428
11287
2187
10737
470
8336
4945
7034
5387
7916
9970
6432
5937
10950
7518
7959
3744
3114
599
7002
142
6526
7160
8272
10855
7273
9799
1469
625
69
2580
1994
4959
10208
1389
6604
7852
1695
7688
8240
2985
3722
1329
10308
2499
2703
765
759
2435
1677
3810
10723
8685
6529
6870
11249
5763
11018
5716
7499
1142
7658
2120
8420
3700
7709
4332
2513
33
8358
1052
10209
10365
9609
4025
5404
8210
1376
3610
6687
4987
9905
1863
11053
9105
2195
10656
11155
122
1056
3324
5227
10524
292
2192
8060
817
7077
9708
10681
8593
11166
361
2259
8030
9486
2270
2494
10033
9764
8354
1954
11069
5445
9442
456
7492
11299
11355
4187
9681
3398
10674
156
10259
9275
9229
5071
4597
7481
1943
1286
7042
4170
2833
6645
8891
409
5111
8822
607
7841
1011
4918
9793
9050
4238
6139
9562
1126
9186
1749
5734
1049
10865
1657
3023
2076
9304
854
1392
10341
4245
357
6804
9662
9688
11183
1876
7988
1556
579
7488
10120
4921
2067
9102
5490
9178
10770
4545
11023
8280
2561
6479
4728
6155
7523
1620
10466
5006
4048
3392
6480
3354
5837
3346
11351
10240
3727
6401
526
4609
337
10295
11277
10792
2203
972
9902
4237
6294
5653
8833
1770
10347
4396
10275
11038
8409
10610
2627
3533
128
10917
342
1735
763
11375
10741
5814
6878
2501
6490
4039
3347
1897
8183
3352
1483
9619
1907
1031
391
10150
9651
2722
4029
4439
10204
10844
8369
10924
8309
6500
1920
7878
9962
2672
253
3734
8639
3708
10414
2831
11130
8999
2650
11203
167
10292
5749
4713
8099
3245
8334
9162
4625
7777
2040
11019
4754
6068
5073
10426
4125
11250
8111
2272
2924
10169
10219
1776
2521
9826
6552
1834
13
2250
6367
5581
4844
7872
7822
9613
10877
259
805
1752
117
557
11265
1917
9044
5910
9649
7207
3852
10783
2878
10461
10501
8035
3147
148
6782
1106
3729
10786
5916
2767
3177
7362
2497
6678
684
979
8391
2384
10785
3760
8821
3326
7691
8199
776
9268
1627
2426
11370
5365
7005
9296
6521
1103
6683
2773
4533
6926
800
6499
5208
9500
3167
1008
5190
10538
9164
2890
244
10416
10179
9157
8362
8576
10740
7109
2057
663
6310
4418
3980
3643
1671
6360
8251
7579
6513
1868
6828
254
11128
3465
9814
5792
3633
5150
10312
10739
2708
4144
1007
7087
2465
2910
1255
8203
1176
8013
6444
3129
3870
6703
7414
6181
8157
2274
7689
4997
7134
5701
3056
75
145
9789
9577
3069
4023
2856
10570
10425
2995
2369
10827
5682
4276
9141
4788
7449
6775
6212
4992
5767
6756
286
8616
5673
11109
7875
4448
4895
10048
3964
10336
6473
187
2658
9221
9953
7128
10824
10138
9928
8055
8421
5550
11170
10933
8731
7676
8738
5521
5102
6157
4646
2115
1686
10905
11029
5265
10835
5503
2466
325
9753
7637
4444
8703
10657
994
8949
9476
5178
9559
3450
2064
150
10612
5005
2560
8253
6197
5435
3356
3397
2644
7815
1423
4706
1791
7836
11123
2545
4265
6280
6315
7450
5688
1895
1801
10263
9901
4492
3291
9636
8552
2070
1433
9750
2021
1353
2134
7353
5839
5017
6556
3298
3828
5635
549
10330
1121
10195
6788
3627
962
6035
8967
5418
10013
1069
1210
3561
2191
5816
6845
10627
4947
5413
8346
3238
7422
3223
7259
5074
887
10132
2464
10250
5352
5480
3786
11286
1371
2565
4548
7768
1660
3267
3486
4008
5172
2758
10251
7459
1932
7526
1073
7626
1507
290
11141
5531
568
4266
10021
1406
6055
11064
414
1790
5491
3384
10746
3521
9381
9549
3113
2820
4701
8572
6245
6182
8321
7038
1027
10973
1802
11147
2486
868
681
6692
6321
2001
3248
4442
1214
6789
1548
8132
4348
7012
1116
2193
6429
315
8720
8047
775
2010
9735
4729
10268
7697
332
6487
8264
3689
10549
2634
9217
5202
10856
9455
1745
10942
4462
6684
8158
10910
11144
2795
5608
4965
7413
7818
10122
3754
365
3363
3926
3413
8622
7331
1960
6146
10393
10793
826
374
5452
7671
224
6468
10186
564
3830
8882
4160
7757
2680
231
10601
3866
5748
1755
4068
1969
1656
4478
7633
399
137
7020
10391
407
11298
11178
7076
9765
9197
7321
9932
7921
578
5621
4890
733
8895
5686
3299
11173
6203
1788
10136
712
9464
8777
356
9073
10044
1893
2862
6595
4280
6152
10537
10360
4479
1021
8148
677
8701
8015
7713
5568
2216
1304
8974
10874
8097
305
8711
4557
9125
8388
2238
6450
8165
8716
1512
11312
10437
5419
5254
6567
4803
7772
11107
4219
7068
1445
9531
1723
1287
8958
3214
1339
7648
10462
390
2420
299
5570
8434
11195
10516
3345
3145
58
10014
2260
4975
336
5755
5382
708
7719
6535
5738
52
4699
204
6437
5048
311
9167
3093
2622
5868
8310
7976
6924
2457
11235
203
3951
4159
7870
8861
11191
6880
1213
1607
2346
5398
5554
2122
2118
8184
9648
4336
3671
6605
1354
6749
2144
9076
6592
9198
7572
9401
5593
4662
7191
6983
6261
10966
9123
4166
9948
222
899
10137
4083
9837
6843
10016
10682
3873
3557
935
9759
1380
989
3118
10881
1041
9633
3348
1740
10141
1848
2196
57
9129
808
5560
10086
1475
10509
11005
6962
7514
879
864
3818
6072
5807
1913
1095
7484
183
10556
1503
10403
8073
1774
9026
2300
5547
2017
1775
4980
4272
8417
9602
10780
11251
10212
10272
9547
5316
9862
8757
1941
9855
4698
8292
3946
8086
7097
1060
6557
6079
1546
7369
5250
10587
7384
426
296
4572
508
9533
7454
2676
688
10278
6176
2158
4003
7224
3243
11078
3140
4981
6847
3841
8620
9848
9689
6222
9861
10888
9285
1496
1395
26
3269
6094
7767
7190
3665
728
3660
1976
2597
1117
587
1386
6407
3148
5960
1348
790
5911
4849
2301
693
1937
1543
6190
9210
7329
2723
10384
10097
1527
3482
828
745
4330
874
1501
9251
10373
5973
8452
7430
2386
403
3868
7075
5440
9949
2265
160
10600
10584
7302
2737
1234
8471
7245
3562
3078
5999
6154
7261
5079
6374
3300
633
157
3003
6582
1517
6200
1266
825
3040
7632
4285
5153
5806
3962
228
4620
10839
9118
8636
6672
11067
6819
2107
885
1759
6927
119
1190
4583
6798
10386
4932
717
5224
10017
3907
8025
2378
2048
2864
1587
2711
1676
10862
660
3046
11096
2296
10533
8830
10760
9857
1515
10189
9384
5553
10121
4051
4069
10526
5832
10623
8078
11347
9684
1645
306
7866
4639
3227
1961
6411
4491
1431
2262
2886
9490
9859
5225
6857
4661
8235
4761
8976
10532
8697
11106
1033
5633
7314
1042
4897
4074
8675
4077
7678
8225
9049
5612
5291
1135
8674
3877
1562
3696
3036
3079
4158
6328
6820
8472
10901
4691
1950
961
2443
10444
7483
8480
6239
4635
6426
3364
3645
7205
3546
1990
2153
11296
10032
734
9663
7099
1129
2847
5603
1841
9695
4871
6330
7583
413
8463
6781
1948
1092
7211
8814
42
9472
9407
11063
10467
5438
2791
10878
3589
92
5559
3189
3939
7193
9961
6853
10869
5194
2584
9334
9132
2277
127
3331
4308
5028
9717
1528
2201
9243
7548
1662
6558
5648
813
6784
3059
4867
10988
1044
6028
4536
1974
7511
3930
3713
7994
1134
151
2169
558
4307
7280
538
2646
8305
5967
5533
6711
9797
4682
3911
9445
9575
9448
9261
10451
7299
5509
8156
5794
7965
11160
9897
8707
9921
5463
3169
9810
5441
6892
7750
6463
9311
1261
9722
8331
9701
10005
7547
10459
3318
8408
7784
7555
947
1977
4084
9259
575
4608
3994
6297
5410
8672
10937
9607
3502
5803
1149
1057
2947
316
9115
4374
9643
5234
8718
8525
8909
8207
1747
10918
806
9798
9676
10123
9160
8689
9542
6591
3569
2425
8732
6340
9923
3394
7824
9734
5115
197
975
1215
8279
10751
10182
8189
2091
687
5145
4361
1980
5783
2023
1158
3580
2768
9956
11223
4153
10351
5866
173
5355
10906
2199
4967
5191
9998
3084
2589
5168
8260
9400
2387
8133
8376
5842
6603
2604
7541
3878
9402
9720
3308
8805
7399
11153
10644
2368
10875
6832
8327
10557
8550
8066
5406
5676
10453
7901
1359
83
2133
1493
1045
7968
5818
930
1651
7964
4555
4495
10345
505
1482
6938
291
9391
8320
5737
9846
4721
6537
3769
8679
7712
2330
8399
8740
321
84
11336
6259
2183
3833
4103
10074
2479
3316
5057
85
7147
3043
9692
3648
4086
2897
2011
10581
6860
4306
7603
7759
5615
8182
2675
3516
7440
9208
1525
2309
10249
9858
647
571
8666
6736
94
6581
8281
6950
2496
8311
731
9353
10927
658
9007
4232
8859
7568
5891
10008
9091
10440
9092
9034
7436
10687
7129
5466
9652
6041
3613
8403
7052
7123
1589
8102
4923
73
2781
9218
418
4686
8990
2663
6316
2442
2188
2393
6667
8755
6657
10689
4983
8219
11307
5953
10146
7607
240
4475
4734
2679
1432
7629
3538
8565
5793
4757
821
5280
6697
5781
1175
8038
185
1140
6985
5932
1767
10364
3307
3418
6281
7778
3895
2176
5471
3594
131
10002
3686
9582
11093
7114
7306
10635
8034
6855
6566
11227
234
7081
10232
4317
269
404
2519
11230
5851
11316
8175
610
1804
1152
3231
686
1743
2516
5437
10967
4147
11189
7937
7472
5751
7659
6935
7291
91
9244
11009
9579
2662
6976
1681
2293
4855
9454
4658
11051
6835
11002
3176
8862
6939
1539
6241
103
4264
5884
9903
1480
3198
9767
2556
2838
5946
9456
9616
11182
6516
1039
10964
10226
8396
9882
3094
7266
1163
5459
1188
7618
120
11378
5236
2406
3501
2671
3208
10712
9074
2285
2969
7550
6923
9481
3125
10353
4196
7938
9027
10540
2905
3342
9523
5289
5020
7879
2106
11274
1734
10111
8953
4774
5739
8389
1564
9446
3530
10886
6539
7172
3941
3755
4955
7332
10630
6565
6771
3859
7638
608
5262
2783
8838
6061
512
3876
10110
7119
3315
11257
1275
2295
2730
10619
1317
5076
8924
8230
5123
307
10162
11131
8621
8596
8927
7587
7776
1872
6372
4441
7804
1437
5779
2125
7209
4604
11194
5061
9544
2520
9033
9046
10958
8221
322
8234
1269
39
8367
9958
6890
3577
10554
7729
4146
4575
5263
6818
1398
2826
9240
10218
9430
6025
8277
27
3676
5325
258
692
1385
5090
4520
10795
9051
550
2456
2228
1419
3123
8855
7470
3583
3323
11200
5069
3587
2413
8975
8939
1358
1814
3746
931
7016
8502
10333
1449
8664
11044
5372
3914
7415
8640
3509
8357
7760
3
6199
3774
11324
10235
701
5139
9358
471
6457
7725
1375
2325
10455
6097
4654
10346
11104
6527
3160
11301
7575
6067
2551
7157
10831
1982
4190
5023
2131
1782
10422
5457
7326
2362
8108
606
1178
6398
9754
2978
65
11172
2697
8069
7948
5944
5626
545
8195
3471
1800
5268
3467
10572
595
878
279
4072
11369
4100
1852
5100
5849
2997
10064
3143
5723
9541
3807
8511
838
11282
6638
5875
2966
5860
207
10401
8490
5752
1302
7000
7906
5979
8378
2571
100
4263
8233
304
3510
8036
9710
4879
9581
1797
8268
2816
4508
8811
4656
9107
6664
7910
2618
9621
10763
1071
10617
2731
11149
4203
9585
458
5537
10371
239
8404
1047
2105
3037
1460
8735
2340
2090
6861
1511
8961
6577
2027
8560
5764
8048
9397
8932
3439
11020
8874
11354
3420
2823
1544
2824
6382
1668
5257
2716
2727
3033
9851
5845
9748
5552
74
1785
7474
5269
6733
10934
9705
172
6121
359
4993
8153
6572
7958
4062
4313
10428
4692
4602
2827
4549
2197
7281
1674
9951
8922
6834
6232
6674
2568
865
2467
1962
1258
6233
804
1823
869
9399
11034
6192
11076
10794
10153
1055
9483
2836
5328
9843
3780
9104
4116
3682
10599
9484
8170
10478
6464
914
11070
1908
17
10020
3887
87
10953
2661
8549
8438
9120
5237
4278
9361
2682
2288
10679
1855
6434
7410
4130
10366
3456
1113
2455
4630
6088
3027
7513
4321
7086
6866
2776
9986
1323
7396
7984
2852
11133
8
9900
7495
2412
9519
10423
8374
2602
6242
3605
10544
4411
8944
188
1418
8098
8019
1956
6641
9303
2775
4149
278
9624
9605
10873
10718
9041
10323
5989
2667
5356
1123
2542
4128
9785
8702
8857
7070
11099
2541
2028
8630
6116
1263
10359
2119
8937
8250
10629
347
362
3210
8848
4346
3464
9016
2548
2825
9182
6503
672
7199
2396
1094
5968
10985
2019
6237
8505
5322
8775
1549
5428
4379
43
29
6172
5391
8837
8860
4540
4787
4474
4669
9930
722
9035
10766
620
3782
2094
4920
10023
4872
49
8886
3012
3499
7733
6840
10796
7498
10936
641
2341
10030
7039
9200
317
5469
4703
6746
44
10685
5426
485
2578
4943
2736
5564
10304
9150
10820
1362
8124
2887
8714
7264
1504
2222
11003
6501
10139
2247
4543
7780
8062
10546
11110
10433
6785
9452
3960
2694
7981
5275
2320
7971
1240
3820
8123
11208
8343
9512
9747
1388
11247
7813
2616
6978
676
7466
10296
9284
4351
3504
3712
4227
3028
8750
1875
5311
9946
8082
2732
10661
8602
2871
5010
10369
700
4674
3017
0
9043
1023
6377
6083
10104
6636
651
7135
9515
2913
3388
255
3429
226
5148
7535
5892
10541
6027
190
8611
9773
460
6379
4090
1693
3430
6685
7592
4710
8039
5454
1490
6240
725
2031
10926
8080
7476
9700
1887
6134
5997
10489
2174
4085
10307
3191
5478
4020
10606
7179
7344
114
2798
711
9716
8171
10558
4080
6752
6808
10094
9612
10811
741
6589
7853
8020
10730
3203
8278
5717
9835
10350
9045
1356
7082
4809
10420
2747
110
9558
5692
37
6560
10178
3313
2327
195
866
11212
6874
7774
1551
8117
16
6707
4525
6255
38
2333
8742
3253
6021
7706
9277
1351
5323
7108
1935
2331
9774
6112
7351
5644
3558
7080
6098
6011
3236
1321
4050
4613
4621
2603
9847
2972
7825
2920
8983
392
1879
9485
1585
1181
2233
7700
10230
2962
2417
9081
9380
912
1642
8143
521
4426
1417
7525
11081
9508
8733
5966
830
9927
11075
8283
5886
3350
5497
48
10283
7352
2566
5697
1833
9899
11239
3146
2046
9155
4019
3495
8634
5542
5205
7295
5414
2705
7932
1390
9513
1450
9497
15
1890
4974
2506
11303
1226
4790
3732
7257
9821
8951
11192
6750
10848
5777
7254
6793
1154
6467
4467
7093
11325
10040
10124
8888
2787
4087
376
9005
9510
11371
10761
3337
9109
11248
2809
295
1614
6661
7438
5964
5097
2808
1209
884
4877
6836
1746
227
1144
2012
8767
6770
4079
5403
283
9465
116
11346
10068
1643
5919
9021
3547
19
10247
5290
212
8578
5155
174
8526
3075
2544
7339
4296
9824
3427
3432
4845
6366
10282
977
9945
7622
7392
3910
483
10605
8475
8710
8699
1567
2096
9001
1896
1513
6353
4463
7389
3702
8023
8014
9246
5565
4506
9491
8228
10442
8653
2702
6994
1946
1769
3770
9907
5259
9295
6762
1068
2113
6948
9990
7672
7101
10390
11008
4651
10076
6951
191
3991
7573
6292
7340
2712
1328
5625
1127
8298
5183
8896
4004
8181
9383
1295
1005
1704
10000
4585
11140
7011
6593
8125
9737
3897
4392
8788
3918
2013
1853
4644
1553
6010
8176
2433
9136
11218
8380
2508
5395
7746
7973
2045
3630
9466
3254
7319
5451
4917
3901
7334
5007
10144
108
10784
552
3264
4718
10779
2509
5080
2235
3543
4946
4218
6298
5409
3150
1900
9433
4631
4818
3305
152
8898
11222
8943
7939
6128
7744
4534
189
9398
7896
8906
3739
5136
5201
4365
379
270
90
4293
4141
840
5158
4005
10955
314
2695
636
7990
2311
7668
1478
3406
249
1280
6995
4886
1545
10860
849
9255
5213
9347
9066
1397
738
7902
8462
3219
6914
10941
9929
5249
10574
9766
6916
2943
3512
5661
8405
8686
2948
2003
6213
6361
909
340
11221
5599
4259
4464
10675
3879
1442
3977
389
3038
1272
667
9534
9376
7996
2032
8815
4884
2249
7289
8212
3525
1063
1927
10833
5556
967
4075
3717
9567
8140
7206
4031
280
3258
978
9084
2066
1161
1697
11181
4913
8008
911
7104
9282
5575
9394
10078
10322
5757
109
8319
5216
2754
3875
8139
2846
4041
8095
11054
2410
7062
3544
9917
7311
8964
8897
8570
7112
9183
4801
4184
4600
364
7296
1204
9714
774
11146
7145
126
4202
8997
3207
3527
1669
328
1615
8517
8842
2127
751
8276
3673
2709
7096
3476
6033
6448
2343
208
2626
1568
5996
28
2656
10971
40
6037
10519
3659
8451
10117
1441
1003
10009
6169
7909
5624
3670
5854
1015
910
6049
9704
8880
9
9622
264
4842
5302
213
6971
7534
4964
3819
4973
5312
1815
10805
11374
1463
2547
5252
816
62
1537
10777
2073
4369
7132
6904
11014
8255
3408
7432
10348
4747
4252
9703
5571
4355
5846
1640
10789
6622
4305
7055
4562
5728
9740
489
180
93
6024
8457
8166
539
1130
8205
10231
2931
1125
6012
9646
1799
6256
5338
4841
4424
4516
709
6704
11080
2872
7597
1608
4314
6803
2380
3617
6074
2793
4331
8991
9587
9892
5134
10354
4364
4898
7855
11028
8394
5513
5880
6090
7951
2883
7963
995
6931
5229
6461
8011
668
3119
4380
8413
5798
6873
8801
8893
4240
5013
8479
2256
2498
4677
10071
983
3030
5256
6163
6091
236
2363
8469
5982
6433
8042
936
1074
7354
5420
6651
1085
1352
9529
1382
9174
1487
6089
7790
10148
10287
9098
9415
9836
326
8163
6844
3925
5504
7561
9119
4766
8868
5169
1293
548
3131
5526
2429
4454
10806
10677
10883
3733
10597
10107
3383
41
10458
1612
10925
7290
11256
2729
3584
6981
4874
9699
6354
9707
7218
3836
5228
3273
2734
9514
3768
8968
7762
4228
1387
6387
3905
4535
3563
8790
7453
202
1870
4108
963
917
8455
2058
7588
5187
5146
3632
1083
1523
5622
8306
4078
11179
9320
3477
2928
7877
10993
4824
5974
4640
9871
3086
7795
1812
11042
1577
3725
2361
1173
1654
2952
929
795
7228
2219
7510
7892
5060
9751
10879
3967
4737
8445
4304
3762
6961
9566
88
10190
2156
5548
541
10771
10861
4700
7443
8726
1394
2416
7214
2558
250
9263
8535
11329
6569
11289
4880
6357
2977
4302
7057
4421
9495
6369
10398
2955
1572
9096
6958
11066
5597
1726
10062
7275
276
287
10093
10028
8562
1440
11204
5663
4204
4255
980
9344
6327
1454
6454
4182
3801
4180
9914
6231
10109
9313
8635
569
5541
5528
3661
5180
8530
81
4223
5212
4785
7496
9790
7349
2683
1680
1452
5203
1207
9496
690
1500
2633
7722
4404
9375
10018
3793
2600
9982
387
6226
8113
5046
4934
9601
8149
6345
7915
267
3221
6791
9298
9019
3949
289
7771
233
2609
10566
4179
1993
6721
924
9639
6413
4416
10408
1858
10949
1856
1065
2230
3470
6717
8054
6925
4173
8885
7620
4958
5171
11137
9039
3938
5785
1401
7869
5367
7905
6108
10642
1819
10963
9729
5207
6606
11055
9260
143
2411
8385
5646
1051
9589
4577
10131
3564
7628
8637
6150
2639
237
9887
749
2402
4998
736
297
1058
8753
2958
3011
2583
9728
8266
8919
10192
11
6725
10818
4089
2437
2088
11209
4220
2555
1155
7439
7816
7322
5427
10101
1933
3317
10810
5998
1707
8304
318
8488
11050
777
8563
9439
7677
3597
9828
7752
1361
5092
9784
1951
5126
402
8151
10158
368
8204
8091
3815
6477
7288
2294
4067
10762
7696
10758
9475
4423
2865
9866
3843
11339
11259
7471
7091
1761
10419
1239
3303
5133
2234
4425
10417
2866
10116
10067
1080
2470
4207
10512
8134
235
1639
8393
2528
475
9111
6541
609
1072
5690
4675
7975
497
2550
7006
4927
10053
3032
2373
5052
3171
9841
4447
256
3588
1840
2845
7605
10736
6773
7025
3074
7830
9856
8430
1407
1559
1089
2927
2224
6390
2652
11045
532
10823
3864
1684
6831
4333
7265
2099
3361
6810
6194
5795
11031
10567
3426
4988
1690
6637
4319
6658
6425
6659
8027
9884
8987
7434
8793
3636
8784
1271
1702
5495
2062
1153
8665
2926
8787
3688
8704
1218
9910
11366
3606
457
50
1737
7727
7642
8828
3092
8798
220
9387
6719
2598
7655
5819
9626
2610
1594
2441
1104
7201
1732
2255
324
9865
5231
11225
6093
1019
6920
10037
8467
1200
11039
6309
1597
7635
370
4799
2774
9694
2033
98
2938
3570
242
9597
5282
9618
2611
2428
3737
7426
7406
8293
6352
4830
1342
449
8719
1602
7506
4461
533
1297
7743
2786
1246
1557
9537
673
1760
5351
8088
10690
9179
7889
6158
5348
5900
31
3004
10337
5461
10070
2072
7679
4985
1189
6698
2298
3893
772
6069
4807
3395
7645
1878
4949
4037
8287
1673
6205
657
2220
8390
9257
6475
4893
4891
4073
9393
10310
7027
9772
8993
3719
10902
1360
130
2483
6430
1139
6699
4038
9410
7110
2335
6792
8065
8864
2518
2643
5605
4916
2008
3493
8802
2162
5353
6421
6483
4684
9038
2641
3192
8782
5671
6600
4353
3592
9156
8141
5710
7594
6768
9204
9504
6601
7799
10089
416
6275
6802
7898
4135
10236
10173
8466
8045
11116
165
8708
9583
111
4432
11314
10382
10027
1810
5689
7999
3662
6584
4028
11065
6491
1320
3330
9434
3494
9161
8307
4789
797
9037
1229
10289
7242
4109
294
9745
3987
7371
10154
8776
8727
5555
1170
3376
8834
842
8107
10745
10812
5789
2563
10108
8725
6040
4325
9677
5223
5383
7137
453
8167
969
5031
6051
3924
2806
5267
855
5024
784
2876
7542
7241
876
3367
310
3321
3170
1965
8046
4027
10977
4261
2474
530
8670
2395
6019
11328
974
11210
3309
2500
6712
6838
8599
5841
4986
7753
1278
812
10692
5376
644
7986
3067
7447
9813
5116
5192
6216
7944
2863
10995
8921
2485
8150
3109
11086
6631
518
11156
8084
4446
1911
580
11238
4896
8796
5768
5951
8314
2917
7884
7942
7313
10931
1621
8290
6351
10474
7610
7849
6266
3362
11058
14
2655
6885
8523
4183
6761
1883
1936
6170
3239
6459
3848
5773
2721
1369
486
5940
655
928
10143
2861
168
10897
9086
8359
5898
124
1264
6608
4403
11167
6652
10449
10229
2304
10819
1561
8465
2765
837
4517
223
10338
1457
6917
1636
6391
121
7337
6470
6893
767
2210
9137
897
8286
603
5780
263
2232
1716
1099
10535
6077
9011
8381
2276
5472
22
6185
5699
7998
10177
4551
10778
9599
10603
10850
8941
10168
10759
8024
8889
193
11103
10969
10928
919
11278
10286
1648
4415
8349
2128
9364
8236
7051
2794
5889
3771
6078
9163
261
3041
11377
3195
1070
9064
1724
1498
881
6543
8879
1691
3968
8914
169
6676
6278
8743
5443
4579
1905
5001
2041
9939
10176
6047
8651
9996
10045
8985
302
11275
8442
2713
8433
2172
5270
10187
5442
10896
1914
9412
5732
5400
9886
9440
10377
11368
10611
1473
6202
7074
583
5908
2372
2649
10826
5972
6842
6848
9329
1830
7043
10788
11114
9321
5253
2956
7376
9815
4481
9213
4318
5518
3111
3216
5948
7140
3441
7505
3888
1963
3175
138
8237
11228
9287
590
9477
8486
9758
7823
1828
2328
6039
7282
4324
11260
1455
3451
9827
10852
4709
3448
8493
3950
164
7923
9077
4088
247
5444
3952
2714
8723
9572
4568
378
11340
6453
1820
9290
3542
6987
9524
7133
1892
4354
442
179
36
7565
2669
331
8741
7088
3447
158
6630
10667
2860
7608
8049
5583
7557
10719
3183
5958
3328
4061
6876
5992
8155
149
748
285
1182
8432
7714
11224
6629
10379
423
11121
9052
1436
7861
3552
5662
8324
4312
1484
330
2901
86
5667
5515
9594
11102
8190
798
4836
140
7197
3982
1619
6718
7883
4063
4142
10300
2160
1202
6623
4650
4607
10211
9378
198
8863
10255
8497
5104
3880
3466
186
7418
9237
8998
4750
8218
1096
3927
4854
9406
4315
5770
3591
4292
252
7138
8938
2165
8680
4966
2606
3625
6179
1318
8112
3163
9318
4284
8220
10994
5049
1787
8215
7107
706
1519
1443
875
4060
6443
10553
3582
4055
1430
5363
6336
11327
5364
97
159
3228
3393
8412
424
535
2000
5415
46
7222
4327
7962
1087
4438
6937
9228
1467
3101
2944
7021
9629
5318
11246
3986
7015
10202
4009
5350
8426
2642
1952
2147
1322
3232
10217
6385
5412
11079
3624
401
132
6508
5824
5240
7423
3773
1077
1625
30
10711
2999
11157
10041
6161
2126
71
10622
9048
5802
3156
10439
5512
11320
8994
6346
10982
1470
5221
4366
102
10853
5251
10491
4490
4603
1400
5138
10130
2400
2953
901
727
6143
6283
3817
2799
10803
1285
9627
5730
5474
6397
4383
9954
8522
125
11059
8917
9184
6504
1949
10525
7554
1248
7590
5506
4195
319
9657
59
10447
6244
10671
9492
106
5142
10959
2637
4243
8109
3832
8206
437
7460
3213
1842
1451
2103
6368
9342
2748
7581
3536
4948
1843
1466
2724
5197
10244
5432
3246
10857
10133
9349
5976
7293
11006
10233
5672
9727
8418
2522
309
6617
7792
9273
3777
7933
11118
9762
7424
2677
4455
3658
2848
867
8929
9880
10256
2805
8808
6954
7028
5408
1592
4628
2035
3200
221
11100
6587
8071
3266
4244
2059
937
9331
4047
5214
8516
7360
2877
11361
9664
238
3750
8650
8224
10368
10962
61
6431
2780
862
2562
1824
5941
3922
11267
7809
1717
1378
2512
67
6982
7372
6886
9325
377
3507
1730
8072
4393
5248
3723
5825
9080
7811
493
8402
10411
7003
1521
101
9532
2084
9302
11337
4612
9864
1157
3115
793
5897
9660
192
3070
8786
5984
6598
8696
7120
4345
1659
3370
194
5211
8638
11026
3957
10563
7789
1832
478
5449
4778
4733
10161
9623
2841
2359
3275
9166
7593
1370
6646
8533
4226
11268
3453
5035
3196
6109
8693
9565
3921
7634
5184
10604
6252
8217
3846
8873
3988
6977
4172
8722
3188
201
1995
1763
5492
10797
2570
8474
1315
7463
251
10004
1972
3051
3461
11254
68
3490
2524
12
2034
10429
3695
7124
5788
5456
5284
7571
9134
2129
953
4419
3555
7141
1766
7758
1227
11017
8839
3355
8910
3029
5856
8652
3344
10127
6795
9645
8595
4768
1762
288
3534
6038
4976
2251
10961
7324
9365
704
6918
10957
6053
3172
8400
6496
2599
10334
6151
3063
11077
8789
2946
6466
4057
5527
987
1632
3697
3260
9647
4749
2511
11098
1741
5938
2061
4052
4881
10119
5827
4185
6929
4283
10864
871
1115
447
4960
3998
1692
5389
5246
257
4391
56
4430
1236
3757
9220
824
11330
3006
2231
940
10728
1279
4907
4188
2651
8459
1162
5128
9377
5613
5831
10241
9004
3965
1772
1491
831
6282
1984
5276
7198
5034
381
265
9216
7801
8136
2996
9538
5258
5747
2921
939
1959
408
7127
5952
3283
5969
1410
1026
7033
9385
10335
9159
5468
2069
640
4537
5336
7950
9584
922
9555
7972
9768
8528
1136
1408
10569
2376
6573
7239
5107
2733
467
1373
9441
8641
3334
10791
105
1485
10152
205
10592
312
3934
4277
7482
3778
9876
5127
10672
5361
5037
10624
3381
112
10854
7734
9432
10659
7556
659
10825
3787
9842
8489
10900
6578
11201
1748
6124
3718
5674
11357
1355
95
2418
2454
2855
11115
6137
7512
10281
7486
9345
9078
5196
1854
2684
2473
6326
6910
1888
6571
2121
1999
8892
6656
3202
4414
2818
7407
1510
6814
8085
696
5872
7310
10984
9896
8514
5652
10355
2155
8876
8543
7516
8053
680
9435
2108
177
1857
4295
2984
9920
8610
6031
5660
2423
9822
4289
229
6341
7215
6174
3798
3985
5563
4486
3794
5994
10129
10063
3181
2206
10081
4256
965
7338
1809
4260
4833
1495
10911
4129
5388
8524
9800
10156
4814
10080
5670
144
4002
8527
5167
9550
6106
1114
4094
6482
5549
4714
4373
200
1313
6869
9231
3649
9941
2079
732
417
5540
11025
4531
9085
3615
1165
199
7820
932
8840
11162
2097
9671
8989
689
104
781
847
4832
10802
7178
4301
9711
2257
3201
6620
2623
51
6625
2101
9370
11185
3611
9493
10748
3082
5053
4445
3933
155
1675
89
9346
1831
10502
2322
2164
4820
5810
9117
3641
10327
1462
5166
8450
4717
6235
4528
6787
11152
2082
10060
3065
7636
9545
10571
301
9525
8129
7925
7695
6323
7489
8804
4969
11315
11072
8496
1364
5121
6456
4358
5399
9310
6640
3874
2458
4559
6590
6731
2297
9087
4938
7297
9113
7468
1722
10652
7779
11281
10339
2370
4606
3025
11168
8649
10922
45
4164
1768
9668
9870
8633
6334
617
7703
4322
3728
8208
5066
9447
2636
5041
8930
5804
4592
7347
10171
2954
1851
9507
835
5047
1177
3099
1957
7509
10039
7500
10986
4033
7089
10733
5878
1720
7664
9586
3862
6227
5877
642
10105
9264
5769
10142
2963
10871
9363
9340
11242
5765
5991
5431
8913
2543
4996
9913
1303
6358
8936
5666
9187
9611
604
639
10714
9276
10469
5532
2336
2484
3595
4811
8647
4835
5160
7702
9029
7292
934
1588
7893
9222
577
4882
8382
2409
1100
2851
5813
2552
8135
8969
3612
6868
5535
8119
5300
7582
7912
5627
6888
9672
5955
273
5797
1968
3515
7982
5874
3568
72
2763
5245
6724
9904
4504
3634
4176
7131
8449
10893
7325
275
5985
10415
6342
4323
4716
7364
6005
8783
3295
3642
8569
8945
5766
4576
6189
7827
7382
8247
7246
4636
3756
6262
5786
7247
5098
9580
3711
4795
8748
5462
785
1294
2533
942
163
268
9082
9242
1838
7303
8104
63
5784
5334
1310
2480
9777
1326
1124
7328
11300
3788
2348
8057
6229
9379
7728
4864
7253
4408
11270
10197
1186
7456
3850
10432
1600
6375
10832
8037
6822
5179
9806
5629
5380
4586
3185
5029
697
5320
2741
10643
10012
2575
147
1222
8515
6126
5840
9219
1111
2738
6071
3745
146
5636
9595
5903
1777
3716
2005
9258
6568
6247
9878
10038
6506
178
8289
6331
5298
2929
5058
6410
8256
8483
10521
8717
7508
313
7036
7761
4021
2503
5931
11174
6998
5233
10691
5344
1529
4119
8981
175
3912
4786
8261
1212
10589
11111
10680
6257
904
2042
10847
6009
6759
241
2608
4518
10446
9480
7419
10598
6289
7385
7524
9578
7473
7458
8972
4848
2463
170
96
2829
1997
4676
107
9761
3721
7059
2178
5159
6246
9556
1232
3646
7118
4873
6460
8070
1183
6153
7151
373
9012
6
2576
7522
5844
3785
7248
10585
6735
5151
5379
9494
542
3280
1808
9769
77
6458
6118
8416
3940
11043
9778
5799
9957
4806
7184
8780
55
2405
614
9685
4961
10510
218
9569
9458
11365
20
2182
439
6225
4968
8940
7386
2971
4122
1622
350
1757
3851
4805
11288
6486
586
1526
141
1638
3116
345
4633
5390
5370
10487
5222
4299
11214
3112
11135
3019
2374
9459
3581
