10349
4558
2292
6798
4650
878
6468
1118
8565
1297
1969
6443
10832
8498
2737
7229
8416
11249
3403
5343
6129
4827
5613
8494
4895
10230
1278
3170
4997
5569
9708
5845
7762
4130
10104
10052
1017
9174
1979
5648
6029
9601
3286
7759
5363
2195
10286
9959
9098
9488
1042
8142
402
3088
2910
2169
9400
9150
6784
3636
1828
6703
6039
6919
6433
1000
11002
8398
5716
596
6213
10808
1306
10719
6802
4299
3415
4581
7473
5144
1242
6312
3982
483
9964
8342
10189
6237
3532
6382
4880
8652
7784
367
5134
1876
2520
10675
3591
7925
1655
7879
6234
9376
2253
2019
6146
7607
3228
10080
4379
11330
6558
350
7359
2850
10298
3793
9220
10466
5543
8995
6199
3836
5254
1241
7554
8065
9157
1503
3597
4041
6987
570
604
3746
1115
7849
7379
10883
1697
8170
6053
5259
1687
5777
4476
4455
2541
4812
4662
11310
5582
10556
1104
5528
5642
1950
4613
10584
1711
1621
3269
7454
10523
695
7339
4702
548
7634
1897
10076
5944
9870
10847
2600
9762
3171
6589
8369
7659
3986
6502
2726
7568
10527
8651
9214
5440
9340
6143
9972
1782
11130
7107
3236
4030
10924
1657
5749
5381
10533
9957
6685
6847
6954
9681
3921
982
6283
11178
9767
5756
9120
7196
6541
3448
10146
8391
8439
10672
913
11190
2795
7541
7141
2599
8945
9327
9263
7916
2670
8224
8786
11278
9671
4128
10652
8647
2961
4380
2500
3768
808
684
1304
2117
2147
10485
3750
4852
2700
3602
10455
5940
8124
9417
3542
2183
9138
10620
9365
331
9905
4429
4891
3592
6938
10171
8919
11020
9909
7334
5217
10780
8011
4620
3916
1135
2484
3238
5082
5833
6185
2683
7478
7051
777
1011
7588
9019
10169
3198
1872
2512
4636
6675
9923
985
3131
10384
3086
6051
8849
4031
6844
4340
2658
4172
5704
9048
6857
660
2428
10930
639
6752
4777
2897
1936
3874
7866
5755
8305
5853
10630
10750
5505
726
722
7113
10045
2748
1058
10281
9902
5854
3617
2642
5376
7544
6034
919
6232
1445
8778
10754
5160
622
10695
9969
5510
9459
10447
10831
4549
5071
2458
4621
2501
9559
8989
7523
2296
3012
8596
1752
5335
2160
1791
4035
4568
4944
2030
7290
10462
9285
5974
2105
2197
10355
8090
2983
6273
8393
1473
10913
9362
7099
10875
7498
2003
10758
2199
1927
7225
1212
4432
10730
3432
8842
9125
9624
2339
3376
4203
5574
2856
2192
9179
9613
4879
6090
9218
10515
4306
11216
4690
11235
5201
6297
5378
11316
3968
3427
10512
1140
2947
3232
1239
10957
9169
9566
5646
7906
3896
4609
9302
10128
9205
7948
7472
2774
10519
892
574
3284
6910
2234
7679
8680
8893
7049
9821
1418
7716
4677
5128
7395
9813
10795
8119
2622
10414
1489
4260
732
7004
1845
9163
785
778
995
2915
1660
10371
8280
2101
9917
8049
776
6330
2796
9448
1575
3712
10982
5783
10601
6914
2636
4169
1648
10901
5383
4774
7326
8536
1502
7426
7105
6907
8150
862
8200
6735
1103
4112
7729
2608
9589
4195
9399
2721
8015
2256
3408
6521
5879
10972
2847
8928
8139
1362
9374
7244
6557
3891
992
7991
6985
3949
1625
7744
3817
6475
737
3031
6775
9217
5442
3204
10918
7723
7518
5547
8641
9701
1165
8855
7818
495
5955
3187
8163
3419
8402
4489
609
10525
7565
7184
11262
1419
4413
8572
1851
5382
5073
2577
2203
6923
5690
4854
4600
9391
11203
5720
2303
8143
10551
8880
1390
10452
857
4205
590
7021
2781
4177
10544
4265
1548
9324
3656
11162
2013
8055
2443
5211
2656
8072
1646
2386
1686
4646
7476
4945
6137
2114
10179
3952
7231
6459
8555
9184
772
9105
774
9638
357
9837
1993
4296
7736
1559
7253
5280
3129
10823
697
7789
4985
10408
8634
5210
3994
1114
9203
2995
2436
6508
10642
8238
10510
2450
1371
3728
9296
10426
9251
1181
6667
6610
2393
2723
10529
4848
3211
3801
9866
4007
11073
1961
1388
2565
1949
3970
10777
5194
9622
11016
5276
6096
2498
1039
2649
10451
6479
8409
3991
7074
2411
4960
1501
1846
7003
4295
2509
2966
10969
2327
6525
4371
2821
9099
4404
3810
5333
6266
9255
6827
8381
3074
8203
2079
6226
668
8938
9848
8682
8390
1086
10047
9183
5302
5281
2991
2684
4422
5097
10936
2969
3395
7178
1640
6483
8808
4333
8172
569
2651
9865
6652
10108
8990
10853
2605
5538
8219
5559
10162
3179
10535
7793
4122
2363
4842
1673
5203
7594
7827
6390
9334
1392
7763
4864
4938
6336
11116
9167
4896
2718
4074
986
10142
6025
7266
10871
9492
5802
1744
5234
2846
439
3766
11234
1759
9851
10211
9993
7407
10830
10778
9320
747
9952
9328
4146
4706
8444
1844
2073
8936
2654
1818
979
3030
9437
11242
370
2208
2659
3992
4355
3361
4855
9738
7020
7593
5221
1033
1841
4579
11177
5840
7475
6242
3851
9422
4788
4907
8621
9572
6031
3934
6341
10741
536
8784
3470
4221
8277
3829
8556
11156
10397
9555
5598
8014
8462
4688
9914
4424
8722
2672
2533
7039
4651
9523
6280
3866
1768
5231
7691
4025
8031
940
10885
4570
2341
2971
6220
7615
5018
4219
1013
499
10235
6880
7489
5707
8664
10372
8008
10320
3570
3384
7611
7369
1905
10856
455
1720
4637
8205
4243
2084
734
8943
9871
9134
10013
8063
10541
914
9766
9650
10429
7970
2463
4980
2378
7581
366
2948
2975
1469
6450
7821
6537
3054
3214
5919
7484
3309
5841
7942
6216
409
1771
9587
5785
6617
10802
5005
8364
5570
11282
4719
5938
9466
1338
10339
10546
8789
6971
4467
2695
542
9916
11081
9889
4535
2694
6385
3332
9515
9998
5225
9550
9095
10746
1539
9363
9729
5946
2597
11375
7198
2144
10804
6691
9232
10879
7405
5495
4654
2926
2626
9707
6509
9015
8086
7712
8535
4933
2270
9887
339
1500
7133
3964
11149
2825
10606
5792
4008
7441
8898
3695
7402
4278
5268
4446
7224
11251
10288
10587
9984
10130
2288
8249
9735
9716
8385
1693
6834
8291
4972
6480
5316
8834
8475
8861
7193
1914
727
7483
7256
1721
11191
4710
5098
868
1600
2931
9493
6733
3988
9897
11194
5121
5314
6349
5483
4090
9751
8315
8268
1322
6148
2024
5450
7760
1149
9401
2955
4543
9514
11223
922
5116
10974
11364
6414
8530
10444
3666
1369
8334
5438
8666
9618
2919
10251
3334
3901
11054
4676
7573
1210
4448
10977
4658
8791
9765
9276
8340
2480
8951
4628
9343
8233
9007
2555
8798
381
1684
9465
10841
493
1134
8926
1602
3830
9569
9446
5933
5597
3721
1948
3702
1799
5344
1105
3299
5364
5107
11274
1903
8663
5878
3673
2179
9161
9722
887
2277
7812
10295
688
10268
5351
7693
625
1563
10139
5553
8298
8042
1065
10094
2494
8542
3352
1551
6377
6197
1947
9092
10030
1585
4358
8426
793
5298
8886
9507
4797
3450
2255
903
10806
617
1164
8175
4988
8578
8563
4635
8084
467
712
10438
3246
866
9585
1359
6334
6674
2133
4087
2903
6140
9064
1092
5976
10297
3516
6014
1681
4439
6513
1363
8876
7245
8972
9006
4822
6676
10020
2061
6843
8836
10622
1052
8668
11210
8452
1757
6339
1310
9252
6471
2403
10881
7075
10014
9525
4171
7499
9903
10322
2972
4218
8325
416
1965
2091
10941
10623
9419
7126
912
6657
3756
1832
10764
960
4427
9313
1130
7413
10862
11101
4181
989
9271
3521
4470
2331
3680
6736
854
4718
6975
5180
11144
3914
3328
11260
9867
2372
7488
3100
4856
10787
10815
8035
11265
1810
11026
9904
6327
10550
5338
3084
7727
6869
4791
4237
5810
8089
3013
5078
1097
1269
2107
6102
8763
1519
6792
10370
337
5253
10283
9607
9997
1858
1282
1384
1482
3519
5739
8346
2410
2324
7279
7321
9513
5138
1373
2819
973
3144
1098
7678
2121
10613
3763
7495
5550
975
4107
2904
646
4276
10033
1490
7233
5549
4338
3314
2564
5622
10190
8894
2780
10925
6606
6161
1553
2736
4649
7154
4006
6456
5824
1907
3771
4246
3512
3820
1943
3843
2439
661
11261
8421
2675
5599
8801
4586
953
5079
1162
10944
1638
2402
11121
7104
6264
2233
6061
2103
8307
821
2364
6367
6946
6466
4223
8133
1216
9033
4089
9096
1802
5365
8225
9703
5024
6461
9928
5768
3755
8099
1232
11305
9480
9892
5752
8294
6598
6582
10399
11370
8562
3558
9954
4557
781
2831
7549
10382
9027
11115
6396
886
11131
5431
3546
9029
6607
7696
7672
11292
1455
10009
6360
1564
6552
6947
1526
2435
7068
2638
9895
5800
6463
11055
5103
5916
11214
5172
6244
9828
10656
10032
10147
6478
8289
3461
7869
5185
7034
5835
4469
7610
11113
7422
11336
8552
10938
2714
2667
6097
4587
7539
9795
881
1159
10250
1350
9740
6176
4540
6655
8796
8685
978
1743
4326
9785
7428
4057
4086
864
7376
4067
4377
1558
2981
2265
9677
3350
3544
7378
10911
3754
1255
7752
4562
7134
4716
10308
5249
7465
3227
3477
5110
4202
8611
8788
6770
10116
10040
2849
1393
2187
10819
7199
7467
1920
1295
10348
6551
8352
9345
9085
1460
5521
1620
5595
3711
6089
2118
1224
2637
686
6301
8245
11170
1214
4315
8326
2031
1026
1055
5734
7485
8895
6426
2732
9575
6661
7582
7282
5769
3302
6648
10365
9874
1608
1400
9737
3495
7338
8939
7160
3017
10420
3093
427
6482
11111
6432
5509
2782
3788
798
614
2628
2872
6712
11377
1908
6170
6005
7302
5728
817
822
6886
7135
11106
4838
3003
6539
8940
5851
10878
6453
2088
8091
1463
3233
5653
6073
790
6448
6208
939
10659
10818
1977
5391
7474
2566
3873
1610
9996
6112
4390
5781
6401
6781
7349
1302
7383
10961
8246
2134
6485
6871
4021
4537
466
9113
3501
4623
10844
7804
1875
2496
7932
434
9356
6615
2176
937
2000
4949
3941
5080
6931
9691
7367
10090
5846
7915
4947
5708
7291
10060
364
1124
1387
977
10027
5393
3117
613
11100
11128
4790
5567
6964
6580
4923
4308
1763
443
2264
9946
11024
345
6150
1765
10449
10016
8735
3517
4415
9857
814
3502
6721
4323
1466
2099
7384
10793
839
8731
3778
2641
8729
10598
1738
2810
2283
775
5212
5197
3123
2990
6331
2552
3453
9162
10999
527
4766
10589
10567
10109
8534
6995
7903
8783
10219
10201
3557
5334
1716
5693
8354
5512
3254
10236
7027
7190
9971
1072
1592
10833
2598
10964
9020
3345
2794
5633
5148
10418
4049
3751
3153
1226
10687
5388
987
10789
10864
1015
10684
8408
9115
10178
8775
714
6968
1879
4060
9277
3577
7892
10971
7893
6566
7332
4744
4083
2029
6538
1046
6366
2066
6646
5578
1821
786
11044
681
1722
5198
8660
7981
4304
9793
8807
3484
8488
4735
10074
11280
2923
8096
6860
8303
9311
3321
3582
7966
837
6369
6556
4675
3022
7216
7998
4871
1984
2058
4754
2610
10766
9308
7649
9001
1410
6866
871
3832
3185
835
2550
10132
1631
3004
5914
5984
9764
10809
4033
5667
2417
8701
9921
8019
10188
9950
3208
9772
9748
552
9814
10820
8830
1285
7062
7508
11078
7525
4795
1023
4267
3319
5650
8047
2562
5137
6110
9159
3008
9321
9464
10289
1422
9002
11099
6837
8368
9512
512
594
6454
2352
5322
3155
2369
9004
7531
9086
9850
9264
7080
4290
4273
1941
2082
6929
1385
3539
5384
5537
10187
3326
1732
8671
4958
3165
6613
4293
4665
377
7439
6065
6100
5780
6925
3910
3718
3939
5139
4445
10048
5560
2490
2984
6788
11181
9794
7273
5767
11006
1339
3569
10263
4374
6729
2389
11345
11357
1491
2924
4768
3111
4474
6994
7973
10739
9364
5996
794
2876
4190
8885
8361
9627
10299
8004
2836
9519
3307
4728
1543
9453
836
10953
636
3928
5526
9853
8117
5773
2465
7511
1594
4011
6044
1266
3099
2901
2470
1704
8386
5007
6292
10233
3151
4389
4656
5479
9021
2347
3562
3833
2521
8153
6359
4816
10105
4072
8048
5430
4717
1337
3349
4240
6444
5515
4393
4857
7651
6599
6678
1057
7556
4346
9944
2606
4464
9710
10417
10788
7493
6831
9524
2474
8924
2773
6430
603
7344
2067
3029
4191
2905
4454
7986
5733
10023
6345
8070
11160
750
4311
6310
9788
5884
1315
8711
9383
1830
10599
8092
3079
8764
9645
9410
8702
10919
958
1568
1555
6425
11155
3938
6785
11281
3643
7007
10357
8998
1163
3383
2938
11287
7872
10803
1723
4714
9675
10138
9673
7786
4674
4860
7449
4603
7750
7267
8199
1401
5766
4806
9442
6569
3348
5362
6958
5508
6269
6719
6707
5556
6503
6500
5626
8857
3918
2805
6076
6950
8982
5715
7909
9669
4583
1056
10660
9583
3209
7278
4108
7429
2304
8828
8457
8367
7215
5309
393
10275
8483
6374
5115
365
3044
6240
6141
1188
10597
3388
2946
4226
5029
7590
698
1186
2920
4803
1223
5897
5997
8301
2459
9660
6664
1318
7173
5775
7671
3893
7325
6072
9472
1582
2229
10270
6192
3657
11275
8767
7271
6235
6391
9043
8310
6069
356
5406
9699
7683
6434
7015
5686
1280
3704
9646
7971
10255
8519
6711
2395
640
460
3380
2384
3113
4965
4935
2602
11069
8700
7561
9049
8098
4753
8100
4517
8071
11232
7088
5250
9714
5323
5375
10422
1347
7299
10934
3812
4272
8821
6772
9784
9026
2999
5774
676
1902
8292
3722
2251
1077
7168
8235
10336
6959
5935
7920
6128
1634
3835
8606
1171
7109
4747
2049
4964
8455
3169
2647
9951
2609
6749
4504
4898
424
1583
576
8889
6906
1153
9753
10373
10617
10287
7288
530
1127
4516
4523
4252
8405
5270
806
7268
8502
9209
8480
10154
5237
7306
2890
7200
1434
1690
828
2051
7130
10689
3822
8319
8518
9846
3897
4444
8434
7770
4993
10044
1395
5408
8708
869
7451
7188
4129
9295
8442
8109
3555
6318
9222
967
7486
2940
7119
6631
10123
9132
4261
4266
7085
5178
10412
6193
7275
6926
5581
1923
10199
10012
11225
4034
905
3905
5236
7414
11303
4020
10973
2162
5519
8630
1498
4618
909
9261
11017
4496
11222
8256
7504
9647
10165
3559
10874
8670
8689
11061
7242
3950
10699
347
9960
10267
9172
10292
2249
1119
9298
10696
10827
3790
1240
1523
5959
6452
2508
5023
5568
5866
3514
7128
5751
3732
8717
5918
10857
4801
2996
387
9213
1354
5471
2059
2219
3172
1842
5979
1624
11063
2833
7743
2586
6937
9635
2186
5540
3381
5732
5491
7975
9212
10097
10410
7434
8538
8811
6944
1027
3854
10335
3202
7526
5265
6457
3112
10848
10749
6068
6690
6227
1593
3125
7417
8085
4910
11109
6916
10240
2062
4881
10539
6514
9039
5575
3362
4396
5127
11315
1911
9862
3956
9880
11133
4005
6718
2712
2653
7087
9339
2528
8620
11086
8123
7994
7964
8474
6387
7524
9667
4534
7538
8547
4047
998
9864
11368
2815
935
1887
3876
10018
936
1528
2570
7725
8979
3356
2157
4916
2226
651
6018
8449
10993
11299
5356
7929
9884
10300
386
7939
5998
1071
8723
11023
1734
2173
6663
11053
1303
10896
8579
6163
2236
10436
2425
4319
7136
667
7254
1386
10667
7381
5001
10662
1517
6342
6587
4545
2036
349
1510
9076
1258
8306
7626
8639
7331
4159
10632
1044
7592
4884
3658
7033
1932
6173
1378
3739
3631
8868
9763
6376
5502
3936
1229
11166
10624
4452
3472
8156
5660
4918
1382
6132
3167
8514
1924
5603
10888
8839
2507
10612
3390
10070
4625
9717
7645
7079
2042
11217
8710
9504
687
5842
749
6565
6803
6699
3525
2671
543
10713
6603
7852
10440
3316
2272
9380
9210
981
6825
3769
1331
6516
404
4353
2158
5057
4992
8112
1121
8471
2829
1972
6604
4297
359
7669
9907
9567
3398
3067
9381
445
2851
3995
4096
1727
9632
4402
4461
4414
1982
2240
5688
9580
8180
10432
8066
6873
1261
5352
478
7699
9314
7045
7097
3584
9689
4640
5670
3595
4889
7704
566
2440
5292
7028
8922
9024
6828
7295
11045
4604
4757
2434
1396
6848
5207
1976
8887
7179
5839
5336
699
6267
6821
9084
1702
11050
3933
8399
9930
10416
6464
494
558
10143
1173
9397
3762
1487
1364
8802
3985
2486
7514
5291
4423
7532
10483
10558
1154
6892
1049
8293
10064
3965
2580
7720
5090
10017
8077
11077
10252
883
3260
6940
9626
1424
3605
11318
8396
3441
11270
10926
1380
2557
2457
797
3998
865
701
555
9318
4703
7307
8809
10772
1019
8283
3452
8675
6845
7218
3033
7385
3870
1480
5117
3418
918
6344
7642
7281
11150
8140
8838
8088
10296
9046
9072
7191
5760
6855
4142
4539
4698
568
597
9221
10398
5764
2343
4720
4508
3507
1691
5797
10963
2809
7641
3818
4577
10724
1329
10316
3885
620
9544
4861
5240
4968
5636
4184
4584
2676
11344
4366
9901
2682
8754
10122
1937
6527
2886
3699
9267
11300
9496
8787
9769
3272
1839
3143
580
1060
942
8966
5040
10021
9481
10111
997
7392
11041
7430
7371
3355
5838
2072
11212
9136
8451
11051
3697
7148
3912
10855
8082
7905
1855
9962
2852
855
2583
8549
4506
3325
11356
8308
8718
10648
9192
442
8182
10644
1007
3315
9342
3213
5813
1833
3587
5964
693
4872
6346
11323
6172
7466
6049
6570
6397
1607
11197
8161
9685
10626
4686
1572
9780
4039
2811
7239
9384
7638
10933
2644
7372
7855
10798
9899
872
5004
8687
378
888
11347
810
3207
5205
6079
3115
9118
5168
1760
7771
8497
2250
8878
8023
6190
8981
7232
9694
4462
3102
7261
11135
3868
7314
10728
8914
11123
7877
5154
1426
9284
2320
910
8929
7811
10011
6296
10407
6504
2473
3038
10621
6246
2433
477
6725
7419
4737
4953
2467
11267
9547
9361
3046
7875
5235
5591
2907
4312
1005
1294
6038
9201
6756
2730
1788
458
10396
5695
7054
1521
521
7792
3124
1764
3533
3957
5150
6222
7002
3824
1587
6623
6911
5300
7506
9137
5284
2916
3536
2437
4934
9439
4392
5456
2064
1814
8840
10319
4065
7742
11080
546
9605
9982
5761
4373
6773
11008
10244
3530
10259
5257
407
1889
9986
7016
6491
7197
1668
1913
6501
6275
6891
9773
3925
2571
10415
629
2997
4291
4631
10140
3248
9471
3095
587
4849
1554
7468
6636
5931
1999
10811
6629
456
3025
4897
5318
2548
11231
4890
9483
1198
9282
10082
8503
3092
3645
2939
999
6239
8122
1113
9882
8968
3787
10493
10671
3807
4430
7587
11295
9759
8417
8704
11213
11066
5799
4976
5432
4061
9704
2224
374
6934
6495
2191
5889
5605
1676
7247
6413
1152
9454
3877
4682
5159
3303
10439
10261
9920
2155
3413
4633
10253
2734
9582
4301
5531
369
3757
5261
4321
10619
6298
1074
7410
5661
6395
8190
907
10955
6759
3389
10232
10824
3761
10461
2758
7529
6458
1748
4730
7668
7289
1091
8331
6194
3852
8282
8230
7000
3846
3547
6411
3659
5171
8113
1486
4512
2985
11035
10004
8646
8570
10437
2679
663
8460
1840
1663
965
6684
10705
2855
5252
432
7101
8281
8714
2323
11256
8976
4281
6588
9818
11325
3253
700
5196
11065
4569
6888
10792
1705
2708
11239
4050
5246
9847
3523
9651
417
3433
2336
4893
5921
5047
1031
874
11104
6818
11187
8228
3799
1801
7450
6584
7259
1945
1775
3758
4748
3034
4207
8311
6542
3625
5729
1014
713
4833
2697
5412
3926
10000
4463
2047
10572
8961
6010
6067
2716
6257
5883
7462
4196
6863
3036
720
10942
8867
5886
1447
7632
934
6083
7542
10549
5563
550
2478
1717
8492
9456
1376
4270
6977
10994
3670
10736
3011
7112
9623
7882
10127
10928
8550
4741
4518
8616
10458
10213
2174
9501
11349
6169
2511
6094
7816
336
9977
2317
7599
9790
7624
10712
6851
6019
10279
8362
11346
6383
11153
771
5074
5410
8489
6692
3603
1895
1398
10441
9778
414
5652
2122
10516
5095
4765
2483
6155
11028
9349
4331
5251
1785
8944
5312
9654
9061
4959
4027
7597
3229
1449
3798
1001
7778
10905
9375
3716
5342
2035
5027
8720
7183
9484
7822
4684
5208
3201
8155
8748
4079
10310
6671
7509
826
8223
6544
9697
10247
6948
2542
1080
7009
5994
2977
9886
3634
2230
2808
2333
7440
2731
4865
11250
10511
7787
9082
4029
10347
6134
8247
2838
1070
7571
7011
1960
7841
733
4330
1443
9398
10762
2619
7823
7352
6262
7246
3946
10897
3564
10424
9595
829
5875
2245
7572
6151
5803
9609
11025
3065
3911
1666
486
4166
7677
5480
3109
1383
8881
533
4624
1767
1532
7921
4981
6601
9452
2489
3245
8336
9258
1452
5874
3975
8526
1142
1320
7055
5787
10949
8516
3295
6833
5913
2069
928
10718
899
4809
6728
1432
11331
10532
5882
2346
10327
2506
6474
11141
7089
3862
4133
1495
4901
9727
9657
3040
5449
9948
7722
397
4259
8183
2108
8189
5429
2742
2412
11042
9102
5348
4961
3023
4327
2986
10582
2371
5011
6849
7865
11091
9119
5798
9283
10031
3183
10180
3175
545
2338
3444
6016
5837
11259
6011
8314
6790
10569
10801
1677
8604
8171
3672
5649
4182
9705
6024
7521
6055
2544
9602
10002
6106
7806
6221
5747
3145
3648
2623
5856
6878
7891
9331
6131
8891
10681
9961
7562
1132
767
4052
3627
9841
4056
9754
11172
7843
689
5461
6939
10605
10618
10442
8560
2768
8427
3221
2650
8060
5662
10635
3330
4111
6893
11072
8999
7897
2868
2791
7944
10425
5269
489
9830
8837
8220
10886
2046
4524
3147
8397
8290
10148
4383
7620
11167
2159
2588
2115
4845
853
6435
11049
6071
10714
4082
4441
7658
7139
3624
2081
10688
8932
3859
7132
10937
5796
11204
3243
4361
3534
6651
4745
6561
7076
5321
11147
8437
6641
2153
608
2328
7889
1957
4678
7241
6577
6842
6795
10078
949
6935
2677
4004
8438
1209
4418
8975
8846
3588
9309
2413
2865
9146
1051
9477
3082
4668
9347
3924
6486
401
4491
1651
9796
6121
5911
3075
1431
849
1126
5358
7482
9537
5969
9910
557
6727
9044
11369
2499
10528
10479
11218
2862
10692
4305
8599
2824
3342
7604
7550
10161
2873
6187
5697
5451
7258
6927
4576
8949
4325
6372
9260
10825
9166
5504
2040
602
524
2763
9662
6996
7516
4401
6868
8527
11254
7972
10704
6592
5400
9953
1440
7618
7826
1279
564
1747
2442
4862
8477
9350
3006
3594
2701
9531
8146
5743
7012
9110
1956
5399
4442
1010
3819
11324
7591
7799
11173
2028
1475
1848
9942
6321
2094
2468
11034
6165
4882
2206
6835
6158
917
8010
1774
1980
1367
11127
7046
6225
3394
7757
813
5320
5367
4734
7898
1492
10574
9599
8602
403
3848
931
3809
9191
10797
5819
10377
9743
4116
2423
7389
4814
6941
4345
2921
1375
7151
3796
9415
1082
8965
3382
1804
7639
2260
7207
8030
969
5552
8650
4572
5037
3610
9719
10312
1800
8206
11015
9621
10627
8195
1236
10682
7496
3239
8243
4228
4134
10038
8025
423
3907
10459
947
957
9386
2652
6560
8053
5818
7492
471
1834
7976
2705
1430
1256
8818
658
4772
5060
398
2798
7749
5892
9945
6698
7781
4817
2729
9216
4691
4125
5928
6981
2928
1059
1515
2301
10585
2276
383
6098
8412
2126
8129
10054
8001
479
7709
10136
8772
3725
7145
1096
9259
6074
9041
4391
5372
10967
6731
7322
5404
1671
7664
7343
6840
4713
9243
10369
10725
10346
9198
5409
7180
8528
10089
7923
962
3987
5245
11340
3196
10403
10986
3803
5066
641
6210
7272
10854
7308
4109
6200
2275
9695
7364
1450
3960
7124
4520
2922
5125
5206
7702
4160
5738
4141
5188
1504
10581
528
830
1176
4147
9034
5823
3430
2055
1116
2913
9487
8057
1467
5948
5407
390
6529
6789
6672
3615
2368
9925
8287
8022
10492
3515
10771
1099
2008
9489
3894
8974
10909
7093
5289
2404
4369
10333
8909
342
9656
6093
4114
11201
3895
7409
8037
9240
2578
5101
4085
4302
5831
804
504
7513
2426
6473
1674
4450
8732
5136
1753
1274
4946
8864
2070
5757
4585
7997
2563
8097
1047
2820
7347
6568
4592
844
6874
9287
10197
5806
480
2316
10129
9344
7950
2485
595
578
11146
6771
9369
3097
3219
6918
655
10495
8517
2576
1136
7018
3504
9070
5770
1336
7443
2927
2709
11221
10850
5765
2783
9929
7522
7205
9013
1110
5102
2816
4931
9591
7990
4135
1307
644
5960
11301
6777
7137
6012
9639
8758
1293
8874
3041
8327
3262
5389
7328
6595
5478
3969
4023
1707
2502
11247
10935
11257
2454
1111
7036
11372
10761
4805
10487
11088
5118
7958
10081
4238
7053
8479
6316
9078
2696
1780
9103
4003
800
5457
2285
9290
9958
5658
5035
5868
6259
5830
5843
7114
7579
5458
2045
3499
2518
9108
7622
10035
1433
10137
8184
2766
7264
6877
2340
1012
3785
7551
9494
3641
9652
3869
1708
11096
2522
3463
1220
7741
3163
7357
1596
5672
9104
2014
7120
4188
4028
6951
3177
5229
795
6763
4088
11059
8525
9393
4068
2951
3967
11195
340
491
10174
2584
2834
7505
10553
3181
2185
5223
10334
5202
7824
5255
9810
2054
3777
8464
9747
9720
4285
3465
9111
2917
765
2418
10086
9122
1123
4969
10917
5535
11230
4927
1654
6314
4419
3613
7490
2274
10865
5583
10814
7768
333
11351
2146
2524
5627
3633
5939
2161
10226
10948
1147
10703
9156
5414
8132
5192
3043
8107
5046
5977
3903
9843
4144
4602
5503
2513
3669
8776
1689
11013
7214
10603
8466
8343
1389
3482
5058
1560
2220
2298
10745
11248
11354
9238
8463
2823
1161
5564
3696
7118
3733
9878
473
5052
8862
10861
5179
10364
4018
3661
825
7255
8610
9455
10341
3689
1100
1068
8465
4796
7685
5794
6174
8069
3258
8345
5968
10117
8859
1025
1222
4661
6689
5233
1286
4659
4388
9038
770
2900
2222
9486
1003
2218
10988
2603
5807
6177
2497
2405
6793
3927
4180
7481
4639
9200
10674
1959
7129
5420
8481
6357
1073
805
11320
2660
8222
5873
470
5158
1931
8376
10360
8879
9885
7933
3606
1745
10810
2954
10950
10570
10813
8394
5644
8136
8045
7608
10036
2719
831
6917
9280
2294
10526
7719
9990
2295
379
10639
7758
4536
8822
6268
9926
10610
9278
4362
5311
1996
1995
586
2164
7996
10816
11338
7263
3717
7820
2238
5801
6145
659
2348
6328
4948
9107
8860
1843
10566
7840
9403
1662
5000
4185
5737
5214
2877
1178
10805
4187
1588
435
954
5497
9824
4094
1589
7297
5571
9014
9195
5607
2560
8593
10524
7795
4778
1954
5076
6021
4615
10914
5999
4514
633
6496
6081
1577
3116
8636
6812
4411
5256
6762
6593
7010
11140
3378
904
6724
8134
11018
3977
9005
847
5985
5788
2172
5692
10167
3737
10446
1675
9312
1777
1546
10985
7713
6338
11179
1847
4830
2235
2228
10340
10067
4984
7311
6838
8413
6008
4447
8217
7731
7547
1273
9329
5142
9734
2884
8013
1358
5350
2387
6406
8815
5542
1342
7337
2549
4194
8755
6526
11277
1812
4844
8649
9093
8286
3110
725
2885
3580
3713
4607
4877
9558
9236
7801
3682
5428
10005
5166
4978
6659
7552
8742
7037
2355
7043
583
9643
5730
9672
5028
8658
10209
4399
4525
4153
10176
9091
6352
2300
10939
8644
1852
6114
6498
9941
6223
1263
4750
8673
7861
6229
4846
930
3451
1356
6861
4711
10740
10208
2932
10093
2257
10469
3980
3420
672
6241
7110
1129
10499
10786
11335
7460
3466
10540
3951
2156
10826
497
8359
4542
8501
10368
1155
11038
9288
1755
677
1328
10101
10877
7965
11355
8236
7836
5469
10177
10433
1252
9035
8991
7728
4998
3676
8841
10690
11365
8275
924
4819
4303
10311
8738
10634
5731
6157
3729
2388
2322
362
9229
3480
3720
8790
3346
541
10069
8899
10509
718
2589
3421
2883
6813
1470
6687
1527
5663
4502
8229
10152
5937
4937
673
7293
4873
2032
1248
8635
11005
11366
9683
7201
9578
8204
2106
8533
11288
812
929
5419
5558
10835
9858
738
4799
3727
10218
9933
11268
4314
4332
9325
4749
4548
2845
9956
6484
7896
9310
8727
5910
591
963
5262
10852
10350
10796
7555
5669
7583
9611
6630
7628
10411
2125
7453
3050
6082
5891
4531
8511
2113
911
10637
11064
10733
3298
395
2445
657
11093
3037
5183
9234
11326
8653
2906
8824
6581
6520
7070
421
10783
6037
6497
1423
1172
8777
1008
10751
5701
2878
2724
426
6002
9257
10726
1994
7847
9080
4245
2119
9469
1609
642
1639
711
3367
10202
10927
7423
5828
1157
9141
6732
9534
8505
8598
3783
6608
7813
5608
2539
532
9676
3032
7700
8324
9385
6092
1549
5398
6677
2420
9861
7243
5699
867
2887
4118
10716
4943
8937
7740
6375
731
8548
10195
607
6410
1326
3460
1642
5789
9303
5877
9244
1355
5452
5100
8740
9379
3439
4051
8208
2616
1857
11327
4264
9335
10173
6590
584
1695
2330
6047
3561
3344
3282
703
7500
1317
538
457
1935
505
1144
6467
6048
3275
7984
11374
10747
1659
10249
1893
9112
11341
5836
8304
9700
5390
10107
2262
8707
11313
6757
6991
2180
8622
4673
11283
1203
11103
9182
1901
5639
7761
10554
3101
6543
5587
1557
9619
9404
9804
9485
9337
9204
8543
1323
10647
1827
5402
4486
9989
1724
1951
6876
3118
10475
10216
6881
4479
6204
5285
10210
4158
9199
2864
6982
5617
8158
3630
9797
8576
7294
1544
1512
5282
1493
6233
1726
9900
5445
6059
5815
5827
2027
8633
7910
2519
8039
4859
10785
8309
1974
6768
3948
6139
4282
1761
8232
11206
8969
3070
7629
5908
3406
2685
7724
6546
8108
3189
8264
6499
3241
7999
4533
7042
3324
5951
11246
1997
7222
5395
6309
408
4026
7695
8321
11112
1709
1083
7600
9761
3589
6488
5454
9219
6077
563
3887
2593
1481
1561
3195
5439
9774
1856
8522
2545
7406
2127
10354
10670
4084
9074
5717
7206
4062
7211
9927
2662
5791
11098
2231
4559
3828
5222
944
8270
10685
6978
8833
1525
2181
10501
6437
5048
8278
7471
2561
539
2057
7022
8403
2210
3447
2455
3612
4473
8095
10401
1175
10958
1740
5532
6078
840
7354
2722
6153
9581
2633
3467
1562
5151
3150
510
5989
9966
884
3267
2178
8279
1089
10784
6091
9432
3795
1643
6154
10034
5929
921
11102
2068
4986
10536
5533
9412
8697
10959
5554
994
11183
4163
4307
4547
8743
4841
7637
10338
6567
6108
8888
2075
6136
10763
5104
8353
2311
9253
7703
10720
4119
10039
3961
11009
8696
5387
5860
2547
6870
1741
8034
4095
9633
8046
4408
10962
9500
4979
9433
6427
5710
6638
7884
8588
9435
3377
7603
2376
9346
10237
9554
3524
1483
5932
8627
5006
8892
10680
3554
10062
6633
7404
2827
8524
2374
6469
9430
8240
1946
8716
6033
1182
7057
5513
8260
3148
2041
4492
10571
2431
6205
4428
2359
4917
8166
7377
3543
3210
10873
4991
683
8469
2380
6255
10679
3922
10185
3223
9131
1854
5750
8036
7165
4853
9728
7697
11145
9949
8487
8167
823
2076
10141
9876
3203
2706
2479
8600
8102
5679
4425
1218
2793
5049
3642
3313
1751
5849
3119
7458
3140
2466
9087
4987
6622
5228
9037
3358
4913
11298
5865
3266
7737
1106
3611
11192
4183
8215
7938
4298
8693
9370
6202
2232
3019
6750
6438
6540
5804
10464
5155
6809
1454
8078
3114
9758
4376
5615
3393
3176
8715
1343
4351
11238
2023
4832
2120
3930
2001
8128
6960
3808
728
5186
3660
4667
8254
8523
9235
4255
690
10068
2400
6713
10887
8564
3069
4867
4701
875
8148
9440
7077
11039
4123
4232
9237
8080
6212
10521
462
2132
9011
1202
6436
8678
9842
5905
1442
6578
6637
4785
4002
1408
6460
4875
3637
10063
464
4317
9358
2799
9116
3744
571
5779
4284
4100
7510
1725
4630
3300
6315
10386
5169
1762
2396
10041
9579
2216
