170
229
17
164
98
284
252
140
5
233
139
53
154
214
324
322
267
273
92
300
74
311
96
205
210
329
186
247
261
124
79
320
55
251
117
63
145
285
108
326
297
200
113
49
211
99
254
281
16
237
172
219
235
75
296
42
18
144
259
272
202
277
149
23
319
166
292
103
291
266
315
216
137
110
175
8
312
243
218
275
192
231
31
249
51
43
295
201
21
148
330
56
86
107
306
34
308
318
168
161
182
80
191
206
304
248
317
122
26
293
241
263
265
91
132
48
115
35
130
12
282
207
45
230
116
69
158
242
183
256
173
104
213
165
1
316
131
178
250
152
220
209
288
271
4
106
289
133
126
302
138
278
280
287
171
52
40
15
223
321
303
59
141
90
217
314
208
121
195
109
227
10
328
310
61
13
72
14
87
162
111
67
279
184
283
179
3
25
47
174
27
240
128
147
194
286
82
188
84
323
127
198
232
68
212
146
85
222
100
239
294
224
29
309
30
204
143
190
150
325
41
234
36
228
76
169
118
64
2
197
44
83
298
105
305
73
253
221
114
66
101
78
226
142
245
153
177
193
181
260
157
151
257
290
58
262
19
7
24
39
258
135
102
313
159
