8918
10617
10749
7467
4533
8400
10086
7199
1496
8421
9199
107
4345
5430
4072
7840
3493
7659
5835
7891
65
10371
10632
613
8047
2541
1350
4931
11316
3241
3946
3027
2440
5127
1410
9446
413
1256
9743
2029
49
10647
10911
95
2295
8237
7499
3605
7383
1010
10657
9267
11113
10209
2340
4891
5402
5341
10304
9759
8953
8714
6010
5116
661
9931
2117
313
2847
8518
7962
878
10719
1485
7175
3502
2066
6781
1857
1149
3577
193
10974
6048
3117
3796
4006
795
793
9866
901
3515
3355
7299
8958
10140
7712
2179
7478
8490
1263
7572
10699
6711
6608
5046
7321
9824
6916
8704
373
10009
3866
6151
58
10795
6641
4133
7725
1528
4659
293
2866
947
4855
368
8132
2683
1711
2951
9952
10428
1519
3994
3043
7742
5968
5407
3267
2021
5743
7786
7439
4709
6205
704
9340
10078
26
9835
3799
6885
9156
2251
1072
4486
1655
7753
8467
11153
4754
7638
9098
5658
59
5608
8726
9172
7629
1486
9692
1484
6124
10047
10538
8897
6848
2250
10803
5558
4203
4832
2563
11072
7903
9452
2486
9612
9310
2791
5052
8298
6892
9240
7634
4770
7761
6478
3916
10398
8466
8149
1302
5702
1610
6345
564
11111
2701
4807
10168
3630
5261
8979
4733
11103
524
8549
8240
3434
7273
8675
9858
4454
7622
1531
1863
10833
8096
9602
7441
10861
11017
9929
2836
3118
2966
5724
1450
6526
7086
840
2642
10393
10411
4122
10082
9675
8969
7070
477
9237
3179
150
28
7258
10797
5013
11144
10944
473
9529
1467
8798
10300
596
8166
1521
9515
7132
2178
8719
4617
186
7505
4799
10219
4502
1155
2406
9843
9433
1441
6239
4184
1397
8889
1943
3699
9853
3766
7381
11114
11132
3308
5017
842
3768
10950
6427
9850
876
6582
733
10142
2805
8349
39
2441
6757
6475
3760
6577
8910
219
8791
1074
2218
1890
6321
8260
3975
2389
1114
6490
6976
5939
7741
290
7314
3318
10021
369
7419
2174
1392
3321
10813
549
6436
7104
3254
282
2240
895
7514
284
10467
4528
8426
397
7568
981
9104
5666
5300
2368
6958
1532
418
8199
2995
2327
1026
8176
9537
7399
312
5320
4265
1207
7127
866
8038
103
9910
995
4836
6323
6431
6604
4849
4365
5418
4112
9565
4220
283
4364
5435
4699
4609
9794
11054
7551
9578
339
3451
7999
6804
8516
1734
1662
105
2405
10090
226
8049
112
8804
4353
7541
775
7130
9710
4029
2464
2302
333
270
9772
5367
7
614
3539
6488
4285
9673
10350
10897
3956
5079
7229
9534
2983
5198
2663
10582
4729
10368
6881
8184
10886
3532
4413
1597
8894
3737
3787
9337
10372
800
7524
5459
292
5404
3544
4086
4932
6983
287
3527
2128
207
10396
11006
9453
2978
8306
4969
6140
9099
9321
5921
961
9228
8514
8036
6326
201
1050
10252
2533
2679
11162
5624
4078
10237
2323
5133
5635
10493
1142
3960
11080
7243
2901
5964
8671
24
2794
828
785
6298
6498
5518
8814
7459
3895
738
8019
10213
5933
4937
8837
2731
1469
3754
2067
1315
9577
940
7583
4623
6809
6768
2146
10662
10249
6502
9748
7424
6204
1014
3670
4048
508
4921
6208
9926
6873
2423
5695
1517
1527
7944
5688
867
1367
9966
10109
810
5265
10101
166
7303
2114
4938
2635
1620
9921
5082
4692
1951
6229
9701
11200
5669
3314
7550
2127
9244
937
2277
2249
11307
2587
5535
202
5193
10179
9353
5671
9002
7547
8778
10532
7552
11098
11191
11110
10319
1170
10335
7329
1727
1394
1417
3807
9887
3017
6992
3846
6727
1264
5066
5011
9362
10798
4587
5110
577
247
4423
2490
644
8397
5298
766
9648
9878
5777
8182
3232
8576
5393
10993
7869
7882
2434
6278
8170
8913
4280
9488
9377
6818
10167
3207
9579
999
2031
3444
7812
40
8261
4
215
4908
8782
9384
1692
11257
8993
1680
10969
5236
6177
3595
9268
7242
10334
9784
8368
1965
11373
2671
5251
11214
5806
3236
9885
10218
6232
7639
6482
6508
695
4640
7744
998
8433
2991
3903
8733
6717
286
5429
2568
11135
6845
6946
7259
2821
4690
127
2309
5160
5190
8579
479
784
10386
5334
10261
5439
6359
8090
5991
7901
2380
1087
1336
1008
8828
2331
9201
8926
2810
8279
824
5595
1738
9538
10887
3708
4108
3495
4624
9475
3769
2149
1999
9456
1640
10281
5612
8939
4340
1821
9836
10272
6145
6588
3980
3280
3864
5512
9773
1843
7248
1746
11157
7129
6301
8863
6996
1275
8741
4109
5783
1246
1154
4774
2470
4872
5770
7482
1331
2653
34
8389
2301
2543
2335
737
7959
328
3636
4240
4277
1643
7594
972
3732
10229
9790
7404
1624
9458
11034
3029
9257
5828
7645
3181
6468
3926
2826
6821
2229
10656
8764
4132
11064
216
897
3524
7916
3660
1455
8459
583
3938
8013
8065
1908
6642
5257
2697
5452
11289
10008
11265
2855
11270
3325
9903
1461
1131
10528
2186
2905
10612
5454
183
2602
8035
3991
8155
2939
6836
5049
5784
856
3398
2985
7205
823
9719
1342
1322
4790
9953
512
8893
794
10014
8515
7454
11053
4408
2811
4479
2549
5092
9383
7406
8023
712
164
9029
5969
6790
4194
2734
10825
2754
2489
6375
66
10117
9198
9591
1268
831
3384
5128
7180
1503
2500
11020
10748
8753
8776
7409
7610
6663
2387
7508
8475
7443
8873
9572
10791
2010
9605
853
10474
9078
155
2655
7222
1790
3656
1125
3201
2589
2224
5253
8713
6227
5312
2439
2324
8362
5992
2969
10804
10557
4422
8073
7460
928
8494
5846
4613
2834
7688
1765
696
5873
9164
10169
10004
8325
8481
8206
7976
4576
10771
3044
6247
2076
10681
9184
3227
4034
6161
7093
6106
408
4075
56
7824
1707
4135
1279
5361
9192
2626
4301
6860
2003
1163
9287
11349
7765
8502
10038
7183
9275
9876
8212
146
629
4307
4151
5508
10754
5159
5882
8314
3603
4019
3123
7702
4111
8238
563
10824
10418
392
11116
8359
6762
7448
3125
3112
195
6561
5824
9745
6366
1135
2105
10763
4020
2164
4170
8430
11315
9112
326
7938
7246
70
7988
6039
6383
2716
4675
5663
1663
5282
5111
4917
1383
5527
10323
4865
7518
8343
6541
149
6169
6379
1100
4581
128
7847
8597
8606
787
3011
7483
7998
7201
3720
7603
9313
7538
9777
4777
11326
5787
10255
7232
727
8963
8638
5229
8256
8380
9762
3148
5353
4637
6685
11217
2938
1526
3519
2604
9464
10613
9619
4358
3465
1708
9103
223
10716
9780
5547
8822
5290
4884
3059
10412
10762
1083
2372
4114
2425
5355
8307
3337
2133
4118
4153
6269
6118
6724
7781
11015
1855
5388
883
1209
7490
2560
1513
3198
4976
2736
985
7009
5877
1609
6620
2947
6078
5275
5172
8717
10905
8647
3350
4986
7958
11167
3484
8732
2435
5155
2377
5495
4972
1853
8243
5184
6221
11038
3624
5989
248
6820
11371
1801
10461
5197
6340
5406
6282
606
11232
302
4852
9946
1900
9263
1429
4512
8639
708
6814
7346
4711
599
5146
7855
4741
192
6721
9586
6888
5212
9932
6661
6061
7897
545
7337
7884
5375
4573
8505
2806
3421
1627
8100
3266
10603
8780
2588
11044
11323
109
9214
6684
11137
7265
3
5255
10815
2647
1594
6793
10423
8320
9795
4745
6369
2054
7059
10017
8275
3545
5549
3456
9657
117
688
8161
3808
7759
4827
5256
4547
9314
2709
7548
6844
6275
10295
7247
8381
3477
9302
4557
7215
636
3328
1858
9678
7292
8528
9916
1932
1011
2916
722
4439
3957
8738
10585
4163
8386
9163
3402
1544
5747
7113
9125
9342
2703
3717
3648
854
1432
4186
625
3326
214
11327
10403
4060
7475
377
386
1213
138
5583
5621
8241
9943
10263
10913
5591
9346
7428
2032
4496
3405
1674
1046
6788
277
4953
8408
7006
3189
1747
6121
230
2421
3037
2396
6763
9443
1139
4668
6199
8519
1780
10637
10835
1551
7154
6377
8562
6480
8291
1287
1847
7994
6387
296
8924
9846
10725
2669
3940
10283
6985
3013
8399
11350
5041
2872
3388
2766
393
8465
4141
6656
10270
1558
7724
8754
401
10737
1396
4518
2012
2023
4959
1580
9865
4555
1575
8304
3810
7429
4897
9455
2917
1457
2682
38
7233
10544
7830
9541
744
8451
321
5857
1917
1426
1669
5837
3530
7734
10856
172
9122
6543
9397
597
8210
7772
5214
7914
10874
7080
10751
7651
1047
1800
1504
11189
5651
1306
10934
7147
1307
6173
10648
4856
10854
4710
3529
4181
1422
8700
4961
64
1060
7021
7470
7624
3419
4658
6185
6491
7489
1956
8223
8276
10048
299
10684
7872
1907
3925
10902
8640
6825
9941
4728
7806
4177
7196
2073
5268
6454
53
6640
2028
11274
9378
9559
6091
11209
6496
3891
9155
931
11031
1025
9651
1585
7982
3661
10823
7637
594
9281
1961
1400
4298
8134
9622
9822
4720
7879
9905
1593
7082
8682
8593
2346
6914
10475
4074
7140
10511
4650
6294
8896
4327
4749
6022
6245
8165
10839
6777
6538
11152
6011
6683
345
595
11301
324
403
8680
6812
8218
9495
667
2887
7272
8156
5103
462
10176
2707
2484
7604
6021
6234
530
7107
8775
7611
1473
718
9806
2706
5289
6033
329
734
8352
8838
1791
2873
10131
814
6598
7434
18
1763
2320
3110
9141
4362
8062
11091
8876
10634
5952
604
11197
2518
2436
5810
458
383
8418
2672
252
3686
6407
4326
2055
2107
3364
11204
4096
8715
2362
8990
4525
4481
3019
10929
4492
4797
437
11330
1463
3101
8150
5358
6193
3802
4677
5792
5224
231
7101
3950
2410
2636
10122
4838
8046
3563
6069
8947
1845
9933
2667
11263
8674
2516
131
5910
10499
5763
11104
1454
1007
9020
3361
1077
2404
3033
7141
295
6141
3969
6382
402
6090
686
7909
1691
8783
4661
5442
11007
6950
3461
8147
2841
687
31
491
872
1234
11055
9914
10119
11268
6318
2846
4292
9212
7562
6469
8374
8236
11101
4331
9209
9767
6398
9917
9246
7239
9920
5801
5626
639
2235
2081
4927
1273
5016
5136
7396
10180
9896
7484
337
10071
1529
1772
82
4535
10253
5231
7110
5793
7565
4534
2606
8042
8398
10711
9996
275
5775
4786
2494
10210
432
7746
1482
10399
2374
1094
10627
2417
3022
4289
3828
7367
11227
8037
4602
10278
10354
4195
5137
4293
3707
9814
9613
8849
11100
455
5234
5701
2395
3482
3415
10235
2048
7402
10453
10020
6968
9789
5959
11337
6237
308
6135
7322
1227
2638
4796
7275
4734
10024
849
8686
2713
6479
5285
4981
6094
257
4955
6886
2850
110
5309
2275
1229
4252
8536
10549
7727
9647
134
3332
9403
9358
659
10830
10733
7015
4444
7597
633
4428
10034
8353
6433
1830
7592
8250
7352
1657
4445
4027
5548
8136
318
3758
2094
3298
3733
10529
2856
10016
6810
390
6296
3426
2247
6924
11325
10420
68
2862
3970
3291
1709
4026
3836
6907
5996
526
6623
4158
7079
2610
404
4056
994
1182
8895
5581
7878
1313
4448
5338
1274
2498
9961
7843
3751
6792
4090
7516
741
3153
4276
43
6342
8888
3700
2300
8321
6249
139
4062
2483
10452
1852
7077
8133
9480
7532
7438
7703
1815
8879
6223
4107
0
3376
2303
1770
4886
5559
9048
9837
6474
175
3830
9271
6438
4333
2522
10667
3124
10286
9514
1490
6898
5444
8936
1371
2885
8140
391
4748
8862
2562
11173
1286
3273
8039
1844
8072
148
4766
4570
6843
6172
6157
510
2650
10967
591
6542
8965
10002
10076
8125
10661
2339
10267
5343
5389
4411
2153
10018
5125
8251
2618
5905
2718
5648
47
6210
10949
2283
9379
366
10190
7539
6471
2727
2919
1055
7587
8434
1161
2096
389
2160
9260
2196
4219
1177
5171
11075
5816
1702
1012
1128
6116
10540
9218
2986
3794
10893
11222
471
10370
10287
10577
9923
4267
9091
4383
765
67
6535
8693
8530
9763
5798
4246
2680
3460
4548
3788
199
6016
10345
9542
4404
4052
683
10558
6019
6065
4304
7319
6349
2049
2973
5336
8229
8538
2412
9900
10384
6027
11357
9584
9550
7498
190
6954
9554
8354
11081
9960
6981
8967
6049
1171
786
7626
9328
2169
684
888
8010
3888
4569
2643
10786
11008
2903
5351
8653
4620
4818
4077
10464
5047
8173
8281
5553
4403
5276
2953
4018
693
4966
5134
7331
320
2583
680
8767
6264
11166
8839
5365
11210
3082
2550
6463
5972
2316
3671
4874
1379
5951
6771
6216
857
7779
9123
7676
10566
10826
6920
2155
10626
3466
1378
5415
4795
8234
5024
2403
1310
6521
3102
6904
9939
5678
9034
6397
9471
7493
6503
7789
9107
7149
6277
44
774
3367
5350
3476
42
9545
1178
5131
8278
1762
439
1000
6772
7198
3349
9110
272
11318
1950
536
698
5831
1540
126
8841
4068
4256
9016
8964
11035
8277
6566
2723
1976
9439
5245
8088
9964
3031
7719
10957
4191
5145
2260
3782
8071
9765
8525
9895
7200
8550
3523
5689
5670
10761
1608
7506
10462
10331
1470
10104
4973
905
3305
8927
2793
9109
3221
3611
7997
6430
5194
7297
11088
4190
4819
10635
10199
10533
5403
7965
579
11275
1369
11070
7209
2159
10288
2685
1433
611
5796
6746
5188
1498
2892
6197
919
9830
6605
10080
6187
4945
732
6114
7793
8410
8391
5185
9014
5314
4123
1091
2886
5768
3323
7915
9667
527
6565
2738
114
3613
11019
11118
4402
1222
8708
2958
8818
6652
1220
2511
80
839
10691
568
2737
9566
5100
4597
8469
11288
9234
4147
1717
115
249
3851
4984
6977
2203
10844
6819
3211
11018
9182
3253
8802
10240
8941
4787
1
4678
4934
5378
6731
1539
11296
37
5800
3672
8630
1723
10605
3145
9857
100
1682
9533
9308
10759
5479
7016
2861
7053
3739
9437
9066
2285
10676
9167
5884
7600
4463
8696
9589
5398
3570
9690
9626
1924
3448
3175
11224
7706
1810
7011
8906
8476
8142
5222
5381
2047
1215
3625
5886
4427
8670
10153
10156
1689
1592
10060
10919
11009
1636
3763
1752
6911
1937
3793
10436
6689
8974
9166
8189
5010
3026
4824
3187
8763
5883
4537
7579
6281
1069
178
2274
9758
3748
957
5166
602
6677
108
2058
10081
2584
10948
8673
1799
7007
8633
9324
9369
5919
871
522
7476
1766
5720
2465
11123
10162
9510
7575
10730
7450
7288
2513
2181
6941
6855
6401
1619
1868
2185
4311
4063
6659
5502
8917
9415
2641
3610
4996
9848
3264
7193
7377
7714
5872
11182
2962
2236
2257
6339
1887
10812
5795
2220
6165
11354
6241
6697
5186
2639
4615
5399
5040
5144
7405
10314
5752
6501
9493
975
4577
4867
1725
9343
1923
9671
4478
3447
2878
7002
8652
3100
9851
8569
5118
2418
7462
5765
8966
4183
5973
7991
3231
10914
8253
241
5804
1347
8063
5564
647
4719
2478
4747
2575
8020
9669
6947
10105
7672
133
4244
4551
7085
1460
9129
1675
2061
10659
9785
10509
6849
5602
10604
7826
1948
7407
6651
5249
8650
8627
1587
7898
10878
4933
342
9273
759
7716
5445
11361
10337
2017
1280
319
5982
8361
3662
2402
11254
10333
4392
1828
41
2659
5292
7866
10720
11344
874
10000
10012
6750
7087
1588
9001
4130
1634
184
5900
3176
6878
10419
9856
4149
7823
2126
9095
4204
6038
1019
9061
2369
2068
11121
2183
3713
7410
713
10110
7513
3317
11365
8259
8526
7963
10139
3725
9484
4371
9638
8282
8668
4772
11292
243
2103
9334
3646
8439
2944
6811
1557
918
5879
4057
9146
200
6551
303
1348
5372
10128
3463
6761
3345
260
1538
10760
378
8464
8663
9676
8583
6233
2080
497
7504
5213
1162
1445
3559
6648
7389
8326
9969
8045
2883
1119
8547
136
3300
5578
8867
256
9007
6458
9930
8203
8427
2696
1116
10571
9071
4030
7328
1697
5649
3907
1523
8711
10502
6948
6691
1774
9327
879
7216
8324
1424
158
2431
9440
11329
8292
2230
4355
1901
8077
6226
543
7534
1832
622
4324
9242
7923
1737
9944
36
11246
2552
2961
2605
11016
8742
11336
10924
4390
9179
892
1303
10460
297
206
6231
445
5364
10724
10
6655
5263
2825
6835
4037
1017
7919
4245
2765
2507
2125
1996
4011
2499
5005
6529
480
1130
9871
10816
245
10710
4415
7008
9022
3282
10366
10415
132
771
7137
7451
194
2654
3067
1895
6292
1118
2042
6926
9186
4129
6158
1974
5034
10696
911
6357
7384
6827
1437
1954
7357
2411
2298
6573
2721
5466
11372
6520
8548
2658
1127
5400
9989
8104
8672
8496
10766
2386
4812
1065
11298
11260
4923
5069
7495
3413
6203
4302
7529
259
4179
2977
2742
6072
3113
3302
8488
988
9305
6235
9380
3494
3522
5179
10570
9735
5791
253
1489
9663
5476
5097
1607
9074
8938
7426
717
4696
4898
9150
8082
10963
8543
11314
5766
9454
5267
6785
2288
9081
9073
5531
532
8153
7468
8022
6315
224
6622
3229
6540
899
11042
3696
10985
7723
584
9204
9349
113
10425
11347
5269
3645
3633
8777
118
3582
7349
2557
5259
4338
6242
1933
96
1390
1223
3517
10407
9435
1070
8267
6784
590
10414
227
9740
5004
6853
4814
10232
6267
8272
2222
8245
6732
6610
7750
349
7683
2799
9187
6917
714
7313
5540
4305
10986
4703
6146
7271
2121
162
9483
7951
3552
1997
9722
5997
16
4853
4688
3988
8535
1255
5513
10432
6312
254
7262
4009
11076
6580
3397
1952
6633
1411
3088
7542
9401
11024
4446
6098
3238
6240
6076
10201
3632
3820
7752
7544
2466
7257
1892
7500
7523
3070
2312
862
6822
6353
5362
9769
10216
2586
9700
8801
8994
2539
7268
6995
11013
9862
9203
4023
11023
1013
8735
7173
3583
5797
10478
3097
843
3734
6802
8718
1132
5080
4318
8034
7379
958
3508
10251
2161
4281
5569
1741
3114
9331
2057
8807
8472
6031
1080
5086
6591
2815
5503
6268
4974
6283
46
11201
6919
8048
350
7760
10925
9159
6895
210
3079
3358
278
3094
8091
10525
9261
10550
3723
9841
10688
3499
3233
2702
8190
3183
2920
3420
5603
935
4049
8025
6040
2097
1398
6025
478
5474
3403
9335
1785
3140
10433
3680
869
7986
6028
1202
305
5057
7382
3562
3728
10185
7282
2520
4586
4035
1204
10279
7224
4706
2137
6029
9045
3568
3832
10211
8723
6110
2906
1321
6962
748
9070
1304
11029
147
1681
4228
3155
8123
7126
886
3144
11002
5875
6840
6570
7279
3239
1631
10483
3564
3561
1495
2075
550
5528
8283
1323
1654
1561
2468
7599
10885
307
239
6473
3815
265
1560
1447
3961
7197
11234
1384
111
8937
5565
263
963
2729
4119
3555
8492
701
9649
9717
2877
2809
10962
1984
7655
7334
9043
3896
1583
5751
2767
13
3012
983
10610
9490
2000
4901
5027
9231
2474
7492
5814
6944
8999
1189
154
3885
5617
9399
1646
4489
10660
2711
9278
9329
8784
725
10005
11369
2272
10952
4920
9689
6552
2921
10808
6374
7134
10841
9754
294
804
9365
10879
336
4237
7822
3631
2030
2848
7188
2364
7447
4880
6796
9276
7228
1001
921
3512
7436
2082
4778
211
8432
1994
427
520
2990
2361
3395
6866
10860
6831
6390
189
8385
3086
3346
1720
3869
10611
929
3841
2262
2041
11262
8922
576
10053
4667
9859
1005
205
3051
3331
3084
6041
3780
8866
887
8503
5916
2824
8788
6486
4717
9174
2954
10670
3377
3588
11109
3509
8982
7561
3880
6096
1705
3718
8340
1769
4654
163
7131
6599
10536
1057
3543
1098
8658
5731
9826
6073
9519
8703
1147
2783
4575
4266
3875
5994
2255
1930
5061
8246
5333
10442
5391
9131
4166
6893
3188
1117
2011
1744
8303
11261
11299
266
9646
11141
407
8138
5384
4975
4160
3829
2426
10178
1261
8460
10311
3665
5555
362
3995
10121
5652
4079
1913
152
8463
10165
7801
11216
52
5760
5483
9982
8836
1216
5142
4005
8793
1555
4094
7618
2556
2253
10598
6435
9391
10909
3676
1545
7920
4159
10437
6712
1841
10741
6544
8102
2370
2450
9632
77
4297
6132
9472
4424
9607
9624
2297
4631
8089
3510
2216
9093
2325
2208
8487
3778
447
9652
1481
2050
10695
6034
10705
6877
1781
10233
2972
7590
10820
9132
4429
10510
9411
884
8225
11356
1058
558
10516
9102
4322
7004
7729
7280
10847
11267
3688
11335
646
8119
8207
1203
2551
3163
6567
6450
8064
8848
8564
5443
2576
6126
5598
5153
3746
539
234
1935
5918
11099
5707
4992
3592
3833
4306
4761
6539
5786
9039
8874
361
6938
7048
10999
1819
7763
3196
6874
1172
5813
689
10953
3075
7266
9818
4164
370
7354
11077
10013
7378
3260
11303
922
10871
2599
7635
10977
7172
10147
6047
6828
767
2913
5148
2108
2623
10041
4393
10623
7554
5737
11230
6837
7343
8315
6153
1385
1103
8940
7472
7770
2162
10289
2722
10618
2943
9681
7157
8588
7465
5233
1408
7948
6767
5280
4485
4336
4303
10327
7311
6587
4816
4377
3666
7255
3129
3430
745
4983
9684
9221
9753
8266
10401
1666
6971
907
10120
5221
4416
9827
5998
7145
694
6729
6194
1165
9277
8099
1136
10441
2929
3378
4438
9729
781
8228
4095
798
8485
3941
3192
8004
7633
5191
11300
6421
6509
3922
5322
11102
6833
2091
9012
6595
1677
11320
6906
6935
10779
1492
11160
10599
4635
23
6344
3109
6929
176
6092
6690
17
7046
5966
2863
6789
2014
9052
2496
8204
5613
2101
6266
9703
9374
2245
5227
3116
610
1258
5764
3362
1186
11066
1567
10955
10444
6328
1328
2865
6372
264
2577
7488
4558
10030
218
4450
9694
5461
1278
8983
5250
2849
237
10873
4419
10819
8437
6429
10984
4584
6406
7571
4067
6067
6136
4895
10723
204
7133
2347
63
8163
6460
6484
6005
7148
4055
76
1548
4462
5832
5168
5755
7648
11225
10935
2355
9137
5944
5633
10572
6813
1979
4227
2059
11005
5827
94
322
9727
1749
9997
1363
9496
5856
4044
3721
9945
10794
7074
5281
9525
3038
11039
3050
3877
11345
10212
3964
4700
1809
1097
6009
5960
2782
10379
4284
4185
1158
8171
2129
9288
7713
2926
7362
9
7573
973
8148
10642
8180
1110
4585
2437
5661
9320
4073
5756
9236
11185
9138
9751
7099
11014
4935
9134
5938
6059
5571
5587
10275
5780
2479
986
5323
9086
7790
3275
11003
9051
10067
4238
3928
5478
2458
5537
6593
9927
2999
808
6093
10814
9476
4401
289
6255
8452
6890
3034
2907
7749
9013
7970
4916
9430
9304
10772
3269
10789
10141
376
10718
7733
3068
7347
8477
4871
8975
5974
692
6012
1768
3894
1480
4084
10777
3774
6615
8146
6513
7267
1393
885
2045
9487
11313
1071
3525
3464
8364
2338
1946
8471
8205
2827
4583
7853
4128
4524
9959
2580
10365
10546
4621
6305
9375
9118
3143
5363
1134
5673
7981
3847
32
3967
1500
6487
2897
9253
5672
145
10410
8697
4686
2820
10426
11150
1176
104
8135
9691
9318
2090
8294
2077
3408
4716
6934
7697
2113
6687
10132
8909
4545
1911
5723
269
8293
421
3905
9195
8725
6316
3066
5437
7485
10527
10931
1546
4290
9406
5554
8376
10192
7124
1511
9958
10097
8949
4854
9611
11324
10928
6081
2796
1096
2684
9501
5328
3450
1181
681
10853
1188
10351
8610
2780
826
4636
7870
7045
10485
8563
11187
6220
9160
5031
11058
8997
4421
5676
251
9909
2512
4470
10074
2931
1834
171
20
10011
4134
6728
4860
435
6196
8129
271
7371
697
99
8327
5258
5941
11043
6447
1753
2565
6869
10039
819
5616
6842
7052
8755
910
3480
1200
4389
3056
1625
1406
8533
125
9387
6913
7353
1124
395
9092
5431
3750
9238
7685
9191
4673
3597
3835
5441
8462
8824
10023
10713
6310
6297
10339
2705
5697
4750
5897
9971
10556
8881
9864
4232
709
3392
4432
9593
6775
658
10204
7557
340
8157
7005
291
8740
9569
7054
5639
10621
90
3258
1982
7430
1990
10353
8111
9376
3535
6068
10143
2173
6537
426
6607
9026
10972
9258
5543
2459
7432
9711
1748
4221
847
7179
11156
10377
79
2871
4330
3354
9928
2915
5440
6560
5413
10926
6341
4473
2884
4562
1033
9077
2603
3649
6838
11351
763
5490
6044
3704
8634
2182
5690
10495
1126
304
10150
4182
2627
8097
603
2506
7671
912
4380
10646
9050
9200
1041
566
11078
2660
2661
7841
8750
5178
2634
2838
1440
8001
11149
9656
5450
6160
11177
2304
10575
7340
3099
7020
9116
6213
5794
9810
7591
1572
6192
2180
3658
10910
5475
6170
736
9442
4618
9792
5818
197
4559
8220
836
10584
9688
5636
9738
1451
6871
8885
4579
1271
5699
6931
10268
1232
8027
5101
4088
3825
7037
7825
6064
10865
4171
9157
61
3514
2571
557
5029
246
9006
6457
8402
655
9500
2922
8968
965
5642
3319
4846
542
10501
1045
379
7820
7338
10783
8928
364
10541
258
10091
10758
6991
5246
2860
2079
9210
9867
1282
1297
587
159
10939
3147
3934
3795
8772
11310
10770
1418
3156
3591
10307
6686
212
8864
9285
690
1949
7245
1355
8288
11208
3383
1159
3893
10745
1687
4630
5979
1927
1360
8972
1673
9361
5682
2548
10563
8995
5967
2311
10144
91
3439
3432
2570
3262
7351
6675
4291
992
101
2616
9339
11206
7022
7821
4523
1812
6703
8811
4399
2352
1846
3257
4997
2952
6803
7693
3471
10523
1782
5
119
10922
2024
7418
4857
2726
3783
10569
10785
5653
720
10537
8649
4414
10869
8181
10991
8859
4806
2388
9798
10576
7293
10750
8620
2675
7414
54
8534
8287
3131
5201
8270
9948
2775
11282
8542
672
4665
10188
5058
301
7889
4021
11375
8404
9962
5999
8403
5414
222
11145
7511
7677
5469
7668
3295
3429
2544
3191
7510
1105
3757
1589
1031
7097
3790
9512
7207
3557
2201
1897
2292
9019
2416
10740
1600
21
5597
9664
4606
980
8450
6331
9972
5321
4047
9970
4505
4461
6834
89
5825
8483
10244
10714
4332
9027
6485
8855
2062
5302
8878
3948
5853
10692
9816
8310
240
4400
9747
10197
2940
7306
367
7593
6857
9407
7757
3602
5913
8396
5117
417
2904
9594
5150
457
6024
1945
2910
6787
8254
5541
4987
309
10900
5048
5955
3985
9800
10652
11287
1021
2363
8602
3689
3286
4820
4028
6396
4896
9804
4069
7787
4255
10498
9913
9404
3243
3209
4188
87
5206
2084
9489
323
10424
2210
504
974
10492
11328
9162
1614
9038
4651
2644
8501
5729
2971
5911
2619
10297
10559
4702
7359
776
570
9312
1639
1896
6975
4904
2501
2695
10231
2330
569
6495
1059
7456
7413
5891
10982
7522
5935
7028
1343
6891
2005
9778
6671
3204
9108
4592
1920
7231
7151
7973
9459
642
8107
3507
4278
7689
5767
5472
9643
120
8200
494
2317
25
3008
6506
8280
2948
7743
10479
9998
8758
6314
997
4426
4718
2035
474
10616
347
1721
209
3093
822
1236
10171
6672
7929
6870
9111
8002
5538
5180
456
11312
7369
10226
3546
1086
8998
5953
374
3138
660
9072
11247
6456
6202
7168
8141
8216
2193
7736
7190
5929
9942
5807
3992
4236
5593
4543
10174
11059
8985
2428
2547
5734
830
4949
962
10682
1656
1962
8498
3348
9734
4713
6982
10551
10346
8151
9708
327
3216
2776
9567
8342
8809
5812
1475
2131
617
5210
11231
3637
699
331
8722
8665
5073
10726
10888
1386
6334
5728
5550
3472
9309
5408
10408
10574
74
5851
9788
2609
10054
3119
9799
2188
805
5774
6309
7525
3347
4730
7605
6798
6657
1359
5095
2226
3040
3195
1092
1272
4169
9280
5937
6939
2823
2542
10689
6756
6719
844
11203
8092
5225
4958
135
3486
5836
7325
7521
3041
170
2593
8249
8729
5458
3770
2333
6674
6082
9583
7896
7964
3615
9636
11079
1840
10906
574
6937
7120
14
5843
69
11295
453
9874
398
7449
9356
4202
4861
10355
274
2981
5035
5053
3716
9720
4848
7555
4822
11073
11112
2267
4785
2564
4146
5708
4568
9393
11366
2819
6448
6262
1968
6244
9169
6148
4600
6546
9629
2558
11028
5205
6212
4993
5519
6927
10690
1382
10674
8457
4452
8821
3914
276
2795
228
10416
5501
10602
3151
2900
3786
2008
1969
8578
10299
3433
548
3344
6556
8600
8989
2157
6568
11168
8790
10161
9855
700
423
4082
10148
6053
1684
5874
10788
1704
3977
7620
9886
4735
4085
5335
7033
9119
2928
9412
5468
11338
9797
11179
7768
1387
3580
4142
4943
1115
7728
10704
6558
3023
749
8991
4910
1824
944
7549
9053
2034
4542
4944
3581
5892
4376
93
5985
9386
2322
2371
10238
7042
1376
4442
528
5533
8066
6225
7027
177
5284
3453
5081
4314
3272
3951
8221
5733
5715
8786
7632
728
7758
4844
3627
3065
4859
1870
533
5748
188
3382
449
10280
60
2231
434
499
8880
5412
7036
1436
2963
11146
2519
179
3165
10236
6452
9255
7244
6880
3936
7720
10539
2652
1903
6636
4604
5716
1905
11248
4589
3074
2975
3170
4862
2676
8215
8616
8409
8290
3669
7628
5007
6426
1776
9385
10581
3283
5532
1797
11228
3380
10031
10792
9373
4272
11045
6361
3878
6182
5311
7780
5738
2600
8731
11305
978
10778
9497
3427
3657
4286
4315
9504
1878
8128
8846
4495
977
8891
9532
4475
10805
9774
6601
8951
7295
11286
10292
5977
10764
3095
5730
9685
5223
7081
9508
3761
5615
316
1063
10429
3313
6150
11374
1068
6354
651
6638
1434
4418
7695
2256
6709
1224
3246
7038
4295
8445
5958
10809
10146
9492
3982
1269
1827
7256
5858
9015
3927
5107
1443
10677
8319
9562
10158
7281
5898
1129
9117
5139
11249
8646
1760
6863
10124
2521
8444
1240
7278
7877
641
11071
10995
7308
4205
55
5438
9208
3406
4765
2786
10341
7912
10964
3141
11061
10230
7649
5506
913
3870
2036
298
10567
10357
8921
10793
6625
123
6918
1839
10848
555
2115
3299
772
191
4180
5667
5662
6613
167
33
262
3393
10069
835
51
6851
464
5342
8524
5074
7034
9714
1914
4430
2445
6978
5123
3809
4176
2122
3150
6143
9574
4811
4469
7975
268
9024
1818
5552
4889
2781
9901
1676
7615
1622
6736
5154
10373
9041
10250
198
5464
6960
6557
1466
6864
196
10336
6910
6
7263
7767
10620
8208
7105
5457
5880
6606
7581
4447
5419
9465
7691
165
3324
10330
10862
3702
1671
5383
4041
8124
5356
1106
4967
751
6252
9950
8358
6572
7018
11377
6358
8689
6514
10875
399
4270
10589
4875
10937
3284
2808
1241
3146
1591
11256
2763
8943
7254
1452
122
5192
8523
4354
2457
1111
6617
8628
6629
8172
10981
8830
11238
9096
7813
5625
4514
2033
1893
3850
141
9370
2
11378
9005
306
10787
281
2343
2787
8336
9813
8678
3824
949
5799
7875
9796
10752
5582
8308
6718
10597
285
5387
4033
10282
4476
7669
8555
4065
4520
7709
5449
8796
1556
711
1462
3785
10133
9023
7176
6300
1164
10629
1730
2646
5187
5157
1775
1478
2259
6444
1364
8060
8644
8054
4882
1820
2984
9283
1767
6584
2870
1373
3025
9046
5878
5761
11069
8289
3441
4125
5868
3452
1823
6876
4007
10619
2027
2400
3682
5420
8122
5000
8596
3962
8556
9402
4373
6100
5865
229
6131
4662
3521
1351
10417
10487
2276
9136
9115
4649
1902
7740
7294
7774
3695
11093
10391
185
8394
2119
4842
8976
1632
1543
5657
475
9049
1242
9650
2265
8932
5823
83
7704
4721
6569
5607
1963
6181
5556
5674
7211
6658
7795
7395
1596
9993
4744
10757
9183
10298
2187
10966
6014
1638
8664
9889
7051
7526
6959
1190
1537
11067
4282
10896
8378
3490
9080
5599
747
10063
182
8595
11107
10469
2409
8474
2502
1226
7942
5710
7937
9882
8687
9364
4039
4991
11049
5629
829
4877
1112
8572
9925
770
19
10515
1491
7049
6289
2420
6791
1510
575
8637
5248
8946
1554
9469
97
9639
7771
8247
10703
4308
144
7737
936
3069
10310
9235
3897
1735
7360
4388
7509
6280
62
2670
6461
9616
1515
3874
3986
10320
5574
7466
4965
10535
9350
11051
8055
5456
8177
11278
7699
2341
1266
7290
485
10883
7415
10521
8367
57
3547
81
1757
8987
6376
7893
8815
5679
9595
6525
4644
608
4830
4978
2712
7486
6713
8702
72
3303
9601
4379
2831
4490
5235
2923
10530
6470
2733
7136
4791
6108
6581
5436
3818
813
4516
2578
332
3719
9394
116
2132
4168
11283
5914
1582
6097
7055
6832
174
11341
4608
546
9417
7206
2232
1660
9161
9977
6733
3202
8264
10364
1082
3612
9205
161
3812
7700
9447
868
3208
3390
3584
4508
3554
1771
5605
10308
4539
3167
466
10094
181
9585
300
6102
493
22
1645
778
8641
7108
7474
806
3634
1252
3801
9721
1751
5380
5020
8139
236
6998
1361
153
10256
1023
5984
9683
11280
4080
443
5344
142
11041
8098
8945
2864
9750
8420
9556
5463
9232
8699
4207
2264
8660
2719
7531
267
5308
11277
10052
6664
1931
10639
3854
2165
7386
8779
6391
7815
7902
2677
3389
8701
2909
10136
10864
8899
10904
1808
5370
4089
4698
9422
1375
7225
3504
2818
6129
3538
932
1320
3160
7776
5325
4317
8840
4572
6630
5928
7264
3819
5802
8486
11174
4845
726
2851
9768
11190
1563
4817
11218
6782
