95
251
165
198
323
247
326
175
108
70
121
280
236
180
293
284
330
263
105
210
45
6
57
9
168
94
93
112
75
319
225
5
23
146
186
207
271
22
261
320
204
142
106
163
134
302
264
171
196
276
178
272
249
235
21
268
240
14
258
212
167
230
56
161
299
192
40
151
177
38
135
329
303
292
233
140
28
155
131
138
27
65
242
199
214
201
222
290
254
190
209
308
283
114
237
216
227
185
164
90
255
79
139
77
244
73
44
39
287
259
187
74
10
132
300
195
24
162
156
184
310
166
278
60
7
176
317
224
89
228
250
269
170
262
17
137
313
4
226
311
66
194
82
98
130
37
257
81
15
157
150
215
80
113
328
85
265
76
101
298
1
188
46
279
270
200
64
189
309
119
223
145
301
321
158
96
97
91
208
55
63
32
92
49
304
282
71
211
19
126
160
143
256
179
307
68
103
118
41
25
148
53
120
281
100
84
243
149
234
172
136
58
252
174
288
20
125
241
0
129
260
305
141
107
203
291
8
217
229
62
43
267
220
50
88
69
238
246
83
59
11
324
33
191
274
152
318
35
133
273
123
253
30
51
54
327
29
297
286
231
2
110
296
34
122
