6151
2160
242
6327
8100
5587
9946
10741
2862
10533
194
10532
167
5179
2861
5835
210
4585
245
191
3266
9768
7801
1908
11330
14
9229
3843
321
156
8173
330
2637
345
297
5224
349
4855
301
66
4562
7677
50
7027
9440
7281
2836
1840
5528
287
2865
3
1689
5658
6
178
10710
8861
10213
6059
1441
140
166
9115
2468
51
223
1693
10124
164
1709
8023
288
220
317
230
9626
11107
1142
8304
53
221
308
290
8741
201
81
1544
3476
8949
246
73
9969
237
5842
7571
130
5555
8597
1823
527
186
10316
8096
1528
9997
1454
8374
158
91
49
4331
10034
328
7843
5800
102
5237
1933
6891
33
306
518
6664
80
7353
7483
5280
121
7338
4086
106
4872
9346
109
9203
8177
323
274
8062
3788
5212
8215
5402
10525
3275
5388
7429
263
989
226
120
8498
185
115
1484
676
2406
87
93
113
6292
179
4018
257
289
169
6595
52
1012
5783
4874
84
9623
143
17
9445
5777
25
1906
6656
96
105
5815
981
3673
8569
229
10550
2327
94
10690
2019
132
11050
7242
8024
4817
192
240
258
10090
10446
1977
108
804
127
6349
8579
15
261
35
7382
29
849
21
3926
4709
8562
4301
176
9701
5289
44
270
3642
9501
2174
2188
1490
6114
6761
47
129
2041
175
6991
117
2808
304
4948
10779
6318
190
2484
6064
204
1962
5115
217
152
7130
7597
3592
5616
234
13
116
36
6814
1657
2782
313
7770
2
251
10611
10
243
2663
7538
5234
183
42
163
260
2485
4676
182
48
233
11034
3768
7513
7057
5
10231
131
3470
8391
5968
2910
114
7151
9161
232
3499
9257
5697
2262
187
9609
285
4065
139
2940
7191
9081
99
197
7347
8748
1306
8251
43
8031
6923
8719
6354
3019
677
4205
8467
10347
265
7919
7478
591
2876
6278
38
9157
10014
2864
5810
118
67
9283
1875
252
4988
10780
1082
7
6185
2106
199
1152
7892
10377
10287
7489
4392
126
8555
222
1828
9441
8234
2054
86
8961
4073
427
6434
2653
5613
239
5639
7101
65
58
3933
6540
95
7581
4960
98
5985
2456
146
8172
688
10806
7668
0
5503
6068
8982
137
10981
1021
276
9545
9583
4151
37
254
10913
9021
170
2558
3665
5792
171
7303
435
97
57
4967
4374
216
322
311
133
75
8161
7750
9109
70
4455
693
6022
7905
101
299
1470
4702
9593
8039
1011
4336
55
8864
1730
10563
100
2316
10168
6820
291
54
1
11009
8474
9865
9795
3239
7080
7622
10169
4573
8071
19
6194
214
5430
9943
39
5583
10451
292
267
9639
3011
10391
10571
196
3050
213
6431
1451
83
10606
153
10850
9605
62
2157
8346
11249
4142
3798
4853
249
207
11251
122
5977
32
10626
7679
3732
6469
5078
134
9186
5338
5676
1362
4545
1209
5569
309
177
278
5005
275
18
256
244
235
4920
944
63
283
147
151
2718
5186
5290
227
1128
7306
9252
215
3195
3392
271
136
6358
123
205
5542
6019
9772
2494
6040
7326
10018
2245
76
4983
269
10229
2667
1770
2069
646
4946
5136
3318
6508
350
6527
7214
60
184
962
228
5221
59
1343
4656
165
71
3450
11020
11224
124
150
41
305
303
162
24
713
5192
1426
5490
78
10619
1608
1268
2024
11223
1948
895
268
74
3298
56
315
9618
3012
2671
1371
1735
5724
2850
6289
1261
11375
273
6542
318
3070
2182
8399
6410
3887
10060
141
642
193
159
9900
2159
10493
7334
6625
5029
3878
2907
307
5532
3315
320
5245
1370
161
149
6938
69
10128
8620
8433
4597
961
823
279
5510
9407
8268
8660
3891
9422
10384
5364
4108
1843
7371
6947
5946
9778
9179
8595
2247
218
2819
208
200
125
7718
3464
10536
8598
1830
8199
6659
294
9513
8758
4311
2562
284
4379
157
3044
11298
211
3003
5328
11018
4757
3181
6840
4857
6825
3758
238
7998
219
8038
5134
535
4964
4
77
9217
173
5352
3453
148
8572
7648
3951
10544
128
138
842
88
203
310
2499
1424
8307
10704
3100
1824
847
324
266
198
1202
90
1071
7556
2539
6503
250
12
8867
876
253
5837
6790
3490
8437
10648
1069
732
7261
168
2433
10558
337
16
22
6821
259
7557
4473
1440
9815
3094
6871
9384
7849
20
3516
4191
5765
2983
174
3561
2061
5625
10439
26
2236
7932
8549
2113
85
10802
262
329
11156
6158
8627
4462
9
2921
34
1974
46
7861
7193
79
1839
248
1483
