2456
5212
8864
4379
9021
4151
7898
5815
3659
1261
3012
4702
9407
4142
9082
3100
7915
3926
5457
7529
9304
3751
2245
7214
3453
11298
10391
2069
4573
3011
7500
8023
10287
10231
9638
7849
8527
8199
4872
9034
4817
2876
1171
1424
1209
9252
1362
2983
1483
847
989
8031
2754
10544
6410
1021
9556
3464
4252
2406
10060
9161
8562
6814
543
9626
5280
3788
6059
1306
6527
5765
4067
5639
3195
7478
3392
1069
6022
3887
8177
3044
3355
5842
4392
9501
591
11251
10030
5237
4473
6318
6469
1906
3812
7242
9073
10571
2264
9717
8982
337
2940
4543
4295
9926
7114
3275
1709
1480
2157
9545
2653
8173
9157
11020
646
10377
3181
7326
5136
10451
6327
6136
2174
2499
1657
2188
11223
6821
2327
1011
4735
7801
732
535
8038
1371
5418
10131
4331
5985
5328
2296
745
5837
10080
2808
6947
1770
1142
10439
5783
5625
1484
817
8039
8758
3864
1055
5977
8391
10316
1824
10018
8927
3470
376
6825
1343
3561
7648
7750
6358
1268
7718
6434
2061
349
8719
8399
4374
7843
823
676
4709
4757
9422
3070
2316
2910
427
10128
2024
11024
5179
5583
336
5792
6540
11009
4946
9346
8660
2247
8569
2782
7429
3318
3977
961
6349
688
5289
922
3665
3891
9660
3933
8579
474
5186
11018
6354
9441
10144
6454
10626
9943
1843
6840
4948
4018
9605
1528
7353
6292
8467
1632
1490
5245
7191
2160
2862
6261
7303
11019
8961
3298
3315
9513
5697
1839
4535
10619
8474
6991
350
1544
7919
2484
1908
11249
3758
1735
