9251
1774
7483
7824
10741
6443
6312
224
2409
4512
313
2484
2956
337
10169
6151
9304
1189
10853
3201
1656
106
10
342
8788
1450
9119
11373
5142
7645
7346
2176
9815
5979
961
127
10812
6310
4534
4
1315
6382
3870
878
11100
10432
3725
4855
3727
3427
4170
103
5921
5323
6924
6911
9710
867
2061
119
7633
2147
11025
9650
7901
3597
11378
1320
1268
7529
8008
4005
10074
11323
141
2901
11296
9765
7264
8672
3033
10128
11091
6132
5322
6497
5541
3529
1050
84
6289
4114
11287
11009
5395
1297
5836
10011
2296
11349
6352
10495
6558
2931
1555
32
6114
7290
318
9654
4128
6947
2962
1960
10537
9236
5328
8864
90
1128
7263
5445
2705
8595
2317
11228
297
10726
2128
8941
4753
734
307
10037
5849
1959
1275
31
4946
2413
170
6659
2362
4667
5958
6460
8376
4555
229
8374
5289
2547
228
2865
2512
11002
1819
6759
140
3661
4383
8235
1220
1117
11172
11368
29
3907
1008
1556
1567
460
1252
10261
7490
345
1498
4286
11225
10784
5197
9933
349
2608
9375
7036
189
1585
1943
10349
10830
7982
5666
5929
3236
9298
6454
3670
663
8399
10692
7045
4720
6406
1010
10855
7484
1500
1608
10178
9582
2939
6925
7224
9282
230
5613
3555
6881
9437
10366
8386
129
1389
6102
853
5732
479
9785
8046
9671
3818
7925
5133
6434
812
6009
8062
10499
1049
10483
1854
5415
6595
2468
10013
10581
1100
9136
5749
3097
3988
190
9684
1631
5502
308
220
8320
4073
4006
5153
8764
10347
1483
5457
9021
160
7334
9477
10110
1111
3328
10377
9685
4391
11157
4188
10314
8403
57
697
1272
402
267
557
3463
7488
1437
3523
886
5503
8306
2276
2829
9519
8095
7622
1655
2511
9187
39
3210
3558
139
6229
3476
3094
9157
5110
5
694
6781
7763
8002
2069
146
8142
535
3238
9948
332
842
8849
9790
5807
7205
8492
5571
10148
187
876
56
8483
5078
7145
9290
5454
1086
6064
10577
10720
1770
4861
392
9651
3362
10798
8182
195
7678
9283
2199
7053
185
9034
9510
1553
8743
6305
10981
4788
9169
293
5599
246
4388
2426
3456
6292
9943
2303
10618
166
5351
3866
9113
4445
55
329
1083
2233
9376
5214
3577
2160
7465
4967
7475
1689
6474
10606
9407
4812
47
3554
617
3227
1140
6059
7539
855
10334
7048
9728
7767
6141
731
2030
2981
1671
6146
9483
3798
10883
11310
10973
2966
53
2196
5651
2873
4311
9959
3669
323
7552
5788
9186
4639
8787
1974
1159
1895
122
10918
8896
9865
7489
4475
6729
2533
7668
10563
2806
8276
1369
4285
8102
1609
9813
6674
610
10410
10283
1857
3561
6283
1893
587
10687
10210
9104
2603
10685
240
1285
1232
9951
8267
9045
9949
10589
5100
3918
7634
728
4877
464
1666
5597
4078
234
934
3406
6855
3751
148
6039
4690
629
1657
3985
8758
8993
7951
9656
325
9554
6588
2506
7129
8290
321
2322
9110
10365
6383
5733
11079
10926
8234
2552
2411
4949
4548
9192
4492
4874
5622
5900
8253
9183
10458
4463
4796
2255
1890
5428
10111
9219
571
6361
1529
11307
10212
8070
8281
6827
8678
3272
1463
9400
4600
2341
285
4295
1709
104
6600
7086
4446
4090
3441
5404
8741
1596
8086
77
7193
69
1763
1612
11035
7916
3370
2236
6871
713
10985
177
8057
1
5302
7550
7746
3748
2292
642
435
10023
10833
9695
6131
10814
54
6237
131
3444
6040
1538
3153
6458
4706
9627
5625
7968
7325
9969
8307
11181
4965
11329
2265
6692
6067
1995
214
443
226
6810
4025
5658
1080
364
4109
8842
2985
10355
3603
10119
6757
4226
10412
1173
5258
312
6018
10928
8393
10259
4055
2714
1261
10539
7750
8726
295
5792
6704
4324
2646
9759
2782
1362
8515
3050
2852
9380
10249
8364
1931
7478
9328
1072
1011
7505
4455
10679
10958
87
8720
4904
188
191
5846
3991
4668
2563
6338
3355
1591
5381
1962
5587
1432
7382
42
1241
86
4473
8109
1676
5205
10451
4280
9490
7891
2652
1828
4659
3434
26
2776
1306
8704
3530
138
1594
9310
11283
10620
3273
2108
7118
3147
202
9033
4296
10286
374
2436
11246
186
112
5910
1963
5877
995
8735
3672
6366
10766
1370
7883
284
2403
10386
79
4441
4130
272
8651
37
6637
11024
4730
1511
25
197
4164
73
2094
7504
9191
5229
883
102
10289
1843
5408
2062
7271
7339
6651
11369
5679
4204
5595
1153
1502
1845
2260
7451
4135
7020
2997
4573
7010
8868
1790
2325
795
11260
7861
6630
1280
2556
11029
4358
7944
81
8517
4795
8205
4034
8221
11162
3770
6645
9700
7372
9464
10144
7789
6938
8523
4975
591
1339
10544
2080
1521
10104
9699
912
4185
10416
174
8055
2685
7114
6802
1373
8321
9002
11050
4313
6014
11013
219
10415
4654
7033
9044
7849
111
6022
655
11221
10670
9956
7590
10949
9081
6719
11185
3788
5167
6571
64
8634
8703
20
1127
8172
5528
9788
9122
1387
4701
301
4108
7012
6996
1485
6683
6410
3930
5451
10626
9515
1801
9581
2431
1451
310
133
6096
3592
6143
11374
10397
7376
3632
2256
4060
2224
6770
4682
7473
10571
7178
2946
9404
9085
4218
398
286
35
5565
6262
6358
8278
6506
6566
1021
8170
6851
6728
9649
2861
6717
304
9445
9117
3102
6885
2182
6837
10611
5602
2162
5261
2295
4658
8501
7770
7699
495
3350
3319
3642
3243
1747
8261
5941
2210
3525
4069
6539
11038
11357
6435
8664
5245
7449
3680
5784
11121
3286
9717
2077
1209
11213
7516
8755
3388
5767
2192
8598
5086
5413
9958
1592
9623
10252
7996
3522
3032
9115
8627
203
3739
41
7165
10127
5878
8873
10559
10617
1303
9632
10572
8951
1999
1202
4180
6976
5777
82
3671
7233
5134
9897
9501
2490
8084
241
712
7910
9768
10229
8990
2519
10168
6061
7818
660
9061
6473
9105
3968
2253
6861
124
6453
10794
2370
5583
4244
9255
5233
10911
7702
216
3658
10433
11361
4620
3266
2442
11066
2374
3004
8606
4749
1480
686
1827
4026
6914
3054
10557
3356
5840
10041
1490
5898
237
8555
2639
238
4041
3536
1134
8895
2137
9082
9070
4432
4236
3758
5387
163
4607
3887
5403
10934
4346
4656
732
2718
9364
3666
7311
11195
1484
538
5688
5263
738
10464
369
5692
1847
8699
10779
223
1734
7869
4710
3239
1531
40
9822
128
1164
2220
7740
10070
8961
11131
7729
4004
849
1152
4998
421
3112
1246
3342
8310
4692
263
180
7902
6551
9496
6503
8245
2311
2924
6108
1422
4353
6920
4003
8650
4662
8331
8396
3631
1318
10969
5676
7188
2983
6139
11086
7898
5464
5234
6543
11058
3138
1924
225
2513
5069
3507
10501
70
7526
1834
549
5380
11018
9541
8367
9238
11075
3891
2502
2070
522
11224
1589
7417
8457
10140
1651
4997
114
4416
9374
3038
7500
9824
3302
6527
4195
2262
207
6556
4118
5402
1440
10804
10832
6562
5810
6535
4221
8969
10307
5334
7575
6158
1060
5186
3156
6345
5892
3447
8663
8228
5476
3777
9353
4194
11107
8983
9327
4077
9263
7080
4913
1364
10226
248
1840
1717
3624
4789
8802
7731
5352
8219
725
8122
8953
8798
8104
11325
2845
9798
4741
9419
7273
147
7113
10897
9583
2954
266
7742
11371
847
3641
257
6100
7801
1721
2730
9469
2088
10319
1393
231
4872
9072
8210
6261
6172
6118
533
274
7605
6353
3131
3109
5074
1255
3543
5667
2562
8719
5994
6504
6844
7551
6425
11337
10656
3877
1171
8635
11301
3713
1176
8998
1979
9182
8562
4729
10216
1643
78
2285
11015
116
5854
2377
7753
3581
8237
5550
5791
7418
8444
892
5280
2228
10690
162
3787
6538
3921
277
269
3961
4517
9565
2466
4983
10676
1879
3615
10131
336
192
5646
4272
7897
4147
8427
9229
3347
2324
11315
8780
6853
10831
5568
9605
7685
179
3275
4787
9507
8637
10425
5639
11099
3819
10723
4984
8161
11364
930
5439
5699
9636
1023
6591
1824
7709
3686
5636
6341
7958
401
772
10941
1856
11017
9545
2972
6485
5972
3246
8362
5527
8949
2454
9023
6508
10414
10195
11223
9278
10478
10786
4380
8836
11144
4331
11330
3160
8378
52
11044
8974
7207
494
960
5336
1482
85
8604
5290
6918
5442
466
5663
7476
1673
8578
1027
3429
6840
8524
5367
1392
7242
2099
3150
6968
8579
7813
10288
8549
1139
2860
10999
6992
2456
2917
10186
8037
2146
9657
11106
10201
9900
2174
7493
7246
3544
63
5198
5127
6994
7991
1704
2984
199
6891
9580
4880
7353
3656
1791
8944
545
3025
5358
9073
8569
8535
11194
2815
9814
3786
5974
8232
5715
413
303
1436
9161
3733
3298
11055
7377
9379
107
5797
4558
1149
2032
4966
527
1177
1295
1106
1726
8463
2653
6790
6223
5837
1363
256
10060
5468
8937
3665
213
258
4355
2219
1952
4945
9232
4297
10994
1519
8778
243
781
8782
5845
10764
5734
247
156
3213
11034
11375
944
9747
1358
839
11147
8241
6078
3864
5835
8620
5312
9574
5819
7101
9903
869
6787
10647
6398
5538
10357
2186
283
10080
5213
10438
9847
9549
6893
9778
981
6327
4853
5532
6196
8548
9904
2494
7749
6906
2849
10511
453
9077
4084
7307
5418
3960
8861
4322
1908
11123
8784
288
2754
8987
6281
5874
4340
5018
1447
475
2185
4376
10938
8455
1830
305
3783
1104
5206
7303
10446
3394
7011
6252
1181
4585
2245
6542
314
8963
9887
5842
2659
6544
9050
1760
3084
6002
6411
3011
4814
7364
4171
3734
3841
3470
7209
6636
7905
11077
6029
7
8999
8177
5187
3480
2117
7603
3295
11197
1396
10674
2180
8071
609
9639
4122
6860
1775
1012
1996
5824
2616
9163
7322
2694
1229
9652
1213
3464
19
1057
11014
1823
8256
3452
2024
1582
3546
8708
8085
1883
8982
6890
9669
9200
7607
992
6727
1839
8212
11049
4572
10116
3768
414
9257
3998
14
1982
298
4281
4859
804
1489
7439
3717
6923
10263
7758
10105
2900
71
10158
7306
4649
5388
9921
6044
10724
9184
5798
1203
3940
2907
144
2897
8442
1563
5478
7547
10044
2734
2439
3022
3110
9587
504
101
7629
9243
8250
2921
4176
3569
6937
5362
10839
4603
10716
3044
28
10819
4008
6457
5748
1136
8474
6077
2187
5564
6038
10550
66
910
10795
7371
11347
80
11289
11031
913
3012
1913
4520
161
3807
7005
10861
8689
8665
10014
3065
239
7172
5212
10123
7538
9601
7201
164
7123
1384
9939
8804
2164
1123
2339
43
1119
59
3003
10292
8099
9538
8965
10138
309
5409
5728
2671
5031
2508
8696
3964
11251
2421
9889
3221
6832
5914
2577
1738
9547
4351
8979
8675
8291
10177
51
50
8511
15
9998
9716
5985
11303
7573
3912
6174
8597
4993
603
9343
11232
5510
7786
3534
276
3925
9607
875
10939
3878
10124
693
3723
5569
7267
3100
2672
5228
4273
4418
3927
3361
264
8136
9125
3745
7241
10254
7579
2103
2600
9621
10034
2191
30
10211
6842
3673
377
542
558
8173
9012
4047
9346
6413
4703
6820
356
1648
2090
2971
271
9381
10962
1454
10551
8091
4623
1094
8268
11277
2373
1407
2528
1766
6987
8229
404
2173
9391
10835
10502
11341
3113
10418
6090
2660
5785
1113
8108
7059
7655
159
7175
10823
10336
5813
194
252
153
10856
3708
333
4298
6326
5697
7964
7811
261
2019
1693
7556
6725
7147
4187
7459
1682
2650
8660
5196
8767
8452
1593
5783
115
9841
1749
6204
1632
2656
1901
211
9385
5217
5519
8893
5908
7294
2626
95
6275
2598
11135
5724
6227
3067
7637
8048
1487
1735
483
1223
3903
874
4261
1785
1457
7062
2348
8556
10008
5013
10519
8805
474
4191
1602
217
7057
3146
11326
6309
1059
319
9456
1380
7386
11239
5052
5612
8088
7409
330
8727
2330
4173
3508
9612
6572
3982
1398
7406
136
2195
65
6469
8487
9485
4039
1933
11088
4777
10747
8543
4035
109
4172
6977
5440
8516
253
4535
1690
1352
212
4245
4702
1126
6068
158
3499
8289
6202
1730
327
5221
2106
3696
6676
1017
918
2558
7512
7054
88
9109
2996
9492
7191
3453
6136
135
5412
7948
6845
3349
825
963
9793
1274
8304
270
11156
198
6907
2816
524
5053
2459
2157
1687
10027
3093
3594
1105
7272
4308
4806
1568
6721
5058
895
5704
8098
6491
2551
1092
7499
3231
9217
8391
2850
7557
6079
167
1343
5723
11314
9997
7225
8025
11042
4142
5866
8945
2264
6203
10689
3490
11054
8039
10346
49
16
10439
218
9923
977
3403
7027
7347
1832
366
3812
11041
108
62
8882
7896
1906
4838
7006
9320
1782
10808
6601
11250
5005
6129
2169
3901
8527
4604
10384
1112
646
3019
9689
8380
1125
152
11261
89
291
8148
165
9394
10719
8486
2520
9167
5184
4303
6843
8611
911
7923
1977
232
4462
5505
3716
4428
2473
83
6259
10703
6940
11336
10180
7429
9837
2503
2541
262
8711
1417
9415
91
5095
2826
7757
2302
4988
292
9204
2605
3803
8775
8489
9761
4608
9361
7718
7624
36
4602
10068
10841
10368
2486
6
3951
8031
10648
2680
8472
6314
4369
4637
4159
4021
794
2991
2824
2927
2338
3589
7882
10803
24
10323
3762
2864
7514
1765
7592
2712
7542
67
2133
96
121
6557
8475
2662
836
4901
7292
280
1896
11190
134
171
1659
3700
8286
315
5731
1431
6169
6752
5384
10612
5172
9660
922
3627
6864
10018
221
10787
10824
4448
5635
4891
7134
9146
9295
3209
6529
222
7959
10746
6277
4640
2775
9046
6210
7664
8038
8430
7513
1019
137
6756
4379
3088
48
4444
9107
2047
7836
1400
45
5815
10660
5882
5542
11019
6825
5671
3377
8707
2159
940
1583
5827
7892
10082
1757
1242
2165
6836
3516
154
9638
2833
2048
563
7695
9345
2920
6339
3829
11071
3461
10071
1838
10874
6385
9750
2663
3493
8892
10219
7712
3801
9387
10339
8976
117
7414
2
9195
3344
11295
2412
4514
227
6334
1956
4964
1419
4075
1175
776
18
2172
6019
9495
6917
7291
9694
5001
7679
4325
4365
2480
3
7984
4506
4733
7396
3041
8636
4018
11113
11130
1809
145
9422
8940
9946
7626
7038
9945
4948
8710
7362
2499
11008
2539
5275
10600
265
5928
10032
196
317
10076
8166
7402
4276
1777
7725
2766
2609
11191
4644
11318
3117
11020
8134
278
10469
7133
10000
6231
727
7970
2910
9108
5504
2054
4028
2940
5079
9137
2336
8809
4873
4317
201
10937
8027
980
5968
11299
9131
8717
11210
98
10461
8528
8111
3074
2309
1441
3216
6116
1722
4931
4857
8080
6461
4264
11204
659
9633
3755
2327
9465
5729
3141
2719
4323
9826
38
3977
9774
9386
7648
4228
1607
9494
2183
10526
8280
3070
3794
806
289
1905
810
9092
8471
10411
9253
2328
881
683
10791
1142
10585
8433
6625
10802
2877
2031
1846
11187
6376
1923
718
3933
11189
2667
3926
155
7462
9796
10030
2872
210
6296
6025
4615
6448
10231
6034
6225
6821
3659
9221
10436
5007
8251
7884
7583
5964
1442
2932
350
1406
5420
2001
3732
9855
5154
6431
9489
9222
4735
1948
8072
5552
10086
3364
8498
5450
5673
4056
7132
9784
4879
4889
8270
7761
4062
7340
9585
282
10952
6603
10556
4423
3175
1186
60
8917
46
5814
6208
4027
10619
11331
9383
8701
3707
4327
10642
823
296
458
7392
8220
10659
6991
6268
6698
149
11005
7328
2697
7474
2125
5179
3151
10493
4134
2727
5192
4429
6809
168
8305
7367
5490
44
6866
9926
10896
4112
8968
3502
9534
8919
10340
7724
10869
204
10031
3384
11045
7727
9459
5794
1744
4625
9645
1544
6568
175
745
6359
7021
6985
6089
1055
143
6081
6124
974
8750
6165
2847
6150
8349
4757
5944
8680
3467
8090
10748
1684
6707
1897
5763
6750
4087
300
4864
9019
9626
10536
5662
99
4450
5410
9794
4065
10420
3315
2333
434
2708
1976
1994
7774
1892
7492
118
6331
6244
8287
100
5282
1056
10739
4183
7281
2647
10429
2709
901
5314
10107
2234
3761
9952
5429
2644
4411
8641
9020
5911
4545
2155
3118
3557
235
9487
2636
10185
987
1082
7909
9556
6699
11338
2371
4562
7938
7326
7812
6525
3854
7357
58
9259
3760
7112
8466
7919
2301
7257
209
8889
7436
8538
4835
1481
1350
5146
5608
8092
3808
10854
10162
7089
206
5227
9558
5458
10621
4289
4086
7197
316
1047
10525
5029
4700
9970
6657
6266
2433
5800
1165
10704
2470
1144
244
9867
9882
7815
7385
9862
10806
2522
4205
10146
10040
622
6834
3704
33
249
13
10900
578
7253
3946
9896
3719
10045
10090
936
6475
7389
6349
4336
1266
10033
5570
4074
8247
10528
7870
281
10192
4817
10643
9252
7700
7591
2404
9452
9205
7581
427
173
10599
6482
10364
254
5194
3245
7070
8583
7140
8064
2819
4871
8175
8972
4067
7043
4748
8243
6540
10558
92
4953
299
9885
10809
7544
10696
251
9484
1051
8024
6656
4326
273
5644
555
10078
9358
7518
6318
1426
9513
10009
7075
10820
5770
6690
94
11149
9440
6083
6958
10408
7776
7521
61
1424
3737
661
4920
9491
1875
8862
10667
2724
347
6610
1841
8668
7404
3605
1462
