7166
9487
10659
577
9481
11141
3646
1129
5808
8295
4545
809
6949
3437
5820
10563
1109
9317
4183
6884
8743
7506
1577
10404
3231
2383
2424
9786
2398
2110
2727
1478
8439
10459
5690
7862
2642
3140
3501
11078
10948
9140
2267
3907
6182
2752
9594
4037
751
6462
640
7926
4998
1963
3222
5563
4779
4229
1596
7118
1597
1791
2947
9770
4326
9449
4213
1745
698
2649
4736
6116
8161
2565
4957
2971
8034
10255
3881
1834
921
2134
6213
8320
6852
9031
5027
9263
10569
4325
8590
8854
6240
5518
1382
7889
9332
794
5935
2917
4689
1715
5424
1643
5218
8498
1205
8887
4424
10946
8564
3419
6012
9942
6411
6319
3993
6000
5203
872
1056
11210
1790
9106
10577
6044
3559
2115
10875
775
1550
10529
10408
2504
2930
10450
3793
2996
1322
3519
9981
5032
9184
3998
6061
8090
3783
9450
9883
3486
4099
2935
9573
1879
2111
4919
10277
6495
948
4455
5566
10886
972
9638
3208
6768
4671
7895
7538
1212
9471
7540
4400
10412
4628
8449
10961
9599
5612
10818
5114
3696
748
2179
6873
2802
805
3725
2152
5744
7306
4011
5736
7946
9812
2318
9514
6427
4030
488
5940
10043
6547
10198
457
11011
2331
2685
8369
4134
10740
10976
2665
8620
4496
4401
4075
700
8175
3278
699
10773
820
1224
5018
7472
8170
1672
3866
1652
9472
3709
8384
10606
7917
3750
2980
5013
6707
5870
9007
1092
2054
1763
4242
5346
5076
1510
3514
2830
9974
1633
3489
1722
1682
8299
8796
5727
6807
2891
2257
8752
8301
6902
9224
2406
2315
9663
5526
8213
7850
3833
10436
3660
6829
2522
2624
6888
8751
6988
6939
8569
5844
7943
10360
9448
1976
2537
5575
6078
2790
1312
6787
10833
1681
11132
5816
546
538
819
2046
8959
11279
8612
5991
3728
11232
7922
4150
4698
9890
6512
1032
4349
2799
10502
9644
8999
10380
2421
998
7925
759
3197
8479
10623
5795
11080
7863
3130
7216
2400
8709
10937
5973
584
1871
4336
2602
6976
5605
5662
7669
9745
3070
7490
624
3627
7964
828
4058
550
11329
2490
9223
5251
3708
8846
4882
10083
6941
9516
5915
6874
2847
6639
10489
3854
10078
5002
5533
3546
3851
7313
4647
7199
5614
9564
4441
9270
1101
10377
5669
7447
1432
2946
5479
9668
10161
4592
1956
8599
4940
10077
3493
10972
11197
1241
5980
7496
11225
9860
10753
10591
469
5784
6690
10184
4239
3409
6009
8523
3668
2450
738
10368
5401
3377
11293
2574
4977
7430
2861
6037
6712
5519
4610
8725
3248
3082
6225
664
1456
2636
2868
6666
5517
4185
2051
2658
913
969
2639
2102
5177
5169
6748
5422
5936
3618
4445
8218
7937
1299
4526
8026
631
4460
4366
9805
11374
4394
4942
8130
7107
6243
9432
3744
2558
498
9004
2045
2662
10074
9274
343
7412
5008
5722
2070
1281
8182
10710
5565
10871
9593
9266
11283
4588
8770
2308
6119
573
7958
10616
5188
2948
2121
5723
1651
6987
9519
10903
6374
4352
8134
1883
873
6688
10346
8279
6977
712
6643
3319
1749
7402
6486
10880
10977
8738
10302
10465
6073
7507
4092
6784
7982
3154
724
4286
8841
3051
5904
752
8482
2539
3109
2742
622
3268
635
6153
3581
8873
10451
2589
7013
5814
5151
10271
2651
6125
4972
2526
3232
3445
7612
2422
8861
9398
8224
6534
2524
3123
5803
4633
2391
4149
5592
2571
3743
10372
8313
9468
6602
484
9983
10012
10985
9841
4984
9722
9420
346
10521
10993
2641
4507
2737
3495
6765
9459
5190
4991
9377
5638
9686
10777
5839
5201
1551
4196
7371
1536
2057
3205
5979
10628
7988
5396
8649
1760
1256
7083
8101
2550
10535
3522
1088
5185
8526
1937
2887
5254
3957
4083
408
1181
5110
11337
4687
5495
10218
3555
7296
8978
7736
1622
890
2993
10248
11257
949
2319
5812
9154
10479
10452
3636
5877
1315
8785
4464
4890
639
3590
1764
5726
3865
10095
9298
6704
7791
6535
8162
1286
7649
1757
7758
5585
2583
10556
7520
10490
3147
5348
10951
5378
6079
10901
6341
3705
773
9475
4457
5451
10874
6831
6491
2335
8427
10011
10749
5798
509
9661
1398
7343
4752
6371
9632
7375
3623
8051
5309
9690
3044
1827
2283
5034
6992
3816
1082
2621
7934
3903
7983
10051
2708
11140
3540
765
8445
1325
3270
10770
2960
9834
4417
8376
7772
9233
9531
11121
9385
6770
8669
5943
6477
4691
10784
9430
8581
5732
4562
881
7629
7384
4560
1863
5475
9807
831
8120
6932
6730
5640
8495
8229
1580
9600
9021
4105
2600
8111
2436
4814
8893
6743
2188
641
4209
11307
7708
2866
9536
4908
4896
5593
7499
10119
7728
1507
9609
9039
10396
7386
7664
5866
1654
6458
7294
8662
9151
5308
1180
8830
8656
1587
3237
2803
9820
8958
3840
9234
4529
8908
7873
6365
2135
8547
730
9706
9971
7201
5111
9742
9549
5098
5113
2925
2726
3873
9321
7168
10932
8845
1962
11137
3151
8476
6658
2509
1208
5127
2161
6998
4446
8183
8174
11069
9427
2585
3917
4915
10328
5645
3789
9826
6722
8367
4682
7117
2835
7710
2395
6846
7855
9779
1856
6151
9166
3905
2674
6297
394
5417
4254
4361
8750
3328
10460
3334
10888
11229
6675
5305
3633
10309
5586
9964
4636
2691
6791
8154
6810
8820
4625
6912
2497
3997
10684
10801
1465
9991
3657
9149
7067
8838
9654
6533
4483
6379
5368
7734
2469
2033
3520
11292
4357
3858
10498
4484
1719
9695
8219
8734
7805
7087
7576
2754
713
7909
6540
826
10600
2860
3100
4171
3116
2388
1559
11108
1555
1179
4975
1582
9245
934
3106
5757
5115
5055
5056
989
4540
7738
602
1210
8005
8940
11323
10688
2987
4082
6002
9645
9556
7604
10786
5342
8900
7503
9775
3767
4672
7024
3702
9875
5061
5950
7274
4205
6961
9570
5066
7522
10221
2672
9208
5290
7765
4556
4603
8486
5647
8987
2844
10026
3551
1338
587
5205
7442
2293
4704
1810
7555
10879
9749
5830
9791
1851
9307
2595
2185
3827
9911
3250
4409
4523
6655
8544
3464
10585
8319
8085
5489
5946
9865
11302
9451
3349
5341
11372
5948
6456
6645
734
4911
10223
7228
4527
4862
3973
10124
1839
1328
7291
6830
10120
10588
10322
6565
8660
6110
2776
9399
9022
7705
9338
10734
6445
8271
6178
4797
1429
11152
7241
10933
7516
1296
1274
6241
731
8322
7220
3506
3554
5596
7348
9153
3169
1562
3513
2063
7070
4524
7455
2090
2108
8234
7567
3305
4996
6979
4106
10045
1605
2089
351
5719
3233
9361
2367
6753
9558
2507
672
4871
4051
10758
2007
6955
9903
2688
1669
2757
10549
6069
10779
6848
887
11196
10836
413
2633
8250
1620
10771
5317
5862
7399
1243
7536
7741
3084
6482
2481
8537
1772
2190
6892
9650
7630
8964
3526
3570
7012
4068
368
9567
5450
7195
2730
4197
10385
9091
1150
8505
10914
6475
11338
6853
5099
9544
1642
11278
2218
9496
3956
8135
1289
3724
10978
6273
6586
1692
4683
5236
7908
9940
8103
3992
8153
6412
2360
11303
10868
5702
3684
6954
6214
4050
5054
8409
4872
3031
1203
4805
1190
2078
7397
6085
1981
6135
10094
6720
4954
6668
2184
7026
4265
5641
8501
906
11336
2302
4874
1519
8880
2407
5137
7683
10015
8435
7963
7410
9455
9545
3223
10858
7568
5456
3924
8611
2085
4133
3093
9261
9774
2853
8739
2669
7883
6539
3470
4553
10131
1402
433
4233
7530
7280
4763
1463
10757
9277
715
1847
11299
6041
10075
3410
3408
1593
4669
4161
7746
6370
9084
3940
839
6914
3293
7593
6007
824
8595
2784
11169
6031
1376
660
3281
9247
3459
6609
9369
747
7089
1778
8063
1788
4477
6678
2500
11009
8001
4266
5193
10400
6484
2212
8562
4569
5297
7212
2375
6430
1969
10908
6929
543
2795
4700
2660
9202
3492
4393
7279
823
10562
10821
5275
1093
1371
7773
5743
10111
1194
8282
4486
9930
10066
10533
6842
862
10597
1388
5057
9939
4062
3315
8902
7651
6710
8327
378
10431
2255
8172
7913
8937
3821
9167
8697
9754
6516
9859
5783
1916
7762
6624
2105
2723
2846
915
8232
9691
1096
11016
3929
1690
5471
5746
6013
4497
8450
1987
7617
9759
6254
7355
1979
9828
4918
10301
11083
10300
5224
9525
1950
1909
979
3247
3641
9624
11289
4332
4322
3362
10783
4952
10378
2031
1836
2408
7086
5618
6711
5760
5365
7646
6488
5197
797
10279
5101
6104
1021
9960
9319
11192
9603
10014
8197
4048
3135
10478
2410
10728
706
5280
7700
6140
476
9187
3535
6082
7202
5901
2159
7192
8440
5635
7905
9466
10798
1418
5154
6322
7581
8576
8670
11266
470
7249
6633
8417
7047
11093
644
8399
2769
2928
4271
5321
4370
7324
10086
5063
3902
6070
11259
5882
2354
859
1777
4510
3975
5650
2023
5353
11378
8837
6775
2207
1087
9197
3638
875
8698
2459
4186
4031
4216
4456
10231
965
3563
2273
2580
3314
7796
8754
10855
8699
7916
9094
5771
9767
3748
4951
388
1525
7533
856
10321
9999
4060
1009
2499
600
2271
5779
4665
3972
9268
6142
7591
8446
6615
3726
2976
6854
10824
4380
5021
3234
8195
3206
1865
5799
3782
3757
8019
1578
10986
6845
5299
5553
6702
9174
11369
5829
3049
2934
10677
3329
7308
2240
5921
8691
1989
9050
2616
6578
3400
3897
2563
6064
2153
847
2756
9158
9239
4342
764
4306
5589
3698
5874
6344
3631
3012
6408
11048
6180
7038
4238
4041
525
4350
2698
1351
2452
3266
8215
9727
10706
6506
6409
5086
1668
9114
5552
10819
3991
7420
942
8717
4195
1350
10000
6098
10604
10625
2467
10548
4182
8817
5223
2468
4869
5986
10928
8465
7273
6338
7009
7712
1594
5216
5490
1134
3662
7258
4142
9028
7406
6087
2009
8990
8058
2072
6432
3504
10494
8536
5474
1292
412
7534
1964
3870
3888
7515
8033
10557
3350
11070
1192
1332
941
9099
8736
5707
1513
3120
1724
7433
9862
5649
6474
6717
10428
3584
4604
10515
4479
6951
7526
5794
436
9439
3755
3024
3927
10968
3545
6350
5080
5431
4452
10598
10439
1647
11344
2448
448
6566
10468
855
10054
6490
4472
7126
2877
9228
7643
6786
7811
6886
11281
6682
9850
1157
11150
1436
6709
1022
10644
1171
2687
8199
9165
5171
8214
11328
2729
8112
8983
950
1624
2482
3451
7813
9659
5802
354
4203
7842
4838
9026
1649
477
1529
7724
3392
4012
3353
11163
2712
11090
6095
4878
5073
4005
5885
9359
11004
966
3682
1324
1158
8248
1970
1079
6313
1206
2083
1640
8317
5452
5184
2535
3079
1957
830
2451
7286
8822
8379
1504
6630
8457
3541
3309
10356
6563
6357
2028
5164
7491
6323
5610
6528
8761
3207
8276
10506
5483
7969
6497
2164
7260
3426
8607
7359
11153
8336
10832
10254
4690
4126
10898
4151
1189
4693
7543
7341
396
11346
2834
9689
3435
10222
2650
9507
10062
8932
10794
5497
2911
8490
4899
1305
3189
4247
5285
6127
2711
6642
2014
7459
9170
6158
939
911
5897
9976
4599
9586
6481
668
1837
4710
10969
9666
1509
4825
736
5112
7844
9216
1618
7680
8225
7787
5850
9858
9376
6122
8430
10796
3532
11158
6275
10973
10682
9081
1416
5440
6510
7436
3516
609
10406
2362
2272
5262
9300
3252
10325
8851
4304
1826
2686
10962
6366
7419
9613
4517
9925
5680
3665
1473
6384
10581
568
1124
5528
655
2828
2741
2117
9863
8294
1054
4136
6428
10940
4178
3139
6118
2220
10593
4551
10432
11223
4843
9383
9006
7182
8980
6576
10316
3488
4330
11077
1450
1466
561
3134
6192
3507
4406
9128
10093
7342
2739
1183
9956
1041
3867
564
1197
4800
1050
5530
9348
2551
1239
6403
8664
9631
10981
1556
1114
9411
3671
9413
8342
4218
5263
8971
5858
10817
563
7049
9711
9068
3343
8106
4933
3734
1725
6674
6008
6220
10212
3290
6200
4558
8422
5569
6284
1238
5339
341
1825
7470
2680
559
2909
3199
8122
11044
10108
10017
5806
3436
1502
2927
10717
8714
9888
10568
10475
1253
7851
4224
3163
4373
10712
5594
6763
3425
393
3405
4642
7370
8930
5960
1110
1170
10384
10312
11287
5617
2586
9092
1567
7374
10020
9086
10357
3251
1776
1795
3566
7872
6966
6305
534
7747
5383
11007
4279
6618
4842
5246
2368
6964
3427
7597
2186
8025
7172
10778
2679
11133
5301
647
5170
5438
6950
5515
4212
5686
6202
385
6212
8045
6318
9788
4007
1077
5447
2414
6107
1926
10711
8259
6785
1571
7248
5095
2204
9419
3224
10217
3331
7357
8208
7979
3339
9462
2258
5049
10587
7616
7225
10167
3190
10599
5587
4096
4292
9943
3901
11333
5959
10742
6283
912
435
3220
7679
1464
2005
11123
4677
4859
9219
7267
6719
3430
2848
3796
763
10464
10174
1375
10081
2163
829
1830
2496
2863
8021
6878
9809
11268
11068
5571
6185
7030
6789
5449
11366
3301
633
8082
10748
4937
2510
11168
4219
8151
4333
1027
2553
9054
10113
2198
4903
6046
4697
4534
522
6513
1781
1506
2024
521
2228
4701
4902
6353
1933
2371
11233
4971
5863
4245
2714
6045
2749
5964
10420
3986
6439
4371
7603
5144
6562
10335
9289
1216
8012
10414
5493
10195
618
6209
6933
7689
2415
3060
7896
2604
10941
2231
5845
1089
1002
7006
1235
9485
4508
7208
551
4804
4837
10046
6587
8534
6804
7694
10828
9781
11122
6440
11176
5678
5894
7123
5244
9073
5042
463
11096
10001
2707
9800
4705
6994
6769
1921
1474
7826
1992
10305
1520
849
11370
4076
5000
3187
8551
9009
2755
8023
8187
10840
9016
508
10733
5398
6677
2098
3371
6657
9596
1590
918
1220
1384
2193
7297
5755
7167
4777
4685
7478
5482
1321
8243
10615
6637
5999
1691
4025
6234
10692
7388
9271
3862
8149
5172
1731
5206
10953
5157
1334
11234
8711
3951
5006
7112
372
2957
5857
793
1127
4174
5957
10132
719
9356
10605
4475
4983
6476
8950
9855
11252
3921
5828
1569
10662
4643
4447
4021
8192
10341
2284
1233
767
8289
7776
9972
10204
4995
7322
6489
7435
5064
9871
9079
4359
10353
810
7854
683
6011
9670
6910
1759
8203
8293
520
7807
4033
10672
8924
4337
882
5628
9405
3055
3518
716
7512
4722
8996
5366
10575
1572
11117
1031
4199
2648
2175
4783
10379
360
6520
8333
8617
5394
7901
8795
7797
7281
1030
9675
1198
3701
7154
6337
3076
7204
3404
11085
5787
7178
3457
2912
4244
3758
9177
7995
9693
10216
11308
3200
3773
362
9212
2561
8840
9734
7595
3242
2683
880
6114
4819
5453
10409
7283
4579
5975
11267
7544
5947
1307
9816
10133
6697
5043
5035
10602
2091
4513
8805
7539
7624
10442
8965
7069
9232
9535
8145
10407
9965
9238
11212
3877
690
3697
3630
7713
10250
5323
3283
11046
2808
6269
10039
10730
6390
4653
634
10485
1167
3875
9141
363
8554
5465
10393
1648
10747
8455
11317
8573
9916
5470
10048
4074
9792
9737
8948
4733
4906
3026
2165
4440
6821
11065
9000
5737
9994
9598
4840
492
10193
6083
9748
3440
3395
349
9315
1948
5833
7422
4888
7393
5644
1518
3373
6278
2990
6627
8907
1740
1636
9422
379
1355
9339
10140
4648
1808
6737
8731
9966
5472
3312
2461
9429
4813
5132
3479
8514
4088
2956
4692
9347
2874
7725
9606
5962
10159
3016
6210
5461
4101
9658
6062
5580
9768
5288
8884
4967
3549
4600
7222
8253
8677
7428
4993
8066
3845
8087
1065
5728
1046
6021
6783
6589
4686
11084
6735
6100
5234
10076
1111
8448
9183
11188
9372
5700
2666
9463
7327
8735
6975
6033
1480
1602
7119
7660
4718
10063
6256
4901
1755
3081
2964
2544
5903
11270
8604
7383
2750
5971
3035
10532
1797
2489
9037
8173
3803
7008
3188
333
4263
997
9979
10959
6928
6187
459
3065
10163
9656
10949
5938
727
4364
7825
1805
6038
3965
7394
2042
958
7396
8903
2706
4226
10304
2738
2906
9241
5582
1145
4055
792
10635
4780
6671
9831
10844
10551
7625
9290
4221
10080
9720
1687
9937
3922
5549
6793
2772
10338
7927
4670
10376
10829
7760
7292
3185
4955
535
8555
3461
4008
6808
6381
6841
1036
10318
3170
9835
570
762
5363
8883
10227
1155
3006
7443
10151
4905
4442
6321
4453
10187
3156
2126
10362
7102
5166
3357
7714
5005
4619
836
755
4992
9777
961
6059
7511
10134
2890
5243
3090
1166
6661
841
1116
2382
7158
7706
896
8749
8474
3790
3736
11037
7328
5800
6124
3396
5602
6767
11355
1600
8288
10421
708
7211
3593
1999
860
1704
7104
10395
8054
4614
2699
2343
7138
7666
7408
1284
8689
1877
5548
1503
4889
7561
5162
4291
384
3285
3497
6948
491
2953
1140
6424
5178
9324
8926
7477
5136
10842
10148
8721
5204
11272
9168
9757
7634
5561
9380
1955
1028
3989
345
4495
3602
4631
7426
10191
10169
4378
9318
5955
6679
4169
1420
6308
4809
3071
917
789
3428
6359
9001
2291
2569
9540
8818
1514
1960
1941
4500
4473
1071
2645
7548
6469
8797
9866
7319
5756
8678
6369
645
9256
11000
4042
3781
3094
1664
7033
2077
2191
10178
10546
2227
3591
4438
1112
827
8652
9522
9782
11175
5367
6600
3367
7780
2131
1885
1117
10663
518
4049
4426
4867
2607
8867
2248
7726
11074
2359
5715
8561
10225
1888
1767
6838
7733
7992
374
1917
4340
9919
9913
4433
2664
6965
3452
7886
7416
591
3274
5907
3738
5966
2347
1702
975
9980
6691
11145
5888
10657
7864
4962
1583
9896
11208
7744
4231
7081
9458
8828
7663
7186
6605
11325
6738
3474
1277
11358
2689
4663
7525
5965
6279
7140
2735
10582
1632
10678
7978
5079
7044
383
10366
6734
1387
6814
3253
9138
8951
5673
1178
2719
845
3639
4542
3243
7243
1430
2538
5329
758
6806
4629
9312
3511
9080
2471
3378
5464
5369
7213
8529
1441
6900
10514
8401
10881
4162
10314
10955
10168
6726
9231
5296
5477
3337
9633
3589
5912
10629
9041
8458
8238
4425
10554
7590
3064
1411
599
7601
5766
10618
344
10640
7461
6105
4390
5698
331
6222
2129
8666
4388
3944
6901
1855
6700
7571
6736
3389
527
10358
3831
10861
2962
850
593
5435
10965
9504
3574
3267
6167
6131
9072
1789
5927
946
2166
9705
5674
6607
2882
8165
7301
4717
1881
7560
1693
4976
6355
8724
6669
9108
5709
9443
8310
7074
4622
7667
9836
11365
983
445
7906
628
10477
10727
11262
1457
589
513
8059
1782
8097
3987
3959
7986
5786
1738
9412
943
7482
6145
1017
6665
6812
6303
5695
7299
1323
4351
10061
10508
1187
10805
6561
7761
8048
3567
11314
2016
2130
5239
8186
8302
2460
6608
9089
10282
9868
387
4789
2363
6938
9616
6191
7219
1298
4376
7232
9505
6503
3468
9217
5270
10912
3136
11095
6010
10900
8275
10359
3050
5267
5626
3970
2278
837
9910
9803
6023
866
8855
7731
4516
714
11343
7317
7764
2010
3010
10345
10449
2646
6103
9172
651
11128
7365
2068
4885
4284
2511
10419
9421
7103
4253
1366
6074
5801
2096
1156
938
1055
926
3370
9005
8596
10251
6248
8230
4582
2486
5232
9954
9389
5386
3180
5841
9488
878
951
5237
6652
3806
4966
7495
10926
7344
3988
8102
4950
6420
1516
5235
1211
5082
9843
3649
9680
2513
8843
6290
2352
1906
11311
7401
3111
6480
8414
3101
650
6032
1362
7465
10023
11260
6094
981
3565
4039
6376
9070
743
3043
10228
3637
643
8402
2156
4257
10211
10367
9671
10704
4931
3552
5448
9872
4893
1784
6276
4403
6478
6165
5405
1377
2545
2480
8509
3214
994
6745
10702
1149
6757
10765
5068
6496
7831
7438
2615
4261
3556
6560
4548
662
4077
11045
4097
4784
7100
8062
1929
4514
3686
8469
11349
2222
9316
5364
5325
7610
4057
4583
5578
6740
1846
5226
8040
9973
8228
7423
2067
8217
3745
4314
11021
3585
8775
1353
3411
10631
3483
8132
2243
4766
7372
9333
6332
6934
3572
10192
4982
2697
7869
10398
8060
8159
1073
5374
8668
5385
2479
3583
9403
8842
2140
4211
11167
5560
6270
9953
6296
10584
8615
4713
8115
704
2541
7427
5682
6164
782
7486
10718
10841
10883
7816
2287
3158
4191
10739
9027
3716
5742
4681
5675
4589
424
1318
2336
1771
1401
5276
3279
8608
3774
11221
2952
4255
2223
11043
3275
7169
5001
6027
7130
2494
10732
8381
891
7611
6504
7688
6199
2457
7003
1949
7405
9342
6287
2076
2640
3284
3097
7041
2763
8343
4020
9494
6990
8136
6363
5778
1533
7910
2761
3307
5300
3282
5344
1061
4927
627
6396
8688
3644
7935
985
8202
10347
6398
5780
9978
6996
4069
11064
1688
8597
9397
9909
4568
5371
2306
9198
8198
10071
3046
4935
11155
2657
11359
10942
5818
8270
7755
10127
8760
9643
6049
3679
6067
4794
10561
8331
2864
7930
6168
4577
337
3836
2895
2760
7242
3112
3740
10518
9160
5827
9521
1887
3819
846
9595
3719
4458
5107
11310
6036
2821
7441
3752
4662
8128
2913
6571
8631
6331
9306
5685
4596
2396
11112
2313
2969
4772
4518
1631
7699
1998
11263
5376
7739
3811
3882
1785
6454
2344
8030
10863
8354
2931
2811
5672
11352
9343
1499
1245
1723
8572
3286
7390
8518
1573
9053
3763
3236
1905
8056
1447
2762
7662
6377
9970
8762
2610
8911
9790
2736
4465
10725
11206
1858
5691
3417
3041
5485
7214
5446
334
10633
4638
397
6581
6483
8380
5441
8546
3235
7387
6859
5749
7677
3330
6776
10851
9453
7263
5163
11322
2449
3142
11258
8158
6410
10905
6423
5609
8447
971
10185
9135
1042
679
8496
7224
9147
3613
4184
8718
4817
3061
610
1995
3103
4273
8780
8382
8591
10364
2792
9610
1165
1003
10791
8538
6913
8517
10235
2244
1844
9714
8321
10276
10774
2019
603
707
5250
6840
4283
3099
1467
4617
9799
8139
10918
9620
8970
10820
3979
5439
4544
562
11273
10574
4881
10266
5664
5414
7445
7403
10030
8619
8140
7821
776
6858
8949
10484
8559
9580
4086
2364
1845
3184
4029
10252
8426
9220
1942
1734
7238
2177
8018
9394
1804
5444
9771
7088
5212
3798
6864
5694
11015
533
8558
7562
8701
5322
6274
8910
858
2137
6304
1842
2628
2350
7407
7556
5466
3663
4826
4429
1014
2884
7684
3515
7605
4549
999
10673
4346
7783
7801
9694
9900
2939
1807
10921
3023
9993
3527
3323
4916
3543
2886
11309
1244
1069
6754
8415
347
6550
6253
6223
6057
5167
11190
7464
8636
4080
9725
5033
1710
813
5834
7614
10241
11227
9542
2626
7881
9884
2902
11102
4883
8443
10499
3930
9206
6515
11053
4436
2439
7510
7183
6635
725
4450
1234
381
11204
3212
9036
6875
7424
6205
8181
2502
3062
11022
925
7316
2797
7331
4821
3571
11318
923
2777
10488
1422
3042
8834
4941
2216
11211
10340
4632
7421
10891
3700
10352
5556
582
6028
1535
3628
3919
4865
10284
7929
10510
6915
6974
613
7259
10180
6511
7653
7885
3391
10060
8613
3751
10013
8425
7990
5253
4732
6152
8967
1814
8872
7161
2168
7203
10755
4602
1975
3960
9461
7652
9478
1415
8779
5492
952
2211
8969
10558
11181
8353
10264
5222
9134
9987
9314
9822
5077
5271
7940
5706
8358
7971
10637
9813
711
4293
4664
10834
4790
5161
10348
6897
4925
1417
6579
3829
7559
5621
7229
9402
1993
1801
3886
3876
4305
1086
8896
5554
10173
1899
5502
10999
10675
10098
6623
1062
1868
6230
761
2155
2612
2972
4986
11331
6794
5331
5861
9698
6833
3968
4849
6519
1078
5208
7055
2753
8477
2338
9056
8177
486
6588
11042
519
4147
1531
11094
10190
2748
1260
8783
10745
932
2629
790
7448
11058
2734
9904
2505
7056
10674
4374
5060
8914
8786
768
3690
6264
1195
7785
1476
4023
10939
7542
9221
5225
2881
2684
5532
2249
11135
3594
1675
5711
9869
9949
1043
2183
9825
6255
11144
10295
9095
5128
3949
10230
6358
6397
5116
4130
1935
8081
8888
10505
8086
2942
6221
9739
6299
10989
7268
9132
10915
4032
2321
6179
1546
3422
1373
8917
1982
9482
2806
723
6647
8912
7462
8061
4281
10319
7859
3676
2675
5514
4087
8642
1249
10934
11119
7732
6219
9934
8905
3161
2807
2899
8007
7431
9169
1063
1666
9060
3859
10545
8802
7647
5093
4836
8359
7650
6820
900
963
2534
3891
6093
2445
5247
502
9968
3505
9877
1019
7721
1052
8543
2466
1709
2022
7498
5072
8684
2073
6788
2224
9214
2282
7698
2409
3739
9098
6198
6555
5933
9047
2149
5347
2442
10812
7471
4277
9762
4650
5637
5041
1539
10687
4645
9313
2215
9325
4141
5500
1869
7048
10253
11066
11198
9062
7133
2261
3294
1878
5765
3625
1678
7532
7804
5996
2896
11282
5350
1857
4480
9946
9351
1468
7518
2390
995
11286
11008
9473
9066
779
4555
7177
8429
1736
11026
9608
9731
9566
1314
2532
5745
1997
897
5096
10693
1221
7411
8901
1635
2491
6801
4407
4028
9874
1223
10528
4755
6747
3766
7977
1100
5713
8824
6937
5752
4278
11256
2984
9990
1294
7657
2013
8571
8663
5710
1475
4567
10491
1347
7073
4056
2176
9750
3040
4656
4652
2379
10265
1972
5751
10027
6628
2786
1172
659
5455
7028
3021
7980
7840
10164
9747
7703
6280
11185
3918
2141
8297
3706
541
7473
5538
3810
4512
9378
8968
4170
6619
6894
3770
6529
6714
5646
5893
10671
8454
636
2789
7398
4217
5100
3533
4580
3880
2437
4089
4360
9139
4416
3192
1391
6839
8899
4536
9218
10849
8022
7830
6525
398
9288
710
8758
2932
596
2839
7303
4468
6638
4566
7289
3196
4587
1496
4001
9276
11294
5953
2061
5665
2092
2905
7338
5494
8263
7129
8339
6267
5402
7933
2644
838
3069
8231
9924
1897
7866
8700
9588
3001
3287
5539
4384
6849
11300
4917
2132
4997
9137
8938
1487
7769
1386
1462
8532
10401
5031
10967
4561
3550
1472
8167
980
10259
1357
8287
2095
8004
4084
6443
8492
1818
2582
359
7105
10224
604
11203
7034
9660
11243
3887
376
2492
7967
1105
3804
10954
3604
2805
9176
2328
5278
803
8882
936
1340
6649
4771
6148
4866
7549
924
2883
3121
6339
8506
6625
8868
10913
8519
2230
1667
6895
4223
9249
3568
1637
8311
10952
7802
10708
3342
6111
11194
1125
1934
8580
2992
7627
10166
434
8667
8372
5608
10088
10121
7727
6613
5332
6120
10867
6662
9275
9579
1309
8592
1554
6320
1893
10724
10524
4299
2840
10487
8733
1673
9844
8027
11171
3434
10155
7829
10283
6751
5356
4176
2690
9051
7691
3941
2040
4158
8035
3186
2217
5853
6294
4220
6943
8392
4759
5091
10480
884
11030
9597
2180
4079
2988
5620
8349
3073
8704
10188
11312
1829
545
7304
9602
8002
8487
6235
5731
4654
9551
7463
1169
11174
6920
5200
5987
927
5393
10324
4262
10042
4066
1607
7450
2446
6129
5133
5268
8280
1138
4164
6790
9926
7637
10705
8623
6450
9242
8776
1126
6984
5277
1959
1191
1151
1121
6903
8863
10578
2599
4546
2951
10639
3037
9733
8781
8687
10206
539
931
8020
4312
10181
5298
4155
2419
6247
7362
7256
6881
7834
8881
3928
8630
5625
1853
8728
10333
5797
10397
4365
4958
2485
8993
7354
6693
4929
6882
4210
5777
11109
10099
4738
9211
5075
11335
7672
1904
9905
4833
2568
3530
6204
617
2484
1262
5769
4515
7269
5478
10707
7957
5705
1320
5357
9776
4059
5892
8931
11073
9162
7326
8233
8693
1310
4535
4661
3500
2107
11075
9879
6863
6670
7890
6761
5699
5898
9049
3341
2035
1405
10859
6115
8939
10482
1733
3110
1045
524
7187
702
3842
5607
2044
8160
366
5029
2139
692
7806
7656
5463
7565
6796
9849
2819
2242
4960
6502
9867
2775
7072
2247
5289
935
8312
9688
9131
9408
2142
9083
2627
2552
10526
4408
7134
4774
6277
5501
1561
3007
3521
11170
7244
11147
1136
3689
7367
5724
8832
3013
4770
10527
5004
11205
1226
6771
4418
10057
6969
3727
7115
4173
7668
612
9489
9967
1094
9400
4502
11035
9563
4870
10922
4858
5310
6301
588
9985
10055
5667
10775
9326
1552
9795
2888
4188
2234
6452
5717
6755
10425
8716
4249
9941
6590
5046
3825
4570
5062
959
5069
2062
6922
5183
6732
8646
4027
4873
3496
2581
8594
1761
6368
8764
7363
4104
9479
8954
3175
7928
5241
2112
464
2907
8285
2262
3614
6293
6485
7911
2275
4189
8790
729
9295
2434
1283
2298
2017
8407
7693
6684
9627
8438
9029
5319
5600
8078
1098
9396
11200
3011
4002
1337
5961
4310
2560
5088
2577
8346
422
4396
2277
885
2034
7584
1912
7994
4109
1754
2659
7043
3352
1470
871
2004
6907
8463
4081
10437
8827
6952
9077
10158
3431
3620
1644
6527
9793
2747
1614
7078
7824
471
2237
8606
11105
6809
5735
5895
9452
9203
7586
3209
11161
1410
4345
373
6601
10303
3230
5997
1066
6378
4741
7945
10823
5954
6667
10138
7902
8508
1751
7255
517
7757
3127
1342
9724
3028
5854
4369
11001
10418
9721
6348
9906
3879
6356
4107
4796
3311
8108
10630
5198
1944
9753
10632
9735
10670
1448
6150
8647
475
8478
5922
5876
2447
6335
7600
1095
6343
392
3910
6050
9881
7469
1469
5105
1297
4392
3607
893
10523
11191
1250
4353
1413
8895
5282
11178
9758
9486
3165
4684
8988
8771
6860
3808
3909
6567
9634
4522
7786
6663
3255
2488
6591
2970
2619
3325
4308
5789
8925
7654
6189
11189
2981
4750
1952
5146
3760
1122
9191
3420
1579
7346
1202
1146
10503
4190
3398
5120
5776
10299
2097
5295
7122
10471
8114
9929
2074
9992
9390
10123
7309
6295
10536
1348
1237
3335
5354
1961
9708
9253
5629
10025
4640
5714
5748
439
4300
8778
8810
735
7879
6251
5875
2143
1821
1768
4519
8920
10768
4035
6524
10047
5026
5194
5942
1685
7695
2779
8265
625
5856
9199
3643
2003
10209
7701
2872
3812
4920
6832
2720
3677
11339
745
1548
9436
5601
1492
1766
3122
629
5804
4749
4679
3694
6394
3316
8583
4827
7057
784
9679
2326
496
3664
7330
4944
547
3771
1272
9878
444
3327
4389
5525
861
576
4467
720
818
4018
4317
9194
1159
7270
10006
578
4132
9894
2431
7554
5826
5642
4725
6800
1225
9484
5071
9961
4731
11288
5535
5328
2829
4864
7005
6930
8256
5651
3655
10519
1684
9847
11125
3762
9740
4801
3761
4422
3484
8708
6399
504
4258
2963
6936
6101
4065
1698
399
9511
3036
5849
10931
6136
3244
4624
7641
5434
6438
11098
4274
6473
5103
7011
474
1488
1563
6380
8972
3129
9328
11297
6650
5632
8560
7109
451
7602
1862
4806
8272
5287
6172
1931
615
7619
10537
8191
2394
5117
1803
4926
7743
10878
907
443
10596
9254
7794
5248
5718
9213
3608
426
9498
10389
4280
7160
8210
3553
2138
6156
1621
402
6857
2341
7179
7452
3579
10430
4487
1445
6632
10814
1268
4006
10363
4315
4729
5701
3173
2732
3640
7868
3402
9524
1683
5604
2305
8989
5135
3364
4431
9130
9102
9467
5498
4044
10136
8201
6080
7439
869
3885
530
5843
6687
9311
1308
8535
4910
10916
8769
7040
6741
2878
6387
3202
11173
3014
8773
7171
6326
7583
7899
1352
10735
10244
3218
2133
10399
2809
9204
5397
1471
5967
10956
8862
5968
5924
3478
8550
3609
6434
5003
9547
6208
7997
8657
3605
2678
6603
4061
1336
947
10920
8489
9726
6053
10157
7164
5102
9340
5015
2311
807
3779
8553
391
6644
9577
4563
332
10627
7223
4459
4063
737
3269
2530
8936
10162
2357
1379
6880
8814
7960
11025
3502
1228
5905
5656
5630
11113
3080
1604
1840
2770
1968
2370
10109
6385
4924
7345
10280
5007
1248
7226
6729
11291
5782
7489
1716
9104
652
4148
4875
3962
10003
8131
8929
10481
10453
6970
5421
9715
11222
5573
993
2670
6084
976
7404
1599
8185
10935
7395
3102
4036
6640
5429
7865
5956
5426
8223
3291
10715
8753
8330
8315
9282
5249
9164
7136
5187
6421
10261
7064
2250
9337
10242
1800
8205
10789
1459
1630
6935
7991
9382
3622
10139
1435
3075
798
2614
7272
988
2692
5944
5165
10751
680
3889
9728
3263
9205
7596
9895
4835
6238
5067
5658
909
5303
2787
11367
6375
10825
5307
4206
407
9626
1193
3952
7029
905
4578
11357
2389
4547
3002
6836
8747
8706
10512
9320
10125
10274
2162
1717
1108
3542
4644
6543
6493
4845
6756
5616
548
5083
2508
8679
7981
3775
2611
9802
6224
400
3340
1815
9008
7754
6309
8885
4720
8138
4298
6824
2862
11099
3144
7558
4594
6393
2172
6419
10980
1696
2818
8397
10793
1218
10496
1838
3938
6727
8065
6498
1662
1107
8991
3137
3856
8365
7877
5462
1182
10029
1186
11319
8913
6733
1048
9157
1779
4152
9185
4485
1196
2812
5360
8235
5579
5937
4120
3784
9175
5521
5887
11255
10067
8264
2833
5660
9406
8473
10787
4694
2087
2693
10201
7347
3765
4539
11285
10517
8433
6336
5693
4808
2796
6968
11217
4320
6580
3621
2978
791
5902
4437
2782
3324
4877
4125
8510
8307
10899
9044
8350
4618
453
9870
4709
4895
2892
11029
1370
4119
441
3454
2542
6526
5186
3338
6197
2915
7640
5939
8680
8356
449
350
4319
5406
3365
4451
1006
5123
1581
5382
9947
3174
7599
3072
421
4000
5175
7793
2815
10716
1213
973
4807
10696
894
3254
6541
2441
11269
7598
3126
5191
5293
6314
8767
5496
9615
4143
3953
5859
4744
1903
11134
7748
8726
1864
499
6956
10884
10754
4395
10971
756
1360
2432
507
1070
5775
5867
8451
3017
4668
2617
8634
5884
6517
8374
8730
9629
4965
783
8582
614
2100
3809
4045
2208
8527
2145
5534
3544
1958
10744
9178
8637
1444
4117
1135
4399
2327
4017
5016
8789
3300
3946
6455
2590
6029
10759
5160
6228
10782
9575
10501
10044
3089
7812
695
3153
4004
1747
667
8694
11213
7020
7300
7835
2661
9502
1634
5721
1570
1598
2744
10603
4565
5712
5925
2214
2304
4295
6436
9612
1927
2826
7194
5391
10059
7349
8727
1144
7623
7045
1544
8031
5949
1425
5400
1392
380
5704
6978
10800
3658
10349
1301
10329
9207
5199
3225
8654
6437
8816
8702
8923
8008
8777
1057
10144
10117
9344
6553
11195
5567
10560
3983
854
608
4172
4121
3673
4601
8467
6310
1629
8017
5886
5106
8945
929
1700
4576
6417
5998
5252
9684
10417
10135
7999
8493
4980
9189
968
886
8825
5781
1610
4504
7903
5577
5370
9497
7170
7763
7537
9927
9248
8772
9830
9921
1184
5399
8144
7031
5089
2120
2941
7545
8639
6146
5774
10694
8105
9530
1001
7092
1381
6330
6426
1214
1259
5796
7676
9933
9433
1346
3310
3003
9464
1414
6112
616
10651
5891
2982
2528
8676
1874
10925
922
1517
5213
1113
9996
8638
5192
1860
2253
10032
10176
11249
3635
9651
10792
9159
2746
3601
1188
6347
11305
1787
8520
11354
6909
6958
8123
1280
6362
7002
10208
4531
7032
9584
1697
3249
6388
10573
9301
335
574
9619
4743
6570
9101
7892
6019
10567
5542
9365
3178
2825
6039
6706
8424
5768
9386
10614
10194
694
7205
7938
3423
670
7181
2373
4347
5131
8098
10889
1164
4822
4503
4324
7541
11160
1341
3221
8011
357
3835
4215
11373
10186
8375
1424
5392
454
5476
1204
9110
586
6272
3645
5380
3272
4285
5899
6686
5025
2093
3494
6144
5688
2722
6851
3166
1707
1971
10607
9444
465
9682
4275
2116
342
11271
778
6373
4820
6113
2663
11143
2643
11353
4323
9808
933
4412
4961
1486
910
740
6268
11187
5024
7239
4103
3980
957
2169
6861
5547
9975
3387
8723
10838
3382
3824
7321
6195
6499
3114
9889
10750
5407
5480
9928
11002
6716
6582
5273
11159
10273
11019
10691
2794
6870
9723
5929
1943
3211
2039
4405
2959
4723
7626
7409
4372
1990
6063
8853
2701
11049
844
8014
7771
8389
8393
1354
8088
7494
4994
3582
5291
3900
2423
4715
10160
9763
6749
5677
5619
6487
10021
8922
4851
1873
1428
9465
10426
9710
7777
1400
7076
6989
7207
10258
2506
3217
1986
1317
8578
6448
4832
7655
8324
8245
6703
10847
2889
11072
8675
8821
8577
6300
7948
2265
3095
9837
6899
1689
6585
10608
9510
8624
2324
7098
3878
2725
2598
8099
10267
4100
4338
10332
5838
3056
3861
3961
4938
3704
4461
9474
4363
8475
2236
4541
11038
10207
1737
6705
5683
9025
4381
4499
3802
356
9492
2015
9401
8774
7987
11179
5659
10472
9387
2852
9362
2682
3650
6557
2317
5639
4179
7227
3401
665
10904
7245
2260
7894
6577
6123
9038
5156
6680
3475
10141
9105
7353
10665
11057
10483
6574
4071
2109
812
9515
487
2965
10542
2239
892
7715
6196
8847
5747
4167
8998
3414
2849
10064
4297
2857
10811
10525
9667
3215
1451
666
10405
3108
1440
1980
9678
8933
5840
6307
410
5531
7514
9562
2205
11034
11199
2716
4434
6139
6568
7323
1137
7143
9685
8960
8251
10610
10721
1841
8470
8072
728
3523
10650
1025
2897
1545
5269
8973
5215
2026
3848
5562
11104
9088
4165
9015
468
2764
1565
6715
10172
3666
1215
2519
7735
1686
2634
9195
4046
7742
3648
7553
10034
4605
5140
8601
3054
340
2529
3800
6449
355
7392
2841
6109
6257
575
637
4026
9305
3078
5467
7750
4144
9353
6364
7144
1333
5643
7985
3737
3416
3359
8632
8281
2968
9989
10736
1557
3271
8651
9700
8368
1099
3171
6946
5754
10354
7551
6088
4987
9297
4963
7146
6803
7594
11324
1446
2303
5598
7645
5928
2814
5813
5981
1044
9190
7775
11076
1553
8829
5437
996
11097
5809
5415
3985
6664
9156
6916
3512
4564
9119
5663
6077
8745
5418
1753
7037
9209
8545
8671
6569
3424
8497
774
8015
7434
555
3292
7984
5773
10570
2514
9148
1537
7039
10307
7519
5523
7139
6538
9630
3723
7082
4112
9002
1850
3759
7828
6536
8157
4939
6683
4421
2075
632
6072
889
1575
1397
10370
2270
10249
9428
2241
10555
6372
2997
10580
8819
2066
1390
4521
466
7966
7329
11277
3906
2751
10388
4892
4785
1907
10522
1928
4415
8533
5689
8858
1603
5433
6692
7587
4235
7293
8870
11087
9260
9055
8006
1229
7838
10149
3915
7235
9640
3239
4543
8513
4595
3685
7745
3661
2871
9647
3874
4765
1081
1361
6925
580
10589
3162
1232
8408
992
2463
4116
5995
8305
4122
450
5221
5195
10183
8222
4163
8129
3853
10070
6346
11154
726
5864
3390
8067
6629
8118
8994
1819
11040
9352
10022
9568
2433
8488
4841
7351
753
5969
3385
10215
5343
1832
10944
10726
9529
5720
3598
2791
6962
8044
10199
619
2122
5150
7523
10594
5211
9635
10539
5842
9653
3098
3384
10474
7336
3306
10365
9838
4673
8168
1097
7417
7572
10126
2334
6817
1344
11059
4590
4787
10457
7955
11237
1163
1511
6759
5512
4641
3393
7853
4404
7479
7339
7095
1823
9833
3913
10260
9709
9553
5362
8935
1479
7843
7658
10281
11301
8585
3981
5459
11142
6162
7952
8672
1806
3194
1695
9845
8674
9856
2875
6360
8650
6575
4848
1076
1252
7079
5990
8610
9948
6610
4786
11164
9962
800
6890
10958
7723
1270
10146
2069
1258
1368
8503
6672
3599
7340
2817
3471
5633
9367
1793
920
8352
8412
3213
6573
353
3477
10456
7580
6777
4043
7127
9804
8052
7084
8055
833
3916
6128
3830
6052
7882
5286
3369
4040
3366
5210
7563
5785
8371
9848
1994
1453
7716
8835
8877
9059
4329
11129
2264
1385
7968
8808
8963
10681
4237
1705
7944
9434
10827
6391
7001
2081
9876
8073
6554
721
7504
8068
9346
10290
6216
8655
8179
6281
6090
6685
3947
5124
2136
10676
9969
6518
10668
2181
9764
3182
7876
1965
9330
11017
7147
7019
4490
8189
9040
1720
4620
4678
6889
4812
8269
8628
2056
718
7400
3769
2399
4964
9012
3528
430
6285
5176
5716
9357
3954
1996
9355
10686
6051
5469
6367
3603
1363
5522
2926
10156
7017
7897
7284
3971
5581
9112
9784
7972
8468
7210
2279
6945
3472
1176
8755
977
1115
848
1160
7492
7265
1718
865
8351
732
7546
3963
571
7191
6425
2717
1977
377
5335
642
771
6597
8050
10579
6181
2297
5631
4166
10699
8616
3119
6076
6622
10497
1454
8586
9407
1923
10887
4301
11193
9794
1615
787
4751
930
4608
3332
3844
3815
3105
6781
3616
10040
620
1591
8798
1746
10137
10776
9945
7480
8981
556
10065
3322
7488
6117
9281
2385
10565
5409
1626
7817
10238
7097
9585
4260
4846
8227
7142
1930
1712
7841
7288
3826
9111
799
5312
8875
6999
3539
8180
5030
3148
5503
9756
6060
9441
9548
9760
10815
9358
5872
2567
1861
9796
2280
2521
9583
5906
4113
4635
1677
2793
3895
4584
7106
10924
10350
3503
3855
9013
5668
2869
6447
4098
1247
7502
4175
4505
3937
9121
6983
4598
8707
6030
5313
4435
4494
6981
868
1072
1291
3611
10660
653
2765
3832
8681
2259
5504
3795
3935
8977
8221
2979
4129
10656
6292
8499
1641
11063
8032
9824
10214
4047
10809
2151
540
9938
9873
5817
10387
10336
2038
10845
5557
4225
9557
2916
9662
2771
1524
703
2210
1264
7458
9424
9641
10096
6542
2438
3048
3354
11253
8079
10624
9043
5009
3074
7508
10153
5425
9302
6844
10909
8928
4419
8200
7613
10434
4482
7947
3849
9902
3456
4724
5408
9180
9785
9886
2880
5583
10342
7815
10229
8800
3132
5657
7644
8696
1120
772
3822
560
5739
2358
5926
10286
1287
1018
6258
6530
6919
10902
2838
5119
6155
5932
10690
10813
10289
4471
8076
10152
9882
7778
5815
1816
7162
8516
853
5910
1265
1217
10826
1947
566
3446
2104
1316
8360
3460
10461
7566
851
4573
4227
675
4078
2065
10769
10636
590
6694
3711
8164
10145
10205
9329
10991
1946
5413
9963
4852
10906
1327
1951
7569
11254
10175
10897
6315
9810
10232
11230
10495
1438
8308
8377
4093
673
8300
4377
8531
5730
10272
1568
4754
2998
10538
8216
9801
11371
5681
3674
8849
4949
2088
1255
1833
6867
2465
2314
3899
8304
10996
8127
4492
9699
3534
3868
1613
4979
8548
2420
9783
2938
5240
417
11184
671
883
3113
2274
2922
6659
2047
1828
6242
5294
3058
5764
964
9093
7884
5134
6479
11106
11348
11321
7290
11023
2194
3653
9381
7023
9414
10743
937
4114
2974
9935
2029
6762
5126
928
1661
6696
2743
2702
4884
8602
10666
2386
3600
5810
676
607
2202
9541
6816
4194
3383
1455
5352
10275
8212
6121
8410
6595
5865
9447
4282
834
3912
7961
7058
902
11050
3576
6501
7552
3172
1389
9024
4776
6947
2245
10957
6559
2171
1024
6646
2606
6636
11156
6261
8712
8540
6782
5272
1601
2728
9657
1199
10262
5568
10236
2655
1271
6134
6137
11242
10583
1288
10073
1739
5330
4537
1494
2269
5044
7861
9537
6173
8530
4386
4737
9652
6822
6071
4108
5868
8618
9229
5541
2943
10390
754
5889
1534
8347
4420
7484
9534
5524
7148
2527
7487
10970
808
8986
8413
7231
9773
3412
10234
5174
6556
4761
2094
5920
6960
7717
10509
2055
5097
6985
5306
10089
9437
5788
2059
7027
681
2622
516
4945
4276
10246
8504
6392
10203
6728
7418
10947
5118
544
3181
2994
6963
4850
9840
8720
3351
401
3481
9280
10642
597
8326
10443
6211
10403
9713
5941
11005
8041
6207
585
8176
11082
9010
1638
9360
9163
2668
3485
8220
10761
9120
9829
537
9262
1275
8985
4267
2356
7287
2774
5974
4432
10530
6681
9533
2416
899
2918
6252
10873
5597
6177
3914
4947
7582
6096
2588
10038
1369
2933
9237
4397
4470
9891
4913
4857
10865
5648
10795
8567
2798
7108
8262
3379
6545
2043
8178
10031
744
9222
1246
6025
4444
7046
7790
3569
4948
5230
11224
10507
5511
4449
9442
8053
822
11295
452
2656
361
2455
2470
6400
10963
479
5488
3695
7585
9045
523
9508
11247
6795
8357
10473
6194
6324
3317
1730
1300
6991
10661
4887
3756
1679
2160
9560
8163
4448
10756
7692
10864
1421
10511
10652
9703
5355
431
8975
8598
3730
7014
914
11013
1175
7022
542
3022
954
7505
8095
1770
3347
3403
462
3847
3974
7298
8394
4811
7275
8864
9915
1053
8298
9303
10423
9952
2929
4712
2012
6472
4146
4498
1207
1530
3195
11290
1541
1527
2320
3473
2454
4232
3634
9210
8966
9374
7052
2681
4207
6433
10486
7800
6548
9152
863
9118
6699
9797
8886
5687
7989
9493
11216
4606
1924
4746
9623
3577
8398
8575
5196
7080
1423
495
3651
3699
3687
8622
2955
10611
11012
4010
7151
8147
9550
9454
9744
7823
688
2387
2114
4775
10056
10612
4520
9122
3852
2520
898
10142
7149
4956
6237
3083
3038
5555
11177
1049
6325
3167
626
7337
10104
6866
4572
8366
7774
7718
9743
2758
8768
6653
7557
2900
3596
3458
2517
10910
5122
9309
2458
3355
3238
1365
741
4327
7358
10058
10179
760
10114
6942
2788
5412
1173
5572
7711
2652
7904
11088
9058
4354
6980
8104
6531
657
3092
2901
10085
3490
4897
2919
5734
1495
490
2412
1282
7858
10988
10837
7021
428
9592
4922
10679
4550
3911
10831
8125
3204
8918
10323
6514
2349
1813
4932
2060
5227
11056
5445
3025
4699
6887
2973
390
1393
9416
8242
572
5831
7163
7781
1399
10196
3063
4974
10543
3871
8852
592
908
8626
3647
4818
5590
7054
4798
5481
9787
1660
1407
3397
8370
8009
10500
1882
2865
6441
1915
5129
3896
3020
1133
2635
749
7846
4740
8692
3982
1835
4816
1261
7247
1091
5805
2501
8955
3375
2377
9959
2064
1273
5918
8633
4443
11231
5022
5327
5994
9957
4313
9778
8941
4757
7360
7285
4463
10413
9789
3850
348
6862
6444
11238
9500
10870
1177
5217
9063
10440
6494
6317
4575
7180
10648
7574
3333
1005
4676
425
9923
11116
3933
6461
10534
4667
3201
3841
1343
2048
6917
4706
10950
8411
5257
5125
10700
6170
1659
9384
8588
8844
9480
8997
11180
6723
5611
6015
821
1894
8249
3260
10738
6286
1792
7116
3787
10586
7233
3792
5909
2402
7050
7860
11052
3034
4251
5847
4064
8246
10445
2209
10853
9182
953
4154
3256
2418
7157
5284
3289
1219
7246
1713
693
5085
6921
2032
10090
674
621
5613
1326
5145
6351
9379
817
8284
9501
7941
9171
9415
9019
3198
3466
11041
7942
9958
336
8916
8150
536
552
2876
10435
3612
5012
2780
1313
4137
7451
2195
1279
1490
3777
10785
5159
8876
5387
10005
3892
1859
10294
5036
4727
5750
3240
2309
482
8037
8107
10024
1701
6698
4474
7060
3923
1485
1141
4123
10877
4168
7607
7839
2713
4052
1978
746
1168
4153
9736
7920
8502
6431
8261
11107
2225
7547
7954
7332
9283
10493
661
7921
1345
406
5333
11236
10019
4802
483
9129
4707
4730
4815
9014
10386
6877
5846
10890
10729
7237
7752
9100
3721
9285
1029
11018
8383
4586
8236
7501
3894
2620
3104
2474
6126
4015
9107
1820
11024
10788
8453
8744
4398
2523
2958
10638
4160
9611
1538
3557
6229
1606
2893
11148
9003
10936
460
1645
3632
5993
8813
9851
6584
440
9435
8511
919
6024
6249
2696
1848
3629
10202
10646
6048
2148
7789
11166
4290
2518
10697
2592
365
7475
10680
10331
7152
10572
8866
8792
2940
3999
6418
1586
3150
3326
4252
9839
9291
3732
2705
557
5058
1663
10719
9614
5416
1058
9861
2417
6626
3531
3160
3788
10446
663
4891
1426
4990
11276
9931
6689
5603
6739
3731
2025
7352
11051
10816
8460
10037
594
7415
1532
1584
8556
5375
9457
8348
10427
4999
6232
9310
3346
7849
9201
1611
11081
2908
8957
2721
4742
2667
8836
967
601
2178
6040
9746
7635
7128
9438
4659
9334
427
2601
414
2036
5931
5274
8659
9145
9035
6298
611
5917
3462
8240
9456
1148
1047
2376
7221
8673
5623
5878
6429
3786
8782
2058
10100
2173
8568
9255
7665
2531
8944
4334
4038
5090
4241
11274
1890
3141
5315
7468
1142
10213
1484
4823
371
8117
6546
4854
1919
9702
5692
10082
8226
8557
991
7639
8091
1542
3015
5977
4728
6660
11165
7740
8084
4344
4296
6778
5576
3720
9819
2709
6386
1774
5654
5851
7767
10647
4559
6349
4478
6522
9078
3203
10297
7513
9914
10097
4613
814
1060
3005
1913
2027
10105
8943
6957
5661
8075
5242
1498
6823
11115
1954
3453
10564
7036
9230
9554
6967
2562
955
5529
8000
2559
10893
11031
3729
8355
9538
10689
5130
5540
1497
2630
1708
4469
6805
10994
6766
1639
7121
6282
1449
3030
9188
4571
5599
7068
5982
3498
5703
1026
5256
9020
1794
3276
2251
10220
2554
3820
4511
6246
9712
3776
9240
2052
8791
2119
2966
7951
8587
2018
6345
8047
3813
6835
9440
1161
10467
1870
5763
5945
1619
9512
7819
9269
9738
1130
2804
10552
1920
8390
2380
6911
11136
8921
10103
6416
8148
9090
2182
9034
8757
3578
1174
4013
10296
6218
7266
4748
5037
11028
1329
10975
2785
7770
10709
8166
2307
9364
1254
5595
2783
529
7071
2252
8683
10876
8686
3264
10943
1773
696
2238
386
5506
2286
1523
1084
10541
6850
3146
8643
4356
7381
9279
6544
6464
8194
2700
5855
2340
3508
5666
1876
6143
1119
7996
5436
2704
8418
7467
4135
2426
2011
9065
511
8759
10492
1267
3834
1735
1623
9150
8303
11368
9392
9393
5403
6558
4110
8892
6523
874
1303
8461
867
6097
3107
4721
687
10292
5458
9235
10804
3360
1461
1367
3838
3564
10441
974
7320
4145
8992
10285
4402
3415
5423
9082
7311
8793
1395
9854
10101
4256
2512
8871
6004
916
4139
11364
7661
3361
4900
7690
2037
10256
6468
7000
4181
1408
9273
5520
4907
4348
1892
9370
5738
10882
3487
1653
3033
2710
10448
5486
3386
11356
10433
2288
4696
6108
5081
9032
1477
9912
3595
10454
5883
10257
3691
5158
4943
9192
8337
8057
4839
705
4530
5432
3626
9186
2425
10118
10860
10856
9426
9196
8715
5588
2977
6075
9821
8043
7799
7620
3898
6594
4876
8625
7230
5913
2361
8984
6995
2924
2464
8126
8444
9278
7893
8306
6236
7891
3939
5019
6244
9917
7377
1985
8765
5970
2613
7189
2525
4331
9696
3742
3066
5564
5020
7325
10009
2170
10122
3860
5340
7236
11183
4651
2923
447
2435
3547
7578
2268
7065
4856
3444
10550
2128
532
581
4070
5791
1656
4090
9294
8039
7588
8329
10189
6651
1566
1412
9897
7155
5264
5454
10288
5359
9664
8904
10130
2333
8891
5822
5989
3524
2285
10513
8600
2740
11079
8441
2411
1522
8156
11214
7674
4968
9299
1285
3131
10772
10945
6239
9565
5377
5404
3262
7053
7376
6676
2493
1013
5052
4936
2603
7254
606
1403
1558
6141
6896
10154
8522
3529
9491
4243
1011
7880
5697
757
1240
8386
2478
3265
2301
4591
10866
9251
3406
3573
9252
6138
2008
5516
10892
717
7575
6404
10927
1483
6382
9892
9267
7779
4328
10278
8247
3087
7035
11361
8266
8472
8074
5281
3642
2041
11118
5852
6020
7907
6500
4639
5361
7132
2609
4091
2587
11350
2106
901
10240
9113
6893
10822
2566
1427
5207
7675
8614
4019
9936
1147
7276
2724
3008
7856
6233
10344
4914
4481
3517
1039
11127
5047
6760
3380
1035
9604
2547
11377
5229
9331
4612
6725
7704
1676
1034
9827
2325
4834
5443
777
1227
1938
691
10310
2200
8110
5537
4094
8423
3994
11251
8665
3159
6460
9617
4627
4680
7066
3652
6837
1505
8979
10233
9161
6166
7500
7709
6923
9126
4886
4810
842
1831
5762
4118
1521
10444
6266
4138
10416
6855
1665
1356
8521
1293
8909
785
5182
5976
10767
2767
5559
3128
2000
7962
2813
5988
3059
1866
7685
3245
8894
6583
4793
8528
11363
3799
10239
9143
11006
6327
10982
8029
8024
7887
7973
2638
1727
6471
9555
1118
9818
7707
630
9173
2824
5388
7113
3978
5952
10041
4533
2254
8756
6466
11039
9075
4978
3536
6982
10695
10311
11130
3754
7262
11235
2533
478
3823
7756
5373
8400
10645
8432
2221
3561
7836
6092
6316
8878
7848
10268
3298
2575
9087
877
6186
9226
2594
4552
7318
2403
8428
7528
3942
11219
5824
9292
10655
9729
10087
9323
1547
5983
8658
3133
2557
9814
3164
4362
4427
8420
6713
6340
6798
2850
1939
9499
4695
3837
1040
3469
5304
6035
7185
7950
1442
3299
3032
480
9336
2773
11062
10938
7784
3039
7373
879
825
10520
6827
8956
8254
4214
6818
4554
1515
2885
10626
4307
10601
6507
2578
1616
4222
1953
7429
9642
9766
2591
5379
9265
6250
7670
6034
9286
1786
554
9621
8064
6883
7527
2049
7310
6383
1364
7175
9423
10810
4294
1911
1843
6592
9572
4921
2322
4634
1380
4756
1824
9144
10848
7444
3179
10966
1330
10960
2694
2870
3045
4462
8703
4054
6422
10084
11111
984
1852
6492
9607
8811
5708
6175
2316
1349
6159
11100
4072
3936
3558
3191
3273
10008
10872
10685
5591
4847
2294
3950
9410
9071
4930
3455
10781
5419
1123
5543
