7801
1069
6114
10550
2499
10287
5835
8433
3153
6469
11019
7371
7347
2159
10080
9186
4946
11283
9257
3275
6454
10439
5338
7489
9593
7770
9501
4369
10606
1553
1152
8261
10913
3453
10446
2484
10391
10180
10316
9717
3798
9252
6664
6659
3926
5192
535
8927
10090
5430
2113
2494
8215
3732
7529
11194
2876
1071
6194
8199
7557
6947
8062
11009
9445
9229
8597
4636
2041
1828
474
5280
7027
3012
9073
7932
527
989
9115
10231
4729
3561
1454
8627
10034
745
8364
10213
7750
3768
8961
6292
847
9161
3516
9384
9946
5115
5237
6976
10354
8031
1538
7114
9545
8548
2861
1875
4573
7898
4872
5587
6656
8132
5783
6527
3050
1962
5613
5616
591
4857
1362
676
5792
4455
7353
4047
9926
5765
1906
9626
6338
10334
5810
7901
7892
3864
2411
6410
5005
4817
3355
9768
8953
2907
8572
6158
8467
10060
9441
1451
8234
3751
7132
4535
4855
1128
7718
5985
922
7334
961
3812
2245
9900
8569
7123
2406
3392
8391
895
5179
8100
5532
4086
11024
2539
8268
6022
9701
1632
4067
4964
1490
8999
2362
4615
8867
8172
5503
9778
8864
8758
9157
3665
9885
4252
9772
5644
3490
11374
6064
1426
1171
2264
4028
11223
1424
10611
6595
876
6540
6725
7499
6503
10347
8161
7057
4205
2296
7524
6840
1055
7261
5352
2558
5402
8038
10619
1840
7679
6508
8595
9179
1370
2671
10131
5212
1689
2106
4830
7915
9865
6825
10986
6938
6019
11018
962
8024
1730
8173
9407
5457
8982
8177
5221
9997
4108
6358
732
10802
4336
1823
6261
2174
8091
7556
7145
5224
7636
1824
8399
8660
7597
543
5840
1974
2236
10018
2061
2262
823
10451
5418
7951
2503
10981
1624
11107
1441
9513
4374
5697
6278
2862
4191
6475
7214
2663
4757
5658
1839
5234
7281
4142
4562
9072
688
7101
427
3100
9583
5625
8023
1142
1371
10626
849
376
6790
349
4311
1544
4295
7538
6820
1343
3933
1268
11330
9639
2182
642
804
10168
3239
7303
7483
1363
9346
5328
7513
4853
1977
2247
2485
3019
6434
4151
4656
5569
4676
10014
4391
8741
4988
5078
10780
1933
8498
4473
8437
1976
8620
9081
6752
7242
9440
10124
5724
1608
1709
5946
1202
5029
3603
3632
3891
4545
6352
8039
11034
5388
8527
1528
1483
4018
9638
6431
6339
2983
9795
1306
10779
4597
11156
10536
9034
8949
3070
3770
4392
9815
3887
5676
10076
2157
3315
6707
2316
3581
10377
4065
1843
2845
6315
5815
2456
3450
10525
7648
10249
7382
10710
10128
6151
8974
8304
3592
8671
7338
2311
9082
6891
3011
8474
1948
6040
9217
9021
10030
10544
391
8555
3758
2667
2754
6871
6761
4462
11375
1021
3147
9943
2637
2910
9623
2865
6185
2188
677
3843
3181
6542
3659
5289
11224
5555
11249
8748
3094
5490
3536
713
10384
10532
4422
5510
7919
10493
5542
2146
4379
693
1744
4301
345
337
5290
6289
8611
3499
7193
6923
1480
3464
944
9556
3723
7326
3195
4073
7241
4948
10690
7668
7843
2850
6814
6068
7500
9969
435
336
6560
8346
5409
9422
5837
7322
6821
5800
10806
2054
6318
5134
2819
8579
