5
65
234
40
210
36
130
190
267
225
191
206
11
180
44
133
96
248
268
114
169
116
147
10
182
81
257
153
42
41
259
63
144
277
288
213
223
39
145
278
202
117
66
307
29
31
95
60
254
87
131
328
113
311
179
25
89
324
323
199
151
88
205
197
249
299
164
325
292
97
19
167
46
208
80
237
24
203
274
212
21
62
127
285
107
162
119
85
316
120
115
227
329
129
236
231
243
314
159
158
93
289
174
108
230
26
309
37
163
30
193
78
276
7
132
216
187
273
244
125
86
68
173
74
72
33
27
218
241
198
301
184
102
57
176
154
56
137
215
204
15
0
232
219
91
229
255
48
183
295
49
73
148
45
70
330
281
266
271
149
123
322
54
128
121
315
312
270
16
134
32
194
240
181
195
321
263
59
136
124
77
61
140
50
272
264
22
242
8
143
18
160
294
6
201
110
76
298
105
69
104
161
94
82
155
34
47
75
20
192
306
265
291
146
28
185
269
320
318
79
305
64
53
135
13
235
71
83
302
111
221
92
209
256
90
156
261
196
293
238
246
38
177
253
103
188
9
252
189
217
275
150
52
12
284
112
99
287
67
3
109
283
327
245
239
