6508
2862
2484
2539
9943
1608
4374
7869
1082
7951
7353
5810
10391
1152
9900
5840
1362
4874
5587
847
6656
8527
3050
11374
11223
6261
3499
6040
427
4065
8467
11156
6019
3070
6338
10802
8949
8234
7326
1544
10018
7843
7524
5977
8437
2069
8671
646
1012
1689
1440
10451
2921
1855
895
1261
5245
3887
10131
3450
7281
5352
9556
5985
8861
961
2311
2041
5676
8039
7677
11289
2316
2362
3318
8999
2406
7080
10144
474
10913
2327
4757
6725
6114
1735
6840
4830
6194
10014
4336
5364
7861
4729
9609
11224
693
9257
527
2782
5221
9283
8927
2296
8374
4462
7322
7998
5409
5490
9445
5842
4379
676
10034
4988
4392
5237
1171
642
9969
9346
6327
9186
5338
376
5555
1906
2106
1632
1830
10231
2663
9203
1480
3812
2718
4656
10550
11107
6871
4205
6707
8062
7489
11050
1071
4391
8071
817
4817
1974
6761
10357
7905
10060
7193
5613
10606
1770
842
2558
804
8598
9623
6354
8215
922
4142
1840
1538
10626
3864
6540
11375
2836
1948
7679
6410
4473
5644
3094
5457
6560
8982
2983
10704
1306
8953
1451
2019
3147
5569
9605
11330
6158
10090
1843
5179
1908
6358
2468
391
1454
7241
9407
10563
8173
6542
8961
1363
9626
2247
5402
1424
4946
5186
10229
3878
10354
10213
9618
10690
336
6469
4855
7801
5792
2940
11020
7306
5528
5658
7027
7303
3843
8364
7849
6947
9717
7581
1976
8719
8024
4920
1142
8268
3536
876
981
6938
9081
4545
3266
350
2808
7114
4948
8611
989
5029
5777
4047
8100
6278
962
3891
6752
5616
6820
1470
7668
3673
5837
3470
1055
713
3003
3315
4543
8562
6503
10696
5765
8620
435
9795
5212
2433
543
1823
6825
8023
2411
7483
3642
7334
9072
6976
3732
8864
7892
4422
8391
7529
1202
5005
7123
6595
10806
4615
10533
7478
9157
7648
9440
1484
11298
8549
6659
8627
5697
6625
4960
1209
11034
3758
2653
8597
7932
5136
11251
10558
2245
10780
8251
6151
7132
8555
3603
2024
10249
2456
4252
9229
10169
4585
6349
3926
9768
7347
3012
10377
2850
9772
6991
8096
9179
2499
2861
1069
2113
3751
4108
3153
9082
10571
2671
7130
8498
10493
4872
7145
8245
2910
5532
6527
10525
10741
6923
6292
10076
11018
5192
11283
3977
2865
1693
5289
2819
3044
8741
2146
1528
5583
2876
8867
9115
7151
8660
8172
8572
4597
5115
2236
9109
10981
5290
9593
6814
7718
2562
349
8307
7571
4331
7191
2157
1657
8346
5510
9513
6022
9501
5503
6891
7429
1011
1839
6339
3464
2174
2494
10080
6454
6136
3476
11009
1128
9865
1709
10648
7622
3788
3592
8595
4086
4735
8474
5234
5224
3632
6059
9021
5639
9034
1483
2160
1490
5835
4709
10168
4983
1371
9252
3951
4191
10334
7750
9441
2637
8161
8038
3453
3490
1977
10850
3768
6318
9638
8579
849
6064
5328
2864
5430
518
7636
3665
3355
4857
745
9217
3019
8261
4369
3659
6352
4562
1268
4967
345
6315
4535
2845
4853
5968
9997
10384
7057
9815
6185
7214
7557
10544
3298
9660
9304
6434
4676
7919
4028
1962
4702
8399
5800
7338
5724
3798
5625
