8
89
1624
7571
8498
4636
4988
3659
7668
6752
7513
10124
43
2921
543
247
4379
1839
6814
1363
10741
9422
376
10619
10626
9815
6595
3768
2484
76
8598
3887
5290
99
277
4729
36
210
77
154
125
7905
315
2054
104
8307
3195
46
6158
2865
6625
181
1071
5328
7951
1424
5134
38
2782
203
8024
216
212
236
204
5503
5234
6475
2019
10080
8173
1608
62
3453
5430
1830
4872
4462
3933
44
10014
4597
9623
3751
10
7132
10981
267
279
8861
4311
223
9109
274
6527
3012
142
6064
314
225
114
19
2157
209
5532
3770
2188
69
130
3094
10533
226
3878
2146
9445
9034
224
6664
922
298
8867
3011
129
5388
249
5237
164
1908
3
2182
294
2836
10144
10169
2468
8474
1441
1484
81
90
2159
6315
82
11374
293
842
41
291
242
2907
328
10802
9082
1011
1128
10229
155
3266
16
2262
10090
10690
275
289
11224
8660
327
8132
7524
108
137
5555
11019
281
175
5409
1055
296
5364
5457
157
153
5842
177
7371
1012
7636
474
1544
8974
3318
6454
8595
149
5587
5542
3592
8999
1948
217
8245
220
6338
31
3788
3470
2061
1828
325
8071
3181
8304
4391
9638
126
4757
300
2264
180
8719
4086
1171
245
258
256
91
7538
295
9179
53
693
24
11024
3665
9440
21
10168
292
2845
8467
110
8096
3315
265
100
1977
732
10611
66
1490
122
4874
8961
2819
178
11009
8758
86
278
3673
111
5985
1306
4151
9407
198
7322
6825
280
299
201
2861
4830
518
7898
310
7901
173
7998
5224
326
9556
989
8172
190
2296
1202
208
5810
2637
7130
2850
103
4422
11107
7123
1735
4065
160
895
135
7869
231
28
174
10213
1770
7500
302
23
4615
1689
1483
3355
3019
7556
7151
9778
8611
3100
4543
1021
6059
10030
6261
313
184
2539
4369
6114
195
6508
6790
1
191
9583
4573
5765
10391
7489
1343
9
337
5179
284
8555
1875
677
4073
8251
2327
7892
213
3891
98
162
318
232
185
4331
101
83
1538
7557
255
233
4301
322
1371
2667
8562
51
320
40
56
11375
9072
10525
79
276
7241
59
80
391
8364
9885
205
269
272
10287
8215
3977
5528
321
2362
10550
330
7326
305
5840
94
2069
6358
3153
8527
192
3723
5115
9501
329
2245
5837
3603
7843
10018
5212
11194
10131
10076
262
6339
5724
10493
9997
4545
5245
8091
257
6318
5402
4920
228
92
7306
312
5815
10913
206
4656
876
270
10357
5418
4967
171
4473
22
68
9161
7338
11156
6136
9304
9865
2754
10536
8748
11
5977
3561
3392
2041
6469
1553
194
4142
5136
107
121
1976
9513
7581
8569
1069
591
197
6040
10060
10354
3758
8548
527
5510
8031
1362
252
133
15
2983
5783
1261
169
317
10704
5192
5946
6194
26
27
4562
0
5616
57
4585
214
10806
336
1693
7214
10696
9605
9926
150
6410
61
6923
64
84
8234
8927
5697
1454
7114
112
350
2311
2653
30
261
250
7353
8261
2485
34
127
7801
10334
288
2316
10563
96
2562
3450
817
4392
7080
11034
70
4295
5777
6
427
3147
10249
4817
10180
1709
238
33
6292
286
7597
8374
8627
259
7261
6947
260
4983
188
3926
8199
4028
3070
7622
128
163
10316
2503
9021
5792
67
3499
47
6871
12
2160
8572
2718
7915
8023
1082
3812
2106
193
146
3632
1855
345
4946
7677
5644
745
285
9969
189
3275
1744
1370
159
311
11283
172
4205
235
11330
9073
187
14
2236
3732
2558
35
10986
29
58
1268
4535
961
6352
6349
5352
847
10439
962
120
4855
241
6185
95
4857
183
804
3642
9229
42
141
119
6327
10377
11018
148
161
239
642
6542
2
2663
10451
6151
7861
11223
25
182
7483
9081
176
1843
5613
8953
5676
2862
5
10384
229
316
7919
8177
4018
5639
4047
306
253
944
7382
3864
9115
268
2113
6560
78
7529
88
676
266
282
200
202
7648
147
4960
2499
4067
6976
32
7718
9660
7429
6022
6725
9257
9701
319
8579
7499
1451
143
7145
145
3536
124
6503
199
10347
72
6019
9593
102
7027
9283
4191
3050
2494
264
6820
227
535
8949
5569
63
93
131
8671
4676
8982
11050
297
11289
45
118
1823
2671
688
5835
6707
144
6289
1840
8161
17
219
3476
170
1152
196
10571
186
7750
1480
6821
74
132
10850
97
4735
8399
349
2910
9717
2433
2876
167
2411
109
60
9795
1657
4252
301
8437
85
3581
234
1632
1730
