4817
1490
1055
1528
1483
5639
847
1709
4473
3275
2157
7919
6022
5457
11298
961
8433
1306
9926
9943
1962
6354
376
5237
4067
4709
5697
2782
8251
5328
6327
6820
1908
10316
1424
9034
2245
3561
474
2406
7130
2247
2024
4252
1171
8172
3453
7132
349
9440
9283
1069
2296
7898
11249
7529
6947
10213
10060
3891
10231
9772
8474
4142
6068
3659
9626
7998
10080
804
3933
11251
10571
6318
1209
1484
642
4573
4735
8719
3318
646
10439
5418
4855
7057
944
4946
8467
3464
6410
7801
7191
9407
8927
2327
10550
2921
2862
1142
5212
535
6454
6840
7353
3470
9073
989
3926
5490
4535
427
6725
8391
5977
10030
9161
1362
5587
6194
7915
3665
10168
842
3812
2499
2362
8161
11375
6292
8758
1371
2311
8627
3298
9513
1824
732
3153
4191
7750
6790
9229
9346
6469
7478
9717
2264
9545
11019
8268
7557
337
3758
8864
5245
5792
11050
10144
2188
2069
5280
4422
676
8399
4757
3632
3019
823
7843
3864
4988
5625
1021
6814
1632
7489
9556
2456
8024
1839
7849
9583
11223
1426
10626
1770
10611
4374
3355
2876
3181
8569
8579
2653
1553
1544
9660
6825
8961
8173
5338
11009
2484
1843
922
4615
10563
591
3751
2910
8620
1343
5765
9021
9304
9252
4543
6339
4065
1268
3266
3788
5613
2983
2808
1933
3195
10287
5985
9441
1624
6991
6821
2160
1906
6358
6656
10377
8982
5783
4392
5136
336
4018
4073
10334
5842
1735
1730
1470
7326
8177
1261
8562
3044
2754
4151
10128
10690
4702
8039
2174
10384
9946
