1544
2373
5268
11026
10780
3470
7892
7290
4747
11228
5104
11375
10461
4667
4470
1060
435
7419
9946
2264
5964
1612
7347
1128
11371
1538
4445
3033
4730
8927
1602
1908
333
3315
3347
7804
6991
7581
1454
1303
7389
4301
1730
6064
4379
5866
3786
9407
2047
5457
2712
5797
9943
6914
5418
7801
404
3286
5364
6034
10446
4392
5338
3044
4087
10138
6315
3153
6358
4185
10544
4492
8702
9728
1252
1734
8636
9343
2192
5625
3659
6136
9768
3888
2019
11249
8310
7944
10952
3734
7382
6772
3377
2459
6225
4997
4388
5323
1463
1306
2106
5807
10937
6454
1470
8859
2155
5013
6995
3581
391
1126
6112
7281
2667
7603
944
2369
8650
11301
2283
642
7695
5836
7353
3798
11014
7057
5052
10090
10391
11318
5237
7636
10787
5565
3536
8719
4534
962
7451
2256
3673
8741
6535
7080
6114
4946
2927
5490
4295
9638
6014
2694
8930
2188
10180
2562
1297
6169
10213
1824
9904
9660
3926
2182
3516
9921
3100
579
6861
2775
7932
4656
2115
9191
9105
2245
8023
8732
8758
7811
2157
5814
7488
9923
10577
4391
2309
4720
5328
10483
6292
8764
10725
9882
5532
7261
9537
6151
784
7034
5221
9440
9070
8882
8096
10942
11156
8474
6987
1483
2276
1521
10896
7059
10297
1396
766
7869
3011
8308
9373
10252
4455
11221
1082
11374
2024
6540
11130
4733
5666
9376
842
4709
3968
386
1242
1553
10466
11283
7572
2210
2865
1764
1142
2972
4749
9385
7896
1777
7176
2556
9889
10201
4637
3003
10354
7685
11361
4336
7054
6853
4729
8276
5639
6044
2236
4067
2196
4259
3171
2547
9246
7489
7518
1875
4520
5234
3172
2502
6022
5767
1055
10927
1480
9076
3988
9209
2939
8173
9329
4871
2910
812
3141
3985
3605
4005
8873
9252
1380
8031
804
3770
8502
3392
8134
4164
2490
3450
3453
2718
9905
2468
7241
4584
1693
10501
5819
3388
5302
731
4261
9379
6185
10336
2411
6527
8161
1370
6572
3658
4003
989
6659
3195
11025
7010
10802
7699
1175
7753
9441
1815
7436
7709
2480
1177
10784
10323
8251
2174
7151
9179
6976
1220
3499
4252
6298
10679
8982
6431
10869
7948
1770
4985
4872
6434
3266
2616
11330
5245
2917
3151
5908
7724
1771
7746
3209
1800
2442
6637
8391
6244
3592
3070
2146
6208
5134
4128
693
9033
1790
2361
713
2872
7622
7534
1432
7757
1785
6027
2160
1358
10850
10794
10076
5444
8364
10741
4325
1839
5258
4060
9237
7587
1996
3210
8696
7573
5968
7086
1307
4573
2032
1963
8748
1583
2185
10158
6588
6944
5393
8776
7998
6827
5792
2393
10270
2371
10689
10981
2247
11231
3331
8710
6457
7571
5115
9701
7292
10696
5503
1010
1931
336
4891
1139
7884
7338
9115
9515
8062
4244
930
9785
8862
4069
3723
10674
9997
1668
1071
8778
8034
10078
11194
8346
10014
4130
1152
2861
9480
5724
337
3946
6029
2609
4272
7762
5731
2808
9623
7322
610
3102
1876
5409
8787
1364
1781
9534
2499
5179
4700
7340
9582
3434
1834
4514
8555
1673
11315
9492
1369
1901
10186
8245
10519
7193
8117
4830
3490
11121
10812
8715
2386
2836
922
9203
11323
5035
4953
7291
7538
4901
1042
7458
8038
10377
5854
1171
1104
2374
4853
7326
11020
2862
10833
4369
2847
6374
6880
6038
10913
10128
7011
10804
1531
2850
7140
3758
8527
4787
3933
7334
10129
5974
4948
1223
10550
7634
5649
7130
11195
6906
11045
8433
7982
10621
10536
6630
6059
4668
1709
9495
10319
4943
7214
5206
555
6411
1186
3733
350
5214
3755
9282
9507
10839
8181
3502
6784
357
9618
11149
8976
9445
7114
8241
6728
8410
3219
2147
4796
10030
5612
2637
4018
10034
8784
10493
9708
7045
5840
9217
7597
4934
5595
3328
3656
3879
4696
3561
844
6556
7966
3642
7529
5748
1567
2296
3117
10000
2265
4625
10808
9585
7474
7205
2090
6352
4597
9232
7020
6508
9956
2671
6938
4135
1417
8798
1624
3631
10124
3236
6844
5658
8548
6002
6656
4817
7664
4688
2900
10572
10856
1094
8071
5290
4462
817
1363
11277
2841
2815
9229
10618
10676
3447
2907
2940
374
7175
7583
7521
8457
9952
8940
9304
2864
8999
2048
9699
9977
7386
10853
8261
11298
8707
2054
6940
1689
1749
7774
8743
7306
9843
6460
5770
10499
10169
7552
6468
11049
4285
1596
9885
6761
9384
8132
10334
10168
2954
11251
1012
7504
7557
3216
2672
10600
7849
3082
5587
4264
2165
9489
9626
4975
6124
6129
7132
7958
961
9903
10747
876
11224
6488
8660
5058
4702
10958
5708
11225
9900
8057
11349
6891
8098
8374
11135
1529
2000
3530
4676
10537
3109
2605
8305
1791
8961
3094
9137
5608
8895
10346
3841
6132
8104
2991
6090
9415
3669
9110
8671
9948
7499
9556
2549
9717
10436
4644
9750
3728
8035
7861
10060
4280
4658
872
5931
10557
7429
439
4183
9019
5555
5334
2558
10571
10316
2924
8172
5408
7677
6296
7449
7513
7145
2484
1362
8637
6926
6704
10690
3041
4160
10791
599
4741
6821
5362
6923
5794
1976
3544
11123
4323
9061
8620
2436
1735
8267
6562
4983
2921
1906
5186
9381
2496
969
5673
1933
1424
4346
7898
849
2325
8678
9795
1827
5480
4180
9691
5785
6235
5280
1261
10195
9034
5837
9109
5813
1854
5510
8726
7679
8177
9763
1268
7303
10766
6261
4191
8234
11191
3763
3807
4322
11289
3727
1021
1440
10018
1149
3349
1972
9271
11230
5542
3907
7712
7524
1407
11250
5136
8627
7824
8421
9309
3751
883
4980
3019
6625
8919
1352
3050
6893
981
5985
3748
6482
3700
11009
6604
10347
7668
5078
3665
7984
2362
1159
8953
7173
6871
5053
3671
7700
3318
4945
2485
4675
3760
9928
5798
522
6717
349
6790
7770
4228
9865
6158
10414
6385
5074
4108
4047
4004
697
8237
6019
5352
6268
5027
8455
4855
1498
751
543
5944
10832
3788
10451
1607
5846
9172
10086
7271
5552
3146
6996
10857
8682
10416
3603
9107
2317
5564
3887
3878
9580
5765
6560
5018
9667
10429
2928
4074
7843
646
9364
8122
7901
591
1209
3355
1099
9657
7101
8604
4874
3939
3891
6089
5616
6237
4757
1019
11041
11223
4585
6699
1977
4311
6259
874
9501
6690
1489
629
1092
5167
6334
11310
7591
2262
8711
332
9082
3633
4077
8136
9108
3038
6338
535
3160
5676
2826
7991
1384
1127
2433
11326
10779
2173
518
8611
9953
2302
6707
376
4308
7915
3864
9157
10558
10231
3097
1113
10144
4065
8215
4028
8972
8229
7547
11324
1722
8579
3832
847
2455
4545
4473
5568
4947
5835
3829
10941
8048
1657
8675
10704
6410
9125
7222
688
8025
5827
8290
5402
8416
4422
6595
694
7500
4176
9778
745
6301
474
479
7328
1846
10249
5977
6067
3632
5224
3569
3406
10563
6203
1974
11107
5121
7242
4297
11331
5624
5491
3118
7123
4142
11325
7207
10648
10045
9513
10080
1828
4967
10806
6339
712
10719
10619
9609
8024
8091
1632
7750
9346
1528
911
1059
11034
8489
7409
7172
9002
4854
9605
4034
11106
7483
9287
3507
11288
8199
1766
2159
5430
1676
4543
9636
8524
8516
2113
9117
5403
6452
5815
1447
3043
10532
2298
10399
7916
5223
2191
11050
5187
5810
2330
11019
4374
1490
7396
1995
9452
10533
11373
8085
4913
1582
1069
6165
5282
2564
10720
1049
10408
5783
9510
6083
3508
5763
9283
7702
9159
6031
2088
910
3812
5479
1371
9632
676
3201
5440
1892
587
4562
1913
2539
11024
6196
5613
4159
8097
6354
6683
1660
9545
10928
3111
1181
2228
3768
1202
8597
10551
4923
8437
770
2458
7036
9113
3716
9200
2806
1568
8307
10986
6194
5644
557
10229
9422
3951
6283
2765
5849
1979
683
5528
8396
6825
2876
9491
1840
4243
6762
7254
9747
10969
5734
9639
9490
2845
913
6721
7191
2253
5527
3275
2403
3745
2311
5192
7951
4649
9494
823
9788
4735
9072
