4080
6934
4901
8483
1337
1057
508
957
5198
2501
2420
9870
3482
1486
8526
8849
3921
700
4777
8321
1838
10037
1463
8315
9705
3026
5798
3003
2064
9308
494
8346
1615
2099
668
4379
5053
7377
914
6035
9250
1962
973
2441
1751
5854
9629
9818
1896
8460
865
9547
1352
3471
9400
2608
10659
3179
11305
10606
11345
9668
8641
9841
7200
9005
7291
5537
6296
8634
1631
8867
1504
4259
7053
5914
8095
6958
10179
4079
204
11313
4365
2819
8754
4078
8042
3798
4997
2434
8822
8412
6728
11341
2575
6526
8172
9867
7148
9960
7173
4607
4635
4747
5999
10512
1215
8651
2623
1449
6567
3887
5686
7045
10541
4107
2944
4668
11375
10789
8352
1060
1441
2479
10648
7436
777
10372
3720
3514
11003
2129
7990
3645
5101
323
3248
930
10723
9986
3580
10689
4463
2680
4348
2096
3377
11288
7154
292
5918
3912
8958
5316
1214
7364
8442
3227
11023
10117
10147
3801
4624
9023
6305
10764
10308
4701
4286
195
625
4413
7504
5464
794
9916
3100
7600
901
2270
10818
5426
8809
9203
10551
4623
828
381
8997
9486
2741
6081
8633
8376
3068
1117
1883
11088
987
5786
1116
983
2137
7087
3109
4312
3480
7113
2267
1442
9939
8994
6073
8122
10449
8267
3918
5751
274
4856
8275
3236
4628
9320
9443
1266
10962
2651
5418
5468
8049
3870
7362
8783
10499
11228
1597
6991
3545
2570
9263
1709
10703
9769
9597
62
7659
3729
5367
10247
3822
5574
5415
4069
2470
3116
8403
980
4427
7149
3172
10533
4575
320
8635
4534
5139
6672
10626
8717
10574
8038
9613
10671
1407
9105
192
8015
365
9252
9464
4505
10526
9747
7776
8583
2768
3638
8888
7292
4389
2128
5495
7399
11041
4246
6580
4612
6613
5543
6804
7706
10401
8818
7340
4423
7699
1379
5193
1704
6689
4978
10783
3246
1980
8245
9347
9002
7081
3063
1588
2328
2218
3846
5866
10750
4082
19
8382
3940
2054
11331
10620
9064
7498
6353
4429
3323
3144
10144
7107
3527
5335
9309
6881
4324
7855
2146
10121
10031
4207
4875
11128
10739
1354
7535
9945
10137
464
279
3219
10438
1887
3682
298
718
6411
4034
8593
1083
1019
7743
8077
3802
7812
5977
1039
8496
11232
7645
10575
9599
5343
3140
5991
4346
8167
7714
3643
10268
6675
7311
2234
1307
7760
7720
7524
714
2230
10237
4639
9362
3196
2062
2578
290
4422
7981
4226
2240
1781
7991
9111
8598
5104
3665
10677
3782
9956
6571
1760
2708
5222
8474
8644
7392
3325
1804
5884
5058
7334
2247
6040
7787
6427
8437
3495
543
5191
3716
11110
4602
569
8570
359
3433
8472
11249
9515
3809
9862
8217
7059
5153
3450
10897
103
3034
190
3319
558
9648
3611
7386
9549
378
2036
5959
9701
759
5406
24
3044
2793
7624
2955
7573
3344
7460
10749
2586
9784
4426
3229
2962
2565
9882
9112
5451
2712
1707
5476
2417
3272
2593
4261
10629
8881
7126
7321
3952
5892
7741
7091
2653
10535
5825
10105
961
6781
9704
10451
1383
8380
3968
9848
6831
1969
11192
7636
10511
10189
10446
2034
10439
216
1393
11162
4306
4391
5794
566
11339
9650
1594
8476
2742
2811
7020
5429
6919
3617
2767
8503
10926
1687
9403
7199
9257
10335
2659
203
5508
2088
7635
3392
8550
6604
8700
3603
1888
2776
2370
10462
7774
349
2524
3766
3581
8161
2660
6041
73
143
8552
3262
9281
1457
5183
2456
842
1555
209
7759
5720
2335
180
10091
1065
10714
10307
5789
416
6557
5501
817
9041
2730
985
4661
5351
3874
8291
11038
4953
7587
86
8565
8636
7889
10524
8782
10672
4299
3688
284
7389
8305
4432
5121
6330
3835
9446
1433
5390
6501
6064
7562
328
6646
816
4528
1329
1189
2502
9035
5252
5285
5644
776
9318
6589
5438
5568
280
7068
977
6047
11312
7290
11073
9050
7168
9184
5375
825
2521
3307
5041
3512
5060
1175
10252
9584
4646
9538
1462
4031
8309
6071
4461
604
7448
10360
1557
9356
2748
1010
9507
9929
1264
3602
181
10366
4719
7418
165
1511
8259
168
264
7104
10766
4716
1646
257
6808
7273
1854
7339
8112
7821
7965
177
6376
1979
6924
7639
9044
6502
6082
7008
8790
5749
9314
6220
7099
8023
2486
7608
9374
3114
1239
54
4361
6542
4478
3686
3093
253
175
7522
1549
3916
7288
6212
9288
1136
8444
10349
3029
696
3818
2497
9927
5011
8664
9277
7723
2120
7118
2072
3901
1935
5090
2943
9466
1560
1945
2348
8224
10156
8837
4690
822
8927
123
5800
5282
11132
9716
223
7942
1394
10909
7937
9267
1398
9051
3656
9850
17
1589
549
9697
6129
2003
3948
5407
3754
6838
56
5803
10540
7105
8672
5967
8135
5435
3354
299
10197
8682
10801
128
10784
5673
7685
6452
1501
2251
6361
8289
1770
708
2983
57
4537
9471
295
4587
4236
3594
10519
9222
2737
8862
5436
6724
7267
9011
8743
9221
42
1041
7679
568
157
7006
7293
491
1834
1227
2117
7353
1455
8487
8452
10704
9897
597
4050
3308
4996
6456
3862
10788
6210
2180
5729
5384
10850
5646
10598
9218
9448
9699
988
1000
3939
5953
4733
8405
8943
2655
3521
6761
3756
11213
413
1769
3536
8069
9856
3850
1012
10758
661
5186
2628
78
10292
2634
1957
117
6398
8660
11318
2754
9459
4264
10879
5004
1621
1634
8563
3037
179
10391
10761
8417
6431
7468
255
7140
4035
10710
8099
7015
4673
35
2011
10713
10304
9558
11113
2926
11064
4318
3191
9842
1198
8776
53
4785
5998
6671
11190
7737
6072
10174
5439
2090
10417
9559
10966
1234
843
5919
6864
3949
366
240
1691
2191
1246
4307
8314
3995
8176
2766
8560
1454
3666
10984
2159
5144
3751
2773
10
8498
6537
6256
74
917
9061
4514
1240
7801
9964
2017
8266
4650
11307
6151
1268
5035
9685
9167
726
7302
9410
434
137
3613
6911
3737
5254
208
10034
1994
4168
9880
113
5770
1893
3588
11160
5250
7777
1948
808
2416
288
2909
9569
316
5678
8666
6861
4075
8113
3612
3582
5107
883
10589
4204
7233
5341
474
1432
6813
3056
9216
408
732
4351
2346
10570
6170
1820
2932
2192
9695
2106
2077
6735
3434
4682
9321
4859
4383
6923
8894
2598
2978
6674
5430
2033
5669
1317
8938
2324
1809
7376
4857
9950
4796
174
4589
5469
339
270
10644
10757
8833
10130
4838
5505
9672
3786
9243
1172
4376
6556
7279
11121
432
5202
2560
7718
6677
7883
5504
3539
178
8620
2410
11086
2226
10107
7225
10971
790
6474
8527
2498
64
9016
1526
10412
2522
10168
9229
9285
307
322
3315
521
2373
4555
4388
1852
9997
398
5212
4921
5785
10466
5497
11277
6837
6483
10737
1855
7
9669
9989
10582
10023
9750
4354
8388
2984
6345
11351
6414
8918
3508
6863
9954
2866
9941
11204
1607
3562
1645
36
6283
909
7604
8124
591
4983
5662
1396
6631
7241
4718
8091
83
10865
2642
3201
8538
5213
11100
5383
6438
10618
6397
7407
2920
11145
11183
793
8480
10803
2
27
4745
4172
10939
8418
6777
1711
8455
2489
10368
30
8190
2719
10705
5617
9957
2131
6128
8298
6059
7463
8714
5724
8748
1001
5535
7002
9591
4305
7999
8147
3177
9406
1408
10202
1085
9719
10949
1131
876
2883
1745
3299
3210
10133
3559
6767
5916
8140
1765
4631
1008
1285
5269
7552
8801
2981
7265
9487
4474
202
10933
265
5154
1952
4937
1845
5779
607
11326
9616
3770
6591
5321
9092
7343
11223
10816
6893
11239
11002
7618
9117
8293
4531
1395
2040
4455
4454
9311
8408
5702
7849
6784
10348
4765
10981
10957
4848
9673
10250
2786
5356
10152
7037
3430
1655
6595
1096
4421
1013
2384
5235
10936
4640
1056
5898
10904
9373
7919
3403
11263
3894
3606
10690
44
837
1467
7905
1431
241
8404
8343
1263
9735
10216
3243
7757
3985
68
4958
7509
2309
5636
8731
4374
3727
7120
609
3176
7367
4961
3852
4151
888
445
5877
10229
8157
2823
2938
1831
10475
10442
1059
6836
8292
3649
10991
1178
3004
2126
3477
1575
4369
9363
3660
3429
94
3552
9794
5001
11224
7459
7541
4656
4146
5571
706
2549
3699
10985
5792
10795
711
7197
115
9339
5804
6996
475
3439
6077
7206
2834
11111
7626
1540
1139
727
5616
10350
3298
5844
1507
4180
5224
6436
3896
1286
5196
9691
1771
2047
5479
8233
10340
1406
3390
391
2973
942
3758
4833
5878
98
4495
9191
7696
9195
1815
1819
7950
11141
9365
2339
7413
6187
4559
10691
8910
4223
8964
8378
7471
2421
2971
8941
10146
4476
2203
5750
4757
7779
6109
3763
2697
4095
8149
3094
11316
530
975
2551
6592
1045
9284
389
4263
8072
3453
6359
11173
856
7510
3950
10537
10772
6568
5679
1170
10963
5362
9694
9909
5034
578
4654
45
932
1965
2012
7423
1401
3146
10906
3519
992
3636
3905
5506
9353
1610
4714
10809
7658
10211
3352
8995
1759
6091
8944
5952
71
10557
10918
5730
1743
4931
9084
8479
5037
10681
6772
6281
7579
9238
1213
7216
4402
1295
3869
3780
4256
10914
9437
9110
2229
206
5074
1923
8936
238
10592
1322
1546
1094
4491
8928
2795
8409
3696
4184
5333
10538
2829
684
10190
6617
6538
10272
1373
2067
9913
4303
7964
8141
466
303
9327
835
2386
9703
10820
8780
8398
2105
10566
9419
5843
2711
7383
9864
3910
6289
473
8704
6432
9082
3662
5491
7191
118
7902
5079
1186
5939
9259
6840
10532
7713
3493
1930
26
3748
10995
4985
8207
7196
6812
881
6264
1901
3956
5031
5868
2915
8466
8326
1950
7326
6018
6759
8735
1800
9773
9533
5519
2997
282
8177
4696
10110
577
5095
2791
7592
9566
639
7784
4473
2431
2627
8811
9386
3421
229
5624
7085
2440
11238
287
10716
2652
9472
6684
5784
9370
6413
2852
1017
7683
4889
7016
7160
3444
2182
2455
4778
268
6976
8070
7110
7897
5027
5593
8967
5955
2333
10195
5115
11043
1114
7693
10929
5732
7157
6620
1224
249
2388
3787
5556
6469
3088
9519
4399
4063
838
1218
1380
9692
1358
10068
9298
11019
7076
11140
5937
11178
4665
9109
3877
70
9160
7972
6327
7136
1356
3452
9758
9738
10204
3992
10201
4135
7641
3558
176
2201
8280
2178
5976
5831
804
2810
5205
12
6240
6158
4182
6163
10419
7331
2113
1336
5929
10679
7466
9169
10887
6155
6658
3494
7982
4525
1370
6690
5969
4711
1580
10467
4770
11368
6656
7049
895
4744
11115
6927
5549
1744
713
9358
4073
3728
9492
10613
11247
6981
10429
8024
8976
3970
9037
31
1657
1367
7127
6421
3198
10603
8979
3501
2185
1411
7712
8757
2650
85
9282
8715
3187
620
5291
766
277
8522
6558
6051
2744
4809
10922
486
296
9555
4325
7892
5992
7134
5761
7307
3969
7139
3418
2922
7591
1682
3331
11234
821
1814
774
9859
1351
337
2257
10798
10893
3750
221
4992
8477
6016
10045
6961
3876
7299
5838
4240
1483
2429
831
10853
5672
11208
10831
6513
6165
5201
7770
66
5024
7550
10127
9439
5098
3745
3189
2297
8873
3472
5086
5399
10261
9219
3880
8699
2682
4973
3349
5137
1410
6606
6312
2951
10458
3318
2265
3257
1666
11167
9441
3460
1842
11349
869
5663
5325
5509
7966
7360
1791
153
903
3406
5760
2069
4179
10674
3711
6562
960
2119
9836
6917
1091
6351
1802
11303
2561
8389
7749
3027
4086
5000
1256
4674
5352
3773
6593
9073
8358
10008
5880
7506
2161
7861
6809
11274
10931
6962
11155
10823
1375
5442
1128
5136
897
3722
694
5743
8726
10938
5728
10353
10185
7689
2188
4568
1046
5146
4517
1068
1612
2702
8063
7004
7959
6509
5395
4805
386
6022
187
9587
6089
1419
10808
1600
7179
4812
6651
9822
9810
161
11231
302
6466
1323
2714
7456
9283
4980
1070
10178
4317
6904
8945
3032
5052
6947
10171
6603
6870
2713
7994
10011
9383
5431
9797
5695
7493
7836
11153
784
5029
246
4864
8519
460
2605
7467
3911
1591
9580
8088
1130
1727
5092
8025
1397
199
3829
7638
5769
6605
4542
6425
9903
9052
6076
399
9594
6110
383
5116
10770
3879
3141
11314
2298
1241
6246
10796
7211
2413
332
11029
4028
9780
3962
6773
2094
10942
7417
9095
10529
982
1583
4169
9161
1724
2603
2638
4709
11212
5788
28
6410
528
5682
2294
2685
8246
8750
1052
6126
9931
6788
693
10747
2547
1481
9544
1155
34
7261
7753
7997
4100
2831
10559
10177
11254
733
5103
3099
2732
244
8788
1274
5582
8848
121
4037
9609
5400
9754
3110
4170
1564
10794
10602
10785
8294
6344
5527
8599
4814
7703
7324
8895
11324
4464
8449
1848
3723
3346
11250
10111
1110
2999
8390
9711
10169
5649
11061
7677
7297
6843
1982
9305
5150
4910
924
489
5223
7440
5227
11007
10076
1200
6793
449
5387
4817
5973
8230
6061
10793
1780
1144
10298
1461
3138
6876
5833
9798
8030
5206
9325
1055
1478
8784
571
5810
10741
361
6297
7478
4060
4879
1007
1931
8364
7021
5258
1648
3394
2694
5413
2019
6935
4533
1125
10999
2219
10760
1306
2008
4932
6468
2046
6895
8071
6048
2436
101
7671
10263
414
7495
2199
4296
29
1447
4669
763
5996
10974
9969
5791
7224
3583
1171
9086
9343
4935
6383
1159
4313
4159
10937
3961
6931
11172
5541
6546
969
3282
289
310
6820
5560
4021
4340
2206
10236
5674
9398
9164
2238
10078
18
1209
8887
6623
6116
8362
2454
11289
3324
9296
6499
4816
5627
7176
8611
953
2029
4943
4072
7075
6435
10637
854
7763
2393
2293
10736
2954
8286
5832
2311
9904
8216
9532
3734
5905
1495
8010
7489
4579
402
9187
1216
874
4129
367
2901
8824
499
6011
10852
7772
6798
7009
8549
1513
2953
4797
3046
1223
1755
5117
9231
8886
4149
308
10917
7253
10600
7722
10089
4636
5441
7218
1839
1593
10161
10140
3936
6960
10047
5480
2929
7733
2862
8969
2508
2775
2179
5066
6845
1386
1287
2264
10635
2405
3231
3413
6582
7039
3065
4
215
4832
4570
6100
4366
2855
8963
6848
10052
10657
10550
10460
9236
6192
8628
9335
8821
7968
159
5361
293
2671
8475
2637
6825
892
2155
5823
7742
2718
2426
8753
6565
4846
10811
11361
6203
520
2716
3054
7278
8413
10941
6795
2149
1297
2577
10935
5236
1502
6987
4481
7869
10728
6391
6221
7124
5818
5023
11166
4877
7932
1735
1663
11112
8542
6920
1451
1620
2073
10802
7313
9827
6925
3642
5540
8523
8494
6944
5040
8679
7736
8283
10814
7633
4267
6352
1343
225
11
7243
6310
8369
7669
8919
7826
1832
1436
7872
9237
10320
397
1204
4298
3708
4659
4741
6342
4651
193
457
1173
11300
6827
1878
1485
9098
6172
9835
1181
4191
3269
6782
242
5133
2050
535
5569
1113
4270
1823
1331
5427
5839
11147
9087
8432
10682
8251
7984
9607
10860
8866
4323
829
7622
2588
2841
1318
8195
8237
5474
6208
10316
5873
4051
918
8278
11299
7818
11149
680
4884
8846
2389
9123
3569
2355
1429
1726
480
154
7093
9545
6249
6277
9861
11364
8165
2359
10440
4907
6978
2721
7909
1248
9632
5229
167
2568
3762
9220
629
10256
6994
2210
6445
6360
6385
8787
3115
5997
1732
736
6326
4153
4164
1776
5290
10815
368
6173
10027
10806
7086
2815
1242
6088
2647
9858
11106
1157
8929
8155
4702
6625
6488
1766
11051
1740
155
4018
10441
6053
5599
4524
6382
10314
11194
2364
7308
6252
6717
3254
10219
4418
1897
1858
2516
3820
8011
563
5526
3605
6892
11102
1695
3309
110
1430
3707
4803
5737
2236
4452
7920
4835
9677
8031
6124
4292
7547
1073
5449
6292
2571
778
10082
219
4029
5414
106
4504
10123
9199
7346
3233
9475
483
10357
10379
9962
6434
2622
5314
9278
6641
309
5781
2806
245
4462
5796
10288
4007
2347
8547
7513
10158
11093
3426
2861
4750
5581
5900
5757
2133
1625
4390
2952
4065
997
6044
10101
6727
1089
11197
11066
10422
4285
7998
9080
1097
10390
9830
8926
4338
3095
6196
9510
6028
7332
6849
8064
8331
3529
10878
8492
227
8109
7531
2181
8138
11235
5073
11008
1619
6190
455
2172
1544
1163
6094
11369
5262
6315
10297
10420
8397
8897
7119
2580
10670
10041
981
6691
10994
458
1149
1517
11195
1443
5797
717
9329
6940
2946
3627
8381
6358
10428
11135
6096
4333
43
7247
3380
3568
1152
4987
5210
10680
1660
9645
7381
2906
1676
6377
9346
7792
9228
5849
8171
8965
2336
2703
9971
3486
3097
4055
7131
2208
2878
4089
10407
11177
11217
5127
7655
4094
10699
3817
545
864
2195
9302
6222
11079
2439
3825
2520
8457
986
129
3891
5126
3078
7933
1954
8868
119
4918
826
3533
7280
7000
7921
5134
7062
6713
1212
6500
814
10338
470
8128
9562
8993
10108
8713
1668
9514
7082
3415
132
139
4266
2183
10154
5657
1705
6074
6615
5875
8569
2503
651
9364
2132
10424
9200
4748
8579
7447
4280
4061
767
8039
7847
6134
11296
10186
10720
1788
3156
641
10377
4520
8646
6487
7481
10345
10060
3535
548
844
9887
379
9328
1723
9172
421
7816
250
9497
3732
8254
2796
704
687
1188
3175
4811
7424
6029
6543
9657
6916
10930
1567
10286
5111
9662
1126
424
191
10634
3066
1423
5289
2782
8966
9138
9602
8913
10218
995
10913
2724
10824
4252
646
2924
5428
5028
657
1624
1099
8758
2402
663
4880
2519
3361
5370
5432
3994
2272
4700
750
698
4728
2679
11366
4373
11130
6906
1777
9654
7628
4414
9878
7077
4586
8212
6429
1905
3484
9970
10900
2147
2233
6259
2611
8048
8876
5334
5795
9737
10605
6652
7228
5587
4703
6464
4964
5462
3402
1577
4955
745
2338
8020
11080
6645
8182
4523
9048
10919
9684
4362
3117
1182
9667
7451
954
9490
169
200
6278
8439
6810
9762
701
7551
6139
3337
935
6566
2816
9476
6600
9131
6193
8981
6470
7903
7229
9234
8334
7582
939
5964
4584
603
5214
2609
6698
6340
6657
6711
9806
7678
4485
10035
2406
1044
2552
546
9896
5755
4506
1273
7615
4205
2558
4315
9397
9430
4890
4684
11373
7262
10873
8742
812
374
7557
1984
2672
9799
7310
6683
1640
2186
5080
4049
4516
9264
6964
9593
2556
4721
3631
8982
1105
222
2940
2490
4558
3554
10138
3167
327
5166
2445
6213
3546
2884
4273
8208
9
8602
4855
3376
4116
4649
6857
8687
8027
886
3657
5261
1437
9077
7114
9313
4547
677
4545
6874
1390
9099
4025
9049
1961
5733
9014
8004
4975
7138
5393
7727
7025
3587
8564
6855
5076
9524
5157
10447
10639
7843
9595
7434
10684
356
3022
5281
2587
8658
1772
8488
6140
7130
239
9932
3832
5240
2626
5145
8932
3345
1787
3695
9917
8204
1077
1525
8930
5179
7458
7780
3859
1115
4396
518
552
10478
3393
614
3986
4730
88
1015
1363
1689
11265
6136
8288
3538
3633
1686
787
10327
7915
6189
8489
1252
3185
6787
13
10624
2296
4593
940
11257
7731
2255
8707
9671
10116
3347
7651
1003
7629
336
6686
7488
5344
9485
8490
7762
4194
3286
9874
10661
11049
7209
8627
10712
6200
10493
4166
5456
3534
7385
8464
5188
4232
4676
7079
3998
4311
9422
6527
10810
8622
2850
1164
4176
3757
5626
7184
9495
210
6037
212
4625
2253
6269
3502
3295
1846
9108
5783
6918
5830
8882
205
8260
6226
7590
6661
260
9885
5259
8987
9892
6121
6610
5323
692
3933
7429
695
9961
3744
9469
9258
5828
10622
7512
10028
5787
4011
7526
3509
2656
4927
5007
6055
2325
10902
5652
2966
8327
211
6273
2975
11227
1482
2377
2165
6572
6484
1856
7637
3516
2865
1275
2921
5570
10495
3079
10746
7695
6341
1558
325
974
9447
10553
8556
1941
10187
3358
7548
10530
904
2604
3283
5463
6847
6232
8249
5921
3721
8861
2868
10020
2404
7259
770
427
6640
9847
6012
6406
11189
6401
11310
4132
10359
4019
9663
102
557
8893
3200
797
5701
3563
7257
5802
8107
10536
6490
4134
8463
9156
2343
10312
1310
8034
6642
10616
435
81
6
7771
9884
7109
8097
357
8250
10254
2544
4633
11114
262
10217
5958
1671
937
5379
2826
8639
11357
10270
8525
2049
4244
2157
8268
5931
8898
4871
1493
2948
5194
875
8772
10685
7011
1767
1906
49
1207
3092
4087
7096
213
10399
6182
7231
575
10958
2080
5575
10071
3300
3153
7704
6937
11191
2646
2331
9381
6112
2156
1498
1282
8238
10259
5591
2433
1933
6678
6667
6770
4448
2838
11013
4475
11065
2870
5554
8764
1027
709
9310
9837
7137
7089
9379
10281
5841
3490
11063
8014
3163
4896
7556
4774
4841
7740
4332
2798
1868
3051
7329
6034
138
6316
4788
7473
967
4720
7664
11026
1734
9070
4836
4428
6437
4371
3470
2669
5125
10778
3028
7866
447
10762
276
7485
6407
4867
63
11336
10233
8999
11270
1632
11076
10322
10696
2164
1271
11075
9789
11170
4003
6685
9899
8517
8789
7971
20
1385
3873
4084
4947
4807
9996
9020
8086
10646
7405
10777
4008
6068
580
1870
6504
9745
8725
6005
2478
10857
7132
4041
6951
2021
7432
4799
4618
4539
4173
1677
230
8053
7561
6577
1782
9531
2144
330
1528
2833
5984
11378
5342
7306
10410
4761
100
6177
9208
6508
6021
11091
4282
7193
418
8345
6309
7786
4948
6137
11282
4644
4502
9581
5208
5169
10238
5941
4033
198
5940
9494
7948
595
9914
4345
10780
7852
362
9895
8857
5410
5292
10364
4917
6395
5353
11137
6588
8859
3363
7840
173
10695
5639
3031
6160
6002
6261
7123
11034
6752
9767
10347
7725
7746
5542
4946
9843
744
8158
6097
10502
10667
311
1568
5381
928
11346
7963
10833
3378
9589
8604
4592
6486
8349
4981
8906
8842
390
522
3160
1272
1936
10632
10165
699
2619
4786
8921
55
8530
4819
10062
9076
9489
536
8793
4123
9116
10491
1042
10000
9857
9350
9513
10973
5615
10032
4873
409
6655
10771
2362
232
8142
10869
6204
4988
8450
505
4090
1177
72
21
9242
2643
6648
5376
6995
5160
3
2216
6914
5897
8108
8663
92
9205
3214
9376
9800
2467
9027
5382
10319
4314
9458
765
872
8183
6853
4004
9541
10647
4795
9407
10444
2969
11371
2543
5835
11181
10656
10501
2048
2316
7688
6851
6154
2442
7147
5860
220
647
7877
11218
7256
4424
1753
6083
731
1147
5602
6551
6891
772
5318
3523
1031
6560
748
4401
8416
1049
2376
6514
11067
10365
6975
7344
95
8085
919
9889
9369
2468
9122
5402
978
2927
3843
10901
2542
5910
3637
10621
907
4551
1503
4984
7263
9217
8307
999
2661
6890
11261
7246
8708
2635
5403
2260
5903
4056
3112
7359
2511
10054
3169
1977
5538
11045
5994
4277
2722
8462
11058
10944
10791
2528
2160
3188
8047
6822
10549
3203
3466
4573
2371
9793
7939
7790
8693
1326
8668
3957
9984
1220
6318
10002
7809
2395
147
10403
7255
114
998
105
8255
5016
4637
7108
3181
124
4416
1100
7929
6868
2302
9481
5110
7005
4331
3796
5598
7879
8595
1993
11053
899
9072
5502
3253
4441
5815
4158
273
9942
5558
2070
11078
5131
5159
9477
4336
7825
46
7453
8080
2059
10827
10452
9012
10841
2076
3771
8985
3848
836
1702
6570
8310
8092
5071
7841
6578
7878
1763
6664
8134
67
1369
7027
6736
4853
6676
1531
3030
9213
8421
9866
8671
258
2274
7022
3334
7799
2701
3926
10687
84
8342
5612
8501
8621
6176
1875
6157
5515
6771
7648
8469
3648
7272
1417
5819
9902
10724
6834
8272
8427
9136
1651
7700
9433
4404
130
1480
9146
5255
10336
2158
10173
6234
5412
3223
9944
5651
2134
8727
8723
9118
10208
267
5935
7891
1400
3755
9132
9707
1669
6791
3381
9006
7765
3632
8673
393
9796
7709
2485
8078
10483
1129
2765
9484
7314
3777
9710
11107
2084
7916
5763
1721
1913
8763
1362
8434
6152
2845
1087
3542
10124
5478
9304
5263
9261
7910
4753
6946
1384
1847
4562
6485
606
2030
6458
4238
3532
10830
8814
8791
5308
5443
8555
576
1968
7097
9681
6024
8899
10064
9542
7521
1255
47
10953
4144
10855
2557
1229
4111
6267
4489
4326
2555
8778
5625
4974
1422
9129
4536
8804
1609
8836
2654
1693
10418
9764
345
9688
1674
8922
8733
7912
5671
2051
5280
4822
5018
235
60
3704
5882
2923
4052
10275
8991
8215
217
7676
197
1914
5389
10464
4688
189
50
8180
5739
7214
1818
7607
6561
11335
3456
2118
7588
23
8863
1183
4603
5972
11344
5211
6733
2863
347
1086
11338
4787
6141
5475
25
252
6368
8855
7239
8807
304
6832
1680
1559
2197
7508
4979
8755
387
6169
1596
1529
10567
579
2322
7012
10752
11356
8325
8459
3589
10885
7793
7938
2459
7018
7007
75
1388
6467
1959
9096
10436
8497
2729
8096
7539
7289
5350
3878
4801
1339
1532
8697
6763
4358
495
11327
5365
1424
963
9577
6135
9643
1132
11374
40
9826
1562
6506
584
3547
462
4998
1821
8410
5256
2250
596
2706
1697
10489
6608
8685
4038
11256
5595
7975
9656
3824
4691
2464
11024
116
1492
1843
8720
6282
9575
8234
9295
1523
2996
166
11131
1737
555
9646
8716
1614
11156
504
9085
8420
3925
5774
7806
6102
8163
6573
10070
6709
11104
810
4002
3350
611
9212
1708
5979
574
11039
7611
587
1824
9034
1725
2958
9134
3991
5081
1749
7734
7282
5167
2956
7165
9636
6590
248
164
5420
8518
5138
2892
9235
4467
4308
9649
3570
10826
5948
9792
2986
11081
8670
3118
1917
5853
7354
2275
1927
8562
9290
3799
272
8534
8359
7057
703
4220
9071
10182
989
3124
2821
5658
4667
3595
7750
8438
5827
3812
7632
2363
771
2747
5184
2423
1123
3794
10093
3808
9349
7281
79
9626
7088
3059
4749
8210
6699
1827
6229
11280
7378
1014
7729
1338
2001
1258
10515
5793
1797
10432
4319
233
1963
8279
1293
857
1851
7183
6732
4442
3803
10874
6525
7827
1889
9053
5660
3432
4768
4944
4321
8199
7529
640
9660
5944
5364
6497
9440
4293
314
479
10813
5676
586
1833
10623
5642
8146
10120
7328
3964
524
3111
9876
8220
3507
8779
423
3342
9943
4103
7414
7511
477
8022
10459
76
8548
11372
5717
8222
3592
1232
1642
7462
9748
8277
5801
9982
6321
819
4891
8090
10754
2696
7575
9501
3284
10759
9074
9102
2256
1005
6692
3467
5563
4968
6473
2396
8946
8084
3195
3008
2917
2977
9855
9618
4218
8947
8054
5380
183
9174
1321
2885
207
10044
160
7597
10854
7724
6477
3778
5518
4083
9251
8732
4297
196
10386
6697
4290
7379
4109
5228
5908
9303
3673
6444
5845
11127
10131
3245
8098
10888
10748
2995
9582
10150
3795
4735
673
972
7248
312
65
7352
4540
5069
8678
6257
5187
8486
2162
9192
5840
2794
1924
4469
10333
9949
9244
9959
1545
6871
9417
1997
8062
1722
2876
11323
9022
9045
4581
9567
4617
4737
1473
5151
4893
2731
4860
5857
4243
6354
2465
5450
1426
4470
8301
6878
5650
3561
7538
10382
3356
4698
6842
3670
8805
5268
2584
9621
2323
4967
3397
1960
9150
7514
6459
3330
1995
4438
8303
3746
5913
9378
5300
10787
9554
15
8864
9387
2890
4920
2726
4827
58
11157
6869
8324
7188
2312
3927
3023
5842
1872
7175
9624
7474
5989
7496
9021
2928
11286
9966
125
8600
3036
3216
2435
4842
7472
512
4133
6529
8741
10652
8860
2564
6828
2509
8200
5311
7441
2738
958
1556
2903
887
1863
9240
10643
3517
4960
9214
3980
10279
4181
7642
4030
4281
3321
853
3264
300
10688
5010
1563
10370
10048
3864
5731
5309
3314
8281
1176
1761
781
6746
7603
9788
8357
4074
5457
8206
8
5865
5461
1553
11225
1659
7372
921
6146
1112
6433
8767
2173
5567
7135
4112
10081
2662
3680
4188
9337
11035
6749
7172
6078
8008
6599
158
10988
9280
6430
11025
7925
3389
395
741
4284
8353
2361
1082
11014
8892
2589
8117
5471
9232
5328
8834
1342
5710
8597
9690
6179
10369
2709
2873
4881
11292
608
2121
8235
8937
3671
2871
1440
9401
8665
1361
5237
1452
10675
9824
2035
5715
8243
10423
10804
7054
2919
9926
2108
6598
5773
2024
2176
10832
151
8924
135
2907
8089
7542
6334
8232
10474
9635
2846
9623
2174
8393
10875
11133
2539
2947
6775
5756
10877
9990
11340
5
4291
9579
737
1047
10241
613
2114
6480
2506
10881
10192
5707
7438
10751
798
1716
6199
4283
6569
9273
6707
8543
1730
5203
1095
3348
11016
4196
9004
9434
5816
4789
278
2103
10554
1943
6336
3965
1639
6145
1890
1748
281
156
9556
10167
6339
315
1690
2597
4408
7599
9523
7294
683
7128
8874
11101
594
10210
7178
11329
3211
10267
1996
6239
10408
5454
2450
7382
8515
10397
7649
11152
8173
3641
1764
4227
8578
5747
3316
8674
1011
8430
467
134
2005
9453
1320
8308
10952
266
10662
9828
913
7055
9103
3783
4991
2961
4609
11259
4882
3510
2985
4447
9155
7454
2733
8001
3405
10864
570
10969
9804
10280
2101
493
291
3273
2758
7003
7778
2781
6790
2905
7046
1487
8287
10726
10905
676
261
3522
11347
5358
407
10040
1389
3515
7962
5102
10558
4177
3875
3303
3213
9951
1140
8143
5348
8914
602
795
2292
1841
633
7490
10253
7010
5528
4865
8175
9093
1475
5521
9574
3241
9977
8223
4790
994
5398
10311
6792
4585
9678
10136
6443
9761
658
6663
1063
8218
4806
7450
3464
2259
10630
10282
10676
1153
4512
4959
2115
944
7811
2304
2499
10180
3476
3171
2639
7781
4557
1104
7244
2480
4820
111
1021
4187
5158
140
10296
1515
3828
3907
2900
10030
1538
122
1210
2057
934
6552
1071
8891
1554
4289
6821
5078
2378
11337
7303
4606
3841
3712
7409
9778
1812
263
6968
1121
333
4569
3793
9384
823
2849
7970
9633
6447
541
184
8151
720
5207
1622
7070
1543
9743
538
1328
8710
4186
9534
2910
8630
2045
6301
8433
392
2939
0
1
6008
9179
9907
7112
8606
7180
7296
813
3006
10337
3025
8361
9766
6833
7470
10927
7271
6148
4171
5458
8961
5607
5858
7222
7500
4048
10740
725
10455
8073
9512
9488
4425
9324
1717
10213
5513
4597
6328
3543
10601
11098
8002
5889
2484
4933
4904
599
4972
4496
5578
10523
9491
5123
1990
6174
6275
2075
8368
1828
1098
10660
9795
10425
1202
8808
10961
8719
9683
7505
5812
4190
376
3113
3922
10587
7870
5565
5597
3930
152
6090
5622
5548
8703
11295
11187
2097
2228
11168
2235
10129
10415
6959
10373
1278
6535
9253
7804
1902
9853
271
7465
7593
10619
751
11096
218
9024
510
4403
162
3524
2222
10719
8219
1033
3854
82
4393
87
8596
5378
3228
5253
2700
9815
11200
2023
2658
4260
2566
9529
5492
1976
11221
10188
3785
6540
9925
11370
4322
11281
5006
8738
9952
313
7449
884
3192
3885
3646
6369
9312
9768
453
1512
10576
8111
4508
3370
11242
8481
3147
5459
855
8485
2649
3975
10331
1496
9178
6992
6544
294
2576
4830
11077
2055
6704
5336
10584
949
9821
7865
5409
6338
2904
6516
6027
8493
8610
10371
3868
9627
7555
6796
5490
8841
9120
10982
879
8104
1051
10839
4852
5248
5689
1844
655
6426
7384
10527
2463
2705
1353
9777
11275
8270
5216
3760
329
1790
5510
9445
10142
6367
4237
7986
8402
10539
5982
6049
2734
10959
4044
10231
6637
5974
2507
5257
8511
10498
442
11031
243
7996
6818
7549
2513
4913
144
11146
8653
6539
317
10396
4678
8057
8256
148
7898
10972
1801
10240
2303
7268
7395
3697
3888
7043
1840
1627
7422
10485
3897
9763
6268
11251
1434
9619
8839
7815
10848
6453
3317
133
9377
11320
6244
1294
1808
2340
747
3761
3364
3102
697
8386
6633
10711
3084
2443
9465
10069
1876
3101
171
9345
7404
5483
785
9920
786
9948
485
5946
4897
3987
6079
4026
10948
9344
4400
10812
9664
9504
2013
2283
7476
1746
6898
7605
11216
6231
564
8354
6983
10569
8951
4604
3382
3713
2663
7337
9141
1947
3420
5693
8311
6300
6503
8640
1602
443
622
3847
172
3676
8649
8066
11206
1118
3419
8129
4916
11071
10577
6495
9380
9816
9385
6757
11072
5708
6131
9638
3941
3659
4706
9728
6819
10036
8975
377
10835
9393
6638
3768
8282
2473
11185
4077
4067
3209
3155
6346
3165
6118
1638
9113
9675
8647
4009
5692
2774
11355
11350
10351
5270
1050
1469
1972
4791
11283
2633
2533
6463
9275
8451
5608
5118
4549
979
5320
1154
1741
830
10398
8949
9483
2610
259
10278
4824
8400
5531
9104
7402
2245
7232
6725
2317
1636
7351
2545
5836
10141
4096
9399
9201
1879
5444
170
5217
93
6092
9432
32
1903
6479
4419
5185
9033
1527
9197
839
3332
9933
7571
10033
11050
5704
4862
275
9186
7532
10323
1058
9729
10986
7038
5932
4861
8396
9790
10967
7258
2618
3591
7906
2193
5688
7752
5635
48
401
3924
5748
9015
527
305
214
9435
