1028
5410
3951
6406
8329
10547
1988
5656
3686
145
6858
6491
3495
10383
1170
4889
10510
9835
8687
6631
5787
4501
10342
6387
11112
11104
3668
2681
6640
5270
4999
3288
5488
5391
1866
5167
5671
10036
5947
10681
12
7583
6505
3915
1242
1373
7205
3742
3943
2182
10354
595
7928
3422
7969
3022
1090
1292
4759
1440
10557
4489
1884
101
10977
6477
1181
10904
10860
7572
6035
7752
5249
9981
9898
260
9623
8973
2556
7003
11240
3884
2748
9066
5572
1061
9742
10945
9072
8187
8295
10856
3519
4025
2140
8465
8960
9421
6282
6749
6289
6594
7977
5837
4408
4347
1561
3326
2699
5499
3139
5487
10192
9603
248
5433
5546
5883
5850
10172
35
7496
8758
7901
10361
7961
717
8667
10191
2450
9845
8776
9177
253
4703
1376
252
8645
7666
4948
5944
7684
7050
473
3473
7776
569
1676
3255
8116
7283
4801
956
10915
1210
3618
10730
554
1846
6588
8682
11106
8716
6779
2592
5512
4456
4670
2846
5263
6428
1086
3567
3206
4856
10471
9693
2255
10999
4616
3479
7401
1286
2632
6947
2605
1541
10487
2954
7239
10164
8738
1312
3749
2847
7449
10781
3728
960
8236
1406
4831
10202
10998
3858
5537
2211
1195
6370
6983
7516
4355
2383
2166
6634
1368
3386
6939
10602
10170
2264
7629
8369
4836
6173
10092
5628
7844
240
9534
6429
10709
180
6955
9914
1815
1976
8955
2532
1642
4960
10098
479
8493
572
4179
2525
170
8074
5670
4863
5264
2420
437
1956
5428
6810
10427
81
8186
3979
9858
5322
700
5579
10349
6486
690
6520
2795
10561
5152
3975
448
4052
6274
5441
6043
715
4676
4022
919
3488
9457
1053
6973
788
1135
7143
11206
8157
7596
7107
7513
862
125
10476
7250
6111
1230
844
2517
2493
935
9112
5251
7473
785
11327
1948
6416
6380
8105
474
7088
1031
4634
6290
7241
1608
5717
3827
7169
3657
3544
3302
1483
5540
443
7395
2597
5077
8263
1926
1584
4046
9189
10515
3165
6392
4346
965
5949
11352
9292
8337
7176
11102
5724
3470
6412
1047
6642
5238
2154
3797
4400
7390
4082
2537
9011
3265
2290
3498
5209
8803
8774
8700
10620
9994
7992
364
1697
8359
8153
7777
154
3221
5755
829
6056
5919
3558
6186
1961
816
9082
5459
7895
2893
8044
9021
6181
10102
9992
9284
5185
5853
5110
276
7072
5587
1430
3903
10810
6249
2585
10559
2267
1879
3383
6625
8454
5672
1308
7656
11023
8197
68
2701
5125
10495
5385
2123
8289
10757
8591
3311
7797
581
1627
1612
3954
5962
7152
2111
385
4911
6633
9694
1638
4300
1890
2997
8998
8363
9697
4247
4586
10895
11067
9894
8093
10673
3454
10097
5361
10206
7284
7151
2859
4230
8260
8546
11119
5528
4530
6241
10544
328
5824
1932
5101
5463
10710
1216
55
1691
5494
3195
3516
1449
5741
5199
9841
10413
8018
7190
45
2742
5044
3132
6663
9039
7826
10446
6267
2842
1558
5160
9166
3876
5723
1125
10599
8378
8913
2865
3889
2600
2969
6217
10854
9227
1851
6999
2695
4660
10659
11
10154
4959
7337
6499
1502
4417
1581
3359
7320
428
6657
7553
606
1177
7268
9545
5360
8881
3378
10159
761
4467
1550
9202
885
8512
102
10880
98
319
1743
8117
10825
9493
8602
6115
1780
4380
7352
6969
4560
7057
1144
2616
6665
2374
2343
6122
3835
3135
5836
5992
10231
7576
1597
1250
10897
4824
7507
10969
8067
409
6400
6936
6673
4930
3808
8905
10577
10267
9371
3249
6522
1684
9502
5622
4005
3607
907
993
6762
9669
10596
5524
2074
8928
1142
9985
1082
10285
4694
148
5457
7953
1633
10018
9997
10588
999
2398
6296
1714
7845
10158
1369
11070
6117
8745
2578
13
8079
389
3534
3778
5626
7594
2633
7223
997
10011
9796
5614
1763
1860
3861
8003
307
4223
1022
8431
9491
7276
9374
6753
10496
7483
9007
2791
11312
3569
9030
1093
2866
655
5218
5612
11310
2885
8765
854
1108
7347
9381
5123
421
3836
6195
7340
7027
7735
5471
7148
542
8569
4351
2922
481
10415
11123
1586
10099
10350
9888
7075
8328
2705
6280
5129
6562
3695
8343
5531
108
8874
6227
2999
4457
2417
8753
6585
1896
2394
9479
8130
6313
6287
1679
7454
4257
3757
11056
8238
10459
780
8678
9414
3252
6099
11179
6238
8195
4581
4882
8932
4932
7426
5330
9075
2515
9222
8900
10694
5789
8564
4031
3387
10408
3113
3259
10569
9913
8504
9174
3863
4441
7137
10952
5607
2281
4689
109
5154
5
6895
9027
8452
11011
5555
7416
3241
2949
3602
6488
7983
3051
3340
1
1332
9736
7376
10220
8002
4246
1013
9635
6510
10478
2948
877
3505
2134
7527
6239
8313
7407
605
3744
6518
7510
4269
2495
8941
3575
6091
6140
3089
1820
10610
8190
9348
8567
604
493
3091
11368
5956
8889
7189
5782
1381
9427
570
191
5411
10761
8464
1408
10378
7702
3224
8831
2128
3163
5987
9307
6822
8371
5358
5597
10508
5667
1075
779
8589
2607
10788
4566
2108
6002
4402
1759
5884
1393
10229
5568
7105
10165
7775
10337
375
7127
3244
9813
11114
5049
2670
5098
8681
4455
8019
5638
8650
1803
6448
4667
1830
2148
5095
9264
10593
7950
5202
2065
5858
8674
464
4796
1496
7298
6048
9908
3612
4077
5022
9110
1014
1073
2438
8027
10482
5946
4977
5387
103
8108
4436
9359
9714
5163
7400
4829
1055
3332
9548
401
6389
7440
3880
9879
4608
7166
5136
671
2041
4224
9610
10249
5846
6887
2195
7517
6258
4279
288
8930
1881
7955
1713
5825
3891
527
8767
9031
1989
10946
1334
3621
4032
10891
8389
7379
8184
3239
1026
10692
8144
7947
607
1980
9811
1626
10023
9428
9403
7201
4012
1443
10091
5177
5058
3654
3248
942
9520
11244
3357
1569
5493
7448
5573
8076
8938
2273
224
9809
1049
4612
5901
1258
7240
813
10336
7207
735
9859
9054
4625
1840
206
4137
9524
2345
11363
8233
5235
7595
7277
7484
10118
5842
2139
9127
6906
1845
5011
4876
4860
2317
3661
1669
7619
984
8582
7685
4241
1269
1773
5961
7182
948
8280
7172
9069
10359
3583
8724
3807
11053
8267
8951
2443
10468
7512
5563
10103
6821
1798
3526
7739
10287
9226
5729
4159
2812
11065
955
4281
3897
2248
2761
6660
5881
6029
3007
3689
5416
4731
7384
10445
309
4807
8538
6818
3578
3588
9331
2745
3799
4011
9249
10849
9464
737
9081
10437
9259
9584
8545
1747
6479
536
7406
10526
7515
8684
5002
80
9482
721
6702
3511
11341
2908
825
9965
4036
8541
10843
10109
223
6501
9761
3472
3001
9132
3367
7465
3407
10864
8111
10771
2881
4638
7504
1362
1659
11270
526
9768
8888
7211
1180
8449
2558
6234
4613
6729
9191
1084
7750
2732
9932
2469
230
4444
10622
5030
10016
8406
9517
176
4599
1874
2144
7427
9170
3846
8505
297
4946
4627
7429
9558
10554
6467
1268
7451
4760
9406
7339
7907
1215
1300
10067
10029
8551
6944
853
4567
4359
653
11317
3552
11220
361
3751
3458
860
7700
2854
11081
4858
6158
4673
1341
3532
920
7291
7348
3760
1103
9465
4592
1012
3033
8691
980
3892
9178
8222
2540
9924
1297
5245
8571
3143
8534
2975
1282
10708
774
1377
1646
3651
1883
969
857
3254
11095
8885
9045
2989
9587
1614
6360
4008
2351
10365
5501
2200
4777
9927
6844
6611
2722
8742
8787
5115
3854
5989
2085
8008
4570
5693
49
1315
9636
6338
7968
6570
75
6256
1277
5225
6156
1114
4483
6052
8062
512
4249
465
3095
6141
5988
2756
10780
4465
4972
9394
6586
169
4949
5009
9885
9787
6532
7951
3347
2698
1737
683
8871
9134
5461
7805
11188
5142
2955
2037
2858
7678
5745
185
2985
7530
11232
8688
8916
10875
6245
11330
4897
2778
7658
841
10455
2508
5126
663
11202
827
9530
86
10713
8340
5967
590
4688
6816
6192
2479
9857
4554
6232
8773
6339
9617
6567
5042
6216
8647
8777
1604
3533
7841
2502
7941
1052
11184
7119
8012
7584
11108
4349
2805
113
1912
1171
851
6564
1474
3420
6209
4117
10936
10047
4684
1451
2649
6536
2822
739
5557
5435
10976
9834
5669
11266
8091
5476
6851
9620
2482
10434
8536
11126
3484
9820
10965
3162
10532
1478
7890
5871
5430
6127
4362
10816
1343
10809
2197
6207
8078
2868
7541
7436
7533
5481
6236
4081
3004
9496
1712
7936
8731
10105
9418
6746
10950
10214
10334
596
2891
10985
1841
7828
2071
6170
4818
10551
1032
235
6535
2523
10013
743
9542
10475
1797
8736
5603
449
4146
11039
2601
10263
10516
7108
2715
1857
1427
2045
3220
633
7214
656
7889
3439
6474
10123
2368
2373
9326
2531
3456
5491
5847
6021
1768
7883
2076
249
8730
5578
10520
10157
3707
3548
7417
7149
3830
2940
8583
3502
10106
5715
343
5034
5867
11178
8210
8608
4437
5436
1686
279
1937
5886
5898
3678
5902
144
670
4969
8859
6712
4626
7607
8817
9977
4886
775
10797
6272
9008
1609
1946
10782
6109
1106
105
3316
5075
5081
6819
3411
7386
6672
9319
8085
5109
3738
9552
10309
8616
9488
10565
9561
812
290
4030
4153
10299
8668
7394
10209
3779
6223
6050
623
7402
1374
3719
10920
9728
10064
8088
8475
6008
10074
3991
10014
10281
9028
982
9207
6259
705
8269
10161
5404
4509
5651
11169
4756
4389
9257
65
6703
6247
11094
5372
211
4751
1619
9101
2192
8821
5897
2944
10598
8277
1575
11129
5719
7557
8030
1419
8095
4480
3936
4668
2330
11147
8844
890
6461
11005
2782
1568
7269
3670
8484
9280
10490
5390
3295
1115
7604
2765
5541
6485
7931
6627
4526
515
4895
5020
9216
9607
2640
9637
321
6138
9848
1519
9909
1386
2004
10284
4236
3953
4665
8063
11305
5429
10886
11170
7903
10204
7029
5191
9895
9749
6074
7299
8009
4725
870
1681
8766
1167
995
2759
7621
5120
4211
2684
4619
2308
7441
8338
51
916
528
4650
487
10613
7832
9265
3805
6025
4244
8207
9533
9878
5827
2565
7736
10967
1974
8637
819
878
9737
1405
11236
6875
509
4035
1310
32
1126
312
4194
6431
7085
6997
3080
2303
9808
10865
8875
1041
6388
3175
10187
900
8587
5179
8809
9677
5594
6072
1227
1452
2717
3766
6308
5207
1753
2136
886
8861
6888
6348
8958
10190
3426
3194
5339
1030
8439
1019
3349
1717
4718
871
10243
2089
3082
7021
1964
1264
5261
10280
9840
11049
7833
559
10366
5024
8566
1446
5726
4887
10571
884
5240
11071
9802
7187
10395
8069
8090
1959
8196
8424
9754
11222
5466
9396
7142
4789
10241
4233
7078
2113
10627
2909
10144
4553
5829
10628
4653
1298
11353
10232
11293
6357
799
3881
6213
2416
4055
3940
6161
7037
8832
4774
8702
4047
2333
9215
8422
9408
2158
5038
3635
2125
5194
8274
3665
2976
6629
10504
3790
10269
11077
10452
10888
9140
7570
8887
4125
9649
3683
5518
4754
6417
6862
11213
1531
6565
6808
7329
10590
3002
716
2524
77
2135
8870
4508
1535
2079
355
11026
4377
4494
9048
9887
5447
5517
7679
7091
6276
1448
1785
3944
5193
566
4157
1439
8846
6470
4227
6829
7782
8417
4859
2459
1971
5005
1278
2332
9373
10302
217
4328
122
3673
1607
10837
9446
6148
2516
6688
718
2548
4975
7488
7061
5882
7994
265
5965
7916
4523
9123
7858
11189
5652
4043
11121
8936
9875
6022
5162
9083
9117
8699
2696
7252
9471
3318
7962
4115
4209
2400
7432
6558
269
2059
8605
6626
2131
8826
5802
7349
3105
3752
564
10631
5762
4721
665
2654
6963
5585
5256
8749
138
10439
11030
2876
1930
11038
6865
10129
10737
2022
4484
10252
10539
5186
6915
1499
6240
5972
2460
183
5699
7529
3633
3832
7920
6219
1314
10702
8486
3443
3075
10996
865
6018
7772
5974
7643
10344
7445
10718
1728
9485
8632
7095
4180
7978
1918
8726
4907
5374
6033
1587
7168
4681
6547
8676
3203
50
388
5505
734
5415
2520
8102
3486
2492
7292
489
8662
1322
6080
1372
3110
25
4677
6976
4539
3499
3560
11328
5551
6421
1794
2618
1839
9733
2926
3581
8261
4493
4528
9301
10848
9892
2703
1233
9269
2097
11295
3795
9946
4342
7134
8513
6630
11164
602
3930
8084
8043
1769
5864
5849
1154
10592
7555
5180
9929
10769
3169
8481
8533
1492
4202
7203
397
8719
11227
6379
10168
6454
5386
9718
5310
1950
2720
9659
7060
1347
9510
3056
10973
9663
4540
9968
9969
9549
4360
476
1015
7813
5368
6995
1543
10143
6341
10147
9955
5083
3011
3465
2884
3503
9055
9647
10215
2642
6463
2983
2029
9115
10110
4410
5448
1085
10690
6184
11175
9725
8427
5596
10885
8940
6011
9555
2423
11036
1899
3140
5076
7351
8839
1187
9573
6903
10812
5169
4535
5978
1720
141
3409
1074
3893
3993
3053
9270
7324
36
47
11052
5769
10008
2862
244
1592
11226
2951
9585
7150
444
970
745
8993
10956
7825
10615
263
4722
5966
11214
9922
2000
583
5660
8828
638
3711
10053
7314
3724
1529
8606
8459
1477
1670
1186
6800
8855
3284
8718
6253
5317
9618
23
1213
4649
3354
1436
8385
1289
1034
7766
5174
5817
7616
3679
2279
4260
7526
7755
1750
659
2978
5070
83
1064
6019
9589
8615
3703
524
8060
7308
131
9862
2864
5370
6911
2853
477
4252
10401
5831
1487
3793
9213
3218
893
7726
4745
4988
10360
9444
10333
9668
6128
6159
8453
626
6957
10117
9453
10941
8152
5601
765
4874
11245
8818
7641
9735
378
2843
492
6187
11159
9131
6327
2106
3250
11113
10221
3622
462
3478
7996
324
9144
9080
341
6077
381
2643
5684
1484
6065
9536
7558
8478
8016
3205
1007
10052
2685
1345
8763
5648
8962
10519
9633
8173
1036
9547
4762
529
1817
8020
8025
158
3126
2005
6149
6309
5212
3406
10137
4149
6846
1782
10617
10901
3959
9139
9439
11253
3050
1232
76
2867
2913
1072
2057
402
4527
3190
3803
1927
4704
3368
3986
7238
2488
2173
2928
7569
2872
5299
740
5734
1534
2382
8220
5164
5926
2183
5742
6814
9691
4044
5028
3720
1214
7987
6739
927
6798
4710
2440
64
7624
3642
9379
4097
6487
8511
4945
2841
7381
129
7485
9020
8593
4915
9466
7302
7124
2977
8185
1611
1602
5763
8126
4073
4411
2931
7599
6918
11348
287
8795
7995
7053
11204
3375
175
6925
2534
8675
2075
2235
6142
2935
7724
8746
1006
7783
3916
3549
3753
9016
10582
10986
10863
8521
1705
6913
6277
8494
3258
11301
567
1261
4264
4752
11252
5114
9866
1727
9931
4812
9004
4308
10317
8456
8198
4952
466
8664
2056
6988
9109
9425
2286
8397
10726
6991
3667
664
1545
9713
8986
1183
9201
531
3036
6675
5198
1121
3949
6600
6423
2293
6825
7697
8334
10929
3275
4793
7287
8050
4695
7756
7674
3273
10122
5474
3471
7317
9092
9145
4732
951
1388
8326
5460
4562
5550
3341
9872
10026
3536
6847
2677
11079
7542
5061
3908
6020
4768
9921
6049
4518
3901
7363
2371
808
958
5082
4169
7356
10823
6062
5244
7701
588
10819
3866
6017
1546
9664
4370
2115
10538
7861
8216
6199
7574
8902
10900
7364
469
1245
4635
5297
10389
11105
4520
7721
3518
7174
6793
1384
7366
7611
6549
4352
10343
8435
9103
6279
7396
8614
6071
8317
10108
5542
8022
9660
10779
7505
4902
11037
1736
7885
939
2806
11020
4126
3452
291
9812
8562
4482
5468
3599
4604
4161
5834
9732
5401
2227
9470
2040
8138
3896
4967
9279
3782
9186
8265
10069
1429
9136
510
2225
2551
10473
4850
1203
4118
9206
2044
1077
3512
6560
5383
10614
11010
9773
10152
9762
3039
3811
391
11097
11107
2708
2669
11264
10772
15
3157
9583
4177
8804
7834
7468
3061
8325
10463
8393
4214
11193
7714
713
6264
4885
6003
2663
2584
5041
6809
1340
8073
9782
4551
10223
7896
9576
188
828
84
11372
3658
1450
831
5139
507
1131
7267
2103
2241
3121
9710
786
1742
2611
3641
6930
1129
4490
7005
11288
1309
11274
2369
1003
10899
9614
10868
6908
11161
4143
9382
9251
5027
4447
8972
9356
924
6681
10523
3438
7688
9833
6572
9958
787
3371
5153
3019
172
7785
6480
7850
7071
9002
3648
650
10042
8127
6472
4353
10867
6866
4340
1690
10644
4026
2419
1231
7111
3017
5400
1819
7934
8577
8211
9956
10741
8250
3837
945
8518
1444
9160
7374
6544
9037
731
450
5950
9059
5576
9107
7246
7677
9849
1137
1873
1651
4770
10995
1188
4424
635
6132
5000
5545
8300
1805
4708
10310
5121
8458
10858
9571
9699
6064
10303
1868
2731
2587
9911
1155
6237
7915
4835
10451
3656
1856
10808
11307
10853
10724
1752
5634
7433
4023
1112
3363
11319
3020
11377
6418
9302
4609
8709
9738
6650
3297
3730
8170
6576
644
1525
2729
4904
1843
4174
1671
150
4337
10115
254
6358
3317
4164
3012
8799
1589
5655
7719
2513
8114
58
5302
1194
6967
1665
1804
6752
3032
11308
1827
1356
3905
6278
2780
4288
1102
174
628
2873
4610
1413
11100
5017
167
9627
10913
7202
1172
2138
9365
5422
5141
2130
2217
4832
7799
1895
7849
10727
1605
7543
7610
11174
905
8500
10072
6766
6778
7218
326
8366
6538
10426
3185
5580
1970
5449
772
3845
4057
3348
5880
8620
1234
8644
3774
6573
7790
3069
1812
1105
5072
3640
5739
9476
3123
8837
2721
4577
11092
616
11265
416
8705
3257
1285
9905
7908
1539
5309
3983
3649
11033
4473
8918
6577
6775
2313
10331
5674
4900
9705
2529
2604
2397
8922
7958
9013
3584
5577
5747
1253
157
6692
9108
3528
10247
2501
5876
4021
3750
10142
1117
7421
11268
334
3524
1765
95
5664
8739
11212
9988
10208
9157
3434
3877
3598
10338
6312
9236
7420
2679
11321
1703
1861
8123
3421
9358
2413
8169
10488
1700
4733
10407
4148
1339
4747
2081
7242
1123
7798
4440
4536
2452
1940
8924
9044
3457
2572
10251
4558
2849
9810
2229
10272
89
4628
10736
4084
2311
5050
4736
5781
2239
3662
3211
4062
93
2962
10498
10959
2821
2713
366
7094
8425
5414
523
530
3319
7796
5980
2929
34
7681
8963
2871
5644
256
8342
8426
9130
7179
627
5912
10470
7593
9727
10625
1428
2505
3620
9435
8899
6917
1331
8174
7256
6872
6757
5007
9104
10796
5226
2800
8192
11059
7383
3968
7047
10341
9601
9675
577
2367
10087
9389
10894
7824
9003
10714
4617
3188
2937
4336
8032
3168
11285
8842
687
9339
1663
784
7723
855
6568
10304
1357
10792
7186
9856
4248
3902
5791
7056
1027
9831
8856
10193
10083
8594
2852
6285
4445
7059
3995
3947
8122
5859
1900
1249
6698
2672
8275
1931
6700
6905
6281
686
3938
6987
9642
5377
4020
11318
5584
869
10687
800
10149
8732
9286
8134
3817
7560
2907
4806
8669
6044
833
5757
10492
2635
8971
10430
10826
6436
2614
8448
10656
9378
7550
1726
4019
11110
2337
1741
6556
11198
10789
3591
194
7552
322
9566
3173
1938
7220
7671
1038
9478
3535
8622
11248
1995
10770
3097
9611
1412
5841
8981
7264
6796
11235
4898
6096
484
5104
10997
4843
10846
8967
1836
1244
894
179
7251
11216
4672
657
6669
5284
1138
6974
9595
4605
8919
3145
10412
1240
10362
1473
4189
247
6322
1848
8147
10623
2793
1204
8367
1998
3539
10381
8653
1307
3597
5242
7933
3441
3373
3564
10370
5384
9928
6603
2986
2231
71
8621
306
4840
5665
4245
140
1916
2738
1217
4497
6732
11153
6089
8816
11254
8161
1039
11367
1862
4292
10828
9792
9711
6271
11208
42
8901
2011
5347
10703
96
3282
632
1295
6404
2406
9504
9621
8734
7128
3334
7338
2336
5820
1858
2265
5868
10701
8004
10279
6086
10889
10270
11098
5178
242
2411
9318
8929
2905
9626
9354
11087
4597
6354
10573
4872
3024
3184
1174
8323
4217
7503
2490
8177
615
8893
8055
8880
6894
4775
2588
3935
8287
3878
2306
3572
4384
8713
3269
3547
11080
4691
2851
9653
666
7199
8733
10870
3260
1967
348
4485
6493
3636
8183
2023
10975
5554
4141
9231
9184
2446
8285
5564
9926
314
4561
7015
2210
5663
911
6317
10822
1854
1722
10978
1150
5019
867
10497
9544
4014
7819
3676
11347
2112
9278
8984
9357
7867
5105
3466
1867
6434
2272
11140
5706
6340
1591
5286
11109
9758
11177
689
8970
147
8316
10126
9
2350
6916
9832
1043
3267
5085
2730
4941
7424
6711
7272
4576
121
8604
9225
7331
5301
10983
5067
1919
5417
1354
3116
3824
3566
280
5611
5280
5773
8552
9277
2784
5915
10141
3013
9196
3603
7948
5828
11373
227
1640
680
4857
5855
1507
8563
2583
4542
3660
7731
1425
3927
11176
7848
11132
9383
10654
3632
6175
10696
10132
8623
1914
3675
1497
4232
8252
5469
7204
8245
10638
9437
591
10060
6899
4492
901
7051
4182
8508
5896
1702
1437
10257
5066
5434
5124
1901
10873
5538
3794
6828
6318
1678
8561
5895
3666
4302
8213
8969
2078
8402
3497
7398
5319
190
750
8852
3235
7635
7956
7967
7884
9803
2512
6602
963
4037
165
5647
5681
3761
3005
10632
5495
5657
8906
6750
1616
3932
3467
3674
8723
8531
1601
6196
6737
10035
5668
7222
2774
5857
10624
10753
460
4243
8244
8697
1226
580
5161
7044
4575
5695
3167
4196
10739
2109
9851
1157
6376
10483
11209
8492
11225
5646
8243
1404
4192
10506
1603
4521
8985
7344
11376
2101
11050
7232
4744
6001
6410
11256
26
9680
906
1482
7049
8937
746
4204
8805
2099
1631
2785
10803
5037
3106
6986
5425
4145
7341
5324
5765
10055
3785
3437
2159
1494
1810
5348
11191
10200
1771
519
2912
3312
10009
8526
9508
2680
10002
8879
8923
6583
8171
9309
5033
9135
7469
3440
6566
331
6998
7412
8365
9250
11306
451
1398
1059
7930
10353
5945
6361
200
4953
10545
8206
10798
1643
5405
8780
1657
4297
2553
10500
87
3271
5835
8750
7538
2559
926
8401
454
8347
2648
1540
10059
4101
8094
537
5305
7740
5698
1629
9970
5462
3639
6951
662
4079
4173
10448
9343
3096
7836
1915
3545
7055
11044
879
9629
9730
1738
7921
7017
10316
3418
6799
3099
7974
10028
8961
5318
9539
8797
2664
5691
9684
2364
4512
7217
4791
2018
1365
8360
111
10320
5932
6682
6736
4358
1981
5821
251
4797
2254
10791
1140
10685
5486
3287
976
987
8895
11334
4399
10151
29
2127
9436
11160
6294
2932
5156
619
8710
9562
2410
7096
11141
3713
262
10524
8527
10410
1796
6956
8857
9671
5863
929
5288
4826
2769
8368
7081
4758
1944
3843
5694
6723
10851
2025
7442
10953
3382
250
8574
7957
3419
8205
4212
4291
11017
6378
11076
155
10347
373
1958
1922
1329
5176
9387
4991
6441
2526
9702
1399
8864
7792
6733
7247
3182
4123
9824
722
7765
11022
672
6385
10339
2880
1066
365
2201
7455
4765
8284
4253
8581
6426
6922
9886
11291
2402
11115
3046
10125
11055
5513
237
3869
6310
5316
6761
6812
5213
3151
7638
10721
5619
10242
1732
5427
2754
7275
7863
8617
6927
1947
7581
9783
3283
3448
7369
5267
5526
6459
9291
9050
3045
9490
3228
2658
4914
1885
9983
3520
9771
1083
3010
10824
5479
3957
8910
10749
11048
4452
7494
10817
2591
8194
7524
3174
8388
5078
8140
5084
4295
4438
7188
11148
3543
4943
5952
5623
241
2348
10581
4871
7112
3290
10201
3781
9790
2693
2920
6904
3496
6965
8120
2384
11356
7571
5424
5653
10325
3638
8894
5676
2120
6315
9726
5379
10549
4912
7751
3330
3838
7491
2301
1522
11137
10806
8495
8419
3008
8868
9592
6734
10386
10890
43
7564
5511
724
3360
5530
9159
1274
7372
2338
8652
1637
8975
2606
9579
4961
7663
597
9784
1092
1990
10839
11354
3480
8180
5848
807
11000
6684
2478
2564
11131
5291
1661
434
1778
4210
5843
10835
7667
6791
8556
6110
1644
5464
10630
4598
8801
1562
4382
2246
7368
1394
3541
3814
3677
11046
9511
5183
1933
6952
6134
10879
7034
10972
9327
2032
3187
8636
239
1911
5955
8107
4632
1891
329
540
3879
1875
981
11242
1141
1184
8595
10021
21
1758
1504
5336
4742
8806
4322
858
2544
7937
521
3765
9974
1263
8680
5004
218
6697
2222
8346
1654
8655
2682
3112
246
8356
5421
4333
10414
5296
6859
5589
11345
4559
97
10954
10314
4574
4135
10174
998
9923
5958
3179
9245
9041
5971
3490
1152
7975
1120
10568
10282
6180
8136
10686
7905
1506
1222
156
5866
10766
8255
6655
8189
4640
1701
10254
238
8785
6758
2046
3142
4743
11223
8601
9963
574
6815
2388
3016
1116
10238
9151
5832
8721
10992
9399
6767
8125
9846
1363
1952
1776
9423
8017
4822
37
3196
6977
3227
3164
8381
6830
3320
187
2998
9937
7437
9220
10580
2602
2220
609
8396
7265
6178
3031
7332
8812
4461
5190
10608
7980
1997
7871
2055
8314
6581
936
8994
66
4764
3044
8148
11124
7353
1698
9975
8808
1095
4748
8997
2403
3697
4593
2580
1532
7385
2903
6666
1220
2878
6037
10818
10503
768
1936
649
10546
5906
5953
9516
11090
8221
245
8208
10647
4175
10112
9314
4909
8224
3559
4833
8051
11057
7567
8898
3551
714
4697
11040
5581
9506
9724
8254
7497
696
11133
7855
1403
162
4298
8949
4842
6201
5340
11167
3109
3493
1594
333
6823
9155
3238
2921
9947
8283
10291
3965
459
5320
9052
4407
7360
4916
3321
6580
9656
6210
2509
2092
2007
10716
3734
8372
3023
1417
4267
161
2665
1069
5914
937
445
10368
5780
5649
754
2349
8891
6533
7753
11145
6647
8978
2258
7575
5408
4225
7261
4792
6831
10116
6353
6116
10971
1837
621
4266
914
2261
8909
8908
10454
5685
5618
9830
8656
3553
7138
5565
2511
10375
8292
9424
3755
3856
2736
11375
3134
3699
8235
390
5394
9198
7428
6885
8099
5013
219
8559
3314
1198
11125
9706
7525
8124
315
1416
1491
793
10329
3476
5200
9554
7476
3770
547
5001
2038
8491
6483
3272
6121
9281
8083
9874
9986
10075
9118
3823
3969
6680
4372
8503
6993
3306
1328
10533
3402
3522
4496
10648
5574
11324
6782
8956
3715
2435
2801
4839
2102
2063
2289
1755
3977
5497
10814
560
3067
1957
9799
1578
9764
10674
4327
8331
3841
258
6845
4992
8679
10525
9397
2746
9361
10536
4363
9340
3745
4124
2942
511
9723
7032
11333
7952
8964
6502
8925
2594
10660
8573
10671
8276
5744
5625
11261
3659
967
8321
7694
3365
1385
10469
5629
8059
1338
3377
285
6202
5257
70
2179
7603
723
5406
1649
4108
9815
10180
6929
8392
2043
4311
360
5697
5223
4729
2359
7710
3029
9582
8081
2838
6024
3048
2214
1730
1790
4878
8203
6014
3286
8499
2621
575
10068
8619
7225
4462
2034
9065
11150
10778
4841
4083
11365
10715
2538
193
5350
5035
9721
2372
10948
9315
10162
6802
7452
6100
2783
5343
4393
3424
9609
7171
5269
6982
4896
4928
7540
267
7627
10947
1724
6792
1124
2814
10877
4685
5784
6636
8112
6864
9599
5941
4056
8630
9143
3921
9673
4096
5766
259
5010
3237
6838
8802
6994
5438
2497
8248
10388
1762
5599
3177
861
7472
3393
6452
4557
4847
1824
9120
5100
5658
5221
10212
6220
2457
422
2549
10153
1749
622
904
4361
7170
4541
6203
10373
4316
62
7811
1321
4415
5477
5210
8557
8501
8470
2661
10760
4783
835
3125
7626
8666
6713
347
8853
3586
11015
8229
1526
7676
7463
7623
7280
9925
8867
5910
6218
7620
1650
7130
4798
10906
139
2035
10949
7159
7282
1969
7423
7304
10815
2294
10432
10522
9624
2185
1122
8146
3828
4998
6355
6706
5092
891
10346
10057
2328
8974
9183
6561
1886
2844
9409
7693
8335
9838
8390
1127
2209
8441
9022
425
8858
10226
3327
10197
8432
1962
5378
8380
9765
4215
925
505
2024
3714
1549
8483
3886
3403
4702
1147
6820
7508
11259
543
6578
9836
2467
3009
1968
11062
4636
9205
7759
6694
6036
6214
1548
9308
2436
1791
9305
8376
10244
7195
9756
5937
5812
8399
2238
5063
467
1456
10663
6168
1054
4790
2380
4066
1422
6827
9704
612
10046
7644
4585
9214
2570
10065
2015
4338
7231
6055
6978
1774
5764
7588
9299
8659
494
5570
1939
403
3594
1469
90
6067
842
6368
2191
166
776
286
719
5157
7899
4303
63
6621
9825
2477
725
2823
4989
2496
2151
439
7859
5111
2781
10621
7668
1903
2269
552
6656
6607
1333
7893
2017
6295
2547
5712
3240
11249
10802
3450
8209
934
9336
9658
8035
8332
7475
2152
3717
384
9995
2530
8460
9402
6076
9376
6283
116
4582
4671
9750
10012
7301
7707
4565
3491
1378
2224
6605
8847
337
1880
9933
6805
7781
10928
8139
6255
8415
6632
4525
11309
1304
106
1552
9884
4880
497
5103
3291
9164
4459
3710
11101
10521
8301
5942
33
10169
5308
1739
7162
5380
10351
1002
6016
4706
8065
6382
8212
6833
2174
9316
10776
6962
852
3076
2762
2285
3059
1537
11269
8104
4951
7184
10542
4296
8685
8489
7011
10844
3183
637
7639
4794
6031
5326
5771
9953
5093
3063
1673
4646
4730
4421
5134
2060
9137
4213
7311
2541
3945
6334
6726
8535
5485
5453
2324
794
5682
387
5927
2689
5913
7660
4152
8129
3601
11344
1033
3875
7411
100
4466
5627
2083
4326
7613
4749
1542
961
5732
4024
3740
1166
5615
7409
8641
6924
7760
5279
10501
3225
4259
9806
10570
544
8428
6593
2573
985
3709
1379
2180
8049
10601
826
1828
7744
232
9570
39
3998
7580
4102
6402
6191
11335
367
10871
2542
8959
5701
9998
9648
3929
8200
2129
8714
10595
8525
9821
1423
6081
2213
6324
4395
10480
5057
10787
6498
9644
10171
4080
8814
7502
751
6548
11146
9233
10657
1159
2447
792
9089
3644
8466
11262
9322
2612
8834
7136
72
10840
1613
3199
5785
4095
6329
10924
1176
4864
7069
8572
3867
85
8175
1556
1751
2491
7133
4870
1235
11237
4973
5258
9638
7258
7026
6645
7600
134
7988
6787
7703
8149
5736
5630
10892
10729
1842
7066
1243
611
1078
5314
7147
5442
5993
9580
11239
514
9169
3396
4433
10838
414
8779
887
2439
9420
11286
8455
2718
1431
9325
9863
10664
399
4935
2427
9385
11111
5760
10416
10265
9823
2098
5290
4277
2519
5490
3355
5335
2991
11255
3475
8354
10084
10754
3398
594
7439
6137
10160
289
1025
9695
4129
2753
2595
6704
9116
7511
533
6451
2719
8133
7210
5008
10290
1110
11233
6843
5231
5700
9051
6212
10001
8158
201
6104
2318
8159
2728
3783
503
9495
3895
9827
5096
4654
10431
5451
3147
584
8904
5996
1514
2590
1844
6242
3279
1081
7234
3700
1133
10253
11192
1342
7875
9023
6384
3973
3477
10357
3924
8638
6188
2216
9461
8007
6738
6659
5506
802
2776
4522
3289
3961
3131
10987
592
3833
11166
8775
10564
6892
6719
5439
4284
7466
7625
9210
11007
11359
10296
3561
210
10509
2149
8999
6230
2445
7664
5195
8327
2630
6375
8303
11128
9293
10970
9053
5327
7357
9295
5679
809
7343
3356
4310
730
10405
6157
8850
5903
420
1259
8474
6970
10128
7389
1281
8752
8646
5065
9105
8762
9062
10056
2894
4364
11117
3444
5473
4737
5549
8498
954
4828
6797
1148
3992
883
6709
1551
5311
9757
5315
4772
10563
40
5637
5815
1088
1050
3819
6534
5059
3395
8624
3813
10670
10271
2315
7226
4938
10576
4339
1706
4330
701
7647
7157
938
2752
9111
8631
10762
2196
6716
4550
822
7817
9767
411
771
10742
3122
4958
9689
5252
2344
4499
8188
2329
9990
3840
6297
6909
6432
522
3066
1625
3637
6061
7534
9860
2539
1145
4000
3278
9263
8788
10079
4502
9797
2334
1982
7602
7959
9480
10275
8072
7568
6323
1777
7715
9432
4165
2788
4229
9720
9036
10682
4412
791
9449
915
4103
2709
6145
11217
4325
4105
5074
10748
10300
4607
6937
6803
4861
9734
4369
9716
5583
6786
9481
7820
6539
4004
7146
661
10387
6715
513
5807
2980
599
5381
3435
2627
4503
2489
6151
3696
5418
3372
10909
3762
2287
9972
4050
3328
99
8405
1409
8333
9563
4131
9422
2284
2080
2683
2830
6880
2163
10883
1160
8377
3826
3844
501
8451
10650
8440
6801
5091
7002
5032
5426
10441
2569
302
4600
7444
10399
1872
6747
6351
5833
5321
5793
5375
1992
2767
1849
5306
4929
2915
2566
7090
2856
2354
11294
160
3343
3818
10186
8609
3718
7940
1458
339
5158
6233
2019
1779
8193
1472
6591
3809
6601
3996
2062
7690
10695
5498
834
840
209
4950
10255
10135
5904
5891
1238
3746
1475
1462
5680
3775
1920
1143
899
4838
10555
4741
4133
9175
5783
10433
5620
5673
10428
9158
4075
7083
7917
9274
856
9452
2199
676
6144
8690
1632
5196
5060
8430
9853
7742
11351
10604
4846
8024
1493
6882
10032
8364
9641
1337
10784
1173
6123
9093
1634
2749
3159
6000
4427
9971
4662
6523
918
6265
5018
499
417
480
5029
5182
4294
6992
11360
6861
5532
4802
2462
2824
2536
4334
4491
8273
4458
1913
9195
9741
4341
7052
7591
9450
8813
1415
11078
189
7547
8610
1009
1156
8307
6542
8436
7764
5216
9029
7768
7814
7925
3077
2094
9303
6344
8990
11303
1508
4937
7661
6979
6546
1056
10922
2817
8711
6689
3027
10260
1999
9345
5325
7801
6718
2070
11018
7598
10502
5813
472
7030
7286
8663
11151
1675
8728
8286
10811
7215
10297
10234
7874
7578
11357
8291
3923
3610
4231
1481
3150
9492
8398
6824
1577
2706
6288
10626
1239
10436
9871
2716
1595
8695
6066
6
9900
5704
8866
2377
9701
6408
8352
4505
618
6696
7695
5527
2067
10813
1527
4517
4594
10618
2243
5312
10456
7145
8015
1165
6648
8926
8066
5148
2550
5522
1897
4098
4463
6940
4061
10842
3941
9228
4713
8649
74
2096
7209
910
7319
4589
234
4545
4606
132
2221
5750
6398
1986
1212
4506
4869
7800
2615
7397
10306
1945
5823
3246
8258
7260
7873
5287
2950
6174
5295
1178
3736
4074
7857
10548
9377
5446
3172
6095
4109
1585
5948
868
7362
7608
3268
9332
4376
5991
744
5201
8744
7687
5112
4367
8554
4659
7932
9237
757
6584
7297
8132
8693
7089
5995
7993
4788
10000
9889
817
6848
9407
1225
4996
10876
4078
9392
163
6303
4464
11064
6027
379
11152
9729
4773
6525
4815
6112
6374
9460
9138
2448
9497
8110
10553
2100
351
2475
5986
2117
4038
8052
2845
3276
293
7306
8383
8142
4420
4191
10131
10962
6172
777
2020
1294
5224
10847
5407
5860
4957
9063
2796
11230
8794
8434
4723
2840
10184
8101
10033
5399
4262
3222
1464
7435
2923
7847
10907
4255
10278
2734
2230
9287
10691
354
3994
10181
10767
7038
6476
2119
6468
11219
11287
9417
3034
8345
10530
810
5204
2543
3425
11369
8315
4304
9312
1565
6614
8001
5870
9126
8790
2409
5363
6804
3981
6690
1465
2425
10606
8290
9096
4866
4910
3631
1693
9474
2613
6124
6458
8670
6395
7155
10616
7403
10156
9430
8394
7532
4166
4546
468
2803
10313
5727
2236
4449
3114
4409
2202
2421
9010
3370
11272
10380
2262
5794
2014
447
8912
8784
10070
5087
142
7259
6316
6101
6852
4813
6305
6509
10477
7894
5128
4059
3939
340
2297
6057
4309
4156
4488
300
10866
7942
10417
457
10963
1094
7461
9102
4495
2691
3546
7415
475
778
9959
9271
1359
6445
5300
149
7336
4982
10080
10167
7266
2105
3369
2707
8544
1807
10367
5089
8294
4276
7023
4001
349
308
3810
5792
5740
9717
738
3081
6863
7418
3616
9657
2275
9593
3303
5432
9591
10918
9944
10289
9285
5187
5504
2451
3037
1910
1037
8357
3950
431
8598
10400
3521
6529
6966
4652
9839
10327
882
3593
73
7414
8717
1600
7160
8000
8270
6921
3963
3049
4925
10450
9400
10393
3868
1382
4879
498
8917
8950
4226
2609
5677
1158
4220
9217
5496
6409
8725
9168
9843
10903
4578
9560
9868
6514
3208
6654
2807
1656
508
8370
123
5631
3277
2834
6628
9342
5444
5175
7964
9662
1211
7749
3381
9565
6262
10964
8673
7054
4675
10402
2653
7762
6475
7973
4849
9679
5929
4398
7305
436
8934
7467
9310
7478
1898
9526
8319
1237
2521
7835
10833
1707
11054
5047
8056
3698
6257
2414
9100
8403
6785
2466
2376
7982
3571
10821
7972
2121
1515
4002
1468
4365
6012
2662
10218
4845
2353
546
7125
1621
2471
6868
10641
11211
4403
5811
2694
6935
10301
6090
368
801
5222
3729
9882
5753
2622
4709
4039
6777
5809
1076
1040
1402
9431
4779
6386
318
525
10857
4955
8472
8311
177
1588
769
6683
7073
4825
6519
3933
4767
9087
8722
3469
2271
1975
6699
10655
5307
5275
3926
10712
3804
6742
10845
668
6183
7566
10397
3974
4965
892
2535
4254
4719
573
9147
8414
8851
8798
548
5373
4693
2608
7562
10175
5936
11316
1360
5907
10449
4799
323
7605
4735
10556
9630
1567
10295
3442
1466
728
3331
4531
2941
4823
2702
6811
10916
4888
226
1270
2610
10535
4305
6893
3737
6643
3192
4293
6146
3611
3831
9513
2879
2896
898
8757
9329
4331
5818
3815
8272
5260
8468
6130
6770
4422
4299
5090
6221
6941
59
415
8539
8382
9125
2036
7829
4919
8942
2250
10048
7430
1241
3136
6563
7748
4580
6877
10
10908
10185
4552
9794
10683
4263
2405
4446
10163
7912
8882
10061
2877
212
8660
3629
5184
3508
10219
3210
2259
4088
3582
4185
6420
4821
1134
9685
6613
3685
5683
1799
839
463
4913
4418
6850
6891
9441
5569
10236
8297
2898
1392
6147
6677
10494
9625
7522
7457
0
4443
2249
5229
9814
6275
5779
3214
7990
8983
5800
1371
2504
5137
535
1058
643
7649
3065
11138
5064
9219
3202
9469
5608
8830
1729
2356
10199
6349
8953
10182
3322
2461
9745
5606
370
4071
6776
6206
1370
10041
2003
8933
1271
7733
2454
4184
1559
8524
7761
7860
579
578
8298
8046
5344
5232
1823
7807
9188
4921
10567
1623
3987
9643
2688
908
6579
5748
9540
3978
10066
3108
10324
6745
646
7295
5051
3281
5046
3161
8640
4700
6097
3723
978
10758
3412
410
5758
7851
6343
8862
2223
732
4787
1459
9934
4018
7842
486
3904
4235
5458
8756
796
5730
4278
1533
10328
5220
7045
3859
6512
972
4140
8320
5654
504
9288
5923
7375
7528
11002
1197
1119
11331
5003
5445
2016
5025
1246
9499
10330
4556
5285
4348
274
988
1236
760
5234
7288
11127
6105
3299
1735
4728
6620
7387
7891
1966
4107
7853
383
846
5150
4010
1330
4766
4121
3982
6596
8487
6078
6269
2170
2299
6093
3028
1089
11228
2307
4727
4094
3154
1128
2051
4142
5097
1273
2028
2360
1723
452
8643
2835
9681
9038
9162
2984
10934
8549
6373
9235
1136
5507
8558
1179
4641
8599
8266
9652
7446
5503
7935
7229
6686
971
9355
7909
7249
2395
9006
1397
8553
5921
4644
6658
5171
6497
10646
186
5925
6330
9413
6215
9753
6968
6004
6945
7650
973
7877
895
11290
2042
11203
8944
8811
7104
5292
4853
652
1929
10258
6179
7033
9781
4620
2357
10465
10926
4426
7788
6919
8318
4371
2787
3802
5900
6834
2687
4199
1801
6953
6754
4810
11086
4205
6364
405
3627
8021
4486
9025
11122
8339
4470
2771
1207
3515
11229
7100
3307
4197
9129
9369
930
4985
1708
4809
6907
3787
8988
10139
2168
7141
271
3021
5826
7135
3989
10063
6954
2641
7864
7084
6942
2577
4315
7913
8386
3233
6592
5977
8350
10603
9800
1610
10579
7431
3324
2639
6419
11041
8028
6167
9447
10076
1488
3942
7506
9503
2723
5192
446
433
10652
8264
4093
2900
2485
9244
6222
2175
7010
2424
10937
8064
1336
10584
8529
9960
1303
10643
10133
4854
419
10612
2596
5885
8038
2979
5556
7359
9098
2557
4448
8992
7115
10340
2010
8480
10651
9015
11083
10672
921
4940
9241
9993
8807
3576
11374
1091
6553
3920
5282
5924
2839
60
2818
5382
8477
3788
8299
9024
2240
7065
5088
4639
10107
1954
4430
5409
11073
4128
5420
6526
8418
8703
10484
6377
1793
6616
5968
4240
11205
9113
8204
2747
2775
1255
41
3608
3967
4007
10944
2938
6108
5205
693
10425
5943
4242
10541
7713
9907
1080
7645
3984
8031
6059
10396
9746
11238
10273
4771
2187
10935
5246
2982
720
3358
7862
4289
9979
11251
8840
1400
5086
8305
9715
7197
2568
11224
10832
10130
5366
8033
6545
3041
6975
5412
1635
1287
6439
9869
7358
3103
6674
4027
6135
8121
4819
10127
11136
3232
10293
2816
10774
10697
9954
8597
7093
2473
9352
6084
5703
4683
10421
5437
6728
3530
2712
10140
1917
9268
3663
11089
2974
10777
482
2836
5480
9434
164
3537
4290
7789
9819
1744
2155
502
6552
7315
6615
2860
563
10807
2919
4060
5371
7630
2001
3038
10332
3197
5933
3459
7634
8237
7082
3104
2960
9939
7906
5056
5598
7405
7404
7970
3906
281
4873
10705
278
3664
10089
9605
4615
7812
11180
255
20
6671
1196
534
7565
3847
3731
9401
8877
9203
2897
4990
3754
7771
1847
6644
6211
7729
1570
4151
9967
7181
10982
8353
6058
5959
8497
4280
4042
296
4313
3130
2157
7965
2050
7481
1734
10155
1318
7312
182
30
22
1908
6489
7296
301
5571
2433
10176
1813
1146
4851
9719
6063
3784
1223
4006
10195
5899
1130
304
2911
5935
357
8737
3391
2933
6197
2245
6301
8446
5332
11276
10763
133
6691
1660
1517
2567
3613
6460
1319
10166
5313
5749
4590
7737
10794
8181
4058
6243
9199
8876
2890
3293
8827
9897
2725
9940
3025
1636
4970
9682
10376
10039
8989
2739
7346
4901
4063
5934
146
7618
9722
2321
2763
10679
7882
6030
3198
7730
7008
10294
69
220
7345
11263
3988
5173
4251
6938
8540
9119
3764
1205
9666
8374
6032
3389
9613
9538
762
7067
305
5133
8825
10205
8154
10276
2673
7881
9124
9368
9353
9018
5440
2310
1783
3463
7408
10382
1521
4669
6839
6443
11342
79
1894
8358
1391
4572
5396
7237
6503
3946
10861
5106
2802
6959
3058
11278
7711
3384
11091
1694
3585
3432
4795
10841
4666
7388
3595
7230
4374
3509
7633
184
2617
8496
7110
9514
4287
913
6372
1063
9829
620
4750
8965
11072
92
6813
639
8927
2194
4265
9615
7831
2857
4345
3485
2116
10704
6440
8324
10743
6194
4780
7194
396
10356
11279
4514
7378
8407
9367
7657
4906
6051
453
3568
2104
6041
2545
2740
4113
1290
11275
2257
4867
6496
10989
10377
3555
9026
6871
6604
7236
7183
4048
7425
10589
2819
2714
10460
110
5892
3628
5227
729
1463
6336
9864
5054
2686
10323
8560
1838
9204
6250
8106
9459
4707
3917
9456
4564
1005
4678
9078
7754
4091
2904
2107
4753
3705
685
2790
7997
10911
4379
10230
3573
4800
1208
1677
11006
4092
3399
1316
763
2188
9541
727
4664
1787
8968
7870
8423
6139
7456
2528
6912
8404
7682
1806
6306
9707
3128
1888
3073
692
3758
2052
9455
10073
426
3510
4643
7631
10786
3308
3873
7659
2030
2233
10409
4306
3040
1311
3934
7453
10528
398
753
3115
9429
7743
11326
6972
4132
6371
11299
1327
5131
4981
4971
5534
820
7322
3956
9616
10587
634
6040
3160
11197
8635
4936
4357
3043
7784
5117
8547
2827
10925
8444
1185
11032
8537
8128
9759
1162
1772
2207
6189
4966
9778
1652
1889
7827
10566
9634
2314
9133
957
3727
7126
4381
2431
9468
7018
679
6155
4413
10062
4394
1622
6541
11273
11135
6085
4271
681
2837
4099
9333
1618
2625
2093
4
4803
3262
5472
1994
756
9256
6725
4274
8041
4136
996
8089
7487
4114
3851
4658
4392
3436
3144
6708
8618
9948
28
10121
4877
2455
10902
991
8708
7370
5852
6005
6177
5102
7123
5398
7180
6635
2554
3763
1647
6730
5797
5917
556
8772
1590
5878
4698
8443
4588
5928
6490
345
5639
2507
648
2939
2697
6608
8433
8754
4924
10419
9978
2910
3270
4116
1411
8164
7342
3907
9999
1825
9239
11149
838
6251
4122
2292
5960
1435
222
2690
3580
4726
294
9987
10829
6362
7273
1109
8218
9349
413
5875
2276
9034
3078
7640
4187
8351
10030
7601
10054
7333
5774
2132
4471
9906
2352
10485
10088
8271
2666
4428
9748
11024
3366
10804
7606
6254
2711
6229
10086
9877
9458
6857
9646
11355
7746
11088
7615
11069
1470
9798
7293
221
10919
2964
2247
4460
2957
10418
641
6900
9670
1942
7178
600
8096
5613
3913
5558
8548
1113
8251
8191
782
3111
10745
3052
1018
7979
5714
9276
7579
7354
1221
6869
617
471
562
3035
6131
6990
7022
2026
5509
3556
5756
5709
5253
2335
593
6482
9321
3362
9076
9298
7198
6721
9240
3523
4321
10101
6119
7350
10594
5973
3773
1348
1935
1833
9094
9306
11282
8634
4890
550
7520
4414
7212
10642
989
5643
4375
520
832
9776
11025
4190
4513
5894
9938
5759
82
8946
9442
7614
4344
6129
7840
6164
3899
3170
7303
2358
10531
8580
7006
7866
24
4778
6664
2650
2510
781
1190
380
708
7074
6102
4601
4881
5271
4511
6369
6347
2946
9901
4993
7852
10662
1209
7780
4622
7474
7019
6185
7904
2799
292
406
4218
2506
3014
4631
9167
10684
3540
10629
1485
4629
2744
7519
9876
9079
10283
3401
6465
9498
7235
2430
6053
3777
3821
3829
9575
430
1326
8791
2146
4282
4715
4049
4167
10240
7734
8047
3625
4222
2786
6182
9372
7888
1486
1761
1564
6495
8239
7014
9234
1206
4534
1688
2375
3261
5711
7880
478
897
10004
9574
4686
9920
2518
7482
7253
4568
8987
7289
4986
2657
4516
9696
3672
5810
9304
2563
7745
10298
94
5118
1876
7984
7043
7998
1353
2027
9596
1949
10597
8819
8348
10319
1228
4423
9674
7310
6641
10939
4944
4761
6506
9391
3133
9844
5605
6320
9386
10783
6092
7943
5525
10722
7041
6427
7898
6455
10256
9187
10250
2875
823
1224
8057
3609
5080
7063
6842
1099
5954
2234
9005
2965
5467
9612
9049
3186
6964
7413
7718
7328
9870
9253
8040
8387
3305
964
3346
135
11144
8075
11207
1111
6960
9154
2918
11139
10286
3200
10990
8596
625
6751
9740
5254
9344
6743
8109
10785
9426
5567
299
10050
5981
1410
6517
4186
2987
4974
4454
9852
2434
6623
568
7158
3645
317
640
9334
6961
10227
3429
5465
9760
6333
1580
2178
4320
9952
6693
5918
9847
3894
2165
4661
5283
10605
1821
9556
10481
1280
2522
7318
9528
7804
7335
932
7839
8098
5135
2208
9654
517
5920
1042
6759
1667
8413
1689
7938
6284
558
975
11019
2671
10517
6756
2066
1704
6304
8789
3000
9976
10775
7393
5636
435
5805
3153
3722
2463
688
7367
6516
9602
3682
3231
2631
880
7741
3423
986
7492
11329
5879
2676
6840
8178
2993
9040
7007
5893
2114
9777
7254
7918
9266
7036
3887
6837
5666
7326
8751
4076
7902
2988
8822
8234
2143
3870
5272
3361
6557
8048
11120
4397
6300
10869
1193
5588
6575
5814
1201
2145
1313
2825
9525
10639
7617
7042
9501
2325
1288
888
6363
7025
6637
350
8514
495
5795
5982
6617
2668
1001
7672
1871
9578
8437
7139
6873
10578
5116
10720
9019
5388
9223
9505
153
1164
5219
9640
4104
3392
6176
7371
7434
5720
10461
5237
8991
675
4158
6446
1808
9296
1062
5397
7738
3315
10740
1414
1523
2476
2009
10898
4763
7004
4633
1505
10007
9056
10150
5650
9193
11093
8838
4976
1344
7102
5908
7200
2619
3562
5865
4425
10189
7651
7554
6464
10586
5265
9182
1719
10699
1191
7175
2930
7224
5168
1574
8113
2363
11156
9910
1829
3791
11142
7422
3692
2449
8761
4127
8522
10735
7689
3180
707
1553
11171
6687
124
1832
9935
8447
8005
6528
1770
3825
5905
4587
9328
10188
1924
1563
5874
3735
10513
5039
7582
4942
11116
9919
10113
3504
11158
7816
6319
6589
4720
11185
9577
2527
3726
9337
3732
216
4193
557
2464
5803
2068
11130
5036
1163
8603
10677
10719
8628
8341
6383
4283
3405
5376
9769
6622
2470
10884
7589
9608
325
695
10019
6784
5922
8793
11045
5938
5710
10266
117
1983
7086
8282
6252
8768
8082
6765
4016
6795
5702
5188
4406
10698
10277
9949
3079
2456
764
10194
6543
1060
7450
5365
4162
1029
3702
9747
8661
2304
5806
5976
1892
4198
10744
10034
4453
4524
7523
10424
9445
7392
8883
1008
7
1645
1979
8450
9553
10600
11154
3117
5016
9297
10930
703
6587
10665
4273
3864
5539
9443
3604
10307
3577
11210
1352
6268
4962
9712
4163
11099
1011
2346
2442
2407
2831
6328
5170
2006
1658
6722
795
6638
6790
1518
6260
4385
9419
6788
3047
6150
7087
2850
2084
4642
5738
2500
5877
4070
5455
171
6914
3101
9951
3088
7101
9518
10058
11027
6571
10136
10094
9350
1960
5746
3706
1639
7758
8482
5735
9252
6854
11315
1993
10755
2675
1865
7586
2280
3209
6943
773
1855
1441
5166
6678
7106
1251
7245
4596
8080
9472
1272
11013
1831
9366
3960
5278
917
8160
1260
9567
9149
8639
3687
38
10910
2494
8259
7208
5206
10799
8696
10874
5402
8665
3796
7464
1275
1068
3748
3527
8982
9755
5661
4651
9532
5890
7213
5592
8232
10462
11196
5329
8308
3337
11085
3767
532
10961
6073
5728
6331
4814
6435
11218
11163
8585
9221
7438
1004
9212
203
2291
10527
3721
3704
9557
9597
363
6039
8980
10090
3451
6401
8165
9393
6835
10619
2090
10479
8219
9473
8706
7551
2562
8281
5069
1471
5754
6352
7559
10235
5006
10878
5733
7648
6980
7109
4917
2156
4477
2387
7079
8943
1538
1509
11029
11187
9152
9232
4450
8782
6366
2316
10688
3806
2575
3408
1283
4746
2917
7470
2808
8247
8246
2355
1349
3107
9338
10015
7323
8517
10038
394
8355
4323
875
3230
4717
4995
10512
3352
10923
645
1490
7501
3416
11051
418
6153
10607
11031
4682
539
8625
8361
4147
11028
10645
4905
3626
9785
4655
4804
8168
6126
1786
6346
9165
6860
11194
10831
682
6484
5475
3971
2667
1923
2341
8592
7227
10984
5431
8215
3909
9150
11195
6261
2319
6394
5359
7709
859
4373
7722
4181
3294
7924
7233
10288
5645
5298
6038
8764
491
752
3501
9242
576
395
9238
4200
7131
4387
1802
10246
4820
3280
9631
1566
2362
4983
3550
5197
5845
5443
8375
4390
4208
7856
5761
8058
4144
5140
5108
8006
11378
10363
11014
3098
1754
3871
6200
10793
2943
541
7270
1811
7757
706
6326
1501
3834
4051
2278
6471
9973
1495
803
6946
5021
1576
8796
1666
9090
6870
8948
6438
3094
2095
2794
9996
6932
6365
4329
3768
284
1869
5484
10037
8257
3468
6466
11314
10491
7793
3189
10259
4469
67
2647
6298
8588
9529
11181
3127
3801
2322
3655
2743
2244
6469
7587
3397
5990
9477
7046
243
215
5266
6996
10980
669
9522
7216
1682
1784
4130
1536
10398
2626
2959
10958
11066
7632
8778
4500
5289
3455
10887
2678
316
4834
10096
5909
2048
10245
6103
5767
9047
9172
2655
3313
6088
2758
7077
7244
11162
5844
3158
10440
2576
8575
6826
9961
9360
2381
8070
7922
1653
178
53
6405
7725
11084
10558
7954
4317
9247
2205
5778
1229
5492
3513
8823
1781
3918
233
10422
3614
8897
8163
4312
7655
4405
5659
393
7058
5353
2458
7767
8143
5777
7080
9572
11241
8490
10917
4335
1683
1711
11096
5215
4053
1951
2190
5094
4504
4769
3207
7116
327
2002
1934
10457
2888
4168
3460
4537
6511
3684
5055
896
10700
7163
1740
8469
741
6774
4034
10458
5281
5790
7662
7892
10836
9282
1991
7447
5239
2652
6609
5911
601
2598
5031
8228
10859
10486
9415
3865
8156
205
5346
3937
7243
7837
2755
8651
8642
9106
7787
5689
4591
1818
1859
3681
4923
3344
1070
266
9661
4933
8279
2990
3816
8384
4817
922
5688
4844
3492
2992
8162
8150
5331
11231
7708
7665
5830
5696
11061
3216
2916
5403
6026
9509
9033
6717
3072
3345
2737
1044
8584
3848
9893
9099
1641
10474
7365
10239
4663
8747
10111
8461
10355
1151
369
6165
10560
3617
3118
5872
5419
6411
120
371
9515
950
9918
1909
11075
4072
2586
9323
7013
10728
8849
10805
10738
949
10222
9261
3070
9559
1284
9763
8312
5544
6897
10693
10636
691
5217
4979
7076
3615
6442
6667
9818
7683
8296
9009
5536
9957
10733
10669
1864
8743
941
5559
4219
3990
2741
8626
3911
1048
6273
344
2820
3213
1524
5519
257
1826
8755
10213
2480
3129
4816
4256
8510
1941
3309
10938
4275
3102
1395
2902
630
9600
10765
8199
11173
1721
11339
2620
7117
4699
9867
3264
7670
9581
10914
699
1850
9980
7897
3529
8579
1358
9523
2277
6515
3329
2077
496
6356
4111
8843
8979
6337
3606
3430
7531
6393
10225
9519
4696
7879
2804
654
5561
152
8701
8565
8570
5073
8873
10435
10756
5456
1325
4690
5508
6662
10003
1731
6226
10040
114
4435
2069
4221
6314
5635
7509
7486
2848
4261
5354
1161
3119
6444
2638
4893
1725
5887
10706
4065
9890
9462
4563
2757
610
6450
4134
2779
4947
3860
4918
7854
10611
1582
112
3325
3414
6083
2581
6224
2637
1921
10585
6114
1199
11322
7153
352
4481
9708
2160
770
7263
8914
6154
440
6590
4434
8231
7815
4852
9405
1596
5351
159
9678
151
9411
790
3487
2656
4837
362
3156
1276
1852
11257
7537
2579
9211
3446
7778
7846
1530
1426
8692
6554
767
283
7887
6923
10404
10489
3181
2481
2981
7646
8409
3494
1254
3964
61
3570
2766
8707
10248
9467
9770
11283
6248
3839
5642
6985
5851
9208
9197
11267
7544
7981
4808
7477
115
6208
6989
7040
8304
2340
9774
7377
952
2169
962
1346
455
11201
48
9568
5708
5707
8179
1366
8412
10759
3462
9192
338
824
9632
10326
4228
805
7097
9014
8694
6639
1046
4404
5500
7154
11311
506
2133
9043
2444
3083
8542
3427
8362
5861
5452
6136
4285
4416
7399
4089
2393
11200
11021
6094
2385
4356
303
11246
545
461
3336
11134
7285
6228
1097
11271
7458
9141
2963
1248
10550
2361
6390
8115
10881
9484
7770
2320
710
8330
9692
3514
6397
1087
6198
2710
9546
6160
8657
