8386
7521
9095
8349
2389
5367
9632
3793
775
2808
8989
9945
11064
1843
8236
8981
2049
6106
5531
5608
1433
3356
6374
3952
2931
2508
11354
7346
7372
10928
4799
9002
4351
2226
644
3717
5743
5519
822
10429
1946
10336
787
3419
9091
1809
6262
3562
3893
1198
199
9494
10462
4039
7207
9350
7759
2533
8123
10319
10027
10069
10575
8430
5991
5298
2901
10847
5321
2195
7123
8885
9452
5276
4713
3079
8309
5515
2805
4572
9547
2633
4134
10854
5845
5138
4819
2035
1931
7728
7608
3584
5375
1408
1821
6749
3307
9669
8336
9484
9772
1889
10763
456
6034
7781
999
3227
2222
3729
2767
10189
849
10037
9380
10201
3264
2877
8522
10539
4128
2622
9115
814
5602
90
137
10525
2249
4525
7516
5629
4321
4389
10408
11368
325
1487
3408
8947
6242
4100
6379
11375
1178
10130
728
2589
5131
4865
10786
6937
1684
9623
6699
6153
9972
5233
4267
5475
10314
8088
7383
4068
5775
3451
52
8492
8953
7525
3155
6623
8480
5750
9070
8606
6193
6763
1681
4312
9443
7402
10925
770
5642
138
2563
7308
6663
4733
7339
3766
2825
9599
10440
10298
8634
1473
7364
6873
1740
3146
6542
5454
2714
8326
6143
7404
7294
9102
4191
5764
9217
10974
7999
10300
6018
5403
2544
4518
8048
9398
273
8837
6165
9295
7099
11262
1757
8158
7753
597
9222
9134
6599
7262
9824
1691
2583
2655
8857
6971
9381
6092
1431
2549
5985
8444
9331
4103
7138
5491
8008
1134
2450
1214
5322
131
8658
345
7191
5445
9989
2576
5395
5037
248
3163
9442
9677
1762
2605
3361
10005
5382
10687
8982
373
3115
9238
1527
296
8572
7804
9660
8501
6735
7443
9066
5214
566
5352
2736
10013
7246
1430
10569
8241
6598
9941
7415
2628
6881
8463
584
6129
6667
2956
6842
2669
7615
3642
6752
8368
7697
4030
244
5914
10801
3352
6181
1481
7891
2409
9582
8767
2768
6630
7321
4835
2238
1587
8426
10107
5167
3267
4848
6121
10453
11364
9668
3427
495
443
4788
10120
4966
5172
7668
4109
242
5598
8084
2528
11374
2008
9469
10021
10411
6158
6929
4183
2831
5564
695
4180
6454
9022
5472
7561
135
4812
9220
5644
11115
1351
10333
3939
11194
2191
7749
3832
3140
5699
6079
3300
1876
813
7923
2732
5853
3807
11234
43
10382
7929
5803
1662
4981
904
5048
1274
246
200
302
320
6916
5989
3960
5196
2426
8294
5688
11173
4543
10255
8385
6651
994
2283
6939
4252
10122
7085
7996
3812
9327
10162
3
6491
9764
2741
2490
9019
4291
1776
7562
10132
10948
6100
457
1422
9108
6502
8286
9635
3151
1182
10034
4038
9695
2672
2079
10516
1948
73
4345
2939
8256
11223
9525
1767
7997
6269
9651
9816
4910
6414
6946
10415
3315
2856
393
706
7109
7160
8644
1549
10147
3725
10602
8621
8496
2333
6868
3768
3063
7944
268
3605
9773
3508
9015
5428
7291
10053
11323
2787
965
11096
8
1352
3432
4051
10218
4979
2919
8063
9583
7830
9846
9790
1358
4290
6255
11015
1690
2445
6145
9673
157
7429
9882
6301
10067
11331
5616
3313
2638
5932
4805
11045
781
2696
10874
6413
9099
10682
4299
1419
8462
5710
9861
3595
3517
6064
3006
9178
10993
7190
2023
6683
5804
6886
10558
5830
2600
905
5938
5550
9507
11335
11210
6342
4083
3581
3525
800
10499
5284
4182
1560
1326
11127
3390
2051
2921
6074
947
342
3649
9314
7384
2587
5532
8650
10129
4539
2708
1906
10616
1387
1660
5334
1676
6227
9728
1280
1223
0
1845
184
5857
9902
69
10672
92
10086
2667
4327
10582
3852
8940
210
5756
47
379
1895
1600
4570
134
5155
2780
189
192
10148
9379
7840
5390
7296
1743
7861
7490
169
720
7218
6296
7920
5158
5356
689
9738
1475
234
4132
9397
1785
1960
1504
5948
4806
8922
1042
9887
224
7702
9657
10532
11116
5253
4114
9737
2671
1359
1246
8238
3564
3534
3378
6861
1483
4633
7068
6102
10384
2400
6671
1083
5006
9311
6387
10705
1392
2566
7820
7441
6857
98
3637
6874
5391
7514
7279
8570
8175
9795
289
1818
574
8538
7901
10730
9984
10934
4844
6385
6525
659
230
9041
9701
104
5951
3922
6395
6923
153
7709
4617
661
6146
5768
5061
4796
3822
3448
7809
8001
7695
23
6152
387
9464
10986
3342
9609
6190
6266
9419
9035
6134
10296
1014
2463
6704
6205
7053
9191
7984
3737
7511
11305
1144
10634
2519
9496
8990
11239
532
3660
1496
6877
7651
4579
4628
636
1227
7505
6437
8004
885
9487
2413
4301
6646
7778
7700
8293
2791
2404
7988
3129
407
4860
9038
1484
10109
2041
11078
467
10052
7593
4373
10780
6434
7129
8102
5828
2442
7893
7132
6509
10911
6090
1224
8961
4023
4542
5206
9374
8182
4686
4490
5814
2437
2373
1293
4820
6200
576
9363
7245
2794
7492
944
3463
10519
3143
5439
5028
4196
208
4512
3594
11077
8743
3718
5738
6221
5201
3362
6341
4608
8834
2547
3918
300
6992
3689
7634
1295
8267
2873
3969
2421
2499
4662
9340
5966
3606
1846
3648
7110
6170
3484
10338
7852
2054
6477
4528
8917
317
395
7821
2861
2518
6497
9033
5469
11370
7998
1656
9267
5495
6187
10546
11336
1132
4123
6719
11369
4464
8811
9601
129
3773
48
9218
3370
3696
7052
8132
2363
6315
1172
1764
5020
96
3145
6725
992
1396
4573
3208
3465
871
7263
608
3148
4993
2815
8399
85
7242
3349
2876
7973
609
6645
1543
3112
144
11298
8219
2602
11130
2565
5695
7200
5001
10797
2892
5198
10199
10195
5178
10281
10254
4859
10064
3824
7509
1705
11044
7542
1222
3175
5358
9410
7216
7302
11178
10346
2034
9821
5501
4935
8720
9931
8278
569
4992
3202
408
11268
2981
3912
2694
9867
9111
1069
7205
11282
10308
2660
8146
6235
2234
2637
9727
9851
6029
3894
1183
8141
2897
11344
9830
6222
4558
8552
3523
535
6213
6012
886
7112
2847
6615
10449
133
3477
8136
10852
9049
8517
6083
3634
11265
3641
1051
269
7649
8025
101
11350
9240
304
3284
7551
2084
4675
9567
4122
494
223
11110
2485
6944
6039
6044
9205
6267
3309
5291
3501
9569
2160
10359
11153
3211
2339
10871
2647
2376
2288
2245
8119
6837
8011
1337
9758
9942
6110
7311
8718
9847
6959
2119
6096
5011
9710
10108
7568
78
3334
1932
7906
7968
5785
3716
912
4637
6789
4842
7392
3291
3877
7853
4
6935
6331
1645
5535
8243
713
843
9690
5408
4620
9671
2295
2328
9244
11054
10035
7255
10288
1328
6828
8939
9792
10696
7744
7449
6458
4415
7000
7677
3516
6712
10909
9907
10718
8868
1329
10105
7079
1039
6638
1947
9048
9259
6622
10587
1851
9014
9667
5363
8778
11277
1315
10165
1872
7581
7875
4160
2502
7134
590
5057
1336
6464
7229
2718
6727
9415
2455
6768
6539
7410
872
5185
7600
5787
9504
5825
4452
9364
4624
4308
68
3977
4428
10611
3022
8945
5355
1044
1364
221
1106
10171
10632
6210
9119
460
2782
187
9261
6131
10994
10128
3895
10982
7801
11326
2066
5842
4845
2458
4504
5071
2924
3482
417
10210
5221
5617
1015
4142
4880
11013
5127
8096
310
1124
10368
4958
10327
10973
6950
5946
4569
4635
8524
7225
11365
10815
9870
1575
5262
2146
10104
5047
875
7579
564
2264
1977
8477
1023
6478
5702
10334
2675
99
178
4754
4392
11020
10495
9501
4855
5913
51
8367
3699
5169
712
6128
10527
8895
4874
2
1531
10180
8225
9320
8833
7241
9914
1591
7405
4404
6338
6795
2032
10420
10044
3239
2336
10068
4980
45
5843
5154
3013
6898
10933
8866
1118
8030
2608
9166
1161
5103
7381
4147
439
8235
9477
9901
4031
4259
6588
8418
4090
8122
1774
8998
10939
3198
2560
829
4425
9884
1707
1621
3441
11146
10601
7792
272
2418
8015
3656
5982
7295
2169
3099
2420
3580
7254
10971
9865
1447
6582
2107
9633
3615
9920
4219
7451
7942
5509
3712
10017
6603
7635
5679
8086
7872
4006
5429
1831
3625
3325
6975
10093
10963
2868
4898
4331
3200
4676
271
5796
8687
2125
9183
3258
9001
8879
1467
8588
9550
10620
1771
7770
6480
5560
8229
6773
9761
3613
9586
5343
2996
7462
9258
5838
7324
5563
1911
8467
2224
4978
6655
10354
6065
11167
8398
8727
369
9672
7611
3948
2088
1089
1777
817
8732
1903
2320
9886
8536
12
510
2228
8697
1686
686
1338
9214
1716
10772
3119
5512
3901
4853
110
2230
11042
2798
4240
8321
2183
3195
4698
121
10451
4255
7541
9904
10452
11213
1655
8172
4264
7473
2036
10938
9621
2474
8437
2948
7472
8891
11017
1129
102
5769
4446
9445
10286
9087
7720
4568
3302
2466
6863
1914
1593
8919
1525
5381
4955
5650
9103
6985
7629
10355
238
611
313
1310
8254
5701
2709
260
998
7471
6818
8189
5066
60
4237
4682
1493
5270
8460
6376
2588
6677
1239
10627
2783
493
6327
982
7731
7882
11073
5749
9137
10961
9720
2975
11155
2164
2677
2000
7991
9107
8281
4735
7552
7417
328
9342
5188
5812
6369
9456
8091
10212
1951
6025
4649
9172
620
10600
10626
5289
2913
4245
4047
4391
4151
2208
2378
3657
323
283
3928
6927
8464
2829
3643
5134
10253
6246
2606
2300
5558
1470
8975
3452
571
3815
11093
6245
5928
5312
11301
7592
4625
1854
5597
6280
3504
8109
11325
1954
5844
1490
416
4729
5
1163
8498
10802
6161
10881
5774
1188
10792
8764
10750
828
6401
617
4696
892
4737
7909
4486
11257
2500
301
6495
5197
2172
1318
11313
2219
70
2984
6885
8082
10883
4227
6372
5734
4856
2497
9708
869
10312
7231
1559
8828
7724
6316
7784
9627
8124
10331
7905
2347
2180
8776
7636
386
5824
11341
3755
10794
3177
9900
2436
9284
432
5097
4766
306
4376
6452
7554
6721
4965
5193
9523
4282
7921
3870
3829
4203
9866
8382
7293
10459
3008
2864
1303
1200
7484
2386
4095
9232
80
4959
11007
6471
7884
77
5767
6339
8200
6051
962
5728
7379
5549
2081
10733
9280
281
9683
520
7951
2068
8713
10724
8909
1800
4514
4998
8898
2473
10952
1901
9611
1979
3666
53
1130
7120
3003
6351
10263
123
4944
10914
5157
5806
8147
6503
6010
10458
4369
2161
9453
2890
211
2099
3688
11109
954
5211
5456
2276
3040
4021
2179
8742
1115
9554
11071
1781
5723
5102
11002
8646
8303
2162
6453
236
6457
9020
5819
4609
9579
2793
6878
8181
6888
7816
9804
5250
866
75
6770
3808
5777
6802
10418
2368
6088
3380
9946
8653
10091
6240
6600
4549
772
6762
5342
1370
10819
988
1896
6383
6998
7618
7827
3116
4467
5856
5150
6220
7128
6268
3447
1839
7544
4087
5281
1521
6247
3982
9993
1943
7964
2744
11100
7136
575
5658
2506
805
7414
10177
8128
8264
4889
11206
5016
7214
6948
10814
957
4181
2865
3110
8493
2069
7865
3303
1957
1057
3874
7548
6833
7836
8233
7347
3418
5479
4317
3848
9763
6055
6605
2467
10038
2220
1582
1724
3545
3847
6529
3796
6473
9990
867
7869
8442
2091
9618
7248
8140
6934
3054
3783
4961
7367
6137
6256
5208
8842
2700
1546
5027
913
1454
1363
5737
1463
34
2616
995
4814
274
4295
10685
1927
9969
528
5111
453
9676
5378
1498
1461
771
10097
5151
10469
3721
9483
7360
10089
2973
46
8388
2255
10466
2635
3777
11106
7622
10461
1752
3868
8789
9076
2609
9575
6450
7565
10644
298
9537
9204
9707
5285
4479
4947
1105
112
3745
2562
1668
2926
9454
6160
8968
2364
5657
100
7500
3859
3769
9892
2343
4366
2983
1097
6016
7572
10111
8932
8260
10407
2494
7696
188
2838
1500
524
9862
10244
4492
2159
9246
471
8801
11005
8796
4949
4630
9662
830
1058
5463
2685
4325
5282
568
9216
10643
2670
5153
1583
8342
10464
4960
1449
5013
3420
7448
8183
2374
935
7594
5613
7678
5733
1218
2262
10785
8069
1557
10796
3778
6346
7418
2470
7151
11251
1384
1879
1236
2916
1734
6962
10267
5004
7587
2885
6151
288
6336
202
8861
3068
3830
7310
1585
10063
8275
8824
1597
6895
97
5542
10070
853
1429
9167
3041
8949
8763
5438
1562
6361
9578
4772
3524
2786
10805
2064
8638
6202
3949
185
6244
9435
176
1631
6844
6093
9939
6345
7243
3229
1727
1853
6082
5886
3659
3577
9765
7259
4964
1434
1153
22
10283
6208
1401
9385
7004
5533
9011
8748
9643
8410
1823
10612
8889
209
3658
10635
2277
7637
470
1110
5437
10438
9899
2580
1747
7898
2651
1760
8304
8099
6427
3221
2524
86
7272
2522
10549
9285
3228
3941
9531
1709
4049
3933
10803
6231
4205
9977
5095
2429
117
7119
7849
930
738
17
6567
6328
3561
7426
7591
546
11230
10416
7458
6216
4640
4153
3395
4418
367
5791
9759
1677
8704
7547
750
6008
11190
667
9324
5290
7948
4005
5574
324
10887
6968
340
6508
2795
2626
690
5556
2433
8438
5663
10410
7932
5225
1657
1663
8412
10910
9719
3957
10581
838
8364
1380
8282
1360
1682
5622
3067
8098
3750
5911
3316
6233
677
9896
2082
7278
6068
9412
11217
8403
9037
6521
6781
5098
5708
2737
6869
4710
8376
3069
11050
10958
8089
3905
1787
8675
1466
168
2496
9678
797
150
5807
8390
5690
5997
9021
8085
6053
4035
4879
8139
10577
9043
11006
5571
3102
5267
699
9310
7261
2275
2428
31
8518
4004
7990
10185
4534
4185
10256
1085
10610
2293
5599
3044
6396
370
10238
939
3569
9184
688
1452
6892
570
4618
9061
4176
9305
9793
3117
8319
1393
2181
3700
9221
9953
5994
2503
7054
6114
5126
6893
7454
4768
5471
9250
4057
4674
10386
8556
7799
673
4326
4159
4125
2818
8598
8010
4753
11327
11029
5376
5835
7168
7057
4969
683
7105
8930
106
10078
6467
6259
940
10674
10991
10047
6913
3751
9287
2121
2955
4062
4307
929
403
6035
6785
145
8036
1920
254
6459
774
8815
10241
1347
9493
326
5960
11247
4061
6678
3147
5125
806
3480
2387
3936
6595
8830
6570
7148
5757
4371
1021
6135
1711
9203
8716
2799
708
2403
8846
1011
146
4699
10917
1049
4502
8117
6849
5251
1086
5229
8937
4285
2296
5268
207
6847
3332
9639
11140
84
3975
703
5833
280
2285
9400
3280
1554
9210
7761
1790
7607
2991
11203
10949
1279
1307
7
2923
10493
8674
9122
9260
4809
2834
4584
7258
3114
7359
3367
922
9933
6592
10592
1995
434
1976
7011
3770
3150
2707
5440
7639
473
2972
2158
10139
8270
11170
8999
327
3219
855
9264
821
7101
7413
9182
2703
9268
5180
1761
3535
5018
10919
5148
5891
2516
10054
5052
2951
10597
3461
3030
11160
243
657
895
2521
7762
7428
10347
7925
5779
1830
8928
10806
10000
2611
1974
136
918
6349
1913
526
11024
9555
9276
737
1753
8156
2127
10816
11179
3118
9131
4933
6689
4621
6
8325
5166
7466
11300
660
9337
3172
836
10621
2443
9
541
8906
969
7385
6177
18
5412
2654
6540
607
1025
4677
7685
9081
2253
4361
810
2512
4667
8576
4223
8280
1232
4141
2619
1486
2272
5919
2439
2766
8092
4612
10074
8171
8203
4886
11069
8519
9283
10432
7325
9174
4531
2824
5929
5568
311
6436
1673
6199
3630
7215
10540
10629
10541
7154
831
9441
7183
8896
10174
10598
8167
3803
9716
7535
5595
9199
203
2642
3345
1856
4517
1135
7409
8100
7354
5202
6150
10062
6468
5897
3987
4791
3570
3165
5553
7818
7742
4577
9200
247
11009
11104
5873
9113
7583
4026
1123
11221
9722
4750
3231
5442
6071
7971
6733
7513
10985
2833
10740
3510
5254
4129
11091
1273
1065
1980
1563
3846
10310
5458
10511
878
8505
4463
11066
7028
10322
4757
1804
11162
4818
6910
10757
9004
11174
1814
4298
3673
9039
4266
1008
2327
8306
9162
3179
2080
10483
11053
2395
9373
987
2294
3702
1116
7965
6196
7671
5578
2845
7658
2663
414
10747
8221
5540
7787
2584
7244
2731
1577
9080
5627
2796
2985
2120
11295
1738
8701
253
6443
5974
3661
2849
8886
4281
7556
10140
1548
11197
181
7467
4852
1317
10779
264
5547
1378
10197
4864
7271
10809
6686
2545
7042
7149
1096
6069
1026
10603
681
10818
239
9344
1343
7549
586
6919
3631
9950
1373
2938
1164
32
7141
10045
6484
5692
5107
1832
9697
1226
1140
10141
4603
7003
11059
6601
11
1389
5483
4088
8779
9281
4623
8666
778
6089
1127
8245
6917
10190
747
4896
4238
997
11102
1697
10927
10094
9810
10886
10667
8787
7718
672
9386
857
5715
10746
3037
10226
8689
8680
2013
1838
11147
5159
8070
11103
8627
11182
785
2045
330
777
2132
8807
1371
7892
5399
7322
6077
10446
563
8616
7669
6252
4293
888
1558
5261
8163
8549
5409
3086
10950
10637
50
7789
6812
9491
9681
331
366
6163
206
2126
5449
1692
862
9273
6204
3722
10553
967
9949
9399
2323
8860
9072
6642
66
903
7485
2457
6091
4079
794
315
6676
4323
3967
10369
6947
11267
3203
9622
3214
2303
837
8184
7051
722
7178
8014
318
9815
9325
2187
9298
4673
1212
3533
10016
3328
8071
6556
5505
1121
9909
7049
1844
5427
11187
3965
8394
1834
250
1930
4340
8142
1902
9007
8217
10714
10390
8611
4096
5104
11018
118
10295
4749
8693
109
10618
8037
10865
7620
9197
4119
7529
2641
3169
5940
953
1897
1046
8635
790
3011
10119
2153
1255
1027
8578
3495
6002
2185
5667
10713
864
6996
107
7588
767
398
10090
10230
5426
10877
646
1286
3995
6189
9903
3988
237
11055
67
183
4524
917
6360
8180
629
1012
6587
7080
3756
3403
2489
1923
5452
840
4388
6756
3499
10736
9343
8784
5005
1100
7806
6661
727
8993
4893
159
3557
381
10576
1056
7883
3170
3467
7450
4636
8881
2149
5504
143
9064
6294
10436
1047
4355
4592
5216
3532
9198
15
625
7180
7495
3925
11191
4353
10348
10617
10033
8564
5773
9430
3866
7475
8547
6675
10167
6500
8230
401
409
8455
297
11347
9459
426
8357
1828
10233
10232
8417
2075
10036
5240
5035
1159
9335
6463
9236
3795
3453
10360
4445
8836
213
5815
4718
4734
5387
11281
10826
2697
9774
5341
7938
3835
2434
6633
651
10918
4297
7691
4116
10259
5716
1395
3355
8397
5255
4665
228
10676
10704
8276
5492
10252
10778
2072
5883
3992
9488
6880
8090
8474
4714
9339
6825
936
1256
4011
542
4927
4358
6140
8246
3522
5892
1924
1162
10349
4797
2216
10764
1149
180
303
9944
8064
8449
10039
3406
6411
3171
2966
9255
1355
5837
3377
2539
2639
11086
30
5605
5581
2927
6154
6840
4158
377
1455
2144
8161
5717
2961
8097
8530
8914
5621
10289
1152
6298
2019
4476
3324
8247
5389
2623
8346
6558
5935
1126
1780
3111
4907
6713
11259
4441
949
8013
1131
1382
9446
3521
7903
8660
9705
1136
8882
8489
1241
10795
9345
4108
1423
591
3167
7253
4533
5090
9465
10340
321
378
5849
7206
4923
6991
3421
8808
6344
10959
1278
8143
1258
9607
7165
2031
7823
1812
3876
8550
5110
2810
3788
2726
2040
9602
8476
7034
700
1620
10144
8899
10671
156
6941
8985
4377
2649
8259
7197
10787
2186
479
9928
9748
9356
6711
907
2076
2555
4432
483
9455
3617
8170
9549
127
613
10605
8434
8848
8926
10896
8019
3075
2904
10972
25
3638
6925
7319
4777
4273
5353
4537
4044
182
6562
8396
7642
10441
1092
4313
2586
4872
3238
5101
7268
3074
10032
233
1248
4916
11330
356
2371
5526
10841
6109
11150
8974
7939
6659
3223
6728
1003
5451
21
5203
61
10437
1383
2134
10739
5999
7137
11080
4173
2304
8946
166
8663
2486
8951
6876
2809
2459
10373
2773
8972
8031
10585
3589
6911
9243
2932
1407
1745
3790
3862
305
9584
2636
10754
4305
8791
10341
10179
4188
7532
4615
6067
505
9290
6377
8887
7531
4284
9403
1229
3704
5231
8503
397
2122
2946
9952
6237
4523
139
3272
10211
245
7768
3305
11113
5183
5910
4439
6729
4002
2431
7406
4052
6641
9768
44
958
3344
8150
4656
6546
2062
5760
7486
2210
2781
8080
6108
8308
7025
7091
4801
847
2057
231
9251
3321
10726
8206
9282
5739
9439
8740
7018
1080
3213
4111
2478
8334
1848
883
10924
11231
5118
676
3082
6703
9023
5383
1052
489
2412
7184
9766
362
10962
9013
10393
2860
2662
8696
5724
4278
9794
5868
7045
9213
1723
4390
1799
6982
5194
2218
1356
8717
11246
6994
3930
2883
5792
6691
5879
5510
1551
261
3720
10173
4496
2997
5874
1033
3916
8805
4470
6501
3645
731
5968
9492
4027
4711
5921
3825
639
4857
11315
7534
40
4003
6031
11351
8035
3555
7344
2846
8725
6257
6421
1852
4918
10335
6793
6610
9440
3389
3697
2977
6155
4171
7741
2557
11038
4983
130
3802
8731
1847
11118
5761
8457
2197
1643
7074
8579
1659
2480
7198
8818
9155
9029
8055
3382
596
10680
9735
4265
10014
4338
7826
5245
504
437
8888
4778
8237
3514
10250
3187
9986
7582
5678
5476
8022
9375
2010
11373
111
10018
6520
1082
4953
9850
2848
94
6098
599
2425
2561
122
5236
10855
6890
1695
11195
10208
6692
71
5554
5686
1261
10551
477
7933
105
7139
4646
10606
1207
6469
10599
7130
5905
4904
8359
149
1350
3394
5503
5190
10330
3348
10662
3433
9411
6629
8291
4659
7352
2578
8542
7750
8710
8305
3319
8173
10771
5889
3141
8892
3896
6300
113
9006
557
6368
79
9024
4112
9309
8864
2030
4130
10725
9585
3798
8565
1322
4020
1523
5937
9138
1648
11260
2411
1175
9656
9321
10679
10187
480
5388
8526
11192
39
2456
3910
83
6185
10009
5246
9485
7440
725
9864
10692
9743
6275
4315
5976
3019
9880
8620
2659
7476
5931
8867
3017
8204
8757
4658
9271
3733
8671
7193
2593
633
6277
3799
4945
786
1117
6593
10320
8804
3326
5916
11356
10957
120
604
2758
423
11112
3444
8023
5765
8497
6581
9514
4684
35
5508
2683
884
10247
5538
8060
186
8758
4029
3924
235
10798
11099
10213
3587
3530
8057
2676
5432
2192
642
5235
10571
2405
10020
219
1269
10176
7376
8134
1666
2047
4913
9490
3559
555
1388
2695
4311
640
1689
4701
4881
9092
8216
5280
5964
7950
5810
11101
8277
6698
610
3817
6906
8232
9252
9404
2727
6544
499
4668
1216
5969
10656
3843
3986
383
6606
6604
2716
2900
3819
6759
2851
2564
2203
7896
8340
7972
10784
8311
8108
10116
4613
10287
7483
4450
698
4692
7089
5977
934
2827
6750
4220
4545
11261
1157
4303
1190
216
1893
2712
1489
9703
1418
6777
2940
89
7986
10031
8918
11061
2355
4997
5697
9961
9828
9654
10566
9910
3820
1545
10209
2990
1099
10424
10040
6264
5205
10515
4348
2270
3405
1883
4283
1186
11016
59
8822
8369
8253
8707
9597
6851
8783
8880
583
2706
10885
1154
7493
11156
1369
6249
5660
4401
7550
5569
7811
24
10076
1417
5081
4455
2850
7539
3204
279
194
4169
6792
10152
4302
10904
8042
1385
1651
7597
11355
7378
4678
3636
251
7275
2468
9778
7396
6059
5959
8240
140
4946
7012
9471
7022
458
7307
10202
10081
1945
6557
9328
278
6775
6038
11072
6631
11254
5866
9229
5040
10670
6584
3624
5661
3246
3216
1362
8841
3610
1732
10788
7786
8668
10235
486
9876
2236
4491
3727
9085
10138
8393
4748
1907
5410
6648
1147
1173
1000
4202
1610
478
9818
5478
7824
8439
1313
4669
6772
10396
10613
1887
9078
7326
4034
4917
2550
5729
8288
3088
985
6292
2963
9026
1842
1331
9788
11318
14
8249
5300
10646
8548
10492
7070
5060
7201
445
1602
1094
2106
4232
1941
7377
1361
9303
4639
5074
115
3680
293
3794
5080
3131
4593
4717
6960
8072
11023
1285
2338
2484
3065
5521
1411
3415
6435
8633
5468
6169
8190
7453
5770
4841
1751
10850
11070
8636
10455
7504
10930
3439
7465
421
29
4332
3507
10584
6843
2317
7843
1540
6796
8715
1104
11133
8065
255
3262
3299
3554
7419
2701
7777
9362
9253
10523
9714
6724
2118
4028
580
3043
10012
10824
4272
10844
937
1398
10688
6261
4019
8166
1592
1802
4374
6977
8995
11098
8046
8983
7779
11270
10123
424
6871
1908
1609
162
8944
7020
909
4304
6978
9612
1935
6561
10689
7624
6674
4236
5082
4873
7508
6483
8433
8664
1519
1608
9361
1114
4548
9208
10011
9721
7266
10417
9369
2133
1354
10719
11076
232
9647
6033
7037
2316
5436
5404
54
7009
1074
5419
3031
3763
9524
10080
3879
4822
9930
4765
308
5732
3253
350
7369
4719
2147
4702
6353
4056
11216
1304
3591
5265
11349
744
4473
4260
3207
4462
5228
7767
687
8485
7289
3757
3266
4817
5799
10913
10479
6432
6961
3938
1210
1568
151
10830
6821
3946
10117
8053
8874
11242
1841
9312
3183
4379
10622
4985
9391
8290
9365
214
5846
10433
8924
5707
4604
10412
3383
1997
1073
6809
3092
7039
170
1553
9437
9434
1808
1564
8798
1969
9650
9394
10030
33
7638
9780
11208
8600
9814
6551
8228
5430
5872
7723
2742
3189
8772
1098
10182
329
2199
8966
10004
9334
7113
1725
2359
282
11310
5450
5646
8502
11025
6479
11181
1726
6141
5142
749
10364
6814
4581
4884
7841
5575
10766
2917
1095
491
7371
4084
3381
3210
7847
4744
3544
10811
7632
2903
9432
6132
2233
9515
1959
4422
4986
8413
622
4448
7512
5223
9005
8077
3358
9448
1961
10862
11235
10425
5024
10024
6094
9704
3782
7736
10146
4489
10623
8543
9105
9349
6024
5626
10833
8445
733
5402
3885
8205
3100
10426
7704
9074
8583
986
6019
8148
9753
7719
7233
812
9917
6516
4263
7716
2113
4867
4934
2302
9044
8722
6297
10900
5379
6954
7338
658
9422
6771
9652
5513
6312
8222
2256
365
5257
6499
257
4362
8863
2028
4901
7496
4827
1113
8894
1900
5984
9700
5333
3034
1888
299
1722
1001
9921
7145
10350
7822
173
9572
11123
4540
9638
3597
126
8255
57
256
10279
4547
8039
5854
4243
167
5078
11144
3363
10879
4576
11128
8320
3028
4589
226
7722
839
4875
8628
2250
741
9616
2513
5882
8494
2999
8963
7897
10937
10521
5827
7048
1376
734
7958
3033
4690
2388
10832
718
6352
518
7664
10188
5234
9534
8112
9219
6757
960
7088
10143
824
8514
981
5362
2597
28
538
1555
9192
8279
7133
4228
7096
11183
5372
1252
10536
844
2174
6538
714
10428
6318
9796
558
6447
9605
1704
2393
82
5865
1386
3050
4849
6375
5210
364
7114
6732
5831
1857
4600
10944
11051
8095
5639
8802
2724
5933
10977
3771
6664
4025
5480
1999
10695
9489
881
3672
6357
4414
8703
2027
5731
11263
6964
6527
2906
7626
9163
9897
2747
9159
4008
2644
6323
7118
543
1634
9889
5431
5100
7075
5851
5139
9691
6514
2423
10710
8714
5186
1721
10528
4168
336
6918
10955
8610
2541
8979
2157
5555
6926
4144
7590
3196
9513
449
10311
10647
5168
1442
7758
10529
10512
7914
220
4402
9402
1297
3388
10370
6571
4221
8755
1956
7264
4475
10684
3398
2952
9212
8702
3543
8555
7349
9235
1937
3470
3985
3038
2656
8416
914
3413
4065
11026
7482
1119
4976
3970
11292
10544
3739
4380
10720
979
911
6672
7481
4520
277
9663
10510
2819
3298
5462
3113
9926
3711
4602
8224
6425
11377
4094
1426
4938
3078
5552
7211
10060
1059
11212
726
2548
6048
359
10251
2206
9544
2322
8220
3123
3124
5836
2380
1788
663
10988
5903
9084
11280
9740
142
7256
2240
5117
8700
7267
2178
921
6866
11088
1765
9195
88
6940
6179
2292
10339
1103
6482
2229
942
10365
3998
1775
8287
6139
8969
38
8471
9966
7306
10703
11039
2821
9916
7357
10237
10261
539
8038
9169
8078
10550
3232
3774
7812
3036
10556
9943
819
10810
2852
2369
4585
4691
7538
9318
2774
1596
5567
4485
7422
2055
10690
7813
3810
64
1242
9209
1055
2922
973
8685
10624
8516
319
7463
1875
4943
7196
1492
4706
3934
4795
11222
7062
3330
390
5309
7510
868
6845
5017
6486
931
4469
10216
6223
5338
9689
2341
3275
6009
10422
5884
3950
6811
5502
3515
2061
5086
95
9699
4854
7423
5670
285
1768
3914
3911
1561
10489
3233
165
1759
1996
4163
6466
6485
2679
6014
11340
2024
2402
16
8223
11372
5800
5323
1827
6803
11339
3980
4276
9619
93
5269
10745
10447
27
2001
5840
6578
4186
5693
11041
6073
10875
2986
3762
148
8528
5582
5653
8838
1171
1782
9296
37
1
11209
4891
4931
11201
4218
195
8133
3903
9082
6076
5528
4895
5318
4007
10675
5393
1501
1070
5351
8374
1068
1693
8490
1503
7641
865
10619
3968
6330
6707
5217
10969
7910
7676
11063
10316
8878
3029
1972
5860
1544
9923
7036
1294
1720
1502
3536
5607
587
1640
4650
76
5752
7870
10901
2811
7247
9925
8408
6461
1687
1612
9958
823
8862
6367
5591
6234
5414
3185
2348
10856
8283
4908
10712
2684
9384
4789
8876
4319
8686
5115
3961
10639
11248
3032
3241
2156
1443
10485
3603
9370
3780
5076
160
4041
1949
5918
9475
10397
8840
5192
7135
2029
4133
6835
1165
5128
10169
10153
1646
6709
9110
2910
10399
7176
455
9954
4838
3833
3397
5559
5751
427
349
10873
4246
6590
6541
6718
8729
4442
4506
1642
3138
5023
1537
6566
3434
7683
161
8391
6406
4606
3012
6731
6474
1993
6366
4535
6827
9347
4135
7518
11008
1007
8261
132
9751
7524
766
9558
1526
2884
10964
8711
11065
8331
3125
4890
1142
286
4177
10660
2042
6194
8602
404
5801
8481
6212
2046
6174
3873
3719
6460
314
10999
3854
5615
2377
578
11131
3682
10716
4204
1460
10137
1220
8604
5841
1445
7093
7765
6907
3181
8651
5583
2577
2384
8427
10101
3539
9842
5348
6951
1041
4296
3004
10154
10699
9784
7729
4730
4413
9871
6438
3236
177
4745
171
533
11278
4346
5252
536
2575
9645
5237
2014
4396
8034
3907
7725
442
464
8511
9785
10533
11328
10127
1339
1507
9141
124
8195
4583
7679
5384
1708
7126
2723
9146
2058
10526
4474
7889
3851
4968
1833
333
2070
8315
7239
4816
594
2748
5049
11316
10186
2440
5704
693
3070
9957
2232
9466
5046
1202
4587
10487
4107
9237
522
10217
7430
2507
4330
5275
8465
7712
3787
8788
9508
9960
527
1772
5603
4399
9905
11172
3282
5302
10751
8754
10357
11028
7395
6589
5633
5780
6938
4803
1572
3025
9116
6225
10028
1432
7795
6813
2231
9580
1353
11299
2454
8775
4987
550
1654
6390
1755
435
602
804
10827
108
10372
5666
6560
3519
5079
4261
5144
4846
9565
7010
2235
6232
6834
4948
497
3248
4411
6987
7232
2483
10554
7015
3956
10377
1810
11346
701
7332
5497
10414
5171
8849
3869
1744
5320
9734
3450
3828
989
2059
1675
9358
9685
9878
9717
8637
5121
5766
4861
9201
1111
4444
10825
5781
4720
9157
339
4716
7407
2730
276
9288
6790
8452
9971
6488
5000
5939
10808
8527
8125
6607
2820
7439
8153
5308
1158
6504
10935
9120
1203
7499
5407
5137
4607
10249
8777
10857
7076
11283
8682
6580
7599
8049
8358
4226
5813
6081
2173
1282
2352
3836
8045
2816
4069
284
2887
6958
8708
4364
7970
8678
8929
2836
9956
2114
10861
6197
6037
3809
1539
2301
6112
91
2176
5314
2137
9500
3582
4833
5823
7043
1176
8113
4747
2417
6172
1532
6613
11177
8345
10630
3744
7976
3254
10442
3758
11035
8596
3095
4393
2196
9046
1302
7763
6410
825
3257
4050
2598
8301
9754
4430
6860
8622
7774
6359
357
3801
3748
7672
6684
6314
6273
6176
5636
4991
10563
5789
5570
8534
7046
5755
6637
9125
9071
10741
10941
8352
8790
3046
8597
4187
7693
8652
521
217
7478
1510
2509
11204
1892
4862
10401
6241
9874
10648
3245
11345
225
5908
2763
141
1950
3887
10524
1512
10942
11049
6636
322
5256
8533
7793
7760
9278
10936
4082
1072
552
7173
9587
8479
8641
3951
5648
5669
7334
2682
4172
8639
201
5875
10460
6568
2943
9675
8809
816
6475
3260
2372
3542
10299
7523
4072
545
5249
8679
4937
41
9053
8560
10439
8268
8361
190
3023
1013
1010
10491
1624
2568
6687
7389
10475
3669
9480
2330
2465
1306
3891
5292
9624
8599
163
7737
466
7966
4270
8647
6498
3921
6808
1091
5316
6445
3314
924
7299
6448
3402
6891
7866
3209
4195
4118
240
11145
10831
1936
9234
2653
7033
5466
7645
5207
8024
4536
10604
4988
2274
9951
7659
6173
6433
4194
9486
2117
1639
6305
114
7188
7610
910
9308
10509
11214
9581
7604
1491
7337
8535
8155
3384
1791
11303
1450
9998
154
3153
9481
10728
4085
9574
1615
10297
2599
5543
6496
10762
9694
8893
874
11338
1746
10823
5839
7915
3558
4984
8405
3602
8343
9112
2872
10642
5788
1005
10572
4286
10124
9813
2050
668
204
2886
2658
11287
11250
9417
402
1580
9096
8786
4333
1348
