4817
3887
3318
8548
1908
9407
9556
5224
646
3812
6068
10334
4311
4960
1451
9082
10169
345
3476
11298
2188
2940
5510
2245
823
11020
2146
5115
10779
4853
6814
5418
9969
3642
11018
9157
2819
7123
5029
10648
11019
9997
7500
2983
3195
8038
3153
5644
6431
2061
5946
6261
1012
7191
8949
5078
9109
1371
427
5457
9081
693
7668
7429
7770
7869
2262
7556
1828
4073
1021
2157
4142
7101
6040
8023
4151
10690
4709
2160
2456
7905
4562
5616
7861
9583
4874
9384
3581
7557
1261
3050
6542
5639
2861
3788
5840
2316
6656
6503
4983
2362
10704
5697
1624
6540
9778
7483
7489
10391
5338
981
9422
8307
895
11283
9445
6923
1055
5245
1962
10357
7261
9815
9717
3070
6469
4920
4964
6022
10451
8245
4585
7718
1082
4543
3723
2836
2182
10347
5837
6871
4636
2113
10030
1875
5658
5555
6595
9593
3561
7145
7915
7898
7998
6059
4857
7892
3665
4830
9926
6292
10014
4018
3355
1440
3758
2468
6527
10532
10231
5613
8719
8758
8867
1689
7027
4545
9943
8374
1306
11289
10913
11251
8177
5815
2069
9513
4729
1069
9229
350
3673
8748
8627
7636
8527
4872
8391
10533
2406
9021
7499
435
677
5186
5430
6752
8467
11009
6664
518
6625
1343
4336
591
7919
10611
1735
8364
6358
5800
4252
7648
8927
6508
2653
8071
4422
10544
4735
10144
1480
4047
4369
5503
3951
1011
5835
6820
11107
1744
3977
5542
10493
9304
2862
4455
5676
6289
5532
2024
5968
3239
9623
6349
4967
9946
3453
10571
9605
10563
4757
7849
9283
2907
4392
4065
5136
9639
9161
7371
5388
7306
10384
7597
8861
10076
5810
10249
5280
8864
1544
4946
4067
2264
2667
5364
7130
8031
8474
676
2864
1470
1071
3019
1974
7529
4948
8999
9618
8268
8091
7214
2782
4374
3181
7242
5528
336
2311
10439
5328
1370
10525
4676
8569
10446
6790
4462
5134
2845
5765
2808
5625
2671
10558
9545
7303
1538
1730
8572
10850
8433
10018
5724
8304
3100
7901
4331
5587
688
8549
7677
6136
6821
6891
7538
337
6327
4379
9900
10536
10316
4108
2494
4656
7679
8741
5237
732
10229
4191
2433
3315
4597
2539
6707
535
944
10180
5777
10741
6354
962
2718
1209
4301
9034
1657
6185
1426
2499
1202
8562
9638
1933
9252
5409
7478
8598
3933
3011
3450
922
11156
9795
842
9203
1906
2562
11249
543
1171
8595
10619
8096
6560
5583
1830
3275
391
8062
3003
9660
5402
2327
8215
9346
7057
6825
8671
10626
5289
2754
4988
1441
5842
2663
11050
6475
5179
7513
3012
2019
9073
9701
6947
8251
8346
3392
9865
7080
6114
3147
5783
11194
7801
6318
7334
3470
817
1823
1855
4573
1632
7322
1693
2921
3490
804
2558
1363
7151
527
989
9501
3298
9179
7382
4391
3266
6315
6991
5192
9609
1608
3044
3516
7571
2054
1948
1824
7581
11024
7281
8132
7132
10710
2174
1843
6019
2485
2247
10986
1770
2106
9885
10287
1553
8100
8555
4702
745
2296
8399
7622
8199
6158
3659
5977
8579
2503
10802
2159
1484
8039
3878
4295
10128
6339
6278
10696
1977
10080
10806
10124
474
3770
8974
