8671
2199
5418
9953
7849
9203
11123
4060
3219
9534
8256
7702
9415
9747
9785
1585
7869
6535
7254
1632
7925
3377
9480
10090
7836
8080
7176
3097
4160
6289
8307
3642
7966
4729
2417
8181
8527
8707
8548
8104
2609
8976
1072
5503
11374
5074
3732
8953
6556
8416
6278
6482
11130
1624
7419
5946
8267
5245
1777
7070
7547
3246
11213
8229
5931
11373
5785
1059
6374
8951
10896
6814
3877
4980
3734
7753
9172
8305
954
5212
10060
2547
2782
4985
9815
10078
1596
9232
10377
6637
9252
2115
1209
8055
7575
5676
10283
6014
3836
10855
2991
3818
2433
8310
8172
3380
6235
2900
10550
10928
1480
8088
9283
8062
5866
9923
4901
7811
336
7326
350
2459
7328
6976
5468
5792
10213
4086
6762
2426
4005
10704
7132
6920
9986
8474
3723
8940
8136
10536
10030
5532
6604
5914
1364
1519
7761
7534
1722
8023
11195
4757
10648
9667
2182
9125
6938
979
7648
8046
7489
5800
9549
2048
1834
1370
3633
7718
6114
2406
2147
2236
8758
2090
3406
8517
10830
1771
10528
6040
10784
1384
10833
10493
1857
9021
9387
5027
4311
2954
6717
460
1362
11371
8974
7449
8100
6825
5649
8399
10169
817
3464
1913
386
5013
6318
8616
11050
10128
3597
8726
1094
3745
6064
9772
587
3888
8096
10451
10393
10399
9492
8024
1979
1023
10747
8215
9385
7724
10186
4741
5005
1824
11232
5194
2188
5797
4135
629
5384
922
1933
8748
5813
8025
1785
6542
10710
9545
3665
8386
3102
5815
9163
10927
784
2927
2819
4331
10572
7488
4128
10720
11191
1553
4637
3879
10869
9380
3812
5358
8457
3988
9921
7214
3151
10249
6018
10270
2667
6914
10806
10008
10696
1113
677
2325
3755
10334
4948
10201
9948
6588
7483
8598
10336
10316
374
686
4859
6756
5977
3153
8396
6820
10323
5944
4636
9926
7944
7303
1906
1099
6947
2265
7571
8636
11029
8304
7222
2850
6725
3160
4445
11283
555
646
10287
6124
1668
1840
6506
8944
4872
989
1962
4236
11008
5777
10676
1181
10158
10857
6457
7242
4379
4615
2494
6845
8927
10856
1489
9691
11224
7205
1252
7322
5985
5134
6790
4374
4966
2371
1483
2165
5552
5528
7329
5440
8993
9033
7597
3347
9905
5708
6434
7045
4696
7340
4953
9019
7173
2806
9061
5086
10779
8276
3624
10690
2456
439
872
9636
2302
10913
11041
10703
10195
1858
11231
7478
9325
7893
6031
2386
11330
557
10168
962
11121
10384
8487
9237
7261
8595
3355
3050
8346
6136
1673
6044
6923
9110
591
8524
11020
6411
6968
2502
9376
7758
10537
5765
5608
11009
3669
11230
5731
842
910
5724
427
4625
7587
2810
3349
3866
7371
10791
1876
823
10832
1012
918
5282
9865
2966
1071
7891
9618
3985
5784
3758
6034
7843
3118
4597
5179
8678
6352
6784
3786
1948
7027
11326
4702
3146
11149
8364
3525
8071
4159
10853
10618
2185
9034
11194
5403
2374
11210
4920
10670
1730
694
1369
6067
2890
2316
11361
5697
3502
2663
2520
2160
2024
3011
10803
2862
4308
7883
10439
693
3070
11312
2362
9183
8391
6595
7905
9717
9969
10659
5810
4463
9916
5568
5217
4243
8250
3798
11106
9229
1171
3727
6460
2210
8867
4151
5571
1749
7409
2088
3605
10808
7677
9885
6261
2876
4975
4943
2468
9115
1297
7034
839
7982
11289
5974
8949
2327
9903
1612
2264
766
7191
5908
3315
7504
527
4446
2910
5836
3109
2718
2845
7958
10365
2562
4130
1823
5121
1608
4025
4730
6385
10525
4988
7824
6315
1490
2228
9440
8117
1790
7338
1242
3529
3476
1905
7583
8199
10850
1660
4473
8861
2484
6840
7712
844
2826
8702
9952
1839
10034
3733
7695
9343
2436
9159
7932
9073
5583
7281
3332
2847
2865
4252
9192
6562
2296
2373
10254
5052
3209
9491
8562
2061
3507
1396
5280
1082
10626
10252
5688
9246
770
2639
9257
5542
4296
1830
5402
6560
8555
1963
8234
4749
6853
5197
1735
1010
2564
10131
10606
2317
6019
9184
5814
1019
6591
2872
6704
8637
2671
3933
9217
1892
3210
4261
9977
1602
6871
9191
5187
4747
3516
9701
3447
4676
11337
1152
7901
2650
2496
8349
6752
3700
10748
1363
9778
9489
6151
9044
4369
4514
8764
7075
6527
1126
5763
10972
2458
4964
1996
4573
6165
9728
4205
4470
5491
6503
5104
8859
9117
2256
8149
3762
9394
9515
8410
8784
10009
4983
2155
7033
11099
3041
2157
7386
2861
11013
6068
3266
9329
8098
3195
7664
930
1693
11325
10391
5362
2558
6027
9538
7010
5734
7892
1092
6827
1261
8241
11300
9593
10080
4543
5838
6880
6944
8232
9585
3318
8919
7556
9441
8097
376
3968
9157
8177
10619
11375
10942
9287
11026
8173
9282
5029
7750
3298
6143
7207
5783
7193
5302
7291
9788
1760
4122
3864
10812
5842
522
11295
4644
6761
4853
3012
2864
7382
10074
8798
7590
7774
1451
10229
7984
4700
7290
6349
8715
6926
3082
4326
4720
4934
6664
2528
10129
6208
332
4946
5328
7292
1528
9510
3033
4336
1977
1440
2191
4871
3594
9768
2556
9507
6683
7080
6237
7151
4301
1781
4817
4065
5651
683
3946
10138
732
5289
969
5846
9495
5035
4535
4323
4018
3100
3768
5409
4830
11310
4857
3019
11045
7474
895
6089
2503
4945
8864
8455
4244
2765
8682
7059
3181
6083
10461
5569
8072
2146
2551
2775
3581
10577
3832
5658
9445
3907
10986
5167
7699
10558
3530
1972
1149
6844
8031
10357
794
3887
3763
4280
728
3770
9186
2815
11107
11250
10414
7114
9179
6659
7557
3392
10429
3760
9419
2425
10674
7145
7451
5624
3117
333
5599
2672
10502
3239
1744
7818
1846
5595
2754
9605
1069
3201
4003
5555
9381
5408
3147
2369
5819
3631
5058
2032
10533
5225
10319
3658
9583
4874
8572
9070
9639
1657
2262
11019
6194
5479
9271
11018
3111
7385
2411
5338
10600
1621
4923
9092
11324
5510
6866
1388
734
1676
2480
2311
2180
1186
8719
1139
6131
10140
4073
10571
7634
6338
8489
357
1734
1976
10611
7919
579
610
6361
6469
2737
6301
4735
9580
4796
10766
9626
6630
11331
2940
4028
11014
4947
2019
8498
8268
2159
4422
4004
6090
1908
6022
2516
8597
11225
6298
3829
804
1202
9384
1875
1223
4063
1791
4084
6811
2330
10621
1567
9649
3302
10000
1766
7916
6508
6129
9109
10679
4392
2069
7951
1142
3388
2393
5206
8549
4475
11049
9422
8675
4388
10839
712
7884
3451
3245
7757
1521
1306
3074
8057
5223
9081
6557
2616
356
9889
3977
11288
10231
4688
10544
6473
6572
414
4667
4074
10408
345
1303
5118
1568
2253
7998
5237
8502
9513
2192
6196
1426
10295
8515
7201
5053
7770
9750
1454
10416
3536
5767
6699
688
337
9161
1463
8627
10446
11221
9108
1432
7513
6354
2887
3926
7603
3686
8743
5644
1447
6613
2276
4176
9843
9304
2442
7101
4960
8776
10724
1127
6474
7057
2983
5234
9928
6838
3841
8620
6259
10180
8972
11034
2041
7636
7685
11323
9494
2298
6707
8569
10794
5673
2309
7334
5835
7898
5388
3044
3171
1175
7020
9407
3508
3003
2838
5613
3716
474
10466
1011
3878
7622
6540
7271
1457
5480
697
11135
10952
1484
2113
9556
9943
6475
3569
7709
10253
9501
10941
4967
8421
1583
1307
1709
5224
6358
8741
8321
8039
8374
8535
9900
6772
10981
10689
874
9002
3843
8122
1125
9346
1531
2637
1544
2841
944
8999
4164
1343
11251
9660
7036
5587
11349
6327
543
5192
8437
5457
9072
7352
6656
8467
7538
11025
10297
1117
9882
8982
9623
9082
6339
2549
7581
3939
3453
8048
2361
3673
3450
5748
6488
3751
7429
1855
981
3038
4297
5444
8961
1119
4668
1358
5352
5186
1400
9795
4325
2972
4584
6721
2653
4585
849
8034
5430
1268
2106
3544
2164
1450
8161
3671
5964
1843
6132
5364
8873
2196
3748
11235
1441
10532
10969
8710
6940
8778
4391
3470
4492
11156
435
5290
