7902
4908
10602
10475
9964
8652
5731
1050
9745
23
961
7718
2494
9314
8311
7991
1515
5996
6429
11267
2870
10048
10036
3097
4020
6227
1941
917
8786
10808
11250
9859
8572
2173
10935
7448
116
684
9093
6728
10563
2128
2347
4877
4403
5543
9664
975
7636
10310
1320
3934
9765
2920
9990
3897
5552
6280
3538
7200
1239
8675
301
2196
10675
8275
8036
2809
1457
8807
3577
327
4646
124
5715
5121
369
5998
4633
5333
7256
6192
1908
5858
9402
1060
5365
1879
92
9587
5563
6249
10955
7289
151
10814
5743
10314
1769
4374
8426
10627
1087
2158
5690
62
5617
3160
731
6768
2411
681
6448
4531
4737
234
5314
6601
9105
11341
7402
7423
3394
1593
11223
2909
5839
8224
2466
8488
6385
10251
8940
193
11231
8700
4133
7118
1419
1588
10187
5017
3337
1329
10914
9944
8860
10918
603
1720
4849
3739
5732
6861
252
11130
4423
6460
9972
5818
5328
8939
5046
9287
1147
8459
4402
11259
1234
4944
6301
10904
1430
1562
5879
10054
11190
737
10519
2081
10437
4035
2442
3544
96
6436
3367
5400
4505
2330
5020
7562
10414
10941
6220
10550
6961
9593
4753
10718
1135
474
5838
6289
7883
6888
607
2030
8476
3589
2708
11288
10521
10830
11234
6174
8203
2747
538
6587
10616
9243
6750
11059
424
4659
5595
9109
6234
5321
236
2541
3460
6718
4415
1738
10984
271
6717
4805
4441
6580
2667
8930
6093
4467
8493
10416
7130
5845
8836
113
6189
717
2700
7763
6216
9763
8212
4897
3192
11016
2796
6636
10948
3673
9472
2641
10148
8308
102
7767
367
7101
4353
750
447
2571
9842
5225
8570
11331
9762
6977
1831
9704
9632
3022
10018
6203
6499
10297
4243
1161
11345
7648
4600
9454
8727
934
10728
6136
10733
8215
1788
8616
11289
8622
8082
6485
1686
9673
6998
9836
5211
3405
2773
6140
8763
4809
5031
2051
4967
6782
4479
704
6160
8024
1460
1396
1400
2552
4083
1717
7836
8053
2509
3100
9376
1551
325
3239
2404
2610
3588
9946
3873
7245
960
5208
4291
10209
2238
5509
4048
5071
9016
9064
2443
7324
11194
7148
7392
2309
8886
2653
4711
8177
9660
1722
6752
2106
11114
6514
9728
9950
9928
79
5169
393
7780
4023
2036
11260
9885
2508
11007
298
9183
8301
606
7043
10886
8374
1838
4788
10068
7080
10312
4572
10704
73
11181
1410
986
2049
8666
2962
11354
9213
4244
7703
78
892
1481
977
10820
4918
9645
4675
11168
9494
1931
4280
1023
4149
7484
262
10621
3125
9104
3524
4904
3376
8998
3795
3875
4085
8764
1839
3851
647
10129
6571
5933
1097
9480
3859
6445
10944
221
3476
8109
3266
8838
1356
570
5390
10570
4122
3893
6538
6331
3228
4617
9217
6453
10173
11009
10816
11230
8084
784
6727
8965
10379
137
8045
9387
6948
6976
4119
3258
10554
11246
8180
3748
11183
8576
5237
4065
7051
9103
2224
835
7997
5382
1615
2604
6777
8791
9759
2824
5336
9930
1318
712
6145
9375
5633
4833
5833
8833
11221
1469
6197
10618
3554
8304
4132
9933
6686
5116
3295
1256
4907
3666
1845
918
5076
5497
6391
8364
3970
11344
5202
745
1131
8319
1159
2374
7499
326
1770
2003
8267
973
4354
6165
6336
2195
786
6924
555
6784
174
4377
5779
4321
4953
2766
1072
7463
10747
6825
7232
2953
6005
7882
7758
5537
6712
3415
1995
9816
8
479
8305
11075
6721
4255
11070
8069
39
6491
10
6383
3921
947
10299
3209
8128
35
6444
11328
4008
303
10270
11200
1294
7000
9678
2182
1407
5649
36
6746
2181
6772
7554
3502
6577
1383
6497
3356
3552
54
1689
10460
2346
825
1384
10924
1517
6542
7009
10439
7525
9931
6048
4478
8070
2978
5616
5312
5311
6351
6877
2218
3951
7551
5198
5670
8123
759
2947
6975
8136
4313
3260
10391
3200
9867
527
3358
9729
3927
1977
8064
4281
7489
2730
9711
8533
6584
9683
2924
3308
4429
2046
2331
9137
1241
10723
497
3995
5702
8743
7973
3807
4292
1900
9281
3378
8158
5402
2027
9792
2498
1888
460
10818
10011
11248
9004
3036
8368
2555
7302
2099
617
9383
8777
230
8466
4312
1608
9500
2120
1378
3030
9448
6282
9884
8687
5276
5503
171
1538
7958
4202
10436
1851
2932
1853
7405
738
5815
6152
8142
9651
7824
9163
2473
368
5254
4517
4761
7485
8157
5092
4004
4298
9943
2507
8946
5275
10999
3223
590
3145
5578
9847
1903
2270
7651
7664
10354
5900
6631
10862
1392
3046
4816
4948
1663
5844
6456
6822
999
6873
2441
2549
8649
8234
10411
4976
1214
11069
8223
1189
9210
11170
10192
8881
6204
5284
4630
9507
6844
659
1785
5695
10827
6124
657
1833
11149
10320
1074
7372
7744
3587
932
11339
88
6173
7925
7470
4297
1531
11150
2729
6622
8997
8342
11116
5005
3817
6031
1591
312
4549
1763
11340
10182
5851
10885
924
9886
6305
11091
4984
4668
3546
3241
3169
3891
7544
7338
7157
5635
3377
7165
315
1502
5781
5479
10331
5439
10696
7173
10236
9582
5261
10928
6802
7787
9356
8673
1705
7409
8184
228
3523
5898
7339
8298
11013
7634
10680
7600
9073
8882
1382
7483
7658
8814
8390
9278
3564
1411
5674
10749
7878
728
7752
11313
5720
6072
8715
4389
897
11296
9688
248
1127
10626
9609
70
279
2659
10244
134
5428
690
9646
2511
404
7109
854
4777
2421
6157
3704
3143
1461
4245
7641
11086
672
5854
9956
8444
10567
2775
9325
9442
2557
160
8086
9841
1761
9212
11189
11378
4383
8057
5231
9007
3961
2497
6242
8750
6269
295
10178
5082
3700
6860
9795
11166
9166
2675
7823
4969
10869
5246
526
5882
6498
184
8268
27
1077
3381
6685
3034
4056
7149
3627
3967
3451
8156
11028
2776
8660
145
2972
5832
4757
84
5228
4336
2454
1099
2856
8398
7722
4504
5452
2188
9136
8809
10372
10632
477
8100
9647
5704
1480
4644
8047
1631
4583
8569
10104
7022
6414
9086
7571
10973
11187
10063
4322
2956
9257
8362
1592
9071
1282
7415
8936
10577
4932
1380
6040
7436
4787
8899
1655
4649
3093
10720
10161
7369
11366
7490
185
10864
5464
9347
4380
9977
87
4700
6016
1872
9835
8400
8983
8314
3150
5515
4830
8741
775
3761
10510
10216
10589
3734
1395
6537
2946
2005
7176
5167
9904
7081
1583
4512
5308
3798
2643
37
8733
10091
9531
5841
5057
6495
3727
4362
3269
9051
5598
7777
4637
939
3342
7724
3066
275
872
10278
1015
10967
11286
2816
8485
11133
8595
10813
7531
4
266
7914
3686
10679
8598
8327
246
1354
5739
1671
878
1682
4424
4196
2377
510
4296
1113
5533
6931
814
10574
1014
6438
1594
9335
695
9263
10652
486
10905
7816
2000
5190
10330
7012
4548
5716
10035
3490
9160
4682
5819
2077
2338
1901
473
5874
1293
622
10152
4576
2285
8054
10988
10338
8887
8879
7045
4051
2352
2736
4862
8859
7151
1348
1675
10071
8748
162
7266
10617
10772
2845
5364
1364
2373
2132
2618
7516
4376
5550
6059
4937
5420
9690
10168
6360
7679
11135
9078
10419
5
987
308
9419
7128
8515
3819
8780
4283
550
7971
4470
2878
4721
10933
9346
7891
5891
7280
245
4796
1548
5793
241
256
5651
3854
4713
2479
3924
10275
1140
1406
5388
10806
4264
8119
8913
2186
1269
9585
10089
10557
8259
3393
3936
2208
10760
2677
842
4218
11055
8427
655
5669
9381
3745
475
2041
829
323
9172
6578
365
4551
1442
53
2115
2435
6692
3466
3499
11355
7296
4801
6886
356
6427
8270
4547
3717
698
6811
9858
10927
77
836
187
5073
11238
7937
7822
8867
2134
3991
6008
5302
237
1572
9797
855
214
219
11109
862
2598
2955
4569
10133
6233
2336
8897
1799
4391
6114
3662
5098
7104
8711
7147
6987
1602
6190
11320
9401
10195
5939
4047
7970
11268
5803
7534
7893
5185
166
10634
4654
9350
6655
1450
3280
5441
10272
4728
6237
9277
1651
7456
1306
205
9192
10489
2866
9639
7496
11217
7706
1266
10539
919
1052
9989
4427
3718
50
6077
4768
11035
8291
8380
5103
5752
9179
6482
520
5575
3447
6589
8175
3493
10804
10082
8149
1771
4246
9830
8680
6461
9856
6959
2714
8181
6277
10217
2370
11261
9495
1751
5905
8010
1295
7827
2458
15
6352
9717
2249
1224
6029
8331
8306
6964
5749
7351
3027
3102
9033
4221
9727
9848
5642
8729
5678
8235
7959
1947
3155
7481
3968
4261
2180
1418
8754
2001
2929
11106
1711
3803
2425
9195
8606
7291
9311
5131
3631
6849
5430
5565
10254
9242
983
2931
9672
1980
3003
6535
9019
6069
9512
6787
1564
10871
5291
11005
864
1979
10122
10691
2058
6137
1323
2485
5800
3975
5613
8245
9284
5777
10461
3641
4396
7008
11225
5756
6033
7057
6995
847
777
10158
10523
3426
5625
11318
10491
2848
9280
3070
9578
307
7046
1525
3395
3901
7716
1933
7923
6044
8210
7875
3555
11071
6281
8627
4273
1674
4949
3441
4968
8207
63
3964
6570
10426
3508
4573
7731
9001
3952
10259
790
3918
5717
4365
8808
7264
5398
7180
9229
7523
10502
10671
8522
9957
7532
7688
10642
10831
211
9554
6885
3830
10499
4524
899
9761
7288
4879
5352
5348
8782
2707
427
2986
9496
4425
5476
6919
2103
131
10188
3461
9923
1264
4011
6675
9751
4676
942
218
5542
7966
821
7768
5547
4392
231
9870
4710
1745
4608
6088
1883
2971
5309
7386
9011
6035
5760
2586
2811
10094
10466
213
10452
6920
10440
9899
5343
9764
8514
5648
118
8523
8486
9737
1261
2637
6488
3903
881
7278
10535
5016
4882
787
5344
1105
8354
3762
3153
5828
1554
10964
2644
4508
7328
7310
6406
10551
5281
11338
9283
439
9485
11112
6676
4228
7568
7091
5395
2228
8757
169
10611
3427
10201
9117
3068
10878
11251
3517
9082
6591
7055
4786
5117
9253
5007
8815
5206
6645
9648
7428
2068
876
3094
9519
11063
6358
10370
8972
5474
10280
4490
3878
7603
115
8866
5263
383
9743
3617
8650
10142
10597
6083
1445
4985
5622
9716
10384
4920
3689
1737
1437
2821
9456
106
10074
10913
60
6326
2320
6678
9259
434
11232
2661
7145
2226
2480
10748
391
10449
2973
3383
2650
543
981
1273
10249
9857
8840
1091
2144
1389
3078
4348
8439
596
7535
3519
1139
5857
3352
2744
7036
8560
7884
3949
9232
4290
4185
4195
3965
4684
2502
797
3656
10226
6629
4901
10981
9491
10235
9699
2369
10369
8981
6239
11305
967
9328
3769
6934
1
8015
2654
10021
224
10936
9806
3419
4978
904
8938
3829
201
9597
10140
8665
10340
2656
4371
6637
5519
8445
2913
7582
7892
6483
2726
10296
11140
10527
5883
3887
7136
4100
8113
2850
3643
5179
4502
914
3470
4430
9337
5548
4142
9085
2885
1529
10028
7473
11014
5662
6725
4260
5410
397
1559
6527
2975
6914
7826
232
7261
2316
1165
10764
59
6182
10796
136
2403
2619
10237
766
4181
4038
7770
7077
7994
5564
10637
176
5146
5483
6346
6435
8547
287
10288
4597
6443
6437
6610
69
8246
9120
8150
8716
10261
1268
2072
4677
7939
10483
5440
4319
6194
4207
8968
4559
4613
9654
5774
11177
722
816
1774
5624
5037
9021
9345
2841
5697
4219
2409
7207
5504
455
10495
6863
11197
6572
680
2061
7343
8253
471
1441
4947
10934
3328
1001
7865
10809
4314
4621
3634
10761
4455
1485
6761
7604
9962
5799
4543
3516
6475
5053
4411
9523
7512
4086
9828
421
5966
1183
203
7406
3208
5172
8161
7475
64
2348
965
5748
8498
6551
11019
9909
6161
2297
9827
8830
3403
7364
6179
1436
6939
7322
2380
5191
8397
4514
259
5686
6870
11178
7723
2114
1730
8604
5866
9251
8802
3156
7743
6256
4975
164
2868
1917
8713
7385
1213
10121
10896
7897
8250
4485
3291
5391
9353
6466
7825
5078
5270
6773
4128
128
10703
580
6613
824
9363
11054
4678
10252
5361
1662
3347
3111
65
6804
7075
2863
6808
2429
3783
1990
5375
819
7929
5570
9260
4446
661
10241
6374
3962
4625
10661
1059
4147
9038
8961
677
3702
5816
2257
2503
2602
8880
6544
10268
2413
9458
5475
2892
1492
75
2467
7740
6379
2706
10958
11326
9638
1466
5142
294
11107
3522
81
9476
5013
7840
10699
1692
7347
6106
10040
3325
3534
2872
8894
58
1693
127
7332
6300
5384
8707
10745
5409
8165
10662
8805
9537
9545
8489
8243
2550
8637
153
4974
3202
7727
426
5693
8477
5840
6064
2312
7482
6809
1558
2340
4910
7198
265
8873
150
5104
1646
4772
10572
6526
6770
10783
1489
3092
8964
4265
2464
5769
1905
9907
2463
706
3262
7184
2829
9905
577
2335
10792
5100
285
5886
7793
9789
9066
1787
823
11025
9219
3245
2833
6431
10012
6185
9798
306
6814
9897
6469
711
10349
10929
135
1339
3354
6314
795
281
714
10906
3790
6731
11323
5429
3695
10009
8147
6375
9599
10839
9556
1342
4819
10909
10147
2587
2701
1321
10360
8471
366
3257
4656
2364
4447
2219
3633
8525
1118
2010
1747
4935
6667
7459
11195
229
5444
1895
8236
6410
7781
9022
6851
667
8208
7920
10530
10067
8834
8696
8758
826
9020
11235
7340
8060
10888
11065
6128
10791
456
330
6323
4854
8889
7441
7594
282
3272
2556
4037
9954
260
9447
3380
5928
11214
7038
4089
692
359
5157
10798
10897
9799
10657
1379
1447
108
9344
4864
10784
10359
4390
10536
1387
2903
3646
2064
518
3006
6513
1920
5145
2094
2410
7575
10950
4873
10287
1317
7191
1727
1367
38
9113
7243
810
2563
953
6504
3786
7792
3708
5445
6141
7761
10802
3504
5222
7809
2406
8702
7713
1724
8723
4965
6100
7154
5764
11203
10511
2780
3059
4807
9340
8402
10474
703
4523
4696
2628
1158
3850
11222
7639
10759
4299
5406
464
3719
7139
10952
5789
578
10458
3670
9107
2155
3187
5437
6838
398
1759
602
9410
5492
8663
6163
6108
10687
7114
2711
9549
1388
311
1027
11152
7007
7326
45
9487
3928
969
10307
7273
11295
7488
8878
1625
9525
7757
10231
5502
3183
2232
5221
6129
2187
9508
4078
5587
910
5363
8449
901
7539
288
2818
905
4134
2915
4033
7799
33
1937
10038
8480
5192
2754
6118
930
5593
6502
8132
6659
21
2301
3843
2633
2723
2825
4593
1725
9750
9612
10672
8112
9880
3408
4720
112
9851
9077
11274
10136
10684
3141
8818
4428
1766
2478
2361
9927
4587
11365
8842
7440
51
10253
4171
3536
2852
9406
9667
4754
8421
2157
4618
1858
9580
5249
8472
2234
10538
4060
5985
4701
7720
9015
641
5350
5798
1890
4304
3238
3171
4709
8501
47
9115
8264
7382
9466
11115
350
1177
9533
10966
1749
8011
8008
10712
11050
7518
8671
7033
7052
10850
11373
5856
11043
5929
10604
7307
249
3067
11185
6298
120
1709
7244
5212
10398
11006
10210
11330
3211
1220
4748
2090
10004
793
2855
3315
6983
157
6349
9342
6425
1164
11372
6079
340
7179
4144
8678
3676
9747
10576
337
4811
5457
11042
1821
3987
6944
1951
7377
5903
6827
9652
8699
9804
9118
9377
6397
263
8455
8928
413
7282
4765
3610
1190
5583
1358
42
11141
1876
1085
3777
5034
9800
840
1607
838
8432
4898
235
9334
2362
6546
3583
24
3733
4624
7458
689
6432
11015
10832
1424
8437
3019
8085
9889
6506
9164
56
5796
5490
4282
10185
8346
5462
6698
11079
6699
646
10857
9814
7861
3317
5010
3665
9826
9656
7818
2294
7847
2096
8793
4838
8022
1556
10032
8556
7746
6126
5661
10165
7741
2543
1495
1106
1627
6039
309
8640
11278
9432
9050
6516
1716
5435
8929
7133
2676
168
5480
6910
9529
2748
4993
10150
7127
9583
10710
8487
3569
1103
3144
9255
11298
1223
8062
3876
8638
5795
7010
3350
5197
3229
9780
10047
7429
3933
5775
7506
7141
4039
1025
9910
5472
1121
2638
277
5154
9309
7028
11227
8151
10282
5458
7034
6222
10861
6790
10750
7815
5878
1212
4172
6181
4278
5298
7498
2995
8369
2067
1741
9178
9793
595
7672
6640
6471
6913
6603
1336
5234
8001
668
8505
4667
10279
907
6565
7112
8393
696
5023
8148
212
1549
6835
3032
8953
4062
5908
3362
7522
9562
8241
7168
2017
7610
9362
7933
9404
8189
9575
8382
247
10856
2416
4945
2539
6646
1614
10366
55
5086
9821
8492
11329
6821
4555
2033
11307
244
5814
5097
6762
2129
1274
3799
3559
6027
1092
4439
9577
4355
5921
7376
11034
6478
4964
9738
5325
1248
1056
3603
7199
7742
579
6520
3755
1532
10695
20
5763
2635
8078
9986
8129
3148
1907
6131
6411
478
1069
3530
9542
381
10396
10351
4263
1162
10485
4665
2070
1612
8772
5559
1271
2660
5126
10730
8385
10787
5946
7295
6098
6196
1280
6390
9110
146
998
11281
3729
8963
10176
1104
4259
3637
8846
640
2652
4057
11058
11370
4791
4194
2808
3026
5794
3512
9378
4073
7404
1252
2267
4318
11026
5028
7016
2597
9236
5761
5443
866
5370
2683
10397
6757
7228
261
3043
310
10860
2528
7905
2260
9532
4865
3810
2876
2028
499
1397
2860
7367
5419
7471
6395
944
10544
8272
4183
865
6687
8417
8352
1840
9929
4401
4445
8361
10186
4745
5338
4699
97
6689
11287
6051
765
1393
4895
5967
5183
1648
1363
988
1046
4586
324
6467
7772
9948
4890
8073
8630
483
5415
1755
227
10789
5734
8146
4998
2906
8020
3191
6470
7419
5979
5029
4369
3017
10528
9774
139
1902
2418
1426
4845
6398
6294
11121
6112
5842
5061
6202
8562
7950
389
80
1777
270
10705
9589
2240
8563
8353
6309
156
4469
2277
10016
409
7371
676
8326
6089
2153
10478
10174
10111
8738
9023
1585
222
6055
5207
8536
4366
11174
10034
6994
6704
4103
9205
597
13
5768
8111
1181
251
1820
10779
4416
1744
14
8219
9191
10644
10399
7733
4735
1878
5560
6871
522
1757
9220
1155
770
8378
5607
2161
6798
8465
699
521
8989
8249
4111
443
2900
2603
8534
2722
1827
1956
2836
5849
1343
2823
2325
10062
179
613
8108
7255
6954
747
11049
837
954
7362
7879
6630
1507
6911
6038
535
5955
1313
9228
5518
5393
10606
4972
6620
6881
7611
3283
1643
9267
5203
9916
74
1632
4489
2649
9895
2702
5667
10424
6671
3210
1375
6354
2311
3712
8063
11325
8861
7963
373
10053
8555
4536
10770
3977
197
9547
4179
10412
9252
7951
9969
3638
2193
10877
1031
992
6205
2719
1350
6267
30
1560
3011
2073
542
11172
694
2561
9865
7806
9412
141
10069
11128
574
7549
546
2548
3960
1856
7303
10410
6561
9374
5602
8644
4766
7216
10469
6261
8014
8914
9697
8528
76
9692
9129
1487
3994
7214
6789
1285
10512
1857
11249
3910
5972
2137
3916
4226
11337
6950
2826
196
3525
125
8139
8527
467
8921
3533
5807
7225
541
2562
808
121
7906
1063
5679
4620
1302
931
2765
6947
3309
2627
1680
10692
9268
10553
4857
2695
9669
9445
181
10977
9437
6235
11182
8153
6357
11350
4327
5621
7205
8031
1170
1567
4516
6338
9415
10023
2787
3370
5081
9958
9231
5830
922
22
9091
3969
10737
5797
10267
7353
3818
10812
3836
5992
11368
3912
320
238
1431
300
868
2368
10433
103
2919
10208
129
3722
8310
2428
1315
4324
11292
2341
5267
10447
7916
985
3176
8917
10585
4874
1521
4688
3611
4774
7901
1095
489
9633
7113
7699
8357
10292
2328
10027
1965
1484
6382
10444
9295
9182
4421
6296
4818
885
6407
6831
6847
3355
5940
7830
11314
9966
1462
4702
3914
552
9222
660
6019
9324
3542
4492
3756
8176
7172
2434
4438
4005
10167
6767
10345
9591
6426
186
9290
8635
10910
5951
2542
8679
1708
1157
8035
3084
10677
9777
7821
8410
10819
10515
7253
6025
4584
2558
8133
7988
524
9076
392
2512
8597
8958
9313
7359
3330
3796
4419
6009
4518
8173
9558
9650
7557
6552
6788
4535
794
4267
1962
2684
9034
7697
7432
2040
895
1326
5671
1848
5783
7749
909
41
6268
4027
5788
7233
732
5699
4087
8600
10777
3131
2355
3456
736
2324
4400
4628
5666
2884
7349
8839
7804
5512
539
91
4277
8019
250
11137
10322
11361
5335
10116
2905
6657
3625
1112
10240
9996
3243
3110
1842
1172
5450
5689
853
1017
10304
3754
4921
817
7669
5259
10130
6148
4817
6339
7183
1307
6982
7795
3207
7160
3165
6810
4080
7474
3713
7297
2969
3720
349
9722
1702
3680
10316
2457
3809
1089
3911
5672
7018
182
8564
6590
4018
152
2820
4009
888
9649
3930
7105
4168
1666
536
10298
8779
2489
9400
8336
3926
215
1996
5255
3894
86
8030
2201
2231
4173
5459
8288
9720
4803
9061
6853
5865
2437
3661
1974
4988
5780
6833
9626
5193
2670
9993
549
8205
1209
8325
6625
3185
9901
10441
9766
5948
3115
10972
6396
4789
2877
9902
2705
2958
3095
7196
5138
6340
3088
8254
5115
6150
8787
11262
5823
10919
1111
8976
210
8651
9282
10801
6656
6262
3672
1222
4581
1764
2220
8926
10793
5973
9785
9510
4306
9391
1376
10219
3012
4889
9550
11206
1042
6081
3746
10926
3766
1847
7254
3862
2827
1656
8689
99
1589
1802
4859
6617
584
3592
867
329
2774
10123
11147
6813
6225
8511
10805
1743
10995
1490
8821
9197
10599
2302
8542
9707
9960
7765
5532
10754
158
10780
4388
8276
316
10930
4163
5729
9053
4496
3545
10455
9046
3172
4938
1930
1132
4539
9613
7689
7736
7912
8475
1071
10189
399
8909
1740
3852
11061
7565
9013
4177
4673
1279
10080
5436
3201
4690
3463
751
10230
4991
314
1681
6940
9035
5541
364
5376
10052
7784
2834
8943
3364
7003
8990
4190
8668
6633
220
2339
2262
5658
1359
806
2815
2054
7972
1765
1669
875
4095
4408
4325
2107
594
9538
4044
10033
8216
4871
1732
1370
5187
7976
9095
5959
3597
7460
1440
5342
4986
571
2276
8386
8740
10045
6569
8102
9433
6367
928
10971
9813
6642
4050
10213
2798
9394
9098
4006
8307
10353
1019
6719
2799
1353
8944
1824
8412
3514
9846
5505
8399
10630
10090
6014
6581
4557
10811
1470
7668
7453
4067
9555
10348
10526
7025
7714
6880
7572
7526
4822
7242
8002
8199
7281
2742
6904
4495
104
2295
6028
849
7962
2079
6803
7054
9264
3075
5824
3812
3050
5265
198
2783
8789
8947
1911
10525
1561
9477
5932
6785
2847
5004
10546
10887
10008
2922
1360
4116
1959
5787
4607
10931
9970
11145
576
10013
3273
10620
7789
6278
7097
494
2997
242
3539
3841
3998
1240
5000
5101
8404
8941
2577
6061
6071
7
10953
4856
269
1596
9271
4913
7399
10212
8621
980
5027
6139
6981
1478
9422
4835
7119
3203
1830
5707
6490
7314
949
7265
3825
8388
8195
9417
2450
1624
9186
3044
3390
4844
8324
2012
2013
4422
3434
8367
7381
5960
1949
274
5605
10153
2275
6259
3822
10713
6756
1371
1153
8502
6457
7486
1491
4691
2608
5060
8282
5723
12
4934
2097
4130
4003
10498
4612
10247
8885
8391
9398
8438
370
10204
5569
2646
2080
2191
7108
2439
9837
3982
4669
11113
5555
10587
273
10017
7849
2990
4295
2545
505
11099
10883
7268
9541
9892
6264
6941
5872
6413
8266
417
8753
763
9574
6074
7085
4452
5873
2400
8303
7329
4960
3233
48
7588
2159
7691
5527
5968
3785
10835
10139
5582
1152
5521
6047
7006
361
2496
7790
2963
4631
2721
4692
291
5380
10581
1781
5953
9855
7124
9843
673
243
3771
9012
9611
3074
663
9595
10925
1203
9452
6459
6960
9441
11239
6176
10493
9769
6697
4146
7140
26
10407
8467
5258
8450
1236
7241
3119
2384
2069
7573
342
10162
7921
8479
4450
5880
7422
29
7131
1337
9027
318
5427
233
5362
7021
5918
7628
2327
1226
6926
7004
9982
1073
1513
8896
9481
7395
4096
3179
3418
6543
7292
347
1622
10070
9513
6925
3069
2047
5235
11315
6923
5158
978
10726
4169
1493
10446
8230
4872
7410
6135
7215
10911
1144
2724
6541
7683
8974
4340
470
8918
3382
3888
5958
209
9084
3760
9150
7344
2192
98
7218
10639
5646
6177
5591
2727
5784
3013
8221
11312
1762
7434
2032
1804
9235
4399
10031
8309
1960
9622
1810
1815
2983
4187
10529
2897
5944
6500
6607
3028
9131
4330
280
6447
7811
9861
4160
10711
8967
4923
532
7275
7039
3501
8232
2806
8225
563
11096
5558
3232
3282
8294
6450
844
7896
2599
3707
8670
2634
6474
2768
5935
4861
9953
1553
5568
10739
1994
3725
843
1892
3606
85
5785
143
2694
7529
4302
8095
4506
583
6200
2433
188
2606
1540
4931
4996
5801
6334
6866
9119
4034
1204
4785
7027
7231
395
5941
8381
7975
9705
1124
887
3051
9169
9201
6372
7357
974
2197
528
6097
9302
3723
2616
3392
1819
3286
771
11192
2376
10037
7138
9850
7224
217
1690
4661
720
11201
5773
3471
9767
6153
11020
3833
2288
4025
2696
9959
4286
5673
5860
10758
9411
9629
5186
8701
9214
10289
6677
163
1582
1198
5738
11349
5137
10459
3509
4979
1936
10086
4980
5318
4651
5184
4002
10177
7438
10848
293
10622
3389
7272
2862
3465
7096
8481
11179
9695
10044
9006
4205
8092
3302
8420
5233
3773
6273
6193
1449
290
6525
1775
7262
8247
71
2176
9296
5553
1501
566
8494
5040
2298
321
130
9434
414
10109
8718
11155
9559
11044
2564
4714
5889
7813
10556
6907
1000
9112
9853
2873
3056
3448
6366
9822
9234
5168
2851
10138
208
9734
2396
744
4481
6690
1045
5316
2082
403
3728
1868
5006
10479
3864
10939
3879
1098
962
10390
7426
3824
4824
6257
10371
3788
5171
10685
4852
2520
548
1483
1875
10202
4540
4730
2456
8138
7982
3054
9925
10467
10847
6736
191
4570
9037
5835
10647
6600
1984
6073
4790
8135
7439
3671
9087
4973
4118
683
11088
4303
7608
7812
4088
8991
7820
25
5432
2805
10143
1923
8535
9312
4841
4836
2944
5538
9601
9796
9691
5102
609
1687
6763
4276
9157
1352
10922
1993
10724
1026
7059
7178
10993
4741
9203
6359
9932
4639
5217
3988
11357
2611
6709
10423
1952
6327
9997
6819
8588
6663
6143
5508
5938
1982
5136
7605
292
8046
4476
4474
8828
982
10453
4686
644
11103
6002
10844
4061
10347
10942
9043
4444
3421
3384
2303
9921
1636
7685
11275
1946
109
3188
1429
9594
7417
9623
10097
1510
9998
533
11242
6992
3349
7082
1434
11131
5041
1390
929
6898
9675
2483
437
6221
133
2108
8389
6836
6021
10339
9984
1215
8117
805
1423
7290
6223
11364
713
9952
1303
8413
10537
6155
1362
9159
6037
5977
4311
416
3808
5322
9900
7074
7932
5408
10131
5466
149
5952
5426
4338
9123
4326
5767
126
4164
7088
8233
6477
5048
6652
9708
7443
3331
2147
7089
8340
10487
1275
912
1012
8240
10592
6368
107
442
4486
6454
258
5501
7521
2296
8583
6241
6891
979
10501
7468
5378
5750
2651
11073
10199
7049
5407
3658
462
7346
3117
1134
6049
4734
5657
6707
9605
2165
6562
7599
6946
8686
5733
7581
2996
1512
445
2412
11127
6134
10852
7919
1854
7762
4108
9024
2940
10382
9772
8037
11218
8170
3219
3318
172
1668
911
7005
10516
3170
8910
1519
7615
8672
4203
297
879
9138
254
2091
1010
7996
822
7053
8228
10451
5123
9488
7704
1086
2264
7852
6247
6938
1082
5506
317
6658
1013
2928
7465
173
8722
4077
7378
3615
3041
8090
4662
1142
3484
10901
4289
3940
2518
1331
11144
8238
1619
5813
7642
7624
6895
3732
6067
6487
432
9469
2317
10255
2105
1889
6078
9565
4461
2300
1272
10024
10319
9544
5358
11228
4946
3101
6092
154
49
2259
883
6540
3248
10659
9662
3866
2647
3433
5644
6065
2118
1175
1684
8995
5418
4615
5491
7079
10137
7633
5148
82
586
1609
1394
11335
418
3946
2455
1173
2600
2732
2927
6187
10841
6759
798
7910
9676
18
3063
5372
6310
9002
2991
10039
2713
2636
9386
6387
7279
5786
8289
4125
9339
4464
3547
3896
9099
8229
10853
10881
5471
9045
6615
2031
2359
611
4454
11216
7447
1242
5574
5095
9039
9700
7737
8987
1721
9668
9572
2763
636
7504
9029
5128
5125
180
6496
3284
11346
11224
4797
11301
686
10337
7555
332
3082
8320
3275
8552
1768
9132
4223
5837
10509
3452
7583
1451
8497
1932
6041
9308
8685
8710
5151
7379
3848
10961
726
7188
7135
2117
7222
7944
10815
9815
10403
9275
10757
9501
9331
8290
10670
1659
5047
7048
9524
495
9187
3214
8517
2741
357
2265
9471
119
7607
89
9161
2622
2393
6791
2156
226
147
7877
4674
5341
1355
9497
6848
1855
856
688
5227
5836
7853
8735
9246
6820
9627
374
6255
7693
8778
286
9788
1801
2251
3632
6749
216
3535
2819
10002
2782
5133
8611
1539
7696
3744
10232
7467
4473
4301
6735
6208
9081
8292
3109
6283
778
9198
8286
4881
10492
8682
871
123
7294
8107
1673
10959
5853
9303
2524
2206
2738
1846
718
8200
9072
34
4558
1972
4744
10341
1748
9125
1654
4729
11111
90
2923
8217
9361
8080
6102
7107
5652
10612
5877
3532
10902
8855
3642
491
11018
11356
6226
3388
5627
921
6434
903
5069
2887
629
2029
2907
857
6864
7068
2849
272
9329
6951
7702
10311
2293
7002
10127
8516
3305
4170
2372
8143
2954
1870
3033
2024
8055
10334
8892
4074
5404
8636
6521
5245
3123
6321
776
1642
1780
2042
7776
3594
9489
9684
6795
10746
3444
1044
6116
8442
5248
1568
10797
2916
1563
6855
7062
8255
2468
1218
9721
4770
1726
61
4141
8483
11371
5090
9926
3363
7855
2127
2583
7981
3086
4832
6318
4031
10110
5650
1347
7968
2734
3346
9276
6266
9108
1486
2233
5180
8524
283
11310
10893
9116
6344
10064
339
6109
9162
3008
2981
839
2939
5379
6929
6729
1039
10716
6703
2172
10355
10613
8096
8798
1171
5196
2146
1051
9052
3464
8027
194
19
11212
2247
8218
8416
2886
4413
3527
3659
9586
4893
10571
9393
8979
4491
10438
10300
5001
8503
4114
3557
3584
3313
9305
2179
1528
3307
11324
4886
4623
1575
5510
10132
5603
5381
9677
9216
11031
709
1500
8927
4361
10422
1621
8775
4351
3880
8334
7424
6484
734
10346
3699
5011
1003
9486
10855
2864
8394
620
5692
8898
3657
6832
2500
1957
748
3711
9288
5724
8796
2253
5765
6082
4658
7462
10725
1338
8013
8593
9204
5049
5612
6971
7678
387
4007
4589
9566
4346
10156
7396
11209
2566
610
1125
3429
3669
5567
485
32
5931
10093
2371
2685
7319
6010
7990
10786
1587
1638
7719
1814
1695
5451
10763
1735
3568
6573
1110
5058
10994
3758
972
10464
936
8841
4272
4875
8460
7271
9304
8251
5144
10108
3602
2011
10323
3398
963
9443
9373
4068
7129
1482
8824
9913
3763
6330
4933
1263
7591
10238
6229
8868
1968
2169
8565
957
508
4236
255
2501
10119
5178
9951
6154
2810
3004
5812
3204
4717
8519
3402
7257
7556
10559
7430
3939
10582
5913
8172
10295
3895
6592
1128
4184
8579
1999
1752
2101
7076
1401
8167
10128
6022
11283
2014
2662
3221
52
9044
2019
9636
2236
10601
2871
11213
3040
9740
5251
2718
5639
10600
331
10393
4966
8077
504
10229
5911
10154
2048
989
3835
9635
2066
5224
697
2890
3486
11132
3494
466
3612
7123
9753
3480
11081
1287
4026
10810
1963
4075
7655
7313
7492
9493
8261
10610
435
7263
3129
4256
1304
9026
8125
7086
2245
5188
9407
10041
6245
8222
5118
2149
5110
3151
4603
11067
3316
8166
1580
9403
5976
8658
2733
4123
6588
376
8405
7984
7383
6011
10107
5766
3885
2199
5018
1797
480
997
2490
3467
530
4364
267
6968
4049
10736
2131
11210
4577
5747
11123
2229
6464
5802
8451
7042
812
11157
4860
2551
614
2474
6018
6246
6608
11101
10014
2440
5461
1080
7201
6691
913
6509
1537
3630
72
8183
9689
16
6985
9871
7126
1577
1422
4853
800
3267
3319
3847
6732
5757
5730
5240
5355
5213
2570
5252
10357
5660
8966
3332
8599
5846
9327
1634
7190
1863
4063
642
5285
140
11256
3326
6868
3323
6812
2323
1216
2459
7331
11263
5914
7325
9298
1511
10418
8065
8994
3815
10643
10917
225
9714
7087
2588
155
8719
4575
9581
1924
3430
2125
5806
11017
2088
8409
10005
319
8726
10688
2387
8919
7734
3938
3529
333
1555
749
6096
9238
5210
8345
6996
9949
10624
10283
5262
3558
8857
2436
1049
1753
9455
7620
11
512
5160
5682
4166
5653
4323
4151
3213
3868
3038
4703
5708
4107
2050
4055
10524
10752
5676
7778
10825
2
4270
7175
2445
2021
8720
3177
6132
9618
7771
11003
11377
7728
9209
8469
1906
10938
3563
3624
2758
7451
3472
175
161
6110
9156
142
8104
4426
1123
5413
10681
9070
2292
9250
4562
5526
3802
1210
1119
2378
6713
591
5629
2680
3334
4082
7649
284
6430
5216
7209
8066
7267
5155
11118
10974
2605
2122
9621
3697
7308
3774
