57
52
1906
204
129
41
249
8562
989
8199
6410
194
43
2808
74
2
7132
1021
246
11018
304
95
34
3298
1470
192
4817
137
11
151
51
276
291
236
11009
262
288
2406
11298
123
224
676
11050
1528
6814
2782
197
337
2316
159
4855
218
1709
10168
319
11251
9021
124
2061
119
47
5792
12
8620
2876
1261
281
3275
180
227
4295
8433
125
261
3355
58
311
1424
7489
144
92
9626
131
7801
213
8161
10018
103
2910
206
147
8569
3181
302
3891
3019
94
9638
162
9082
1171
11223
77
157
4191
240
167
350
128
8268
308
9283
148
297
11375
196
99
42
91
3100
69
286
1480
5583
163
2311
284
19
301
330
9440
44
141
10316
278
247
6059
55
823
120
225
6292
9
66
104
8961
171
145
10611
8982
217
126
6434
8660
1343
5418
4615
118
7214
2983
688
191
201
3561
31
10571
130
121
208
4709
215
172
4392
49
535
2484
214
83
2247
4473
260
3315
285
315
9304
242
7478
88
11019
299
1362
294
7057
1209
10391
68
8927
21
143
1426
275
847
108
4374
4948
72
6820
10563
229
7898
195
10131
132
116
7353
223
9605
646
1142
3318
10080
1544
283
322
306
9583
134
2296
4422
3887
1824
6454
279
114
243
2921
22
3195
23
73
7718
3470
3751
10144
3011
3266
316
8039
10451
9407
1306
182
32
7529
4073
2188
4379
268
4252
93
136
7998
152
193
37
280
2940
292
106
1
10213
112
7849
222
944
10550
6354
3926
90
10439
1483
259
1632
209
9229
298
296
5625
8031
327
323
190
251
7130
231
5977
36
4946
8579
5842
203
212
263
27
184
241
10334
29
67
245
4065
376
961
96
61
3812
6261
8627
591
9441
46
89
4331
5280
5783
10231
252
5985
6022
3659
9422
9073
5765
133
4151
3864
9513
289
155
10030
4573
189
303
79
109
3933
5245
2245
7648
11249
3758
13
543
7303
9943
10690
842
156
8
173
71
28
3665
149
113
140
9926
326
9660
5613
307
176
230
8038
3788
5
127
328
1624
98
269
273
24
228
235
2653
9346
2362
85
207
6991
3
329
732
1490
5136
80
3464
9772
3012
8177
271
187
325
7557
7326
2264
2174
250
324
38
5212
9252
4735
4872
349
11020
256
8251
318
48
50
139
87
78
62
4067
10128
3632
237
7242
86
239
221
6790
5179
5490
313
8474
220
5338
8391
4535
5697
6821
267
2024
2499
60
6725
16
427
5837
258
2160
111
7114
9161
2862
202
8024
8719
1908
210
257
3044
97
198
6318
6825
9717
1843
65
264
233
287
8172
8023
234
175
199
7843
4142
110
804
320
5587
274
186
310
305
81
6068
290
922
142
158
8399
0
5639
4702
168
56
3153
211
270
2069
232
166
321
10
138
312
7
183
642
1839
6469
8467
266
63
9946
254
1069
253
164
6656
115
10619
272
