288
3109
236
10365
7695
7205
9061
10334
2928
10952
320
72
8199
4087
4676
10195
10357
2456
4545
10493
104
9452
7849
7702
279
876
3597
5542
4463
1364
4244
105
6194
5503
45
6165
7518
78
5078
10690
179
10319
7034
7329
1521
6772
6588
10078
97
913
91
106
139
3843
1498
4966
10252
7824
847
839
479
2459
5813
2847
10869
9
6002
5649
5118
11283
160
10158
6434
84
3318
4667
7774
3529
8035
101
60
4151
6064
94
1854
8134
10784
1544
4323
11195
9510
130
10558
1432
332
4901
8502
9034
142
1202
111
6482
3733
8930
9785
9287
9191
9605
2247
127
123
2196
11349
1905
1876
10000
1624
3659
1470
2484
8976
58
9926
7140
4891
1785
126
5770
7699
284
7571
7075
1021
8055
4160
7027
4128
1760
10018
439
535
8982
8726
1117
3544
7709
9495
7757
10577
1709
6261
5968
1010
4185
1815
2861
1995
185
8498
227
7884
99
7587
7753
9380
8321
3003
8290
1770
114
7892
8234
3153
7998
11295
6473
10253
11224
3939
2458
154
2876
10080
10499
5121
7489
2426
5
254
2564
5115
1072
168
3434
5179
231
9283
2188
9376
5013
3933
11
2815
190
1223
4975
9192
10528
10270
1307
10676
9638
2173
5784
10436
7590
10679
11014
5479
10659
3760
3236
14
11337
11375
7382
310
2262
98
2917
140
3507
256
4854
8062
9203
10830
11231
9900
7145
10354
9179
136
62
191
198
11371
10670
5280
2496
3245
8569
7334
6987
4787
3530
8307
8524
9956
7036
5528
49
118
8237
2865
262
794
166
5393
849
10787
8711
4391
225
7254
7409
10600
1734
11288
2671
9667
6542
9585
5814
76
3508
10674
2983
6349
9092
3117
6811
8122
5639
161
242
89
141
3502
1846
7724
5625
7242
8310
1060
414
3841
1371
8549
11326
7861
6506
7458
713
5491
6339
4796
2228
1177
1380
224
3888
8636
6637
11315
134
979
11361
10791
2061
6352
10030
9549
6814
1363
7352
2316
2520
16
6090
6059
7843
1840
20
5944
1855
6625
435
7033
2245
3181
9325
1529
8241
2558
4830
287
5651
5086
5748
1668
32
193
282
1082
6283
5673
2808
11018
1892
8764
302
5430
57
7271
7499
4388
1450
2605
2191
6604
292
11034
6527
10833
6235
10857
5194
7770
319
6761
8096
5225
144
4462
228
8675
4747
69
46
11289
307
184
214
4025
8181
4543
1011
4735
8100
264
10519
7222
9904
4988
3786
2539
6861
1447
5763
7668
316
9928
3603
2775
5613
9534
9632
4953
10297
784
6019
7901
6891
697
10832
5731
7591
135
4236
11324
6821
9113
4086
6114
261
7597
8702
2890
2921
10169
8748
7948
5815
4625
8177
543
8391
8873
2468
7500
9002
6067
4853
10
350
6976
2436
10144
9923
6237
145
5134
47
6825
1142
9986
1858
5268
8104
7581
9768
9157
2503
961
7130
2927
591
6411
6298
156
1777
230
8229
5974
2754
4285
11045
10399
4135
9623
9125
5192
88
146
5035
24
294
2455
303
1126
1612
8136
4065
8474
11232
5440
3798
3832
204
113
10710
10014
95
10724
129
1582
10804
1839
4028
1962
5977
1094
6268
2032
5217
4325
6690
2210
2174
3499
3201
1440
3447
6844
3298
2373
9384
248
3516
2417
1791
4191
2862
7474
1441
1071
6129
6717
5807
4322
110
4637
7176
171
11019
962
9708
3561
1528
297
8776
1483
5583
10806
8784
11298
158
3716
1673
243
7292
3907
213
8741
4326
157
1
8949
277
274
7883
3050
555
162
7925
2393
6068
8039
10045
93
1059
11221
3082
7429
2872
6866
4445
427
1175
10525
345
1531
3347
8433
3097
6208
11213
3581
6488
5688
194
3887
8172
9750
5328
5187
11251
10839
3043
4960
8627
1828
5053
266
3195
5527
2637
6784
3286
2991
2113
3755
10287
276
8091
235
9021
4615
10129
219
9387
1119
1722
10008
2782
192
3642
7648
10086
249
177
29
9044
1749
155
7436
6560
10937
7685
2406
10780
6991
2650
5074
7193
7322
3100
1104
138
4060
7898
10377
6278
10557
2490
3210
5388
7944
8416
5468
7326
3671
3665
2712
7396
3878
9419
52
6361
3266
1012
11008
305
5697
4301
8678
3762
186
2024
239
2819
1407
10544
9494
8308
7513
10439
304
270
522
5571
1220
322
1424
3879
6018
6853
5792
6358
6535
2411
7191
11107
7534
587
8882
1596
313
1055
1484
202
1149
2327
8961
812
137
1602
357
1127
3464
9943
2296
6906
3829
8972
8267
8974
4597
167
308
3763
10446
1128
4455
71
1426
2494
6318
10619
9183
3392
2180
7818
120
5104
9626
3332
2907
176
11249
5666
10563
10391
182
75
1480
5908
7811
1388
2737
1621
11223
3631
201
3011
922
5234
10393
216
3171
688
5206
8057
6920
9843
247
356
86
7059
5552
9107
2556
7175
9422
4584
8944
271
954
3926
7207
4696
2309
3041
6289
9117
5846
1963
2954
245
1209
7010
7583
7291
8161
2330
4142
63
11013
10034
474
4005
6656
8421
7916
1660
731
4967
676
10572
7201
1875
117
4720
314
233
5029
285
3732
238
41
5408
2264
7919
9237
6572
4297
6083
6659
9115
267
4934
10741
4067
1042
8859
9905
5302
3151
65
4913
766
1979
5616
5734
4658
159
51
7451
2192
6468
311
8097
7932
1933
6131
10928
251
9076
119
67
2362
5490
8598
2041
11025
3490
6034
4176
3632
8071
36
10853
2115
1396
259
289
3669
3536
7634
4871
222
6315
3977
8604
3328
148
5658
318
9159
9137
8034
6292
7151
1019
9580
11106
253
3727
273
5568
6557
122
8707
2386
3044
4573
6840
4688
8038
4475
6334
7011
3470
4272
298
686
6540
9379
330
10958
2047
2765
2639
2663
6827
8346
5245
3019
2283
6595
6132
10986
5794
9763
9903
9200
944
646
9252
2841
8671
44
4
9537
6301
336
10748
1069
6460
9073
128
4741
6968
1451
1974
7478
10128
9415
3770
4369
9257
874
4534
327
11191
8305
209
460
4656
10090
180
7290
263
8572
823
1834
7114
165
4073
5777
7761
9082
81
6820
2185
5167
5480
2302
9407
124
1693
9778
1303
8660
11194
5289
2528
7261
133
3216
252
5052
1358
2502
10855
7101
9788
8940
7214
6338
11330
1585
4872
10808
11135
42
1297
10180
323
9953
64
8467
10347
3525
149
11331
5783
10856
1306
286
328
3406
7664
7758
6562
241
7547
1857
2159
4668
2810
404
4964
268
8132
770
5565
6327
1583
1400
5403
178
1099
2966
1139
8696
2069
9699
4702
257
8867
8758
6790
1764
9815
92
374
4945
683
9108
8535
7328
2311
5418
642
10283
9865
207
4700
4749
9639
3147
1343
1931
391
6944
3160
3748
10720
4943
8268
5797
3700
3239
299
6845
329
4535
151
11230
1906
9309
11029
6151
10942
694
7483
9507
9701
13
6725
5224
7746
7306
3734
5644
4259
11318
2549
4346
9636
6995
4997
9501
4947
4948
610
8117
10611
3070
206
74
34
10009
7389
10725
6721
9977
7958
9161
6947
557
2910
527
9515
2939
4730
309
21
2653
8251
3033
2106
2164
55
6871
9969
246
8595
5798
3453
10323
38
5384
8562
83
8085
18
7991
1830
712
7951
1457
4180
10981
9217
8245
7700
4649
7603
6699
1369
10618
6452
6838
2551
8951
9772
10076
4084
5186
4243
9209
2165
53
8743
3209
6503
7070
8798
7524
9364
40
321
579
218
7488
324
11300
6457
8548
2048
3118
8025
4514
2425
6040
3968
4308
121
11301
3624
132
9513
3074
10532
9649
6926
4473
12
4636
844
8276
37
3985
11310
5402
5555
8256
10295
349
6244
6027
5221
6940
107
2806
3788
4874
1824
2562
2672
1996
4492
10571
1948
10803
6914
211
6014
4983
9445
7045
5985
25
2499
7054
4074
115
7086
5018
9346
4675
10551
1800
2369
2924
7449
5282
5532
10779
7371
7132
2054
280
10336
2616
4923
8710
50
7573
6354
5409
170
181
2146
9019
3866
3451
6756
6704
6630
4183
8611
6752
6143
8778
210
1384
1454
1913
3012
5866
6031
4047
9889
7347
11149
7869
2850
8516
187
5595
9882
1463
1977
5323
1901
10972
1538
199
232
5676
31
195
9110
1252
215
10414
8031
4336
221
1608
11325
8637
734
3864
2325
8080
2826
108
9246
918
131
1790
9271
5964
4296
82
8304
9583
48
7303
5214
9385
5587
5931
981
10689
9184
7572
7915
5767
3380
4855
9618
8597
255
9747
8399
3302
7338
10429
8261
8250
7836
283
70
10316
6089
11374
2887
7718
8682
3768
56
5005
4159
4069
169
5364
226
8719
2374
8555
8919
9172
3951
333
6469
8616
11235
8515
3891
1113
90
629
196
66
10249
8620
5838
8927
10941
4077
745
10766
11130
6613
4920
3745
6259
11228
3141
3594
26
10138
7340
7575
1519
386
4857
3331
8410
183
1632
8650
11250
7173
10536
4562
895
6029
8072
1352
10850
7419
1607
7385
1417
296
9282
3818
10747
11323
152
1362
39
4733
265
693
250
258
8023
10254
9329
10812
599
7891
5338
102
9232
3219
4003
1370
6923
2838
2160
4392
4252
1125
8386
7750
2480
5444
8
8046
9948
8455
17
9946
2199
5914
7984
910
7677
0
272
103
5785
7622
5708
6996
2845
5624
9717
9691
9105
10533
189
164
5840
4585
9381
10502
33
11123
9109
2485
5842
8999
8715
290
9657
5510
8364
175
7353
2433
10384
9304
2317
2836
19
8173
3377
9480
