6871
954
2210
6591
2718
4676
10377
6067
2864
7849
8039
4122
4644
350
8117
2499
8778
876
3347
8517
9325
1082
5639
5908
9107
8308
6469
11025
8100
5571
9491
4034
6129
2088
5813
5837
8261
5074
10129
4205
4191
693
7668
1489
4462
5797
9538
7382
404
6029
5290
5612
2247
1668
4859
3669
10696
2502
10316
2406
8864
11288
1972
5849
5697
7241
1426
4005
2048
6880
1858
6068
9283
9115
5835
4025
4473
8396
7518
7718
2041
6944
6844
2069
8437
2373
1049
6151
10572
11024
713
2236
11121
2369
8346
1791
10787
5676
2115
10399
1612
7070
3470
9117
1830
345
11361
1384
979
5814
2547
1139
9969
10981
479
8134
11013
3594
6987
4067
6352
1827
7371
1451
9346
3581
4422
1855
5005
5217
5866
4264
3866
7086
8861
4667
2174
7458
8549
3841
10451
10336
9376
2442
2283
1660
9237
1790
3864
6225
7948
2921
3951
11049
686
10323
7057
3728
10606
8951
3147
2061
5587
9904
10808
10483
7281
1673
7892
794
10532
7925
4534
3219
8307
10670
6452
9728
2455
8502
3716
847
2551
6827
1424
5289
5724
5673
7583
732
11251
7291
1905
10501
11232
2939
9192
2972
10131
386
2890
4280
3507
6027
7389
10832
11224
4311
2494
2106
2966
9184
5192
2694
3033
10365
6595
5666
11375
5225
2564
10009
9699
8256
6165
1744
2616
7709
5532
4830
543
10354
9034
6474
1119
4702
6699
1012
10018
11026
7214
7883
4649
10802
1407
1023
4446
3332
4749
9956
3146
3450
5234
1104
8636
9946
3603
5323
4854
10710
5223
1770
8798
11008
6482
10334
4943
7991
2160
6203
10201
7489
5564
1371
1021
642
10577
5134
6938
8048
2459
7010
8562
8919
1171
911
7193
1974
10519
2484
10408
751
5569
7352
9073
5121
11130
2672
1824
3734
5194
4185
7054
2480
7932
8072
7905
10958
3275
5616
10724
8149
1901
8232
5221
9329
1125
10060
9492
2815
6814
8579
5136
2841
7573
11312
5078
6704
8487
5058
5944
683
10725
7045
10074
10853
4960
1538
1854
8132
3216
6361
10972
9763
849
10748
7958
9452
7603
2850
11018
6613
5555
5364
2653
677
4004
2838
5968
3160
10913
6707
332
3768
8940
333
3508
922
2900
6034
9044
10416
9271
10551
11029
1128
518
4180
7075
10347
11330
6664
6410
2264
2490
3171
5810
676
1307
3349
8999
7761
8515
1823
7811
8682
10856
4967
8555
4615
6475
3887
1388
2485
435
1352
5237
10319
883
3094
2019
6434
6728
11106
2265
839
4295
9815
7488
10249
8976
7222
9750
2032
913
4176
349
1843
3888
812
6194
4063
8290
8597
7145
3659
9649
3003
10168
9501
11235
10140
10621
5798
8229
7770
7409
7175
1734
10086
527
6143
7699
7884
5583
7347
7176
8707
5468
6132
7201
2433
2054
770
6114
2245
6508
1483
1544
6334
8660
7034
9415
7036
6690
6976
7581
2862
5800
7753
6820
599
3561
5794
4945
4336
4455
9070
4475
10158
5490
6756
9583
4520
1567
8637
9593
8961
910
10648
7774
8516
4322
1454
10896
3843
8993
9639
5408
2887
7685
1152
8250
6503
10076
10295
5542
3786
3392
4947
3751
3732
8859
4325
3529
944
3490
1480
731
1828
2425
9407
6630
804
557
2374
7353
2907
4966
3525
1209
7916
6038
6339
8410
3530
7449
3153
6083
6656
6002
9903
1996
11300
3733
9515
5053
9582
8245
697
10611
10850
7804
2199
2456
8241
734
460
6259
9364
1441
3451
10618
3041
5565
11107
6349
1011
4709
4077
4326
1042
6752
1519
9657
5479
2426
6374
3434
10937
7898
5212
7521
10124
8474
7396
9943
6991
10804
11325
4252
3686
5807
10679
8085
2924
11223
3044
784
3946
1380
9545
1781
6968
10833
356
10090
10803
5035
1766
11337
1369
579
2910
9161
4585
1396
2775
728
8949
6891
9257
6431
7151
7385
1202
6244
10213
5840
8748
11371
4700
5018
4243
3302
9953
8305
5258
7648
7529
9510
1931
3977
5731
4675
9105
7524
5052
10384
1457
1977
3328
9772
7130
10144
2650
1857
10229
9997
5086
3043
6112
9778
9137
6315
1815
2819
9282
5946
4985
8604
10045
10626
10557
5358
4183
4236
1735
4086
11135
6625
3807
10078
1962
2861
8433
8268
6920
4060
10128
1583
7261
11283
4331
7500
969
9494
4160
6725
2539
9179
1749
336
3758
1117
6136
3012
3988
8711
7547
11210
981
8498
2639
3836
3210
9232
3762
3499
5568
2196
9490
3597
2556
9033
3476
5206
9092
7123
8215
3111
8025
3315
4735
1529
7132
6318
6840
1181
10674
1364
2836
9209
10008
5649
9795
3673
9537
4296
5931
962
1876
2090
10563
11301
5974
10928
9948
11326
3097
817
11228
9419
10533
6327
4901
4374
1297
10806
10436
9952
7504
7575
10676
3605
7712
6761
4730
8974
2362
5854
11249
2520
8944
6861
10000
9379
4087
8349
8181
1777
4135
3011
2165
8741
6296
10357
8237
427
8091
376
9549
10741
5748
2754
4857
8035
9609
3536
7702
4787
6947
7191
11323
8535
6411
2865
2940
5334
10414
4069
6018
6354
8304
5440
7762
5268
9163
8726
3117
6283
8719
9229
414
10231
10502
6473
4636
7499
1252
1177
6996
1470
1908
8895
11250
9445
4445
8776
4151
7436
11045
1490
918
3074
3239
5388
4953
3298
8696
6031
8882
9556
9585
11194
2317
7634
6044
1242
3642
2182
6196
474
4545
555
2325
6588
2371
1689
9380
712
4084
3879
5352
6278
3832
7011
4923
10528
9507
9768
2403
9708
1585
3763
2192
7329
5167
2164
9747
4285
9440
1948
10830
9605
7101
3141
1261
9081
4733
5510
1092
4047
9534
3727
11034
1498
6845
8982
4388
8616
11295
5384
9200
8595
9172
7534
4346
8096
9373
1400
6995
6838
1976
6866
10720
3464
1846
3877
8386
6454
4625
10791
391
5624
9381
4018
4920
9186
5784
1363
2311
5815
2927
9217
7893
8080
11231
6659
4164
11277
10537
4997
11318
3102
8046
11298
10766
7478
3812
1343
2928
6914
6572
10690
4272
4228
11225
10780
2528
10297
2845
2605
1432
2562
4463
5403
4656
9916
3745
1450
1059
2917
4988
3968
5770
8732
6235
3246
8062
2671
5785
7338
3331
10525
8251
5197
11041
7033
1223
3723
5838
7556
5842
9387
2180
9072
7552
6811
9636
1764
3082
9082
8104
6158
8057
4573
2737
2024
2393
8038
8710
3181
1608
9441
9926
2516
8023
4562
1149
8071
7140
8055
5625
3818
1220
4159
1159
1126
7027
8136
9638
6064
3891
9384
5658
9513
3516
9495
7746
1709
9660
9394
7590
6124
2609
3755
8034
10857
2000
8650
1607
7801
4729
5819
2712
4853
3592
4855
8569
1582
5527
10287
9002
629
9889
3502
6090
2296
1602
9626
10346
9203
2113
8611
1113
9885
4948
7572
2782
6022
6506
5027
10499
2316
10254
4741
3907
3245
10034
5827
1484
2468
7114
3266
1303
11019
5651
4073
11149
3355
10659
6268
6468
2954
7591
7896
7290
3038
3377
8527
2983
6762
6169
5914
11213
4392
3656
2810
1306
8930
5708
3118
5029
7679
2155
7891
6717
11009
7695
1568
6604
10014
5214
9076
8862
11373
9632
6292
8321
7622
9921
4259
7758
2047
1094
2417
4891
4658
9422
3019
1676
2386
7306
9986
7429
3236
5528
4028
1060
4757
6488
5599
5985
4688
8088
11310
5777
6338
2256
10855
10794
3788
3286
10719
5115
8671
4543
8031
7919
8598
10253
7861
5688
1906
4128
895
4297
7750
4964
11099
5393
7597
2808
9309
7080
8787
10779
6131
7824
1055
3632
10969
5792
6790
7700
1800
5783
7984
7818
6542
8572
6893
1995
1175
591
2173
10283
8374
7915
4261
6040
11050
6185
4913
9183
6208
610
6560
7966
8467
1447
8399
10439
6557
7059
3318
7982
9865
5328
2847
5179
8276
7513
961
7951
9113
3380
535
7172
1933
6289
9843
10270
10393
2327
9021
7757
1760
8097
7836
5224
1531
8421
6460
7587
6906
9580
3624
7020
5245
4535
1417
1072
2663
1621
6059
2806
7340
7271
439
2503
6821
4074
11315
5362
4142
8867
4108
5118
10703
3172
1693
745
