2600
7
1820
3838
8799
5758
2259
9502
2622
4433
155
10321
1040
9311
926
6712
1123
9309
4299
6659
1099
6337
7198
6131
4789
10497
11079
10274
7477
1455
1577
1043
8182
3506
10443
850
2582
9003
5045
2506
5979
8140
7614
5478
7498
2536
2314
5503
7863
10231
10596
6106
11201
7175
1645
3673
6387
2272
5084
10186
10041
6059
3661
7371
10412
632
4855
3989
4498
1323
1023
11347
11243
8365
6596
8126
335
1863
9974
9809
6760
2626
6707
4701
10447
8692
2521
7342
9039
6822
10547
8156
3616
6780
3678
11058
4077
6004
6279
2534
8010
5962
7982
7291
4817
11200
1915
5438
2780
3103
10787
3492
1919
5931
7930
7872
4640
11012
1748
5416
8155
2475
4535
10193
10336
10142
3820
3962
682
1653
2444
114
10198
3240
2593
932
10408
1037
7046
3280
4541
2469
5544
3554
4326
1093
3534
173
11366
3886
428
6972
2337
10350
7551
1049
4039
4901
10836
3797
96
1522
4276
753
519
11186
6507
9150
907
10099
9776
6405
7092
3337
6640
859
658
119
7323
4327
902
8713
5534
8991
6274
9054
6026
8988
10998
5419
5125
7929
1163
5759
10406
7019
4840
9911
8942
9899
7791
2445
5841
680
5082
6105
1485
9796
3045
9226
7248
3719
7795
9477
3135
8149
3428
7862
7592
7259
5511
5188
6076
3599
1849
4450
2486
2502
2569
10517
8601
6653
6229
3770
2706
742
7980
10878
1472
3505
8222
6511
9190
10674
8474
8612
4000
7833
7081
7979
6912
1355
10509
8979
8166
10630
11033
1158
1654
740
4265
5187
1298
1921
10950
4429
3359
1071
2601
8712
3069
4171
9992
11151
8081
11097
10449
2541
3827
2881
7271
8662
676
1876
7279
4972
4190
9435
10600
996
5485
3427
8721
5910
153
9592
370
6666
6350
5219
8772
8433
443
6622
3445
11334
8533
3414
10773
5453
1552
9580
1201
8052
4878
1192
1467
8760
3327
7582
11029
8681
7383
7080
147
1189
7853
1516
2716
9464
262
88
10538
5424
7869
1386
3252
3565
8912
8700
9043
3041
8892
611
9921
4354
4137
3031
905
9408
6523
4253
6772
4660
5523
5141
6785
10022
6065
7120
273
3773
2884
1292
3017
7089
8778
6679
4161
6504
7949
4150
8078
3333
3624
9648
1144
9218
9411
3690
9786
6294
10379
9410
6055
4630
9529
6434
4067
8251
2085
2461
7960
7946
4390
9099
3340
3241
10663
7915
2045
4234
3472
8307
9907
2858
7330
1089
736
768
2267
2005
429
5803
6278
3956
11121
10352
2545
8315
2533
1237
2477
2358
9073
7973
6297
6606
336
7588
1433
11197
979
9965
2229
3385
5275
7222
3810
2020
4513
876
6938
1773
2246
1546
1765
7957
10380
4760
6761
6983
6503
5499
5227
6864
5230
6041
5628
11053
10475
10717
436
1533
3600
4027
8014
8908
6493
6199
245
6421
7439
6238
8293
9766
1994
9928
5821
1293
3906
5402
10522
8605
125
3270
9549
10457
8702
4322
10068
8679
1426
9486
10988
5178
6178
8271
6673
6103
9610
7287
2245
2638
2823
8356
2767
10292
163
10374
6773
3744
1783
1367
2298
3419
9984
9456
8786
7236
1709
668
4142
6433
8935
3126
5582
7758
5310
1126
1067
6814
2834
11051
2747
7388
8117
1405
8546
1751
2154
1943
5804
5557
10934
4464
2948
9051
3836
2122
2460
10685
5990
2607
2320
4579
10999
6765
3493
11139
953
1508
7806
4763
1635
10818
2304
2334
4425
963
5653
10887
7361
1519
10216
9727
5762
9478
1531
1229
1279
7733
3116
1580
7442
6657
5375
3433
80
8178
435
3163
6251
831
10389
5707
8301
3566
3371
11320
10883
4147
3547
9314
5623
9942
3809
3784
7717
9335
416
1352
1861
6383
10511
6819
5891
5377
3754
5578
6595
10583
8289
6220
7429
4508
1051
1481
871
4996
4974
2360
6311
814
8454
223
3660
82
2285
7368
6011
6207
2327
9261
4053
2313
10403
7778
8558
11364
10782
59
4952
7546
7280
9548
5195
7132
8386
10803
7356
5720
8517
3287
461
8300
4125
3691
2417
2091
4736
4217
6133
7408
3128
3350
653
4824
6210
271
8758
10306
4994
3173
408
7134
4290
2008
1810
6928
9970
2574
6006
7310
3086
4222
3334
8882
5337
4289
799
9424
6425
1101
5122
1174
9180
8821
4755
312
5409
5251
9377
10268
401
7249
7452
843
1079
3780
3548
2321
1326
8536
4306
5435
3461
6587
7411
2500
778
10383
6291
542
7322
5066
561
4935
2700
7893
8213
224
383
1363
1959
7570
7954
10391
145
3462
11215
5727
1268
1889
1618
250
6952
3141
6097
5262
11238
9969
6332
4176
9915
8513
8557
6437
2378
8886
8256
4611
3800
5201
7245
9416
3399
6177
8391
10743
5165
5800
8960
5239
5568
7881
10472
7805
8013
5772
4196
866
6473
5535
903
7652
665
10698
2172
10013
3672
2457
8668
3028
9744
4166
5483
4277
1087
9351
7021
10178
1977
3631
10164
3671
4651
8576
7374
3902
2330
3185
5426
9312
5052
10230
7945
6539
7151
7811
4366
10264
8119
9684
9392
6996
5349
1307
5763
6454
7105
8261
10237
6119
7438
2232
887
7994
9613
8410
9869
3959
3187
19
5160
11184
4984
5594
6642
152
7221
11296
6379
10955
1383
3188
10905
8144
9703
6468
8580
406
9991
6895
2196
3999
3349
10062
513
6072
6756
1438
9021
9365
10113
6414
1127
994
6250
10931
3937
11338
2406
5548
6232
4787
10518
420
10977
4377
9209
11001
10102
8216
7162
3465
2213
8510
5692
10908
4695
8905
8002
10267
3711
696
2377
7212
9606
5723
9245
7348
6841
8226
10095
9047
3767
7535
9144
4365
2231
5537
5249
10525
7877
5977
10064
6625
1815
4175
9006
1380
8183
5093
1556
8709
4797
503
10961
7168
1980
6915
6053
7714
9839
5940
2179
7558
9622
3000
6481
4228
1755
1218
6440
8728
8489
6886
5132
7156
11004
2719
3578
140
346
1541
8890
10995
3861
2294
2123
5490
3746
2186
7734
3211
3859
3725
1521
2424
4143
1808
2627
1753
3634
2801
7444
1604
4462
2220
2239
4102
10311
4602
10882
10880
5459
9573
1586
10871
368
5138
9111
7232
10552
6330
7755
11190
10066
2605
7672
5851
5925
7839
4594
1888
6048
310
8528
3687
6868
849
6158
4260
6244
6201
77
2800
2885
316
6216
4292
6051
7698
6508
4659
4944
10056
3835
2342
10407
1098
9089
9281
5859
5302
11236
827
1961
7939
883
3524
10279
7731
8143
3262
3165
8629
9533
2149
4941
9179
1529
6345
3068
5309
9194
5625
7543
355
8936
11308
4605
7687
10098
5277
5777
3394
6795
44
2226
7412
11008
6601
5185
11247
8364
5605
9949
1206
11056
10565
8624
5103
9608
5005
7160
7736
7964
9903
9156
8450
9241
10023
1028
5197
4953
6695
8206
7861
2028
4359
9202
5127
11210
2171
3922
6836
10074
2033
6697
8940
2061
2785
2646
6162
1705
2391
3891
6351
2878
1203
375
4678
2070
5450
5540
7083
2305
10561
4059
9561
10297
714
7800
10108
8435
1076
6812
511
9782
532
546
10283
2240
2490
106
6056
8900
3207
289
4286
6833
4139
8381
3848
8531
7005
10463
7837
1468
4188
3384
2399
11019
9105
2725
2176
8633
10257
46
4146
6937
684
1025
10253
6862
8005
1211
3706
7684
6626
625
5109
6261
2384
1545
9760
8048
9619
6889
10124
6494
2976
6808
5279
311
263
123
4537
4279
2222
3298
8698
2684
3650
1555
6970
9438
1639
9575
2631
3823
8515
7362
4871
7226
7922
1095
8859
5263
6446
2470
8506
4509
11253
486
3035
10527
400
10271
10125
3919
6292
4683
7377
8352
1902
6751
3791
1772
6358
9104
8151
8865
9009
8487
7850
7564
8741
11166
4559
2964
8426
1955
10200
1282
9774
4011
7876
6948
9952
9034
3290
10968
9413
2698
2963
1066
4258
402
5315
8649
7006
6950
6374
414
5570
4040
2025
4225
9897
4977
9851
2354
4480
5214
8619
7088
4119
9485
9310
3396
9378
1968
485
1024
8611
326
8571
7066
9948
3774
3400
7581
1750
7521
3171
3728
6788
9151
4284
9230
4262
3253
1584
973
4547
10948
6365
157
7741
9971
2107
1725
5565
5271
3581
7030
5254
10604
1550
11244
3449
8367
8169
9409
10637
7104
9062
8354
9081
11109
534
6829
6852
8516
2712
5640
8693
4775
4730
3124
10454
928
10300
11258
9865
4949
9848
1215
3354
6492
4662
64
2852
674
2160
1794
7513
1070
1008
9863
8029
3435
5930
7413
9199
879
4461
8550
6971
4556
3994
11322
947
1846
5126
10563
7713
4954
6444
2347
1764
11149
7472
2219
8534
864
4839
7185
5988
9550
5690
4499
3276
203
478
5403
293
129
5364
7208
5421
2077
6672
3876
10484
5308
10729
6399
2606
8903
3082
2790
9289
10982
8042
1014
2628
5470
4183
3603
4595
6174
7459
11378
3113
1688
11312
3056
99
3960
1280
1634
847
6797
8891
6510
8278
5051
10358
4452
2629
11289
8519
7043
6881
434
6206
9734
6137
10049
4208
3933
2449
330
2017
9797
11374
9422
7548
900
135
6397
5156
10699
3737
1511
214
10291
2290
8141
6775
5853
7807
10136
1982
8299
7917
5352
4409
5907
5089
9501
5932
10618
11229
2845
2559
1476
735
3889
2568
6519
9020
11295
6028
1743
5838
11254
5259
9912
8696
554
1792
2227
399
9518
10716
1954
11161
11118
8372
6366
4568
3756
9821
1928
2944
462
9802
5162
8623
10811
9323
2503
6477
1845
2733
10423
9325
1951
5814
4643
9871
5399
988
6597
8501
8669
5596
6067
10158
5393
6783
4554
896
1730
11014
1200
6002
10427
8970
7849
10338
11203
5097
6049
5710
9905
4872
8956
1903
8341
1544
4049
4339
7009
1701
6309
10251
10322
5273
4116
474
9240
9889
10206
10505
4030
5709
6007
11287
9731
1780
1778
9985
2704
11045
199
6450
1375
5404
9925
1117
8163
2188
1186
10575
4408
7655
5117
10605
3757
10192
691
3405
2128
1776
100
5782
1342
1498
3495
11108
102
3572
4684
9145
7250
9844
5768
2974
6403
9792
2599
2053
9959
8707
6976
10360
2495
9621
3556
5003
4361
9783
10516
2088
4114
8830
4636
8752
4155
2663
8273
8434
10346
2356
8878
965
4160
9139
9801
1055
10070
10187
9466
2995
9916
5619
6081
7000
10841
3739
10159
51
8137
2496
2211
3568
8160
9263
1644
8496
70
4440
7888
11112
2047
4833
5335
6110
8134
6922
3442
10465
2546
11123
3971
7597
10691
1747
10951
9354
1030
4564
10221
10233
10666
5069
1992
6806
7627
359
11107
9014
7826
8392
2416
6880
5035
2583
10189
1877
6835
942
3491
2617
9931
11369
10309
2848
6909
10410
5705
2466
1712
987
10928
3502
2912
11235
1422
7944
5684
2550
9217
11024
264
5431
7845
2252
9317
3747
6826
4168
4520
10638
3430
7387
6867
5866
6452
2735
5845
380
7950
9603
5440
6540
10804
3973
4903
7336
6115
8715
8532
1647
8838
7332
11078
284
7171
5380
573
4167
6326
1247
6038
4497
10072
9472
2865
7856
5818
7428
242
7836
8555
3507
6725
8792
2838
8122
6991
2675
9425
5981
10470
9690
10011
8282
6255
2701
4832
6012
2898
3613
4851
811
6977
6638
2331
9881
7182
9406
4233
8672
10736
9500
8276
181
7335
10822
2968
1828
4690
297
3368
7829
10965
5476
3317
9967
10835
2952
2236
6267
1059
6346
935
3704
4576
985
8001
3174
5107
10289
103
4785
4238
1372
889
10976
2224
1629
1114
9918
10611
10076
7817
5006
4645
8568
3788
4241
7972
9067
1981
6674
6246
3101
3569
664
8989
10642
8411
2987
4200
5242
10375
7367
6776
2397
6021
9874
6547
3982
5538
8123
1565
1035
5501
7673
2286
3965
3955
7339
4045
7923
202
11262
3658
3455
11276
1573
11281
3179
3432
2318
6967
2027
2804
7436
6145
35
4644
4254
5359
1390
10767
7370
7273
7479
1425
1296
10707
3364
3975
4727
8976
206
9542
10925
5666
6136
9374
11047
7401
4932
57
4486
3976
3347
834
11111
10687
774
5049
5090
8223
7587
9482
2699
1289
4071
4906
10740
10993
6301
7670
1542
7410
5915
5734
9360
5678
8493
9343
69
1759
5009
6449
5232
2947
6372
6099
6256
537
5797
7616
231
3633
11354
9678
4900
5789
4227
1850
6921
3047
5658
5172
5743
2132
1153
3694
1492
4582
8607
4132
9344
9102
6516
2351
6123
885
6655
11348
10340
8470
10055
10533
7278
10708
940
9560
2897
1989
8357
1210
2411
10704
7270
2390
5505
3847
10335
2614
1597
11360
5698
10488
5949
2661
5336
3987
760
8602
5348
7416
8666
4500
8509
5276
7400
7785
10444
6167
5480
2311
276
5715
1506
7661
2143
2225
3331
1414
7489
2273
8408
2969
8952
3300
6290
7848
9384
9269
10555
4214
2742
2690
704
10213
7665
2515
6391
7838
7966
3635
4563
7540
4015
2764
2772
8978
9811
9668
3777
6472
7075
11074
5672
10942
1836
8479
423
2366
4604
5583
432
7623
11292
9749
9494
1524
5963
11099
1252
8954
6564
10675
10196
1547
8022
10537
4715
9292
4457
2518
2062
8060
6649
4141
9
2332
9834
3822
6390
755
3786
2010
9945
9045
11217
9896
1424
3249
7728
10232
10879
1756
5566
9675
6636
6259
7727
10770
10211
6573
5820
10588
407
5425
8218
6590
1297
6443
5621
5529
3153
762
6578
7300
875
10893
10223
10225
6917
745
322
10051
3968
9726
9238
8915
340
7485
49
803
8344
7213
5460
7072
3601
8161
6807
12
2218
6296
384
9553
1167
9854
10282
7510
4881
5553
6068
6092
3640
456
10366
10688
8185
8082
7554
1463
8234
11340
2871
9762
2095
5374
10569
1770
3867
2291
7333
8
2505
8389
1436
5234
1633
7402
3478
4750
11015
10793
1469
8281
10764
6211
2367
9197
8843
9471
1169
8508
1149
7239
1697
10128
7240
10746
5452
4781
11267
6565
3468
8701
9595
9913
127
217
8680
8421
1107
4126
412
8499
6353
10088
2610
7997
10616
11060
98
5135
5180
3204
10850
8893
2484
4381
6855
6375
5974
8347
10386
3307
9328
1073
6633
5043
1837
3244
4109
6272
671
9201
8457
1582
3700
984
2420
9443
4395
1710
8969
2717
961
8697
3680
9013
1021
4511
3920
822
3530
4566
7701
215
7855
9126
3862
8321
8407
4920
2642
9953
2825
10156
8312
918
3070
3426
52
3961
10499
10549
6458
9140
1373
9079
7956
3498
3328
5970
9191
8011
5333
4838
5063
7625
9644
9267
211
9123
997
8349
8564
9946
15
5680
9654
10580
7516
6566
6824
4060
7011
7161
3849
5383
5004
3870
925
3972
7199
2624
388
2595
4714
5556
4315
6182
9617
2813
4351
2302
6466
7216
1858
2833
3698
7457
260
4070
11361
806
3342
7086
1258
6849
6671
5248
5119
10788
2426
8458
8197
7022
2207
7328
2726
6685
4791
9393
2649
5924
4044
4717
8780
4220
8072
8186
6195
10006
5943
484
10827
692
5502
5020
9305
9453
2181
9192
6306
2479
1581
3832
4716
195
8473
6121
1494
1306
9061
2724
971
1338
7572
5834
7971
10239
10341
1677
1002
9337
1085
5533
4964
5464
3178
936
1972
8820
4492
5200
605
10906
3589
8622
10875
17
10130
10602
9546
630
8757
5229
5806
4493
81
10205
2315
7936
3215
7210
2263
8050
2254
188
9210
6883
8694
6624
5096
6293
10390
4731
154
9087
2721
1056
9394
11082
8468
9153
3853
7108
5799
10500
3552
3365
5339
7423
4353
1050
5355
4862
6903
9480
7381
3251
5255
3425
1124
8946
8939
4948
8019
9685
846
5208
11214
8329
8400
6537
3642
8817
10179
6063
6356
1691
4287
5241
265
5130
10816
3729
220
956
3164
7157
3412
813
9741
1718
268
27
1741
10877
4170
4342
1356
11037
1351
2889
1412
7942
2738
8657
2383
2264
469
5430
111
7604
6528
9242
7620
1000
1689
5388
9884
10031
8028
3018
3011
555
2565
4443
9650
784
8111
2829
4197
9031
1483
6608
9545
1129
2991
6024
4090
7931
8228
9895
10003
10890
9962
839
3182
5123
4086
4687
10978
2839
7770
2949
10106
11365
1191
8816
4865
9319
196
1271
5895
514
11073
3486
9527
6588
1294
3245
2773
9850
10426
4888
9002
1244
8604
6898
6108
3233
1866
10301
4729
11104
5904
4431
3338
405
1953
10060
7100
296
860
4927
6500
5120
4099
1250
8796
1240
6686
9113
6194
11013
5519
2412
5179
8316
1325
11175
3723
2880
929
775
5102
4164
10254
4666
1848
8375
4224
7854
7397
7321
7027
9588
7434
2396
1489
3544
2918
447
5714
3781
5893
6616
10210
5761
645
5469
4507
6040
2769
7560
10477
2602
9025
7265
7045
4909
6047
8453
303
915
8484
2463
9224
11255
1138
7167
508
9947
6804
1459
1923
2919
10204
10418
8551
3623
9996
2958
6820
6637
2120
9496
3970
2458
4476
6605
2035
6112
7810
488
42
1502
2022
908
3815
2586
10909
6417
6522
6681
10722
4092
2588
1361
836
9843
7657
7965
3417
2483
1661
7470
9853
10506
7937
1378
10195
1096
8632
9428
3299
6439
7646
356
2312
240
9520
11294
9083
5283
5969
1501
9804
11282
1365
5072
4892
1175
4194
2437
2905
5506
1781
3598
969
7432
10705
2044
960
2563
11272
10166
9658
7823
4821
4650
7096
780
6530
5889
6744
3190
5193
6219
8288
6187
1870
4626
5461
8540
1787
4432
830
4607
5960
8737
7276
10114
6044
1052
2435
2498
3721
8309
2248
580
8895
10507
7103
711
4894
518
7983
4218
10078
5791
3330
8971
9859
10943
1804
2552
1775
2523
1593
2611
9956
3129
8000
10664
246
7998
5646
8394
243
1329
10048
3154
5749
5965
6479
8476
4235
9278
2006
2620
8593
2471
7654
7825
10970
3901
10574
2098
9186
8040
3912
397
3831
2759
8677
3282
7573
9015
9515
1912
2531
8374
1391
5948
10005
6101
1156
6593
8921
476
4746
2525
3772
6300
3320
2613
10683
5434
2660
2812
458
2794
10853
7593
5423
8066
6042
4889
1315
3654
6985
4989
9509
7674
3854
6129
7386
2488
1656
8091
6196
2508
9742
3611
4173
10174
9152
8587
193
7443
8554
139
3072
4719
980
5253
5986
3108
10090
7202
930
10419
5493
8683
5765
10363
1583
11000
1214
2333
9849
2811
9763
6777
2616
9537
9044
681
2400
10510
11137
2278
1219
3099
5980
7782
5176
5385
439
5373
6942
5604
8393
6800
3420
8617
5429
4466
2817
10833
2000
1537
3949
6876
4280
8798
10556
8326
7007
1931
1262
5542
10941
7494
623
1016
11216
2557
5391
3751
3911
679
3061
9026
7900
7460
3750
10910
1291
1395
5929
1226
7866
6215
7571
7846
10514
4868
1663
1679
2537
5588
2874
11371
6958
3733
2195
3352
4999
6531
604
7708
7018
5116
4012
10739
1381
10077
2734
4808
8595
3799
3652
7038
7789
2835
3685
2221
5354
2729
8093
7926
7675
8006
3217
1147
10668
651
6464
6979
1724
9845
7150
5053
795
9118
9340
613
2133
727
8768
415
11189
7119
10319
8765
1739
639
6924
1963
2709
515
3724
97
3953
5361
6197
6801
2113
1350
6538
5870
8164
8007
1475
1266
3205
5894
2603
2491
10866
3083
10693
6263
10834
11017
8503
9612
861
9687
524
8720
10153
4825
2938
7555
9322
10742
142
1392
7742
10791
5775
9598
8748
3139
545
2808
10451
10921
1170
7518
4856
7996
11362
2369
6456
7650
1432
5270
9011
2018
689
1263
3436
872
4305
551
2580
2697
7738
11170
6737
6600
9053
10821
4722
3798
1379
1265
9729
10974
9248
5305
4990
1308
180
9479
1499
3134
598
11059
9272
7679
5143
5562
11297
6941
3669
5439
2303
7958
6549
4181
6499
6877
7663
6355
6796
2032
4032
4814
3271
10493
11260
5953
2363
688
10790
8075
8174
4805
9519
3702
10861
10027
5785
11171
185
2751
7911
4751
581
1042
3904
3591
2262
3158
9447
8267
8085
3567
256
7058
7146
5081
1880
957
1300
5939
6563
7274
8930
11057
7989
1228
3007
212
7569
9300
3458
1155
8711
4798
8582
5543
5600
11185
1116
3676
570
10896
1216
1183
4191
3155
7121
8114
11317
5353
6803
10748
7169
5149
7266
3346
8062
8037
9499
7196
9251
5681
1312
7407
7355
10438
635
3929
10244
10303
7868
7686
4562
2012
4926
285
10843
3693
3590
5878
9476
6953
4614
3844
1420
5492
9138
7044
3091
2170
10302
2464
10131
5376
3917
9539
9826
5145
427
4343
7544
4145
3593
8366
4467
10751
5068
7798
8596
734
6520
11116
9601
8432
2474
7822
10307
4524
6170
7244
8523
7145
6726
1606
5221
9097
4761
2961
4065
10881
5266
1011
10682
9615
11077
3221
1777
4512
2247
3546
6794
7977
7729
1814
1886
640
7821
10650
9930
11199
9234
568
2141
5526
10701
105
47
4657
4712
4301
2497
9339
8132
8578
286
8430
1922
8272
10376
11087
4401
4960
8425
9980
382
3020
5316
7891
8373
7651
3366
6147
5510
4624
9169
7020
225
4089
10741
5614
2287
7183
1130
764
8868
6993
4179
637
3948
2105
3416
8176
2048
2102
3594
2625
5748
2269
9645
3325
9189
4877
186
7617
9167
9074
4938
8059
9046
7517
4163
5753
549
10645
10001
647
699
9252
5094
1826
662
7985
10487
9467
10807
5682
890
8467
6882
7562
9594
787
353
2612
11225
6052
2156
5517
4317
4667
2279
2966
690
10007
5267
7461
2665
4383
190
8739
10105
1275
8004
9724
8225
1255
4956
477
3560
3771
9010
10183
5530
11252
4698
11154
1696
1110
10494
4737
8990
7357
8818
865
943
7624
2328
5474
8275
641
2796
9350
7421
10140
1302
3291
2916
9462
10228
5073
3223
535
4470
10713
2926
7002
6362
3161
8574
442
1396
10396
5515
7889
5778
10464
6117
5903
7927
2441
8398
8631
793
9873
11028
4219
6557
6430
4054
6956
294
1454
1084
7747
9512
995
6734
2866
8492
3709
7205
10589
7149
2592
2853
2288
10652
4148
608
10759
10040
5616
7828
3423
187
10345
7237
1720
6124
9397
7246
6331
10824
9775
4521
7064
8870
7422
5610
621
3941
8044
5312
4961
10585
2413
9567
11188
1822
7138
9886
4356
7078
10075
5984
7499
10723
8180
874
5351
3655
10208
5651
8419
3918
9968
5291
3775
9933
9090
1
8733
4704
373
9574
2732
9489
6758
3511
7493
9064
8909
4533
1530
8034
4460
7406
11373
1715
7987
10597
9376
8771
4487
2119
3447
629
6873
2867
9872
1964
5318
11092
7049
4275
7857
855
8224
8417
5712
7084
938
990
5854
10756
4572
5034
3749
11164
5250
3540
10774
5617
4453
9960
8556
9686
216
3596
7933
10176
585
2765
8077
3907
6717
7781
8469
1068
6888
7643
5346
238
1165
1327
6190
8438
5071
1630
7347
1340
7366
3021
8885
3868
552
1370
1177
138
1944
10405
7952
9115
2189
7609
1478
4442
7813
1500
9183
8158
8188
10558
3497
460
10368
11355
2097
7681
3413
6480
4069
4360
1662
673
9121
9475
3279
2587
8068
5164
2075
7028
7269
7060
1735
4656
3785
7331
786
5624
1874
11329
4543
824
3545
6525
8869
9035
5070
1287
8448
5573
8761
3852
6935
6920
3162
6248
2374
1650
2350
1563
7258
9347
5675
9528
2215
6281
3674
4388
10771
10623
4376
4165
5330
9929
2847
7841
10933
3490
1891
7392
7463
4610
8539
10313
3501
3736
6401
10895
4978
599
4320
3653
4278
6556
7319
5717
5677
7325
7703
5549
8811
2081
11314
597
7754
6730
10381
8686
9027
9070
7115
8729
6678
9694
5713
1557
3229
10579
8103
6325
4811
6853
2633
8854
1893
6436
2900
5046
6560
9955
5086
7962
983
2161
9024
496
909
7547
8210
10904
10593
716
7595
3834
5572
11298
2895
6431
10420
7217
6929
3769
1512
3238
1397
976
68
2178
9237
3542
9524
3871
7959
7812
8514
9454
8941
815
9110
2487
5088
9504
520
10361
6720
9285
7753
1527
2177
3410
5077
4031
4080
1819
7473
7447
9203
919
10285
655
2539
5688
6749
5882
10413
10009
2126
3232
7131
697
6878
6457
4583
2805
2967
1006
78
2555
10467
3730
5282
4494
8416
6768
7418
4517
7380
7896
6320
6838
4488
11147
11048
5632
11249
1091
9098
4198
7501
8031
1823
776
5817
4641
2792
2009
10795
4992
5105
5114
2757
2975
11240
2137
2410
459
4226
2982
2242
8776
8422
3078
1224
818
3152
2268
4087
7830
2686
8586
8165
9564
9488
4606
4021
6690
9336
4732
7762
1062
9764
75
7497
2803
2795
2467
2696
10944
6200
10132
10560
1868
9793
4333
4504
2868
2016
5787
8100
3379
1746
5642
3294
9465
5224
2282
1196
3595
1668
3829
2436
7865
11117
5801
11376
10414
7114
789
4849
1450
6478
8743
7298
7311
10284
9609
8860
2929
11020
2402
3351
7883
10112
8998
9468
5554
8783
792
3453
6324
1188
11250
9816
8835
9875
9348
5378
11007
7424
9590
2666
4522
3514
6892
9759
11094
6416
9430
3996
6253
4186
575
2950
3485
9216
3062
10578
7303
2791
6999
7233
11283
11009
3632
422
3075
10217
4434
7041
9164
2659
10608
2784
4780
7628
8673
4328
2667
9372
8311
6488
4118
5140
10935
8671
8056
8239
7343
11323
7502
8782
5133
431
6939
471
3259
7508
9892
9847
5609
5154
11174
11124
10859
8268
4036
3675
7583
2223
1461
9065
464
5941
944
8785
1086
327
5716
8415
779
7324
7793
6169
8414
6943
4405
9543
2430
4783
7999
9516
749
1376
6650
6567
6555
1793
10689
5726
7488
1288
10586
6603
4055
1936
4131
5210
6571
2256
3293
6342
1601
4064
1423
739
3742
10314
9699
4426
1334
4991
6426
4420
5371
1878
7480
9487
358
4802
8934
7329
10207
517
395
2901
4661
8396
10157
8317
6159
3023
7354
4720
2013
9898
10024
4693
5047
4075
9506
4578
2799
4800
1727
8076
9626
7637
2909
3415
1950
11083
5252
3149
2003
6652
9363
3579
2217
1005
11158
11016
3880
10151
6978
7243
10973
10647
9643
3236
2108
516
3752
1956
2365
9260
11169
5945
6910
992
9824
1853
6086
10219
8779
10899
4621
9861
2116
5147
6213
2652
1360
977
1473
1708
9166
2779
2142
4094
10659
8030
9227
1813
143
9713
390
9838
2115
10353
4490
5356
10855
10551
9771
10435
7017
8938
5350
4723
8097
7525
1761
8951
3380
9181
8950
10956
1074
10117
8395
3431
4112
5848
2422
10483
10658
319
9122
9290
4061
620
1019
3005
10655
10592
4917
3012
3950
3470
1387
5696
6966
9461
7765
5944
7967
11328
6412
8327
2
9508
11224
6231
1785
8734
6551
9395
5334
9725
7553
4846
6893
9746
7780
8643
10000
771
10632
1290
9511
2193
8104
840
4549
5989
4130
9307
7214
9432
8842
8306
10329
7622
11103
2165
6691
5654
8505
2688
6166
10953
5781
10711
2301
5742
11152
2440
8805
622
3142
10801
3377
1284
2972
3992
2004
2832
3459
9620
9069
4100
5819
7767
11341
2990
9870
810
6180
8654
4680
5952
10188
8303
867
6441
7420
150
9318
6610
9923
5175
7715
3036
10991
9932
6189
4037
3443
3120
10246
5957
7511
1198
3925
4314
1184
3264
3284
8203
11300
9747
4947
642
4042
6902
10199
4058
8189
4705
3936
10810
2185
8907
6462
5411
7565
9577
2140
4885
34
8845
4913
133
1204
1197
8637
10762
3092
10678
9484
4316
8910
2155
9667
8200
7941
4403
2636
10920
4725
5673
2118
4963
5976
8562
10621
8706
3130
10167
5770
3231
9004
5721
4212
2352
2076
1997
1925
10030
1164
2676
4810
2019
2814
137
10328
11337
3256
6369
8380
1369
5085
5338
3930
1918
4468
3
6784
8572
2230
6389
3697
9795
4019
1497
5739
6001
6817
4424
11367
5909
1683
3097
8993
7001
3404
6543
8894
5014
376
10161
5708
1182
5360
11044
4475
4057
5780
2159
1572
999
10139
3985
8995
7384
3712
371
4847
5100
4590
7783
3037
11279
1973
2707
845
9196
9739
10789
5618
5722
7094
4820
5432
1859
6432
4296
10969
1418
592
5076
6949
11207
9568
3206
9975
10387
7143
200
8815
8360
4110
10333
9049
10916
6385
574
2056
6085
8298
4635
5288
2754
5015
1060
1904
6698
10440
974
9204
9695
8008
8544
7802
631
9037
6682
8753
6173
4835
1984
11318
504
4372
228
2309
4446
1413
5805
5655
5702
3921
3570
2058
10093
8837
9683
4628
7468
7445
4397
10680
9207
6900
6348
4975
4207
9714
6703
9505
1510
11113
7769
2520
7909
11343
5
3561
8459
1605
3966
2082
5184
1202
5887
5365
11172
5773
8208
922
8928
10695
6010
3586
1579
10581
11321
9185
6408
11119
7189
24
8541
1800
1246
3638
9296
10091
3030
4880
6428
1317
10846
10141
3013
2875
8507
6884
6264
2296
11181
4965
6183
3893
5264
1061
6989
2809
5204
4551
11115
5306
10897
10669
8333
10765
10515
9212
4664
832
5873
7448
6866
11183
5139
5058
5885
8884
8215
6316
9818
4215
2876
8245
2927
4471
4540
315
3131
1615
10317
8065
3573
3811
10181
8270
5840
5222
3310
7618
9891
4569
1916
2936
3525
1281
11335
1235
6083
1038
7106
10661
5445
7415
10627
3260
6743
9229
2934
6268
863
4639
10646
1145
3323
3143
4404
9148
1600
8864
1232
3042
7664
8212
2576
9270
4018
8092
2746
10847
8058
2139
9162
8012
11068
5528
213
1534
6550
5155
7281
2153
8342
677
1713
7685
6427
4542
6914
6925
10354
5966
71
9060
5091
2459
1898
3222
797
6318
5324
886
5816
8810
10543
3219
6524
7396
1495
7223
4243
5341
2180
3924
4013
8902
2877
4928
3144
7036
1421
10258
1798
7549
1788
2579
5194
8205
1523
2591
1766
8609
11143
7082
1243
3057
66
9050
9362
8744
3643
165
2281
3877
7799
6312
9433
1081
2861
7376
7013
8553
5883
7691
3549
2937
1862
5689
2049
3647
10437
10312
270
3438
2031
3004
6962
3026
6990
2567
7055
4135
9788
6188
2623
10924
1693
5303
11339
9720
4773
7256
6632
351
8253
3263
6846
5171
7090
10473
7419
9993
3122
2648
4335
10625
4931
5994
5630
5830
8107
7700
3059
9254
8887
993
6992
4436
9538
6228
8053
6088
4739
6404
5110
4270
2251
7294
8139
7016
3043
8996
1143
9656
7658
4782
934
8663
6724
7601
5901
4445
4310
751
10103
2787
164
11311
7602
7130
1913
4724
5798
3373
5769
6118
1233
1733
1924
4312
10535
6165
577
10019
5920
5344
5852
6731
8335
3981
7885
4998
10255
9692
5027
2125
7986
6576
8500
9702
970
466
207
3167
10417
9326
6
5454
5228
9459
8634
5872
9807
8932
1884
6127
1205
3218
2418
2702
6130
8992
5079
8651
10932
8584
1434
2117
3039
4003
2960
7529
2517
10614
1664
9917
5407
6422
7953
1736
3900
7522
6851
10629
6599
7112
5144
3050
6986
6723
89
2528
2863
4744
9361
4834
7074
3114
1599
2317
6487
5766
4966
7398
3743
8095
1988
5215
706
8179
1221
386
10939
5447
3526
11162
7559
11357
4754
3866
465
5559
10726
7299
10236
7490
3393
4291
6094
4285
4893
10776
1830
2581
5095
1901
483
450
6447
8977
7530
1115
1843
2743
7031
7177
8520
8196
5532
3100
6280
5115
10152
94
8135
2492
1301
8985
3483
6142
5669
8061
2206
1146
2788
2710
7774
9498
8023
4
11233
1513
1353
2398
9552
1303
7948
1674
3473
6392
8867
1757
10752
7533
4986
10296
8073
5935
7613
6934
8829
10839
2822
7111
6975
1678
10446
8020
1790
8287
4531
3857
5730
5013
6257
10526
4980
6498
3731
2121
2138
10947
4677
8045
724
10057
2408
4113
9294
5662
183
5985
10202
9927
2589
7113
10122
10029
9672
1514
234
672
333
1448
9036
1824
9434
10448
11065
2522
5918
6380
1465
3885
9315
8975
8202
6394
3850
8055
7523
3888
1672
2208
5489
5056
10639
4072
7500
7320
6241
8362
208
5973
6496
9380
8888
2029
586
11
7577
8650
2998
132
11336
1322
85
600
9398
4776
387
249
1585
7471
10299
2720
2824
9243
8504
5842
10540
893
6370
7176
10273
10946
8221
10898
5345
22
7771
288
5272
5786
6680
32
10037
10927
10868
10248
10433
5494
11167
1245
614
8684
6746
9094
2740
11130
1784
6926
184
10755
7229
2144
2368
6840
5161
7029
7292
10567
500
3150
6946
10972
10149
1337
5007
2915
7580
9708
7897
8442
1509
851
2512
3538
11155
8368
4771
10119
7284
3571
5216
11299
178
10034
3051
3932
3456
8302
11106
9812
5950
130
7375
5857
1172
3257
5843
10272
6214
2728
1536
6224
5729
3804
3531
10238
8846
9722
3587
7122
2379
8933
713
2830
2275
5531
7574
8083
252
4596
2691
4873
10662
5067
9253
1190
4601
8824
4051
6054
8324
8775
9738
3203
11257
6141
7057
4544
5418
4752
73
2409
2480
11372
5150
1321
3464
10234
10104
8745
2758
9288
5875
160
332
11096
3890
951
2815
7098
3198
1986
606
8880
8098
31
5856
11182
292
9751
5207
5644
9647
4283
8521
9071
18
2609
11134
1504
3792
3523
10121
3896
4201
757
424
10667
5498
10459
11072
650
10226
3137
11098
11293
2442
9313
6254
1022
6745
391
8973
5238
7706
9964
5541
3166
379
6630
7653
16
498
9557
937
5010
2064
6762
2297
5991
9805
7070
3087
8589
576
7557
5030
9939
7023
9259
4017
1457
6964
5574
4081
1515
5405
168
84
1864
4708
7514
4455
3645
7716
56
6654
7662
10402
3016
4184
104
1347
3049
1719
4801
6134
10997
6140
1638
404
10612
255
844
1965
1407
6438
2494
3625
5728
4772
11231
5703
3484
3133
33
8849
7534
7268
7683
11043
1408
8751
11135
4216
8320
1707
7834
7963
3440
6736
3630
7859
1538
5240
6171
4385
7158
3247
4642
3266
4510
9342
11346
2922
3963
396
2403
3651
6553
11136
10512
4456
3200
3146
30
1318
3022
5484
10539
4028
2432
7035
5563
9075
3845
10601
2190
4009
3254
6879
9038
9607
9587
3879
8384
8502
8323
7815
8441
10785
5482
8764
5495
6151
10502
11268
7858
2067
4875
3858
6591
10305
8295
9860
3197
277
584
10876
2942
3928
9562
9371
1768
10738
10203
6230
8740
1047
6501
7724
6319
3574
229
1309
5284
10750
2683
9279
1745
7242
8397
7180
939
6483
5888
10758
1838
6850
5396
10534
4955
3234
9321
3109
1239
10310
2744
10485
9636
2187
5059
9572
10986
8833
4779
7797
9231
3421
11126
7283
11144
10356
8488
1180
9000
744
7914
5048
812
10980
2404
2023
9221
6225
2380
9902
6945
1576
6711
618
3940
7193
8319
10474
8027
6702
11018
4386
8376
6670
3285
648
9401
5367
10442
1152
10175
381
10490
4734
4571
10727
8831
2860
675
9220
10280
7763
5634
122
3102
3715
5850
9981
1591
4318
3391
6513
2089
8250
5975
5571
1249
7128
6376
9170
2387
452
5521
1253
6533
712
2882
2150
2640
4478
5844
2147
2039
7360
5876
6084
4822
5855
6677
563
8896
509
8227
708
2040
8242
3790
7272
7809
2059
11204
4748
10919
4266
1560
6060
3765
6663
10508
7117
11049
4419
2763
536
2604
9893
10644
5191
8328
3882
4281
2551
7334
7289
5039
4288
5552
5436
6763
9161
5788
1444
790
4052
10080
3296
8948
8269
5500
347
7039
6252
2110
8750
2723
5545
6584
5694
6317
10384
10712
6015
10434
10649
374
5796
5649
3910
9961
6757
10777
553
8925
4622
4324
10981
5029
5881
3520
7012
1636
8353
5833
3024
10441
1934
7306
10719
5054
6013
5366
5524
7154
3054
7373
2761
2781
8518
10495
5569
6932
8688
1125
7539
10749
6544
10542
5815
6154
9427
4515
4836
8063
9534
10278
5869
3884
3288
1477
10094
7976
3812
8746
6419
3913
1692
8916
3376
9641
1368
8726
5664
1651
8647
4850
5368
4416
3863
10700
6295
8590
627
10805
2669
3738
7267
4298
10874
9399
6890
4857
6968
1112
3837
4858
1248
10135
1447
7636
7761
4421
10480
6116
4883
257
3398
8648
7315
10724
5862
7566
11261
2130
6887
10599
4495
3825
8850
11086
6321
4681
9329
6646
378
802
3168
804
2234
7777
9589
4122
2894
8471
251
1225
5914
209
6951
1441
1685
7133
2585
6212
9001
821
9215
6111
8537
7338
3184
5213
9187
5174
1879
5987
5647
2978
6710
1620
62
1834
856
5420
189
6541
6558
11358
8999
345
6569
7491
3006
8620
8235
9604
7867
4632
7707
1975
10170
4047
2326
6349
4192
4728
11081
3535
4448
4412
3127
9247
10524
9628
6514
9756
4603
3261
3951
4268
968
2357
7787
11122
10780
4463
10155
2771
6396
2662
5752
107
11148
8652
1348
10148
11069
7794
6445
7591
931
10673
649
5613
9777
8717
10595
8614
741
8099
2953
1490
5783
5890
10957
1907
669
829
5539
5256
9364
2768
8567
3898
2202
10733
6582
8767
6276
8195
6930
4473
9404
9262
7919
8090
9954
9005
4633
11271
3608
11230
1034
5546
1596
10851
8866
2295
3657
5746
3286
7191
3696
10940
8074
2980
9758
2902
3636
6302
6589
11129
6288
2386
1699
7520
6854
9316
6568
4078
2265
10331
5290
495
8379
7735
6635
9402
670
1568
4272
9957
1092
9671
3341
11319
3532
4818
698
4711
8369
8343
9448
1333
833
2135
6779
3843
1598
3708
10737
5754
9661
4394
9128
1057
10888
3025
2887
6662
3776
4063
8051
5822
4806
10404
6818
6087
5488
8872
1856
2840
8350
6875
2932
7801
10796
9388
9239
6495
10242
11284
247
6907
10501
3755
3076
83
2777
198
10069
9544
6995
9735
4713
8832
3418
3627
5363
4043
6729
1716
1906
8781
8972
5294
236
6413
3107
6050
1171
10173
1957
8945
5268
5933
2194
7225
4307
9283
65
337
4435
11141
2046
6574
9976
7076
1121
6735
8116
7487
767
1474
6029
241
5507
8015
8409
9936
8194
76
4979
6562
1641
3766
7590
2145
9978
6009
5000
9523
2228
9058
3649
8545
8128
10710
10582
1603
5026
3148
2472
10123
10042
8615
7247
5606
1797
4352
1109
9565
6287
6911
6237
3805
9213
6618
283
2106
5323
8718
6628
4308
5189
1666
9032
4518
6034
10394
4371
3172
7969
2999
978
6793
6245
9271
8313
1525
765
146
9753
9674
4251
9752
1721
3557
3180
3494
6693
6033
3592
8231
10262
1004
4908
4097
8198
4257
4764
4048
1398
7309
1111
8704
5357
1969
5497
3201
3686
6713
9184
7307
1213
1445
626
10568
11022
7194
8452
4922
11093
7705
9291
4449
1734
6583
6715
2205
1328
5612
8549
10609
308
820
7192
6844
5394
10926
2266
3437
3529
4837
108
7304
1403
9341
282
9660
9639
7642
2323
2869
4309
7441
10351
10922
11356
770
112
788
2658
3119
79
2322
11301
8244
2547
9721
349
6696
4936
118
7165
6023
3044
2748
4479
7263
4897
10761
377
1998
299
3242
7991
2819
9255
1948
8964
4907
2015
9611
7578
4134
7804
9596
4827
11066
8877
11265
8138
1194
2237
6790
4221
4577
7079
4589
6916
5286
2841
1018
2319
9698
10530
9754
5002
9906
7873
10012
1137
4399
3386
1554
9586
8057
603
3073
9265
2148
9168
5823
5024
9780
4325
8150
4151
920
9616
1230
11041
6260
8808
2198
10532
2260
4001
1782
362
10401
2501
3301
4536
4120
5064
6027
3292
628
5599
7696
1168
10250
7484
1346
2087
10634
4532
6598
8390
6128
8689
5031
6179
10100
7680
4203
6627
2453
6980
10146
6905
842
1867
5892
2939
6098
8661
10466
4983
5205
4172
9437
10025
5867
7409
6315
8747
6020
6705
10971
9840
7155
9266
720
10813
10731
3986
5106
4826
4608
6782
9579
7312
7024
8628
748
10781
7899
6778
3322
10706
756
3814
4625
8828
1430
5992
3001
11237
7515
6339
2392
5319
582
10332
8129
6856
3048
4368
1236
1159
4733
5897
43
2973
2632
1393
6497
9817
3390
6341
3899
1094
6651
5060
5906
10411
9767
10137
2828
8466
4237
3716
1999
8285
1570
2243
7740
6664
8682
7164
5942
2478
3826
7152
5776
10696
1273
2308
10912
5996
6486
10913
10082
4993
4912
9852
8039
738
8136
8249
1990
8603
5683
9172
7993
8800
9983
499
11333
6518
9440
5864
7301
9007
1064
2274
10260
4451
6064
5831
8994
4599
5718
3066
2542
7062
1505
1895
6069
6304
5098
9935
11273
9655
878
9712
3388
14
258
2468
4638
4294
633
7695
7776
4441
4631
9689
8725
7455
7008
7313
8875
6343
571
3667
3003
8918
4158
2024
5633
10047
3666
4016
4742
1285
717
8793
11176
7172
3237
6204
5756
3071
9879
2650
366
3783
7220
4895
10786
7227
7712
7586
9175
6667
2507
4874
715
8863
2283
7290
8548
7584
10073
4784
9666
9442
109
3612
5921
6338
8573
5670
1966
9583
6035
1680
11080
9772
817
453
11034
11084
11270
6984
10281
7552
1462
3471
9822
3457
197
5656
6687
927
1619
6313
141
4261
2970
10065
9033
446
11274
2210
6474
4627
3015
7040
9880
643
3681
2162
3564
7656
8714
6469
1362
11085
8529
10889
10985
7219
6223
3991
8418
2890
4852
295
1256
5410
3957
385
6344
1623
4997
8841
7099
2255
3355
6373
9789
4613
7254
8162
5293
4813
5462
11030
9056
9246
1763
4273
8355
324
11302
5579
8284
5779
5868
1324
6526
6071
10660
941
7293
1299
10562
10450
2962
5898
4345
7756
8089
4033
3563
6660
5926
6548
11035
3684
8616
4884
11002
3098
8413
2989
4108
9460
1702
6415
8769
4924
816
10975
7603
2055
3194
1841
7732
1960
2072
8310
7257
5760
10085
4311
3665
2394
7720
8646
219
3537
6482
7051
7647
3239
9370
6919
9091
6592
7068
773
2057
9837
11023
4447
3695
8552
6580
3646
4438
6442
9571
9072
892
4035
3064
4919
4617
4988
1382
10377
6491
290
3980
10138
3357
10308
1875
6546
5737
7567
10409
8241
6738
5472
10058
6451
10728
7545
2883
1816
7784
1613
1896
4620
7594
7492
3748
8259
7504
729
8937
5998
2925
7790
6074
10348
8656
3894
8826
2737
4336
8332
9095
9882
4867
204
3063
1517
314
5597
1890
454
9900
4738
10679
9141
10372
1272
10324
4971
6077
703
7890
3489
9926
4816
6570
7585
7435
7365
5037
5877
4648
8359
6186
4056
746
6771
8387
8445
10952
5343
5706
4193
6139
7228
3519
7026
10491
2645
7351
11286
9324
7561
5947
5307
4029
5745
2752
9381
2465
6485
8756
2639
7382
2182
9642
1594
5400
321
9458
9638
4085
4970
7981
1075
9665
3741
8911
9134
8238
10399
9709
636
10428
2204
7486
6471
1026
6861
8451
272
9019
6090
3945
4484
6122
11027
9866
6402
7238
3577
607
6070
6612
7886
3682
10832
529
3856
10120
8526
2715
9748
8962
7606
8035
6266
4769
1305
6018
6046
9206
5934
7391
8625
392
6842
1852
9085
10983
3543
2590
6490
2414
11266
8168
6164
9355
10671
5129
3553
7014
8187
9910
3378
2730
8585
2886
3559
2983
11128
7178
3914
5247
1940
2306
1048
7537
10923
2439
10392
9522
7395
4545
3094
5590
7337
7892
10045
2571
3626
10830
9950
278
1013
9171
9029
4921
924
8371
6461
7596
2052
6113
2433
10083
3265
1136
5813
3990
557
5012
2870
9830
4665
1105
1058
4025
6322
6581
38
5995
3789
3500
9585
2066
5757
3619
4957
10958
1616
9803
5057
1571
6675
7207
3947
8444
6832
2643
4357
7634
6418
2770
11277
4103
7607
5585
8233
3644
8569
11138
8873
10365
566
2509
7166
4623
10633
5629
8440
527
438
481
115
5959
1453
10886
1690
6156
5839
8153
10651
4330
3621
7048
5580
67
1017
5444
1384
2756
8220
5236
4239
3444
9182
2879
11206
5040
9375
1212
8211
4918
4815
5802
4804
10769
222
9535
4008
4584
7726
1072
6003
10745
9688
5274
7704
10670
752
8730
5695
10852
838
7197
1227
8024
11307
2191
8088
5514
9205
1789
700
3688
4923
667
1995
911
819
144
7148
8420
589
487
4679
1996
9258
11368
5389
6135
1655
4396
8446
6152
3808
6848
11280
492
4671
2634
10044
1952
5693
10747
11350
1827
9298
1065
6359
2212
8791
10794
4876
6247
10641
809
6614
9652
91
9114
8266
4616
730
6740
7667
6184
8759
5329
1648
8406
5635
4890
4384
1631
10677
7924
3269
2615
3753
9273
6827
11038
9507
5567
870
6787
4995
3079
1364
9012
4346
2370
2562
10829
1410
5032
41
6969
4378
393
2065
2335
11278
2261
2476
5169
4770
5446
882
6008
6400
7496
7640
1193
1771
8043
10318
8923
3248
10529
1566
8547
2597
7556
9387
959
7699
5332
981
9282
3329
7568
3065
10819
8201
10323
5784
2401
1118
3887
7462
610
8522
5591
7743
361
8618
5280
8727
4505
1187
10584
8025
9745
5023
4592
4084
3403
3869
6382
10606
4845
7840
4439
313
2158
6308
6234
4765
2727
1385
2385
4026
7118
5362
10757
4558
6150
230
10478
2558
2175
9841
3521
5001
880
10554
9474
10862
1440
4050
50
9082
10915
10033
3943
5018
10721
3170
1069
55
4007
8177
8926
9676
2692
6699
6221
8096
3382
539
7864
3367
10393
4375
10648
9369
1160
3931
5386
4358
2316
7187
7843
4670
4896
2584
8561
1987
1711
7796
3332
10963
11010
10126
2092
7995
4950
5738
2689
4348
2300
7803
8600
617
3978
2257
10425
8240
8955
530
2924
1257
4369
1336
26
433
5443
3795
3664
9368
7297
4472
4223
726
6107
694
9823
3732
5395
1479
5146
10191
5217
975
309
1935
2996
10626
11064
8695
5825
2760
6634
5660
2042
10962
1220
6218
8472
6676
2452
6527
9159
4637
9277
3474
1402
8399
6305
5697
2343
3309
9330
6310
728
10481
10371
4887
9904
8236
4910
10385
5369
6340
2635
10800
1665
5731
4673
480
3344
8449
4696
9637
5615
7073
11165
9407
8543
1442
7808
8665
9836
602
4079
74
5587
5880
10362
8957
320
10573
291
8436
8109
4474
6057
5265
5433
10054
9736
869
6393
1104
7921
5809
825
1801
9547
4074
6314
9120
7599
5983
9160
448
747
11234
10039
7611
8929
10864
8219
3536
475
1134
3993
9963
10373
9999
5151
6114
7526
4968
2920
2783
9483
342
7757
10587
4152
9635
6512
1484
9146
10937
2152
3515
7692
9356
36
10754
7710
166
8802
5547
2199
126
966
11324
2073
8199
7842
3235
7910
1758
9188
11259
1642
9663
8462
6364
5639
3407
657
6460
6923
9390
6701
9400
9525
4106
6810
6270
7144
6931
3090
1602
4685
4169
1142
10101
2074
3833
3988
2535
10603
10476
1345
10489
6575
9629
9200
254
3735
3923
9784
4699
6378
5448
6039
5641
11304
4293
2526
2043
10885
5946
4516
7495
175
4841
6336
6769
8071
6146
9041
10261
10966
2837
7992
8209
4347
8254
3395
7394
4982
9630
9441
10624
8018
1767
1839
1343
7344
8588
3584
10063
1148
8789
11050
8511
1470
9130
10086
306
10820
2114
10744
2371
341
3897
11264
6299
9142
4199
8773
11370
6933
7612
7550
8175
5964
2904
8403
2359
881
4709
9986
3283
4267
2421
9510
9706
4329
10304
4127
8257
7503
2253
3193
1520
8486
11303
3055
8021
4848
421
1698
5322
5586
4914
2793
2362
9275
798
6709
3946
2984
11227
10809
952
5211
8931
4263
1429
8980
10416
11102
1905
3513
2086
946
6536
5225
365
8527
1559
5022
1150
4794
4674
8823
1649
4374
11095
2892
445
491
8346
10349
9373
4022
7916
2956
7772
3705
8770
5437
1882
8036
10550
5997
5487
3883
8297
7721
8118
6172
1097
5415
1640
9286
4410
352
1416
6091
6987
1842
1933
2776
110
4573
9042
10398
10690
10591
6386
733
4710
2083
8145
298
7779
7482
8560
4669
5732
5808
6149
4483
9415
5321
2455
10570
2810
5183
6747
2826
2782
782
9787
7458
11313
6789
8947
2714
2893
3268
11291
3622
10979
5968
4350
1847
8591
5038
5938
710
3874
1871
7033
1660
7610
10657
5223
3803
7478
9597
5212
1624
8054
1621
4774
2450
9883
873
8248
39
3353
1401
307
502
3046
6896
564
3406
9346
11269
10653
9717
274
725
7181
1217
5652
8331
2946
1388
1140
3176
4391
9420
5884
2481
6901
10212
10295
8836
11285
10357
848
9302
8598
2908
9855
10177
10865
4654
548
1617
912
8131
8966
3517
1993
2656
124
3952
3370
10316
4269
7689
6104
1487
3533
2038
5741
6754
8108
1897
3477
1731
6559
8485
1682
7879
5577
5320
9429
5902
1480
10676
1978
9214
8047
4006
6181
3824
695
7316
6357
7519
9078
3411
1496
9570
4550
10169
5186
6764
10154
9379
4843
6082
10901
7541
6965
6604
4206
5235
2524
5108
4313
6728
1659
9833
11192
10873
565
5370
5956
8318
10838
5725
11157
11140
2339
8305
1108
8130
2299
3138
3085
2739
8922
1910
6323
9503
9439
6249
10732
3014
2068
9820
7718
10369
9223
9445
5871
1549
3277
2705
8667
2945
2111
1614
5686
2451
2651
11309
4174
9125
2917
899
5687
10185
9077
6080
9593
9800
550
1335
10815
6719
3830
609
11325
4790
2561
2124
1911
6620
1985
4548
9452
3369
2594
10681
1937
8636
7688
7932
4526
4133
7109
8809
2338
3111
159
4002
5982
2336
11100
4570
7296
4766
11031
5774
9828
9555
7231
6647
1261
10577
9934
4647
7598
1795
4939
6032
4929
5237
5993
5326
11011
2134
10010
9994
1003
2718
6839
3628
3605
10456
4538
8026
1139
10989
1389
8981
1831
6193
3008
659
2428
4392
6031
10249
7127
1083
7619
11062
4210
10798
2560
6420
6936
8642
5177
9989
10364
11352
8638
10734
1456
1032
5958
6837
3734
1941
3481
1428
2349
1141
687
1020
4402
8086
9743
3576
9357
2957
9779
441
7142
9198
1722
5744
9225
8755
8159
4393
8491
6502
9599
9531
2511
7353
4144
10286
5198
5661
10277
11145
7878
4942
3761
3451
2376
9651
4129
2736
8121
3762
6998
10718
10872
1223
4886
1320
7786
3304
10545
479
8009
490
10640
2011
4082
10089
1027
5699
1930
800
2755
3842
9540
1562
5598
54
10259
1796
9457
4618
759
5243
9419
232
5137
4692
121
7255
8105
3701
9493
660
823
5755
4105
6153
533
7629
4943
10842
955
2293
8475
2797
10730
323
2345
5328
2644
1825
2381
9633
1528
3629
9040
732
6079
6684
1157
8230
4066
6061
93
7563
587
4407
2842
8581
666
6830
5701
8848
9755
9521
9017
9088
3156
9600
3875
7327
5595
1622
3998
6282
8876
3541
2482
6961
7940
591
2485
6120
2981
372
2249
9728
5118
7818
1344
134
8583
3053
3903
4249
7129
3084
8897
1270
5522
2112
11090
916
10008
3278
4555
2423
9773
7067
4575
6863
9412
10162
10145
9938
3074
10201
8608
6335
4195
6475
1053
9235
9297
1920
8106
5111
10831
11310
8358
5516
4332
10954
3034
1865
3409
2935
3983
4068
9084
10224
10521
7984
1046
4514
2745
10812
2598
10325
777
2566
2959
11202
10020
11251
10046
5387
7824
8427
10856
1809
10523
3740
541
9127
5203
4655
2954
6714
11070
4891
10252
2670
1632
8762
4149
3181
3618
6242
4010
9057
40
10725
5561
7644
5874
1001
457
9623
3033
6277
5593
7542
4586
2899
3434
1464
6125
11153
8229
10344
5206
4344
7908
4124
10439
3335
3763
8844
8322
10400
11191
4588
2914
8658
8495
9982
5413
8958
3374
9556
1979
10445
1077
2679
2389
10686
6706
4916
7206
5233
4869
3392
1887
304
128
3872
5199
9219
1686
6202
5398
904
567
3759
4933
7668
9367
417
4295
8735
523
5491
7431
3460
5512
2554
7215
275
705
6075
8173
10429
11105
1779
5736
10315
6235
3637
4958
2619
8708
9086
10134
8674
8881
2514
6874
1851
9280
10220
5392
11263
8749
4154
634
9943
3585
7201
3160
2940
1805
3927
7903
962
766
3326
301
10504
10071
8102
10960
3469
11332
4945
652
7179
6643
594
9569
4138
1728
3314
9919
7053
10111
3032
6607
6407
2674
7532
1926
2672
8041
5719
6535
9785
6347
5325
9670
6222
2818
6755
6981
1173
4400
261
6973
3202
8157
5575
6095
10844
6381
3909
596
10994
3954
5317
10087
11306
6333
5128
5113
4297
3816
9794
3482
3727
9700
6275
1669
6831
2807
4323
5810
11150
494
9131
11168
1304
3424
5062
3243
4925
11180
9799
5555
868
4519
9679
3191
6521
9396
9941
10936
685
8455
6658
1946
1435
7061
521
9790
11026
6621
1286
9333
1399
9691
3915
3819
7275
6078
10084
9068
5846
6286
9966
6205
10017
10096
8613
7372
2054
3503
913
10275
2789
2427
8279
9858
8439
10772
678
5861
1821
4786
3639
2513
8724
9757
4777
4574
10959
3281
6045
10168
6265
7752
5999
5811
11241
989
8084
10636
5560
5913
5358
8987
1742
343
10288
9163
7427
6585
5441
11221
3855
3527
10479
1574
3212
8606
4899
4362
6148
10081
8949
9028
7475
8806
8172
1100
2906
2238
4987
5181
6727
624
7426
7773
9541
7425
3209
11063
11173
5304
2429
6143
9835
923
709
6982
9657
10892
1667
5466
7677
933
8530
5520
9768
3060
10902
9108
7860
179
4178
10498
4256
522
9382
4041
8167
807
8247
10180
1176
2131
3841
7451
10635
3768
7352
1760
1054
4153
7920
4459
7173
287
4205
6307
1460
2687
8429
162
3779
1313
10370
5257
8296
7399
2778
1400
5916
2994
10290
3475
2353
8899
2750
2270
525
192
9174
5455
4793
837
205
10610
3401
8814
9112
7725
2857
3040
4319
8687
1869
5458
2731
1010
7003
3764
10397
2096
6668
7211
1687
3112
6367
10127
9463
743
10043
9664
8243
8463
4854
3760
11353
2341
2002
7437
10014
2844
3226
9842
2415
1939
2021
7505
5299
6988
2214
9353
3607
1135
8675
5922
9455
1207
3881
7262
4560
2693
6845
6423
3602
3402
8465
10388
8610
9066
3316
5504
4503
6424
5061
9173
5397
3339
8670
6453
6505
1840
7814
210
10692
9320
906
3997
2373
6163
136
6073
8087
11223
5607
2855
9176
707
4005
6239
6377
10241
9165
1132
2850
6748
3208
9723
2538
4934
590
9791
8214
2325
3958
4415
269
1835
5379
3865
9624
4271
4529
10564
5790
7241
4807
8217
10672
10032
10431
2943
5159
10471
5602
1942
6665
2997
4373
3151
233
4182
10837
4496
1855
1553
2504
2971
10453
3224
3324
4930
4458
2050
4020
7140
11177
1044
6823
10778
1567
4812
9022
1673
8147
8304
2802
4718
2519
10768
4565
6661
5301
7417
9937
8262
3441
3813
7536
6816
4232
8325
538
5226
4581
5136
3984
2575
8336
4338
2203
9973
8428
9867
4757
5158
723
5750
6786
9632
7071
1704
9177
2164
3793
8920
2200
11003
2167
8497
7404
702
8599
2014
470
11349
2798
4937
9737
5751
218
9352
8627
3093
4136
897
1899
7978
221
3175
1267
4567
7136
1503
8338
6298
4600
4248
10784
176
3641
9233
3383
5342
758
11042
4250
9451
9232
6629
10343
6741
5951
3274
8443
9063
8968
5099
914
2931
4985
1045
2499
6692
9195
9876
7669
8858
7746
11114
4866
6860
1695
2037
2821
4282
11194
4721
2685
783
5685
8855
2544
4024
10432
4830
3512
5190
1507
9135
3080
8862
9222
9106
8237
10553
2184
10572
7723
325
9558
6947
6716
3720
3123
9551
3106
10021
5192
8794
6411
6208
7676
3361
6781
6619
5451
6175
9100
9909
113
791
1036
3802
1371
11245
5747
3408
1039
9268
3726
344
1628
1803
2007
4740
4252
