1526
5875
10074
3125
9112
10813
10347
10282
4955
5724
3761
8914
10759
10024
8682
6216
5840
10771
11296
8149
10801
3063
9441
5795
1359
8409
3910
7383
4761
5258
4799
5723
9308
11152
8054
2413
7306
6568
1256
5648
3079
7889
2017
11078
9281
9481
7749
819
1631
8294
2363
6048
10757
2122
6390
1012
9846
5940
6591
4455
3897
7737
331
6092
910
9792
8496
3295
7273
4009
11182
1475
9439
7108
6569
1746
8895
6589
10581
7458
3762
10071
1171
2973
11316
10962
524
2975
4259
5463
6811
4442
4960
1814
6136
5651
2808
9945
1512
10466
5066
8501
9136
9554
4817
7222
6382
6735
10331
2653
8432
6074
2450
5612
9895
2149
2841
3744
9466
11024
10369
5812
6487
7422
3846
3257
10696
4246
6189
9044
8536
10818
3059
6567
10582
3189
5468
3150
11065
5137
2741
7096
7357
11217
5391
731
10736
9611
3348
5639
1979
8779
4205
9278
11029
10197
3820
2926
2005
6231
10675
1646
7826
4659
7123
6676
1812
5325
3782
7944
7450
10830
3464
4403
4789
5868
2019
6190
6843
4917
5471
11035
9046
2708
4820
2021
390
10972
7568
8897
3056
1152
8748
5000
9662
3708
7915
4158
3580
1423
8367
892
7313
4730
4913
5188
3232
2924
1071
1388
5291
2953
9694
7128
4444
10432
5429
2578
7456
4996
7454
1680
10180
8731
5774
4744
2852
1198
5635
2134
9052
10906
11026
2429
1287
5312
2340
10613
646
4401
8207
3219
9878
9599
2927
5989
11038
6917
6033
2932
10777
1553
8679
7362
11100
5379
835
9250
6729
8189
7278
1384
5311
3876
597
8413
11312
5919
2774
4303
8298
5563
11227
6318
3523
2144
1216
8190
3770
1960
8538
10286
7478
9400
9582
5715
9422
1432
4346
4380
876
10422
9363
10820
6987
11101
449
9102
10186
7697
1113
888
5222
1568
808
1183
10526
4830
8716
10927
6240
9754
4184
1513
3068
6089
10647
5814
577
3980
3155
1854
5921
3965
1892
526
3337
6690
359
8966
7901
6309
9800
8993
8078
5802
9402
1493
9238
10366
10860
2660
1424
5607
1704
1820
8390
9580
4688
895
1591
2672
6787
3395
8965
10424
7015
6464
8289
5403
2849
7830
8236
11174
1491
6407
5842
8287
4618
5236
10031
8818
2923
3272
2013
1838
4263
7449
8498
5472
2203
5343
3282
8215
5356
1389
3591
4886
10129
4927
1293
5966
7997
3991
5053
2955
4692
9601
10216
5046
8288
11349
2758
9584
6139
9469
493
4187
6353
3680
6444
8008
10809
5701
5955
6918
1252
4774
4720
2915
7016
6615
8465
5935
2247
997
2445
9434
7637
8596
6658
987
4438
4414
11373
8809
3848
3587
4548
9916
7352
655
2355
7070
3088
4325
8036
6305
9383
4682
10397
368
2719
9361
2062
1115
9437
781
6106
362
787
4025
9378
11338
10832
10587
8758
3755
10523
2035
9609
6068
8863
4135
1659
4463
3611
9246
10530
6379
6944
10371
1117
7772
10178
5750
9203
5412
1103
9197
8700
5117
9740
1548
1008
826
7225
3798
7611
8886
7641
8064
930
4766
4630
9490
1961
2507
9491
4838
1155
7178
3463
9668
570
1634
10618
6802
5476
8259
8483
6097
7590
6484
10141
9836
2236
10748
1003
6470
6372
6686
4603
4717
2848
7468
6059
10991
11192
6671
9096
6331
10676
4979
10911
1660
2703
10483
1214
9039
3630
9216
5799
8357
4542
1689
2862
7547
5126
9513
3748
5553
1893
4318
5121
2361
9104
856
8305
1328
10751
2969
9948
9077
7293
9874
2040
2371
8651
2709
550
4430
10747
6819
4579
395
9159
836
7292
4980
5076
5413
10948
7385
10977
9313
9138
5300
8477
3465
4277
5208
543
11162
9909
1828
6153
9334
6485
2343
8175
1559
1717
9387
5159
9753
1720
1153
10012
10489
3516
564
6294
4112
427
3912
5627
10964
8157
7762
6061
10165
698
6709
10760
6246
9796
6623
3592
4816
2816
2983
975
3510
5381
4069
3494
8713
2080
2821
3948
7183
594
7038
4266
4153
1676
8331
3031
2389
2297
10589
10337
9920
5775
6789
2501
7054
2644
9263
5991
1781
8364
7725
10808
7966
409
2539
3408
7784
1711
3661
1876
6193
11069
2639
5491
7902
10182
8896
5027
5932
4677
1111
3818
2806
7190
1010
6796
3597
414
5406
9884
5674
1780
4055
9123
6124
10785
3723
5202
7089
3377
8898
4733
9178
717
9345
1074
5205
1367
5402
11300
1306
10212
8222
7898
5041
6951
4640
2370
4593
8104
9092
2518
10037
8805
9784
399
10699
9298
5518
489
5378
1903
10606
2599
9053
374
767
3209
366
5617
7149
8995
6443
9562
4428
9964
3208
6143
9837
3195
839
1126
4520
6825
6721
3648
10322
8868
8552
2811
6732
536
9231
398
339
6873
10877
8600
11145
5669
10632
2409
457
3977
4607
7000
7173
3109
9210
8998
1743
6538
1203
5125
6995
4264
5964
3231
10804
521
7511
2283
10512
1645
2695
1487
8892
5873
10478
8472
2659
5807
4172
3017
4606
2500
3660
10939
4772
5167
8848
1777
11212
7310
4973
879
9015
1589
2651
1972
518
9956
1875
11166
8528
10440
9477
7636
8143
7714
2558
10439
8156
7557
9971
10575
3316
1478
11350
8142
10393
3032
2274
5029
10319
2456
1072
1172
3711
7324
1178
3030
4415
2604
7816
1401
1841
7757
3812
4709
9962
1460
3637
576
10926
1761
6657
843
10994
10109
9004
3131
1417
11058
477
2210
530
1087
3006
4207
10662
3682
3123
4028
4975
10600
2744
2786
10304
690
2193
1069
10938
9356
1976
11313
5858
10418
2454
10577
6546
6155
4021
5884
4814
7279
4959
3037
2127
640
7776
8380
1347
10270
9768
9098
4787
810
11132
2348
983
2810
8981
1977
6071
9116
9484
3026
7532
9822
3918
3200
4700
3308
1539
4374
4625
2787
7275
10539
4085
2649
1708
5255
6593
1824
7253
3633
8359
10795
620
9769
3070
1484
10824
8089
9489
3433
8430
5013
5953
7005
10124
10789
5060
9556
5098
10261
6208
10887
4845
9011
11314
2587
2174
4729
4531
6625
6646
8958
2712
897
3332
2873
10045
2944
1106
6605
8308
11337
2228
6656
7346
4523
8649
6728
7229
5490
5860
6283
3569
7289
765
4333
2070
7395
912
8932
10168
4298
7514
8963
7760
3502
7012
9339
4884
3868
728
5004
998
10357
3084
5104
10599
11177
4750
381
4505
5193
750
7691
1390
4078
9022
9081
4801
1639
10949
4920
2646
485
1815
2499
5107
5856
2410
10185
8647
2231
11003
10491
3291
9514
8057
10909
683
6910
8150
7962
10584
9777
4628
6704
5320
4326
10592
4855
3370
1923
944
5667
6029
10054
4656
6863
5020
7982
8999
8570
6197
6925
985
4389
9575
494
4223
2562
9645
7209
2388
5958
6590
6112
11335
2455
6469
6129
6645
3191
5540
474
965
8353
816
10752
4176
4525
2229
8095
8275
6024
1059
10910
7130
7718
1007
9927
4895
10610
9172
5445
1139
7892
7812
7622
3787
8343
3589
4421
424
736
6256
4191
1697
5556
644
10861
7232
1134
8466
1863
6543
5849
1406
11208
4805
10446
3460
7939
4033
5328
10161
8917
1529
6864
5891
2724
2805
1965
4585
886
6551
3305
4454
8260
8565
3101
4041
1819
4026
6698
5153
4038
9932
3266
3028
1422
1220
8434
6210
434
10576
9558
7059
7683
6978
7261
6247
3799
1615
8701
7789
6073
9471
11341
9327
4871
6954
10128
1005
2498
1999
8953
1725
6199
8069
1175
9073
4747
9027
9380
10189
3786
2909
2277
9260
9407
5781
575
3721
6213
2954
3529
6598
10643
7722
5292
6641
937
6495
4083
6613
5733
2636
6277
599
3746
4319
2543
8855
3452
6158
4518
3202
7600
6525
9545
11318
708
6077
8838
928
2878
5427
1691
9675
6750
11088
8184
5057
1730
3211
8964
6383
7841
3627
4728
5780
9095
5605
6131
4308
8486
8866
6093
2598
10117
10127
5526
842
8427
9214
466
7448
6316
5708
9789
2160
568
9257
701
6081
9960
4286
2317
2107
1609
1373
2600
10033
3317
699
6836
704
9483
5439
376
7476
11328
5183
4910
10017
7339
8750
4390
7381
7112
7498
4149
6888
3930
9329
10121
4716
5598
6771
4423
7963
1173
3922
6358
7522
8525
9633
5515
5251
1564
5843
9859
7138
6094
6076
7280
1844
5587
5967
6118
4703
9618
7087
9433
6853
11168
2376
2838
10069
5882
7135
4490
10345
8245
1774
1362
5367
5475
3067
10671
4768
9842
6280
5880
6539
10122
3470
10417
5074
5747
10659
8997
1957
7535
7337
6010
9273
6687
5649
7460
4050
9738
7923
1769
2165
9220
9774
1294
9445
8944
4849
2176
7470
10158
2584
8220
5658
853
1274
7263
5621
7418
10036
7508
10929
1790
591
786
3022
1338
7709
6264
5583
3998
1223
3100
4354
9699
1463
633
8685
356
10714
8221
8790
7780
7241
3728
3233
2730
8011
2713
7635
10016
9626
7228
7787
4865
7490
7689
5615
7303
7910
7405
9797
10469
1331
10637
8388
10140
6490
10611
1984
4171
3095
3325
5400
6898
4988
2468
6366
10449
7685
8362
11014
6514
8918
1554
824
763
10885
3243
8490
7753
4077
4978
7676
9401
5728
8340
6578
4164
6562
8234
1161
8949
9847
2783
11195
4608
8569
5502
9667
8084
10441
10351
1200
11280
1556
5017
4142
4938
2765
3129
4031
5441
11189
8451
5361
5682
5629
3605
2516
6282
5905
8846
3236
9001
1563
7991
4867
2336
1947
3777
6298
9280
10438
2316
2094
1808
5169
3025
9959
1517
9050
6226
711
10348
3832
981
6146
1632
1872
3588
1017
5841
9029
9531
10268
6813
7624
9349
7724
9487
3887
2250
2464
868
6479
3847
9500
5670
1455
10869
2754
4901
10684
8480
9157
3893
6810
5671
1902
4984
7372
8129
7109
1273
2947
8879
9373
10624
8742
1482
6296
11254
825
10131
838
10904
9569
6222
8158
1379
812
2164
4809
8400
595
2928
7869
4934
720
9954
4037
9574
7157
3713
5479
11076
10349
4891
3535
6339
5568
5323
11194
658
10967
5081
6192
4757
1492
4881
4297
432
3916
6426
10311
2919
3406
7359
8523
6323
2118
6998
885
5755
1099
1666
9857
7002
2981
6931
4644
6814
8824
7655
8939
2032
2489
6869
4416
6878
3172
1768
2847
10130
10730
10038
8229
2031
4321
9162
1234
6968
6110
6346
8449
3324
3507
11295
6775
9925
10925
5466
4636
11187
5697
1772
2618
10881
2826
11299
3019
389
11050
10529
3286
8039
1135
4841
5100
5815
3612
2437
9093
8117
4811
5903
7986
7919
774
10857
2860
5263
10444
3610
6349
8597
4833
8065
9115
3722
2220
8720
7488
2748
7037
10426
6359
5034
2249
11286
2929
4116
10532
7101
7282
8030
3665
8503
6736
9806
11167
3717
4796
5246
1538
5474
8216
5845
10536
1906
3864
8910
2731
2159
872
1310
4118
7378
8834
9111
9751
11256
2669
11303
795
7875
8919
6642
8225
9442
9033
3403
10902
3927
11209
2441
1462
2671
9969
6039
11204
3841
10815
6411
4741
3075
2962
5779
6927
4633
1655
5376
9814
11034
776
3961
9187
6181
9082
11374
4252
733
10299
9700
5569
3434
8549
4282
8254
587
9843
10254
1515
3803
2768
10171
8514
6560
9099
6328
3203
9150
1690
4948
5216
4007
8620
586
7428
8224
7996
378
1765
681
10942
7688
1105
9034
1226
10806
5616
9704
11071
10280
4313
7781
6881
718
9629
10703
2296
4073
5090
4361
1537
10502
6126
6334
5716
9821
4364
10199
10601
2588
10754
7767
10569
6703
1436
9567
10428
4777
9998
3657
2767
10236
4586
6822
9705
8421
5281
9804
6327
4470
9347
4737
3643
10250
9798
4676
4340
4991
8732
4238
9728
3227
5657
4324
4617
9476
6421
2293
3542
5997
10498
1050
8306
8270
2186
8991
7114
7556
4265
8278
9091
7742
6028
7492
3280
5501
5267
7639
7633
8264
1144
1397
7861
7057
8885
5767
5256
1775
2206
4132
5720
5952
2442
11135
1846
7763
3471
8212
7587
6763
2656
6016
798
6691
6376
7244
9110
2871
9593
3176
8268
9799
475
5058
6212
10201
2679
4587
9268
8602
8763
5011
8909
11235
5764
4202
1753
6885
1188
11370
8481
10841
5673
5789
3044
8163
2863
2162
10292
2003
8444
5951
9419
10835
3894
7696
5948
367
8697
8990
3384
377
9970
5644
10982
3314
7523
5469
7486
6128
1189
4953
606
3536
8172
1668
6923
5666
7256
3968
4691
9435
4516
6707
7972
6844
3778
3859
1908
9762
7493
7434
6535
10120
7436
8474
2372
8368
10147
790
2435
7731
4281
1285
1735
5097
7113
6047
2655
10076
1136
11259
1466
1821
3345
2680
10723
6498
748
1920
2560
2727
3207
3907
10626
10323
3783
6041
11131
4570
10931
7321
6459
10458
11147
2230
6165
7719
829
4411
1342
9826
6911
8442
4095
2069
668
5145
1839
6338
6637
1094
4859
7679
9156
7196
5974
7482
8320
8485
10105
3223
4745
8092
7638
11150
1060
9691
1272
6727
8628
7937
1360
9714
3347
3546
7506
9594
7127
1275
1823
4944
1370
989
11329
4003
1848
4290
636
4311
3376
5316
5358
6971
1129
11216
8547
6566
6005
5450
9432
6100
10350
10527
471
8943
11039
5334
3262
5801
10704
9472
4369
4786
5757
7093
6177
3364
9841
1952
9264
2905
5478
9865
9494
7778
10551
9532
7825
7811
4964
11249
10330
5151
5309
5652
7137
5883
7258
8433
11281
1627
10802
9324
10353
10763
3515
10429
1995
2169
2474
1159
9862
8135
7079
10256
7712
10408
9887
677
8267
1104
6837
1937
696
2119
7916
3393
9310
9331
6012
5851
7565
7140
9643
6267
1804
9066
10138
7500
6717
2544
4146
5571
3398
10251
7512
7582
1098
5519
8181
5743
9179
8814
2551
5217
2856
7975
3992
7716
2433
7744
2341
8891
8635
10412
8177
6082
5602
8219
6675
583
10111
8393
10278
759
8994
6221
1215
909
5231
4877
11111
8555
8741
7968
3214
1810
9577
1943
2773
4573
2182
7677
10710
5495
9232
1801
7733
8887
5086
10453
9105
10639
5786
5941
8674
4094
11238
1827
2339
2219
1675
3533
4966
4701
1502
3490
1614
10231
692
2338
1051
1776
1393
10687
1026
5497
988
9385
7075
1621
8598
9365
3543
3732
5794
7770
6374
11228
6453
5061
2260
9676
10914
4968
361
2667
4134
6940
8108
2114
337
6620
6934
3141
10398
8386
703
2014
7027
6069
3054
4646
3527
4512
10919
11248
8165
8479
3517
4584
4893
4067
3928
11137
532
2917
4932
1095
1693
2075
4540
8045
6777
9208
4019
7296
458
3700
512
3809
2199
8518
10011
6608
10474
6434
687
9117
7364
1787
887
6857
8205
7399
3874
5825
6808
3994
4426
725
4481
6699
9621
673
3486
8878
8170
2506
1128
7489
7097
770
7328
3964
10081
2323
2090
1375
504
442
7188
5166
11008
7068
9512
10680
9375
4086
2402
957
5444
8173
5250
4933
7561
9048
10764
3354
4495
1085
5365
3228
11274
3392
1383
11081
5509
6310
3870
5342
1132
11339
5187
9071
11320
8180
5729
2113
1651
7836
1677
9616
8913
6938
9534
3115
1014
3358
2347
5548
8276
7104
10040
7799
9549
5006
5938
3245
4662
6502
5344
6782
8025
10865
9656
9504
373
9495
3987
5595
6241
8633
10883
3145
2593
9745
11190
4391
6049
5040
7929
1097
9051
8147
3522
8556
10452
1433
6245
5459
11103
9735
2302
4555
4581
8743
2647
8217
3891
8945
6919
8151
8776
6821
1622
10281
563
9559
2892
453
747
8699
9951
9021
2829
3962
2958
2904
11251
6890
5565
2780
413
596
2436
8867
3949
473
9788
1686
10814
1935
4562
7790
10425
2257
2079
817
7607
1392
1440
8989
8719
8673
2575
11006
9243
1418
6430
9683
3170
9815
2030
629
9525
1558
7866
10419
6038
9113
5341
7281
10986
7629
8445
9678
901
6134
4048
10993
5653
2997
1241
2255
8167
8906
403
10770
11361
1021
4846
10630
1297
9120
4348
10553
1596
8326
10679
8753
4475
2610
4791
3094
8410
3896
1058
1575
8256
4748
3802
7148
3815
8921
3659
11181
1945
4985
7319
7591
10153
5221
7463
6527
2473
6196
8527
7043
5073
11073
5235
6964
10689
899
11075
7248
7912
3671
8394
4302
7592
8233
6818
1149
10499
6429
9952
11260
8772
4227
8102
3829
8133
5793
5407
6860
5622
1371
11250
4089
4276
7550
5567
2303
7822
980
4857
9342
7215
6895
8303
1242
7865
8593
9362
7206
2222
9397
9381
11310
6542
6570
10521
2705
1951
5352
2108
2903
7806
2120
9827
4754
5023
1339
10204
9586
5512
6891
9717
5560
1993
10597
9673
6985
7743
7199
7504
364
528
1692
6135
8148
11368
4880
2096
2431
3583
10229
10000
5464
2126
2265
5839
1473
6018
7605
9589
8693
4753
5383
423
1353
2066
4312
7443
7311
1182
977
8418
5976
2082
7950
9391
2707
8646
7218
3766
10255
9958
4569
1116
9632
1000
9997
3851
3307
6904
4107
1163
7055
10068
5191
5689
10139
5333
9295
4018
5800
2845
9191
8672
4842
2224
793
7525
7882
7081
6172
8171
9458
939
7453
8606
3760
5131
1451
6982
10897
2549
7018
7847
6541
7409
6116
9708
5853
1540
10570
4424
6565
9374
10535
8426
4935
6962
9337
9023
8022
10008
11221
342
11324
3877
11067
4690
1358
11059
5007
4882
11113
2393
8459
5768
2054
828
3729
6767
6252
2702
10335
6072
4836
10605
924
5364
10886
8839
6406
1186
6300
7432
1063
6746
2485
3941
10953
9850
9026
6772
3216
4011
7259
6924
522
4060
1486
6610
7548
4283
913
2188
7010
10142
9818
1343
9507
6368
6795
4133
7011
7407
3264
5838
9734
7951
3547
11340
11323
1855
9122
8778
3138
960
5554
1642
992
7021
2723
3656
3169
7088
10794
2775
4306
5399
11283
10492
9885
5510
9302
3817
491
1045
2963
9014
9218
2700
1077
4226
9340
6752
10563
2920
387
6633
11265
4237
1511
8658
8228
6537
7603
10558
7004
2084
6477
5116
578
7154
697
1361
7759
8020
9793
8821
3144
10657
2459
10656
647
1982
8796
4362
3363
7267
2565
10688
9719
1751
8113
7053
10711
9824
2027
958
8232
7897
5395
11099
2676
4194
680
8976
5144
5854
1295
10219
9597
10826
1770
6500
4256
5872
10893
2747
6019
10716
5237
4020
11063
10032
2977
8261
5931
11375
4485
5157
2766
10984
6521
732
3420
3143
2011
6784
6773
9235
4422
8801
1047
9497
6474
392
6648
8247
3524
6259
5661
9192
1323
11261
10152
3933
1994
7973
1255
10167
10314
10878
5731
2663
5380
3419
7205
7438
10621
10691
10720
3878
745
3737
5977
11224
8238
4807
10761
10436
700
7382
2480
11107
6301
4921
3956
10136
7402
6292
10464
3828
3397
5939
8979
11366
5211
6497
2738
2047
10537
10963
1654
3110
9649
8595
3924
5252
6140
11288
7105
1507
2373
611
1543
7245
1302
3512
9411
8859
3545
8983
1674
10719
2956
6109
7531
6920
10831
5787
9810
1996
407
6685
4947
8125
2823
6820
5382
8301
5430
9255
1480
4173
5276
9311
2619
10137
5751
7750
8660
7575
9541
929
1587
659
2533
2682
2161
1279
10379
7291
7475
3034
2312
10598
9314
1933
7843
1597
6803
5707
2153
7307
6204
1033
10557
3426
4462
3903
5180
9219
2208
2566
6791
5828
3350
2218
9043
4862
9763
10090
7151
6770
9886
2275
6229
1962
4558
8450
4029
10047
10107
10652
8255
8027
10410
7430
1118
1896
5676
3562
4819
8787
8241
9721
10097
7389
6697
548
1681
3914
4292
3258
8641
8096
9701
4315
1125
3153
4827
7371
4583
11170
5257
7467
1656
10123
3921
8927
1177
2412
4376
2292
3402
8155
2183
6831
657
2742
2346
7231
2605
6592
5082
8489
9002
4986
7086
10779
10052
7792
9565
1974
3415
10252
5761
5784
6556
6398
483
3617
1419
3146
4305
9086
1607
4278
1065
3975
5415
552
2395
10616
6431
8562
7243
6832
7706
6483
3673
3260
4937
6809
9672
3774
10718
6137
11173
9613
8141
11270
9186
2440
3283
478
961
1620
9252
6456
10685
7198
10210
4897
857
10622
6203
5972
5830
9061
2201
3632
9929
336
7723
7290
8161
1204
2300
4489
6683
2128
7608
1560
5908
10924
9977
1326
7426
3383
9493
1429
6340
1070
10792
10173
8327
4654
11133
8842
5118
3051
3669
2012
4408
11172
1583
5650
6185
1457
1657
6326
4170
622
6055
7331
6022
8961
5194
6941
794
9943
10144
4624
9939
9966
4822
3688
10237
9794
6914
5911
610
10297
8599
397
4327
8636
4853
4824
1049
9542
9648
2782
9896
8336
2726
7820
1833
1671
932
4008
9684
2298
3880
10034
5298
4476
6496
1748
5832
5844
7573
7175
2362
5275
4074
6757
5555
6981
4478
479
5626
6790
9957
8309
3192
5171
6385
10110
10094
2627
10023
579
7994
4537
7801
4998
1503
8111
8358
9201
8982
4993
5818
10786
1809
2196
6445
6513
6674
10202
9624
7262
1400
9508
785
10944
2906
1112
10396
1648
6976
1123
3309
3508
874
8292
10192
7266
2552
6893
942
11239
6255
4345
2557
4304
2076
9926
5227
11267
1832
4879
6606
3188
10812
8325
7424
9386
4514
7933
2940
5016
954
1932
7006
8042
4621
4613
6249
8402
520
486
8893
4479
9651
3012
2763
3564
4770
2512
8293
4696
1755
2024
6460
8564
7139
10935
10089
11064
6351
4336
10213
3429
2711
6375
9164
947
8686
9766
8791
6877
386
3727
8710
10407
4181
4997
2386
10259
6321
1722
538
8938
10787
2952
2571
6354
6572
5505
1041
8002
7224
5702
2033
2885
7905
10620
10778
4864
2103
6664
775
2466
8757
1593
613
6083
1905
4623
11080
5879
10495
6913
3825
9446
10733
7852
9660
11007
7008
1396
6268
4702
914
8199
2192
9304
3456
1209
9669
8023
8830
5581
9199
2966
1924
8644
9931
10629
10981
663
5835
4168
8511
5535
11112
2900
11292
4244
3763
5160
7134
9161
8985
9406
2861
9982
5198
10585
8928
1702
8034
5028
4502
1763
2718
1351
4931
7176
3634
1386
3750
6520
8519
1852
1086
9650
2850
7062
2654
1498
3631
4714
1212
1307
5336
7343
6655
6461
1348
778
8253
2683
9707
10390
4034
8637
667
10238
3185
1222
1282
6501
3940
7172
9529
2884
8894
10411
9984
8579
8438
3330
714
9835
7981
2077
3066
6361
6205
7610
3389
5254
8862
7771
4721
6595
7765
1930
3793
11055
9346
2603
8378
3790
2131
6435
5018
7271
10467
1467
11371
8708
9902
8729
7539
5816
3662
9727
580
11013
8218
7988
7804
8678
10827
5214
4852
9276
7360
5265
7704
10875
7045
2051
3229
10788
9242
2661
7216
7642
1968
2327
3198
3957
7695
2834
7669
10627
10966
7020
672
1181
5480
2799
1625
7255
969
4190
2825
5996
602
5234
5134
9155
2404
3554
5410
7699
7891
2034
1555
11025
5398
9290
8733
8663
8530
8941
2267
5506
3970
11016
6336
6121
11053
1162
3561
3649
3151
2570
1380
6711
726
8533
4668
2443
7474
1705
10952
11356
10670
11019
2677
3303
6992
7265
2583
6861
9876
4056
11344
1170
11247
2608
6506
7404
9118
6600
5001
9856
5069
6724
7727
1130
1363
8250
10150
2264
510
814
349
8881
9016
2883
8455
822
1210
417
2907
10288
8542
2568
6866
2824
4049
5372
6870
8671
2057
10039
7132
5538
3519
2178
5558
3745
7288
10793
9284
9160
9747
2503
1411
917
9913
1610
7354
8361
10307
9131
2072
9205
676
11372
5857
1025
10958
3356
9080
2623
6491
10955
4469
5910
10833
1950
7728
10974
6661
4649
5095
2115
1870
4904
6044
2233
8711
5504
2036
2602
904
5206
3160
8385
5461
4861
11091
2253
332
9277
5436
7849
9904
1588
7526
3461
5730
3719
11347
7906
418
1771
2870
7048
11331
2868
2088
6152
727
4918
10900
5960
6108
5092
4365
2550
5878
10930
1766
11377
9986
7840
10501
4765
3773
10862
3952
9870
4125
4103
9404
7415
4322
6239
8389
584
2633
8070
9750
11043
6242
10091
8505
1441
5866
9627
1213
4179
3380
8715
10825
9012
3466
8062
1320
9072
9488
5270
9689
2232
8621
11114
5370
1900
7459
5350
3321
2855
6009
10359
6991
9619
6749
8754
7958
9129
2259
4358
1263
10179
8840
11102
7147
10053
8469
2662
8038
6145
11179
9454
8314
9417
1640
10275
11118
8493
8090
9664
10104
9989
7211
8802
9305
5462
7126
10063
2586
8782
5748
9942
6622
1042
2556
3642
6946
9328
8487
571
11197
10741
546
7925
8334
11307
9695
8134
9903
5282
9853
766
11157
1321
470
7538
3905
4609
9229
7447
5913
2304
11106
10339
9767
830
3697
8282
4400
5224
1797
8085
8696
2483
866
10850
8808
2611
5289
10791
5148
5593
4452
9555
6651
1612
4323
689
1271
2384
963
4848
357
8836
5760
10119
6996
1525
10973
9907
10957
6573
10316
2876
4123
6395
6833
3421
4087
9376
7976
7429
1853
1707
9024
1469
3116
3532
6588
1959
7340
10460
2865
7214
2547
9195
2626
5646
9064
7077
5984
4079
6391
8053
3331
6577
3538
11225
4667
10289
5946
2418
2866
5213
6544
8784
3603
10888
7326
2147
4267
4496
9109
5678
7818
574
8780
3476
4080
1737
4062
3140
6935
771
3450
7541
8476
694
3854
1858
8735
4976
3695
2939
2106
10064
11005
6357
3378
10377
2081
7984
1847
7406
8464
3577
3514
2508
10918
10240
2008
5578
1546
2622
11127
2931
3390
8403
2511
10048
7074
5201
5798
5259
11115
8311
3757
3686
3210
9638
8922
3885
8723
4418
2616
1567
2490
9716
3361
1495
2696
7465
8166
3563
4889
2589
2216
9318
7028
2890
2732
999
3946
805
1619
7179
8291
6438
2831
11213
5877
8279
5111
3472
6352
7353
443
2101
2181
6689
8420
2819
7809
8460
7329
8583
737
2048
3405
5549
7571
6983
1901
11346
5115
5756
8237
3636
7713
10603
10143
8718
3040
6289
8876
1264
9711
3938
3850
2528
5262
9443
9253
8066
8319
867
2105
10623
5037
2978
8880
10746
3552
6035
5393
940
2701
7025
1521
2643
1931
855
9258
10667
5261
7604
7239
6150
2439
1602
345
10217
8240
9501
5071
1762
8630
865
11200
11354
4698
7920
3284
10511
4243
6297
6599
7473
800
823
5979
3004
2851
8272
8793
2157
7555
4383
9944
6929
1727
9889
919
3734
2416
6098
8345
625
1461
6278
1744
7551
11355
555
7052
5785
1600
7386
1883
5765
5248
4144
2714
9267
9312
2729
7542
6725
5150
8783
5541
8246
8726
2235
6160
6102
5559
2820
8822
8860
2637
3102
3171
8124
3003
5693
2387
3794
5078
6314
7752
2670
3046
3768
9743
11070
3875
497
2815
4255
8024
527
2324
4044
5597
2185
5929
10634
7294
10399
5704
5253
2652
837
3093
8249
2173
6876
2378
10661
10174
4296
1917
8031
1673
6871
3939
8882
4464
10067
11263
6233
2634
3165
1485
4710
2406
5783
11345
6079
2694
3493
3539
1709
10574
1580
8001
1767
7521
10538
2309
340
1788
1913
7367
2129
8251
7615
4413
2049
6027
6486
3318
9217
7872
7853
11121
8627
10082
4447
2513
5575
10961
1147
8346
7959
9037
2961
5154
5944
8727
6804
10602
5212
10403
10253
7878
4063
6516
1027
3568
10233
10780
4551
6450
6488
1369
8099
3117
2421
11378
3581
695
10475
741
5547
3645
7451
11066
1190
10300
4547
7332
2522
6330
10364
6761
5998
447
7529
5527
4119
10905
840
7648
9950
4159
11149
5633
6640
4075
1954
4035
2234
9335
4898
1562
7107
10749
1531
3534
1636
6629
4874
2486
558
4785
2484
11223
10540
2467
3097
10519
1044
5186
9848
8725
3078
3267
4061
8132
2059
8707
11123
10922
11289
883
5179
1888
379
9677
7855
4699
1248
8946
709
2577
8640
11130
3430
8857
1504
2793
4651
784
9538
3969
8382
8243
3484
9690
1082
8223
7414
9169
6148
3179
3432
4650
3756
8452
11178
8210
9524
9485
10493
2776
1227
7740
9174
9234
10726
333
5335
8013
10442
3099
4835
10279
9212
8266
3319
6473
5625
1752
7970
3707
934
2010
3362
8107
2494
8281
4589
10133
1687
5458
6994
7299
972
2641
9228
2352
2922
1527
2155
8286
1990
6447
10855
9108
5362
8412
8563
5804
1337
5492
7821
1382
5827
6397
2270
6037
9398
3344
9076
4528
921
3869
8010
1091
445
5285
6315
10177
5435
5900
1749
9510
3646
10839
6141
1845
8176
5353
7082
6281
5290
5426
2335
3201
4260
5898
10810
11110
7513
3879
2028
5049
5819
7351
10559
2650
9045
2067
8073
10646
9761
10382
5797
6571
1726
4082
651
10041
11327
9657
7815
751
2097
5732
5207
4517
6182
3027
1073
6179
5409
10312
8109
706
2099
10002
1963
4958
10004
4289
9384
4221
541
10515
974
684
4004
4875
1336
9612
9403
3699
1207
3439
8622
3638
10267
9070
1818
9353
5123
4597
4096
5916
10941
5642
4557
7049
5591
6961
6977
9681
4299
2325
6078
7180
6581
5914
9492
1218
3254
7786
3676
1669
9930
3641
11232
2331
1868
6173
3720
749
3666
5443
2791
1278
8112
8861
8462
6002
7410
8947
884
5184
8437
2146
2635
1721
4236
8634
1121
5133
4735
4204
5542
3187
4974
4577
8138
9623
5994
8515
9350
2156
4280
2311
9688
7879
3111
10995
2733
7534
8668
949
603
6174
4612
3124
7193
9816
1068
10156
6467
4604
7233
9282
9132
1946
5937
10027
10516
4388
9236
1496
545
3808
2368
5418
7201
9663
7440
3273
10340
2564
11079
9917
4981
5992
609
437
4873
11049
9078
8638
3382
3843
6540
3758
1240
8398
3299
2737
4151
4111
10386
5308
1782
9990
10370
10298
4419
11031
5508
4983
8416
11141
5833
4536
3985
3950
8604
4967
3606
4812
10705
1684
6526
10713
11326
4669
2187
1158
4023
1594
4052
1407
11268
875
6040
10796
3480
1624
8014
1528
8439
7734
3246
986
6157
1734
2245
10218
4916
2990
10648
401
1856
1682
3323
5136
4203
9523
6096
7554
1131
8764
8080
10550
4057
973
5047
4379
421
460
439
4261
5973
3156
2042
2520
7484
4169
1741
5110
4399
10060
6088
1760
9240
391
9394
7191
8467
1969
10853
6401
5314
5454
10724
9035
7990
1442
6958
641
7914
6652
6064
8534
6759
5010
10005
6838
3888
495
9309
3785
5355
10798
4425
6582
5408
5203
2943
4196
5763
8665
1246
7396
6947
5240
5451
903
5836
4706
10176
4832
7042
2050
10241
5437
4790
8310
1015
10485
6713
6552
4890
9933
5679
3114
9377
7588
1387
8203
4473
1426
402
5531
10695
5806
10162
8374
5146
10030
6436
935
11305
1732
4896
508
3712
9006
464
9646
10195
10078
4908
4429
6262
8235
813
5185
4539
3926
1445
5101
7272
5432
11369
8494
10913
4946
7297
1046
1740
11206
5031
1545
8703
2938
6827
1843
11160
9579
7758
4508
6617
1352
5769
1019
3349
2064
1723
8611
6410
4637
8804
3689
7883
7628
3833
2251
3704
10783
5624
3521
5384
9344
9867
4575
8047
6731
1799
9447
7932
7257
6471
9288
2971
1313
11185
4273
2180
1376
8086
8396
3555
1840
7903
8283
9866
3213
2946
1447
4100
2722
5663
5662
2359
9901
869
6604
2195
10737
5886
2818
7693
2548
6855
744
5521
4072
10423
10604
7777
9275
6580
8200
2137
9692
1124
2121
2685
3418
6437
4065
10320
9325
7626
8088
9364
3177
8873
4427
10567
10644
8967
4220
9519
8522
1140
7131
1286
7870
5513
10642
9410
10391
8517
7314
1114
9587
9949
7779
10451
9296
6851
3594
3509
1268
8381
6261
10044
10677
10852
2675
1394
713
8930
10188
6257
4186
8874
8548
10035
4270
1434
4441
9855
918
7377
1437
6008
7774
2240
2734
1831
2638
2117
3670
2380
10750
535
11231
9119
661
979
9020
4232
3873
5420
8666
11140
844
7007
6433
4461
7462
462
5457
3780
2948
5796
9795
9778
7678
7649
2191
2502
9440
1501
9858
10336
8475
10999
3771
8492
6478
435
2434
426
1879
6677
347
3204
11242
9748
1890
8307
9475
9533
1430
1164
1236
3269
549
1224
8204
1266
7091
1481
4559
9283
5969
10784
6692
5688
3444
8072
5982
5788
2833
4404
10028
6396
7417
3181
2377
3911
1764
11093
11357
370
5190
7481
7379
4818
8404
8349
10372
9861
6719
10272
7599
1878
6432
6151
7664
3315
5959
8987
11028
7746
9084
1315
1483
3716
11275
9636
