3910
1332
10487
6402
9032
10002
1434
6931
3077
7071
1425
8491
5636
8965
4117
11218
9456
10900
7993
425
5705
3784
1376
8928
4357
4303
817
8887
4307
10472
2927
8599
7674
2818
3995
634
7968
6090
9705
6868
9962
4945
8901
10928
858
7211
11009
2502
8774
3166
10351
5610
8400
6048
4692
2015
3578
6360
2442
2721
10217
8411
5710
6329
7788
3385
3860
6669
4977
11369
814
4354
11176
8479
10755
7673
6604
10943
1832
6355
2440
29
4512
8331
5509
7160
10750
9390
11286
266
2988
5013
10439
4418
471
6509
7951
8211
6345
931
8140
356
6023
6259
9039
2279
843
9723
398
5662
3713
6271
5016
6078
5313
9817
8283
809
10751
6003
8787
6642
5530
6658
4591
5961
8827
5298
2250
2965
7349
5978
7104
8510
8809
8154
5092
239
2197
4241
95
5507
1479
5198
7345
6155
7828
709
8210
3200
11097
1032
1487
3035
2134
1102
9121
5365
5671
447
7608
1275
2771
8671
7703
9405
5126
2596
7808
4095
7102
6501
10131
2546
9806
5835
5715
4788
3851
9425
7092
2915
7215
842
5414
10903
6802
837
5477
7287
6990
1389
3821
7770
1679
4162
4098
1200
3214
3362
9218
6471
6415
1247
5364
3163
7240
4833
3118
8404
320
9160
9867
4174
6796
8634
1483
11110
3911
2985
122
9042
5960
6159
5723
2846
552
2507
5374
1818
10989
10673
7314
3920
9324
5650
2286
4181
4576
6260
8326
1264
7063
3868
1866
2848
6813
2049
259
1983
366
9247
9631
1833
2947
10579
10606
6977
7583
1450
1212
2868
11224
9655
5328
2943
6104
10245
4741
9066
2903
1630
5618
6631
8228
5317
8955
873
4345
10984
10808
9751
2918
6472
9258
2935
695
4652
1330
10937
2296
7811
7010
304
8958
10232
6040
6497
8714
6591
5132
5425
6053
737
11016
8927
2800
1977
3160
3064
868
7040
202
2233
11107
3193
4785
7547
4204
340
7444
3967
6005
2386
6971
4201
8999
4222
10275
303
4351
5119
9810
465
11118
4569
3952
8378
2157
6933
8972
1003
10141
10746
96
3890
10032
8324
11058
7477
4524
8869
1710
2136
2008
9928
1558
1162
7605
5756
4454
7152
10254
1999
551
3836
796
478
4927
7825
9574
10535
9211
7039
580
2767
267
4736
9237
6835
3081
4006
9701
9937
3020
2595
9984
9470
6610
9930
9257
9590
981
9359
2700
107
4929
6389
1274
9795
10828
5859
6561
236
9279
4967
11057
9876
9967
8550
10818
10588
2905
42
8373
5344
7819
6388
1593
760
10417
5106
2923
258
7786
6703
385
4273
5194
3766
1484
5011
10665
1917
4642
8303
3991
6978
11080
9823
11019
3664
3305
10930
9614
6885
7889
8223
8166
6408
4771
4728
7933
5640
3857
1038
8480
7599
2902
5511
7650
6954
2730
7346
9819
6856
9597
8848
9122
8900
8912
1268
8218
5076
4522
3181
9317
2876
4245
16
9773
5182
5202
5879
6940
11135
3607
9914
6190
2390
9026
9612
1783
8722
3975
9569
3199
10173
1339
9649
8838
7529
9746
11247
6551
2961
1000
10781
184
126
712
10815
2775
6239
8789
11113
7866
10123
5535
3272
10050
3195
8590
3465
7552
7350
10146
7876
10365
4195
1671
2510
3403
4683
4731
6070
6426
2916
3293
10531
1167
4387
8489
9193
10175
9347
10501
7955
1677
346
2441
5572
5866
10443
4287
1960
7061
6870
9209
1005
673
10679
9882
9905
602
5744
5147
4458
7626
1019
928
4767
2047
1675
2077
4113
2181
3949
8415
11190
187
10394
7779
7924
7279
2152
10200
5685
7973
9161
6350
3116
1323
6652
8908
6072
527
10590
6938
5362
9114
7838
6173
5369
3409
9484
9525
9847
3207
6612
8280
2552
5151
7561
4664
9458
2348
9283
2789
9696
3322
10793
4551
8924
4854
6517
7144
1681
579
5794
601
3150
9321
10949
6607
8696
8799
10715
10043
10507
7683
9952
3596
1571
2207
1142
9989
10477
9168
4505
4849
2398
10980
2727
7003
5436
8341
8041
6670
223
9023
10907
430
4976
9842
2192
4926
11356
3431
555
4284
11146
9756
1941
451
8667
3289
364
3976
4540
3785
5129
9815
10859
5419
405
6909
8903
2535
7217
7549
6961
7678
4163
10548
9537
257
966
240
6002
8395
2133
2377
10924
2145
1637
10935
4719
9513
8688
2577
8898
6103
9014
5913
3702
8381
4639
3619
4017
10877
5576
9392
4819
2468
4463
4799
10539
592
7469
5130
2796
2473
10266
3503
1768
5811
1170
10133
7762
668
3106
6364
11155
7437
2093
5586
10447
7321
8196
1293
10035
8314
8413
4957
7180
8513
4887
1342
4595
589
26
9790
1344
2891
10994
7059
8070
1796
8264
6599
10429
6473
9789
5697
7773
5972
11198
6507
7095
2373
8207
8195
10764
8494
801
10372
585
3961
1024
1130
3532
2870
4279
6481
485
5582
2424
7290
7194
2388
793
81
7224
4096
10388
4962
2580
4
11300
882
8605
6958
4787
1863
7872
10278
10053
9480
3778
3422
6166
5399
2975
6735
6422
7918
4986
7527
3061
9487
6917
10260
7863
1626
450
2936
1283
10237
2651
4921
1408
9178
8049
63
8164
5012
10347
5754
6662
6371
7594
354
7670
5080
10130
5764
4882
6934
324
9844
6420
6379
1998
1731
10293
8889
6541
6129
7504
6681
7509
20
2038
6400
9107
8071
967
3095
10470
2883
5271
3071
1812
6183
10518
8464
5440
8388
318
2890
9526
2862
9545
10287
7129
10957
3010
8442
5853
9016
9722
1266
3447
9109
5560
1961
3872
1846
1979
7737
978
8675
4852
5292
10598
9311
6124
1135
8947
3522
9648
235
4314
5923
9531
7753
6489
6348
4708
484
6571
3500
7836
10894
5637
5543
3757
11172
5814
2232
1884
5869
6851
7178
11114
2537
11242
3304
7076
8560
2670
6910
3966
11241
8025
8254
8365
10426
7479
3376
9288
3562
4625
7119
1746
8340
2166
3721
4465
4836
2955
10783
7511
6981
10554
10770
8507
6872
10425
1576
197
9300
6785
7474
6382
5957
3003
937
1335
10298
9950
8692
9939
5977
10460
10560
299
5169
3896
5740
4334
2981
10896
4045
5274
4713
5967
7235
7810
8569
3225
3554
9949
6349
8573
2980
2176
7115
7112
8499
8829
3595
9734
3372
8621
8259
5909
10541
6819
6338
7432
10109
1257
1769
1943
2911
4600
11178
6022
6743
3665
4327
446
5792
1749
4626
10919
10647
3358
5152
3528
848
9280
7578
10824
8277
8007
10620
1248
7163
6855
10169
4018
10274
7296
1345
9720
8129
3114
3707
2994
2278
5855
8460
3502
6901
10207
4148
3504
10366
161
11304
1838
10068
11070
3509
4369
4726
6792
3759
3030
1894
10037
6366
697
5316
8751
9933
4441
3834
3017
9527
6444
1171
2243
10927
9953
5878
2146
2993
2913
5084
4104
8772
8256
9163
2108
8957
2850
639
9396
912
4999
1687
10114
1757
6834
3488
8995
360
768
7946
3709
2657
1590
531
3189
2812
9301
3507
1503
1876
10101
7172
8503
2239
5124
9450
4663
3452
1789
5899
4931
1320
11015
9351
22
3669
1701
537
10604
7151
8081
5400
4490
5749
6333
10174
5621
917
2346
2709
7971
9829
10281
60
7961
571
1195
4400
11374
7591
4261
4870
10481
9700
4211
5340
2822
1137
8325
6777
10398
5844
8252
3776
10396
10450
5952
2959
10791
149
4987
6140
8639
9489
4863
10625
8578
323
174
2173
2021
2375
9204
9185
7749
5861
10337
3154
9
8662
755
3645
3110
2366
8447
8125
6411
3840
2838
3198
8805
3525
5594
5322
8797
8269
943
4438
1105
1002
8608
6767
11103
8699
544
5624
1991
9378
902
379
9101
3859
9573
6441
3987
5135
8176
3097
1984
8960
9435
10338
4536
3688
4079
2245
7099
6641
7114
9153
4542
10636
4484
1632
5933
4805
6405
2317
220
2439
2865
9672
10016
5888
8585
5113
2756
1251
10938
8204
6116
2403
8267
4270
6673
6644
1426
9993
233
8670
763
11239
46
4272
1954
9382
7799
9803
8323
10662
3969
8986
2858
5770
6739
5782
8611
4550
1216
8306
9889
9219
9592
4908
3977
8042
426
3806
9732
10307
1563
7018
2899
11272
10418
155
880
9316
10210
2517
4598
6789
6477
4650
8930
2400
3928
4020
759
3042
9647
1881
11175
3401
5452
4237
9034
1565
6341
5353
7170
8143
10003
9942
7746
649
3880
9349
408
1454
11047
1819
9252
2451
2544
4669
734
6165
9972
11043
4278
8257
6270
3933
7653
625
8345
3576
6272
636
9924
5484
10973
106
11
5063
10159
2515
3105
4075
2854
540
2834
1800
10225
2672
8014
9836
3984
2191
2632
11128
6125
10831
9623
6312
5746
3494
1099
5695
10741
6456
1807
1560
9781
90
7022
7430
9524
888
3575
10296
6051
10259
10071
1945
7173
4877
10024
10
269
11186
4905
765
3819
9295
550
6082
7337
7142
212
5459
4610
217
9408
7892
2242
761
10674
3820
611
10157
5406
9091
5208
3671
7288
4766
9601
386
3165
3176
8029
7775
9264
10316
1043
5549
10495
5319
1279
10978
4187
11353
3529
10778
672
8718
3960
3464
9098
13
2914
9202
959
10684
7917
1033
64
3883
9653
2674
5925
7192
7728
4795
7877
11063
7179
4864
8276
6562
1970
4761
10041
4612
3188
876
9312
7833
1756
6424
729
6911
436
8344
7366
7498
10473
7229
5287
7681
3508
10100
3454
9559
6220
7467
1680
11348
3014
5939
5922
2213
4189
953
624
4965
7724
6398
11026
7486
7947
341
9642
2659
2209
4004
3067
4629
7748
8240
790
8463
6766
4942
4602
8402
11354
10948
1869
8874
10669
6628
2576
2808
4131
8563
4712
1653
11243
3183
210
9362
3303
5802
4233
5473
1243
2335
3100
10212
9078
6906
10549
10327
6157
8351
10236
2976
8839
4263
2478
2060
3958
5439
5698
7149
6548
6178
8537
556
9366
8026
1327
4995
3814
3968
5260
6811
3959
4265
4828
7294
3316
2054
1104
1178
1588
1754
8613
8701
7259
6532
3577
5873
10373
5120
8068
6442
6089
2066
10156
960
3540
8690
10256
2035
4331
10491
2227
757
3625
2648
6062
677
2783
10092
6986
9922
3469
681
462
6594
359
3918
2354
171
6993
3474
1015
2421
128
3290
7428
1315
8936
403
4936
8771
7555
2793
6109
5028
4914
671
6962
1097
10520
10688
4464
7137
9198
3109
4202
3832
2755
9370
2570
480
7761
11325
7507
11290
6302
5597
11370
1564
1733
2952
10435
2174
609
4840
431
4178
10905
51
329
1366
18
1919
5175
3782
8298
8430
6968
2416
9593
4092
1090
9326
2860
4164
7987
8990
8631
4613
1857
8368
9338
5862
11222
1368
2578
1910
2731
5267
1346
2579
8017
4288
7528
2155
3886
5409
7751
5990
6829
305
7704
9873
4519
10773
8487
9544
4016
893
11091
8322
593
2340
6464
4939
383
2282
10667
11306
3722
5461
10326
10308
2628
4010
7871
4300
56
7572
4155
10820
2461
2692
5590
7251
6467
5643
5031
3807
9069
10354
4408
5231
947
2791
4744
6137
5964
6905
9440
58
9224
2238
4421
409
4091
6661
1183
5559
4110
1210
9251
5625
2472
4086
7875
1747
3881
838
1797
9377
1025
8943
10391
6020
6857
208
7167
614
8752
1334
6108
1158
10171
10806
738
1938
9336
5605
2112
11083
2792
1406
9675
6861
1911
2575
9578
5220
2624
11018
3885
8877
10048
6135
10887
10932
7667
2479
1625
8105
5081
3152
11151
8777
7471
1585
3074
10942
3099
3805
4172
7696
9454
5676
7044
9348
4308
7984
1084
4556
62
1047
1510
1752
7514
1986
10540
1472
6738
1877
10361
10910
9518
10480
961
10026
8168
6633
8079
5550
5567
9940
9767
10329
5333
5279
198
490
5269
10749
2909
849
9615
5474
11076
7262
2297
10829
1149
3068
283
5259
11169
2644
10817
7244
6530
8121
3203
2564
10951
2877
8390
2781
268
6145
8708
8130
2426
2759
59
489
4368
9505
2033
3753
5078
3945
2754
10111
3384
7473
1952
8862
9372
775
9931
3558
5310
8441
8458
11328
5417
3563
2772
7634
2414
2514
6617
1956
1658
8984
10734
8024
4552
6435
10849
5628
3787
8649
5155
4264
5302
2137
7191
10098
4034
3126
11138
5122
7563
3600
1445
6775
10591
6514
11234
949
6421
6903
1113
1452
847
9698
2406
731
1265
7912
2124
6814
3946
6999
10990
8514
8045
4240
8342
460
11340
6431
1448
5308
8216
7037
665
6771
8617
9299
5585
11189
7450
553
8022
2412
7390
4917
1009
4549
8360
6752
6176
4856
82
1196
11059
3731
6572
1245
9917
5499
4582
9627
9231
5187
8945
8702
10282
5570
3192
9220
748
8884
6412
7476
9118
4892
3751
4053
4332
686
8700
7461
3159
7397
7132
5874
10719
4293
3802
2394
5544
5787
10983
9498
11202
11157
1199
1907
1672
3013
2171
8138
397
2995
10766
7449
9459
4932
835
6295
3141
427
7365
4754
9896
2951
9442
3321
8865
3323
4837
10524
7869
8835
3887
9386
8108
6609
6146
6916
8725
1962
9807
7543
2549
9146
10469
4487
3781
7711
5716
10615
10461
5927
9129
1737
5416
2105
10214
6283
2161
5868
675
5837
3609
8831
2374
1614
9596
3574
10423
2640
14
4503
5983
6216
8983
4003
9868
3633
8559
6656
8897
2110
5840
6010
9588
1892
10493
1236
3988
3510
196
3668
10581
9586
4969
872
1544
3614
5112
8971
6037
6028
5075
8734
5471
2219
1449
6453
4678
319
3876
5904
1411
5006
10467
8575
9494
6930
5429
8754
4366
11209
2147
5793
685
10095
3948
2223
2663
2429
9621
7929
6889
7621
2474
7989
3223
6050
7931
1533
1249
2435
2968
8416
9589
10822
11008
8417
9004
11360
9436
1929
1916
8757
6307
5149
6702
10456
8952
3472
5518
5515
4318
7821
5139
7032
357
10403
9920
9821
8954
7462
11035
4256
10007
3930
877
2944
5064
11246
10424
3438
1967
2565
6651
3201
4655
5005
8382
777
10966
1206
5654
8348
4628
9463
9053
3953
4934
3586
1322
8150
1115
7807
8579
10797
9397
7576
9215
8830
6493
2583
7162
10979
8375
7307
1285
1187
9550
631
9902
1575
822
7123
5926
8668
6689
10611
9310
1621
5979
2698
1665
2735
6537
7590
6246
9156
1669
4851
10064
10872
10192
4757
3093
10315
4306
940
7156
5731
2331
10038
2030
6720
9474
7339
4238
1221
1477
7133
102
344
10468
3070
9785
172
275
9981
6654
6874
870
6352
10742
10148
10798
1016
9883
6915
3294
2277
10728
6558
4615
9334
3867
3342
8951
8497
6757
10725
1517
3069
9770
9105
7901
6113
653
2682
9010
9491
2749
3639
4584
9057
9633
11206
1887
6899
11357
11314
4013
11200
10956
3712
2813
7368
1490
9629
6523
7937
5145
1301
6319
606
5245
2153
5277
1512
3536
2739
61
5009
9008
7270
8379
6786
5305
5743
1739
5438
3066
8730
4388
744
6328
10917
8066
742
5069
6749
1392
125
5153
5506
5554
8618
4528
3725
9395
9716
3716
2364
2395
4336
1552
7533
2853
456
6055
6245
3025
11030
11049
9752
8445
5537
4090
2643
5065
7273
3974
8620
3459
8475
2204
8440
10478
3191
2142
6286
4493
3258
3054
1822
4166
5010
3895
5775
9422
10656
7582
232
6936
1317
5021
10077
8562
8439
1460
9980
7878
10392
10811
5144
613
950
7497
9828
834
4176
2763
5557
8996
1447
7048
10201
9322
3763
2292
8470
7577
10010
11055
4675
86
6432
7047
7014
4169
5478
9345
8980
2855
6988
623
6557
1809
7739
8532
2362
3758
5607
355
8230
4526
11250
7657
7110
6327
214
3179
5256
11068
3250
8973
10377
10355
4372
6526
3171
2550
380
6284
1464
6433
6884
9001
1139
9407
10702
7135
10526
1897
4529
1873
9602
7091
1723
5502
5449
5721
10189
3158
5127
228
6275
1729
6686
2302
1932
5356
9804
2446
2320
3796
5759
1493
3311
3752
10335
749
2849
1079
5645
2809
3436
10855
9830
6902
10918
3849
5346
3884
4561
2609
2131
595
7953
1197
9234
2573
1224
9438
1215
4874
2195
10261
10364
1120
7042
7168
190
2393
1581
28
5060
6147
4448
710
10400
8713
488
6342
11260
6731
1720
929
9998
466
1417
3240
116
3263
272
10977
11349
2198
7472
166
7545
3727
8334
1912
7732
7354
6690
4247
752
10084
10119
1395
10987
4122
8540
10819
7589
9925
9741
11378
11377
2571
3194
10017
10227
9410
5968
2795
2542
8476
9600
6488
1145
1522
194
6153
8982
3210
8707
8418
7139
546
3324
8274
5833
6294
7930
8860
7377
7122
10920
11191
94
11240
5483
10860
5717
1424
11280
9255
2203
9921
6620
7200
5008
8136
9598
6094
6475
3383
4768
331
9291
4078
4554
10027
3873
4384
8241
7090
5519
10072
7652
982
6397
10321
10921
9413
3605
1059
4477
4940
9936
6900
5384
6097
11131
7712
10576
1959
610
7642
0
8601
5339
9019
10686
5188
1302
9978
3161
10152
4951
6274
6428
3219
5074
3232
5307
3089
10136
3339
9469
9196
10683
892
2480
1634
9796
7910
9801
7009
9659
8686
8966
444
1955
1855
6332
3345
216
8337
6232
9932
6896
10485
4481
8084
8759
3909
6150
5938
599
5445
5082
4680
6837
10001
3809
4353
7325
7126
1289
9404
9327
2289
11039
5173
9609
6595
10073
10194
6664
6081
4472
4242
6046
459
2690
9800
2359
1161
9959
1840
5600
4485
3497
1129
9131
828
3708
3461
2530
3929
4375
7635
7258
7247
6842
3186
9990
8156
1499
5301
10359
104
8229
8963
7000
9934
9123
4014
9562
7790
894
11122
10752
6436
8911
11332
7690
741
54
989
6746
1404
10629
8333
6518
1370
2529
5297
1160
5819
2000
11212
896
11292
3555
7649
8371
7362
3649
9365
6242
3560
855
7669
7593
4859
7915
10234
3112
9743
9112
3998
2069
1507
1779
1026
7283
1697
3511
825
887
377
1713
5545
2904
1234
2664
5858
4743
10771
10644
9857
6045
2826
10505
4667
8275
3138
10240
7391
1788
11312
9085
2845
1557
2503
9764
10893
3894
1486
5581
3267
10116
4480
5250
7385
8705
8755
3145
10138
3473
2814
6866
9551
6282
8244
148
4101
7085
8697
7062
11361
2784
1063
288
7600
6098
833
11329
9096
7843
3588
7612
5020
2687
11213
7804
4121
7887
3437
2387
8155
10430
6683
1078
9158
9637
8664
9712
9364
6234
906
2972
8097
8391
8652
6833
3397
8459
4194
6912
4560
5777
6963
8628
6955
8810
821
1836
9315
10634
3453
7410
2167
8053
6608
1244
8039
11207
871
6722
4362
3683
3855
9325
1735
10840
11089
3812
6960
5280
2797
3756
8145
6213
948
2588
2677
11054
8750
3810
7783
8224
1237
416
9076
2324
4557
805
2785
2055
10594
7923
4631
5773
5951
7518
9394
878
11025
6067
8879
10110
6199
6235
7405
4585
10395
7659
6564
1213
6574
8385
5971
1034
1949
4157
2291
6102
10113
9222
10311
8640
8778
563
8172
8577
8188
1372
131
1070
6127
901
764
7482
7260
3741
8596
11355
1473
5753
4796
11023
862
9431
9159
10807
321
10182
9048
1415
11226
7256
8876
5264
7573
10283
1037
6306
1436
1698
829
6890
3569
3439
5357
5083
3413
11159
9690
983
8566
1744
8775
4739
5441
10427
7693
3410
11020
3177
8369
4428
6898
9124
5217
2526
8855
9464
4902
1864
5185
3425
1271
11136
5566
641
6850
9674
2116
6133
7408
7280
6188
7480
109
5312
9977
5105
2260
5457
7682
2244
7234
6693
201
7994
337
6193
5603
8756
5314
3677
6858
4329
11347
10348
4869
6019
4316
1191
6823
7309
2736
9216
717
8685
926
5827
5962
3291
9497
4310
4386
261
4564
771
3598
7007
3404
7316
1847
7865
2418
7165
10618
3913
9190
10848
9457
10821
6706
5304
3352
857
1181
7043
3052
997
3506
8349
1878
660
9246
2005
9086
1451
412
33
5103
4963
6331
342
5704
3155
4973
3417
5801
7219
10729
1041
1111
10866
9461
5071
4689
9188
6583
2205
5929
4478
8524
5702
10049
2513
11364
4822
1660
4782
9713
7978
4411
10543
11158
8956
3038
8258
5578
1154
10664
7324
6318
9136
2091
1580
8893
10115
3626
618
7861
2253
7116
1169
10088
3360
2678
6675
7607
6600
11102
898
11038
7341
6013
10637
1410
9344
9606
8520
373
7392
9512
9287
5444
4022
8110
1156
5165
1760
2248
2598
11163
7925
2169
5713
998
2228
6863
951
6546
10197
10870
2753
8412
3627
9330
418
2254
4909
1982
9432
8854
9314
8609
10534
8892
3132
7065
5533
5053
9761
9213
538
3205
9268
2531
3527
5085
3747
8564
11196
242
7436
10407
7269
6737
5205
3157
7960
5699
1106
1458
1589
8822
11302
8791
3692
1341
10982
6084
5242
10799
7120
10014
5212
1007
10413
8736
6482
7372
3770
6684
6149
2404
10655
5987
2532
3015
4476
1220
2533
10825
798
2553
9943
10097
7201
7054
6205
7282
807
2828
6445
11149
9046
1356
9742
6007
1611
10621
8825
3943
3224
9360
2939
6734
3714
6629
8332
7458
3026
9473
1879
2483
3379
10128
7490
5911
6590
454
543
9065
9332
4974
5311
3374
5906
3783
5164
4333
11336
2906
6075
3538
8665
4467
7513
7719
1787
6258
5079
5052
3655
435
7822
1299
4340
1786
7274
5114
10494
3833
3682
11094
4947
8261
7835
7685
6685
9380
2497
6668
9709
3375
6998
4935
2655
706
2725
4457
3296
76
2722
10955
10856
1854
9233
3380
423
723
1263
9740
9051
9171
1405
10399
10143
10239
9067
8335
9515
6263
3572
8465
5195
2193
7809
8534
8300
9657
2882
1909
4453
6126
10553
1814
6534
8214
10720
7332
5875
7566
11193
7174
6261
4846
2096
8694
467
9355
863
2689
8092
6500
5516
3391
6182
581
9417
811
6168
10640
10827
879
3229
10521
4647
1740
7313
8968
10508
654
9165
5370
5086
10376
2493
10512
11321
2452
3434
437
4220
5349
7965
10617
186
6016
5601
10843
10804
7940
769
1390
1811
6039
7506
1829
9955
7592
7138
5258
2492
1397
11065
7302
8738
7278
10044
740
7997
2770
3762
6256
10317
2088
170
577
6815
3442
5184
7494
6696
8794
6414
31
7880
5492
8641
3445
5690
7087
5883
3922
5326
3623
8558
733
4640
10661
3196
4643
3170
3275
10000
6222
3789
2892
7196
8451
2932
6413
2389
5098
923
9530
5595
2642
2696
1082
8286
282
6487
9277
6437
7538
1316
5829
10761
11229
5091
6838
9865
6032
10314
6184
10537
9157
9506
7970
3213
8745
3233
3117
284
229
7083
5138
3816
573
178
4470
2852
5121
6474
9154
5950
5551
9822
6871
9871
6322
351
1683
7705
7764
6543
6700
4119
5455
4756
10922
10996
5068
3268
6194
8456
1012
9166
4722
8543
7671
3147
387
4547
2039
6646
7093
11281
561
1011
3139
10385
5902
5367
9201
5555
3356
3387
7848
11244
4994
4023
2815
4997
10012
5915
4534
6790
9639
5207
3582
392
147
44
6361
10177
3297
6160
368
7686
67
5863
7128
4050
10029
629
5372
1673
3728
7140
5048
6396
9260
8907
9143
7456
3931
1100
399
4207
6243
7203
4594
6369
5592
1328
9128
1306
4959
11338
10455
1628
6588
5679
8438
10805
8380
7141
1921
7193
7426
547
1377
7934
818
3742
9594
6932
6343
8290
9793
10420
3115
2409
3288
1065
985
11154
10028
6997
5174
10023
6762
2148
1654
9833
7081
4825
9385
4813
10607
1437
9777
8828
3421
1613
4954
6033
6079
4630
5268
6667
786
6502
4943
5044
3982
10850
9878
8141
841
5192
4188
9879
7645
10933
9968
6687
5798
1850
1738
4535
3060
1561
8841
10871
70
9346
9687
317
5729
4132
6745
5808
6742
1256
6570
10457
10500
3916
5599
4048
4525
2874
5937
99
7630
920
3686
144
7069
10522
9682
4246
6015
8712
1223
5159
5017
7355
4834
5553
6409
8482
5761
719
6941
10209
799
8533
5709
4972
5924
3936
4860
7758
5769
968
2511
1950
3137
5877
9149
6100
5172
11127
11259
619
9056
5797
4347
5905
7587
1652
9194
8803
3530
87
5432
3661
7374
8421
6914
4682
9383
8937
4577
2967
10272
6699
6650
10972
7932
10125
4038
1430
10802
6598
9617
8467
9242
4661
10297
10389
10108
322
1647
5389
1889
493
5920
1278
1157
7220
9837
7028
3470
8843
7082
1374
4599
4342
3962
7209
3906
7394
10513
9725
3336
8589
4460
8310
7106
1771
4861
1828
8232
3209
2879
2251
4716
8921
8909
10562
1391
9455
3717
7539
2453
6632
4533
9189
10552
3062
7716
8167
2425
1573
1795
134
1648
5454
4946
7502
7464
10103
10624
3441
9419
3309
152
4715
3760
9248
1375
4435
9239
8302
6030
924
11140
1071
7579
2356
1384
7791
1429
10814
8929
5428
5608
6096
2283
3348
5626
2810
2701
7186
4637
9693
7019
9858
2487
8018
4499
2144
163
3591
7161
864
7481
7483
4085
9650
9443
736
4770
1427
3902
10121
1211
1295
1463
4488
4429
10498
10711
5366
5007
3874
7353
10780
2079
5893
7824
10775
8542
4350
10216
3570
2857
9992
9908
4249
7550
1971
5148
5413
4544
6975
5689
8813
9511
2061
4760
19
534
10648
5678
9504
3630
3237
9560
10830
1905
2224
3748
8521
1895
8588
8920
5348
5742
234
3273
1096
10767
1453
5233
9960
5565
5966
9414
4479
10941
507
10567
1058
7898
2036
4344
4450
1461
11254
3429
3517
4933
7949
1491
5718
9241
11082
3467
2924
6162
3489
1826
5412
7336
5489
8891
6982
9849
5943
3485
10229
10635
8061
4532
1340
1506
2671
1765
8431
6721
1662
2170
5332
5278
4286
8906
9783
5795
4981
4979
8181
181
6478
2350
1188
4193
2058
7291
6622
2777
10731
2334
2766
9619
9488
9900
3318
1742
2408
9228
4821
5508
37
2438
9200
3092
6515
4423
9009
1443
10676
3333
8856
9778
7300
5891
4657
8931
904
2641
4688
1766
10452
6839
5659
1699
8502
766
4823
5852
2082
11215
1549
9658
9963
276
5170
899
9061
5131
472
1813
8297
7959
508
209
10358
1238
11108
6592
7107
1519
5495
1189
5700
195
3565
4814
9018
1823
1132
9451
11012
10343
8798
4555
2934
10330
5766
663
9064
9036
6555
10422
7610
11337
10622
569
10393
9179
7124
642
1569
3406
10969
7308
2351
3514
8852
2041
4076
7097
9774
4214
3056
9894
6161
6774
92
3411
9845
5842
2268
6111
11095
684
2491
8506
4081
6026
9152
7218
10230
4074
8392
4842
4248
3674
3220
7204
8265
6996
10492
9654
1794
10710
4811
4227
8481
6334
2121
7034
3255
7379
6298
3306
9999
2433
2050
1567
182
10514
69
9661
10181
11339
8327
11264
6807
449
10570
1231
8747
2630
5070
1112
8457
5988
8890
2741
7832
3641
2226
2499
7601
6521
3144
3182
572
6876
2235
5930
7493
2067
827
3937
8737
8654
770
1031
7327
1432
7619
358
3249
2045
8124
9104
4114
2925
7011
1182
10867
2162
2218
1693
8408
2456
10080
4123
6639
1444
10349
3312
10568
9293
10233
5510
7157
1136
8485
429
10672
9254
8032
6069
325
4301
9971
1269
11289
586
2295
1714
4928
3134
4371
7720
4587
9173
9538
8095
11316
930
1924
11208
10390
8636
8234
6547
657
9075
6359
3314
4641
1799
11042
188
6106
473
4495
88
7118
6281
2811
10255
10925
4173
10709
3058
7632
6756
1546
255
9618
9403
6618
2837
6984
5296
6138
3689
10118
9074
2984
7330
5593
9490
3278
1775
7185
11375
8570
6648
10663
5984
4567
1612
5423
11061
7500
10150
5512
5181
414
9611
6455
3594
1513
3681
4231
3317
9697
3009
7056
8914
1913
4422
5807
7741
5486
8728
5822
5073
9890
7164
903
10836
2305
10247
3107
9350
6852
6346
11078
11148
1184
5359
8905
8054
4707
6843
5498
9298
8212
7868
5542
4618
10030
9651
5252
9278
4742
6623
10517
3424
8086
9079
7952
10042
4690
7699
1393
6663
10678
10406
3320
11041
10641
7911
1987
9225
3031
1538
3416
8449
9875
2744
10055
4226
730
5493
9604
5900
2950
1118
4486
10322
4964
7829
5887
3533
1674
2407
8134
708
7210
11216
8545
7013
2186
3584
8067
7844
1305
3482
11227
7616
9584
5330
4383
7974
900
5860
6621
2285
5686
11195
5617
6226
3244
4546
1810
10572
559
7051
11221
9861
9730
193
5985
588
165
1717
5638
806
2780
185
1272
7333
1030
114
4777
1364
5379
1166
7491
3016
5564
4007
1379
5832
7975
1655
9991
4062
7562
5732
4809
2379
3001
72
2415
1615
7045
7944
4349
5734
11143
5055
1767
3433
156
1252
7710
3499
8687
4581
6117
7510
8781
7221
5104
9092
3043
3450
7521
7870
4255
9013
5649
8496
4844
7254
2006
10410
8637
9733
850
5513
8626
648
9634
1816
1682
4800
5663
4088
8122
4517
7738
9641
6928
2919
5830
9206
1900
9944
333
6373
3659
2969
1401
8165
5407
4980
10787
3078
4431
7813
5958
4219
7358
10884
9353
6451
7565
8255
3601
4406
1542
7373
1859
1904
994
3914
9888
6897
3271
975
1598
4873
3027
7001
3845
4139
4778
3617
992
2443
3718
10276
3567
308
9243
9446
4958
11334
6293
4677
1333
5496
3546
3999
9983
3663
6542
4217
2255
2668
1203
10434
1349
5897
10093
5109
10383
5270
10865
8883
2312
7117
4699
3178
3174
370
557
10968
2073
11363
5150
2189
1721
10419
6753
5959
10059
7796
6559
1577
1180
7046
9766
2371
5324
9669
645
3777
4649
1861
8800
7035
2237
9391
4903
9000
2734
3217
11079
2615
2025
7938
9088
3657
413
1539
6630
5865
10654
5779
6528
2104
2786
6175
10677
9791
10627
1896
7073
5771
6540
5285
2737
245
9341
5739
1089
3355
5291
8
8886
743
578
10219
9210
10697
2603
4180
1044
3580
389
8704
7175
2448
1741
5598
2699
4855
3479
8642
5040
10489
8627
9666
9568
8020
4949
7222
4697
6710
4317
10165
1280
8236
5087
4033
3343
10198
3319
1691
10215
349
10436
5163
8247
2095
7098
1355
8902
10334
5948
6211
9090
802
8372
1780
8723
9535
10701
3252
6627
1968
10431
8317
1844
9483
6768
6733
1668
27
5737
4573
1318
10726
5166
5058
1428
9155
10999
10580
735
9409
10243
4082
3892
10595
5284
4937
3754
10970
5246
6760
6946
5479
10985
10649
4646
3599
1516
7575
7647
8932
11298
3970
8953
1536
5093
3685
8969
10575
9144
8719
4753
8842
4161
6148
1644
3287
9415
5377
2273
4165
9680
9945
10475
9528
2559
2022
353
159
5812
5696
3842
6603
1958
2187
143
3276
4071
8896
8363
5755
4989
10453
4274
6351
4758
9577
9120
7909
5660
7581
2629
6643
11359
1700
2034
6624
1423
4603
1528
8065
3047
7478
4343
7371
5870
4586
10502
1676
8998
11003
6566
9632
1282
10566
10628
11351
8629
7447
6800
10769
9401
7531
8744
506
10899
5912
1996
2660
7406
11006
8926
4036
1583
8709
2887
6401
2719
10211
3978
11345
11034
6494
8037
11358
3148
2928
3024
3942
4507
9467
11184
11099
10405
2574
9151
7627
9864
8038
7096
4126
804
4436
3703
3432
3903
6550
9809
3226
3
10551
3583
10076
823
3535
2908
10137
9628
8853
532
9907
9935
10952
7985
1902
2774
279
1304
2490
2012
2057
9418
7271
4803
145
7812
10340
11367
4175
3265
1764
8080
789
5688
11192
3084
6563
6368
2937
10708
4141
2072
1361
526
6169
10967
9608
6724
176
6285
6611
10184
7943
6580
3518
10716
9982
6516
965
682
603
173
4389
10301
8638
4875
7414
6881
542
1442
8615
295
7676
9208
8444
4894
4724
5707
6225
8047
4321
290
10170
9887
6041
5528
8840
1482
5681
2284
6793
3131
4319
5154
11173
4462
157
3104
7029
10578
3606
5254
7383
10134
4623
2617
191
4500
3900
9533
10947
7067
6058
10789
4244
3905
3039
1646
8321
5995
9595
826
7882
4614
10960
5125
1718
8461
8495
6732
7100
3458
2833
11090
10464
10954
5062
5465
2090
6615
6339
8501
5970
2139
3279
8698
2163
8099
6597
6893
810
6230
5854
6927
3915
5430
5494
11179
5392
17
3971
9808
8806
7248
4762
1222
7991
8568
10021
2252
2863
9181
1457
6335
650
2538
1906
4506
8516
9052
5273
139
6142
5401
9186
10574
1925
1885
2029
5641
2851
8374
1993
2895
2160
9711
2206
7759
4732
808
7617
4239
4759
7285
5385
372
11319
1709
5817
5520
4520
6130
2831
2
2266
250
8432
7070
6565
7574
6992
2270
2921
11037
10188
11269
9477
5730
3744
4054
1146
2353
2370
1554
4171
7311
10698
3882
5450
3140
10474
1566
6393
2512
10462
7075
8595
2454
5724
5467
4073
7569
3048
1367
1459
11296
4611
2760
4978
117
517
1928
10442
676
10593
2970
9607
2345
1085
3475
2256
2422
7922
347
7606
8823
3726
4717
10074
4605
2419
8452
3513
8812
4005
6330
6891
2080
3149
10875
8104
2582
6136
7334
6765
990
1042
3531
8565
8089
1286
11220
7148
3635
4658
8557
10670
9244
3055
8727
2843
5230
6729
9294
4592
3997
1119
4746
7730
7615
8077
7886
5820
7750
4776
8377
2329
11211
4403
9376
2910
476
6698
3792
7351
2703
1202
2333
7266
3539
9462
2084
8082
1584
10324
5656
2602
3844
175
6503
9212
2971
6744
7814
10379
7389
10384
8035
6972
3124
8434
6231
3925
11165
5824
11248
7433
3870
1080
10306
3266
1103
4672
2361
1686
6172
7053
7401
7879
3455
9581
6967
6354
330
6266
5538
10699
1511
8246
608
8006
7614
10940
9681
6310
7105
5033
10081
2417
8287
55
9275
988
5341
8836
7293
4159
7992
2040
1489
10536
8146
4152
9794
1029
10342
4251
7831
2378
3740
4700
3370
11164
5241
11342
3590
3989
2119
890
1296
7496
6404
10345
1398
6289
7624
5469
1670
939
8288
2326
10931
2319
9772
8133
6586
3353
9798
4430
1331
3428
754
10666
8116
2941
5337
6780
6817
1743
9358
2431
302
10835
6605
964
1555
5335
1218
4461
1862
11238
7548
8519
5453
6727
8453
1791
5796
3102
3676
6321
9267
1527
2634
419
1806
2768
3251
237
3818
4848
4956
8949
8427
3618
10832
8175
10162
5352
10988
8769
5757
9556
5648
2410
1711
4445
10643
10004
3315
3691
1870
5042
9444
2621
4001
10057
10705
4209
4363
946
945
6920
7920
3875
2798
2713
7862
9249
2413
4609
6198
10892
11005
724
6832
954
4328
8115
8710
4537
5632
1547
5100
11134
7255
3369
2604
352
6613
10350
7195
2020
2399
986
3950
11257
7893
497
4136
728
6539
7228
9656
7166
1520
11033
2280
7536
840
6076
2847
3773
4425
4192
6066
9901
1853
6395
2215
9170
1153
10208
4558
1262
9988
2053
9566
8034
635
2083
5692
3738
2704
2369
4044
9012
4492
4364
1827
5540
6029
8260
1471
2094
9780
5251
694
6549
4057
7976
4229
2465
3985
4230
11343
4405
1051
5916
6027
2527
10596
549
1133
4539
3130
3065
6381
8330
1715
626
5921
9813
7823
503
2647
2593
6068
10888
9662
10411
420
5738
8509
1976
5826
6454
7214
8541
7131
3616
3310
310
9448
10992
5418
3650
9563
9335
10438
1985
1053
362
8120
5039
3085
3973
558
9227
1834
6828
1394
4530
10252
3243
7885
2823
1639
3768
2639
9187
7725
854
2836
9485
8437
4827
4711
9938
10929
6202
9363
10262
2498
8316
2597
334
2246
11303
3241
2087
1875
11251
11011
8527
10857
7919
1385
523
958
10851
2420
5110
10653
4323
5196
110
10183
6772
6942
4583
8361
2733
5381
10006
8002
7714
2724
1207
3368
8493
4213
932
6983
7734
5935
11124
9695
8987
1396
1821
7077
4792
10687
4215
2669
9626
4111
8944
4137
1964
1980
2010
10051
6918
4706
4002
1294
1198
1185
7745
9758
457
3729
6847
9117
2372
11318
8159
3733
108
2444
1140
10854
7055
6779
10680
3666
1946
5435
10868
512
11062
1134
6267
1431
7722
8309
10090
8732
6049
8355
10466
3841
9957
8217
659
10544
9567
5708
2432
439
11088
5460
8816
6788
4135
9599
133
10496
2801
343
5772
5889
6087
8059
4367
1607
1387
1529
1351
4747
9256
3579
7440
8766
5501
2118
8635
10397
2196
411
9089
897
6969
7641
10075
702
7012
6508
5443
9103
9906
5059
1270
1023
1359
8488
2380
1845
884
2525
2973
5266
2613
5019
803
2032
4593
1936
5295
9262
1534
3399
10589
2773
48
2816
6292
2391
5281
8742
1815
7802
45
4679
10056
8423
8645
7972
4801
7272
3897
7742
2554
1830
9572
4496
3801
8586
6803
7208
3979
9384
2168
7709
815
6614
7708
1175
10556
3349
9665
3022
5315
1972
10248
7492
7466
3972
7363
5222
1965
7986
2957
5674
6170
3592
8594
4793
6770
10155
7213
9961
3791
6416
10078
3283
483
5186
2264
3774
1852
10070
8788
225
3919
8113
7990
374
5836
10415
6085
77
794
6716
9678
248
6649
1151
7489
11188
1526
1468
4674
3775
11161
1311
1745
8867
281
8676
2665
8477
5143
2930
9063
6875
2208
4475
4538
218
5994
2680
3734
1021
2004
6063
9449
7772
750
2401
3221
8393
9846
8677
2562
9691
2751
10839
6529
11045
98
3136
5203
10082
4911
1914
9030
6519
600
4236
6892
3402
4578
9100
6616
10945
11181
1508
4167
582
7225
10724
3018
3947
1798
10619
9214
622
6265
6399
4879
183
3388
7232
428
10897
7020
7197
1354
9305
1908
4498
1636
6791
2864
3005
8758
4920
9805
8354
273
7246
7403
2180
2011
9071
2769
8272
4883
8525
10288
1989
8847
1230
3301
5806
8580
2986
3926
1241
6430
9284
7847
8205
5666
4320
8551
8245
7286
140
2607
2436
9571
118
2581
6276
8291
5703
10958
3023
5523
2183
4437
6862
10528
4574
5386
5218
8294
8098
8571
468
8648
7900
5954
2247
11067
7571
5393
3086
7145
6787
8498
6596
10299
1732
4910
3629
4170
338
1383
4253
8433
11297
6391
111
4379
9850
6882
9986
7768
4984
6533
7785
8137
9605
7830
1052
5408
3656
5521
1841
1057
9840
8878
674
2896
9147
6240
3542
9892
3245
207
2097
9683
3993
5825
2028
5976
2999
4985
10402
9261
1727
598
11330
5998
7301
9492
1277
9274
1421
4878
11276
1579
4853
510
4326
2714
10542
433
711
8814
4009
3963
7205
6449
4701
2051
5765
9132
10437
10144
8935
3231
10882
1992
1382
9855
5226
9880
8913
5134
1551
2987
4718
8743
3907
9948
7384
7
8060
7873
2920
10404
4624
1138
8193
5786
4025
4160
2486
5619
4489
7103
211
4191
5552
6375
2365
6107
482
10792
8339
4346
5041
3843
4696
4355
2516
691
6463
8808
3521
8988
1414
8959
10008
1663
3019
3254
1492
2501
778
470
5142
3234
9495
11137
9558
8894
1774
3771
5403
8974
5382
4015
5677
8721
6446
5001
10730
7803
2705
933
7206
10732
1617
4030
4654
10801
2982
7603
11288
3087
10559
3108
3483
11295
5680
477
9172
2043
6730
6794
6180
6229
6152
5790
4380
8780
6158
511
1664
3423
1572
5329
4702
3463
7916
10700
396
6233
2175
971
80
7520
6367
1587
7495
6208
1915
3029
3786
1347
7317
8069
5146
1692
1403
10738
9318
9148
8915
2023
6201
1088
7717
9899
9745
4297
9673
5057
3965
2300
2557
7546
168
7503
1143
11271
5762
6769
11307
8191
3230
7692
4580
10841
10923
441
180
5067
11109
2717
4589
8997
4817
845
4120
3719
8370
10694
616
335
9708
10249
5482
7420
1165
7609
8940
4648
6498
3690
1886
7675
5043
1843
1290
9979
7078
1726
4802
5442
7969
865
881
6410
5525
753
2101
10160
8237
10179
1388
7585
9476
10782
658
8804
494
2447
5318
8844
8209
8764
9676
3041
3648
3216
7031
3227
2135
8011
151
6980
8142
2318
8553
3007
7380
9714
7184
11327
5652
9862
5248
1300
4797
1094
10601
2075
371
1466
2385
6164
6634
4913
3862
407
952
4138
4798
10005
5816
6309
651
7340
252
4414
9747
10953
9731
5380
10915
704
2881
3050
3557
8171
2568
10294
9273
4424
6640
3400
3593
8918
9060
4781
7535
367
6499
3923
8152
3493
138
2212
3253
3794
9787
1035
3871
4432
4399
7419
2636
3202
3628
3631
1586
9025
10218
7996
8658
3516
2779
4704
5475
3992
8523
5211
9371
10891
9468
5323
5945
2114
9677
1620
8117
2861
4786
9616
7398
787
2645
8846
4401
9308
4527
11228
3660
9744
5719
6880
7207
6805
10147
5320
10735
9863
8187
4140
9912
10062
1619
4734
4898
9885
7853
1785
6577
10550
5604
5456
7025
3063
666
11100
8367
8733
6531
9375
2056
7596
5390
5415
7319
8591
9328
5334
2349
10612
7257
10289
89
5140
4451
6718
8993
4154
6278
2287
1179
11132
11001
2128
4258
6511
1898
4619
1981
4413
7906
5303
7792
10025
4168
10509
5711
10120
4271
4105
3835
5234
4671
3367
2740
3772
9543
3414
10790
1716
1485
7826
9486
9044
1703
1616
7402
1901
10129
987
722
7795
8151
6034
5894
2231
8231
10061
3544
6506
10020
1488
9049
8058
3444
6886
6995
10834
8760
8863
7089
1131
10737
8832
7524
5191
1422
767
2471
5025
6006
739
11219
5101
79
2258
1407
2589
1934
10986
9037
974
5420
10796
1724
4608
5956
1309
11324
4645
921
8170
1190
5547
6740
6725
9236
9183
7820
2897
5368
6575
7417
2543
5388
886
11333
4442
6363
9750
2893
6268
10222
698
2799
1606
8157
7715
10280
4427
2210
10318
11021
6947
6527
1329
5046
2201
10482
7888
7648
3298
567
7101
2572
9011
9245
11315
6647
8561
253
4186
129
10503
7597
5466
1595
8946
8783
9050
7769
5940
1802
5867
6017
2338
167
5629
5327
10499
866
10047
8711
2489
7465
1582
10753
7706
5015
7446
10756
8359
227
874
6804
8046
11028
4028
10408
2185
3346
5265
4093
2342
2954
6425
10571
3021
8003
2428
5141
10609
2236
4184
980
1609
10163
10936
7672
4417
4439
11130
3981
3090
8880
4694
10545
3613
7295
1284
1518
576
2314
667
1559
3846
177
5896
6948
2476
2306
2949
2966
2339
4269
8768
6806
382
5045
9389
2880
7442
2184
3446
4886
3912
10975
10421
1108
7631
1292
9005
8100
6524
3581
1978
244
6269
7439
9958
1623
1481
36
4508
6000
9521
8650
8916
5431
8419
7190
11133
5238
3270
3996
3239
11075
270
4232
2141
9582
11266
10145
11309
9904
4899
3739
6606
909
9630
6121
9433
10244
8837
908
1541
9175
8535
9710
8364
8094
3057
4055
8715
6189
10511
9191
5201
10087
5209
5548
5997
5633
5294
5847
5157
5931
6848
4206
1020
3647
1462
1550
298
6114
2726
999
4895
6694
7776
9667
1530
2869
8584
9916
4312
2540
7666
3083
7902
9827
169
11305
6535
3449
141
4808
4604
5213
4208
9739
830
5667
8239
1776
6387
725
7981
8406
2561
9400
7451
8414
5747
7747
2996
4315
3944
4416
1685
3837
6024
11274
11205
3939
6217
6011
4511
9289
8643
1455
8019
3261
73
4041
458
6556
9825
2064
11052
2100
3551
2132
3679
3550
10748
5804
9726
1872
8356
8338
2694
6853
10018
7475
7827
4087
4128
5993
137
5609
2519
5029
464
10668
91
11199
632
3621
1310
9465
6429
35
9832
8682
9329
3096
10269
6579
406
6950
11129
6353
6553
2125
7226
7382
10587
10516
7212
919
5880
394
7304
8672
9137
328
2591
5168
5691
597
8397
481
43
6123
10045
8801
1702
2272
49
6797
1098
1064
363
8597
1860
3487
3983
3680
7927
6192
4597
11004
4891
3222
5864
5244
1594
1498
2900
4064
9097
9500
8740
1931
4784
4740
9775
1380
9282
678
5584
1228
3359
4516
4687
5422
5023
1622
6486
5898
2316
4471
6204
1258
941
3313
7189
7818
2693
2344
8118
6303
4868
10060
8994
7281
262
1957
8285
10458
8784
5102
8555
1420
1867
3172
10852
7375
9182
633
688
2706
8161
8013
2907
11060
979
747
10124
2336
9116
562
5725
2820
1835
505
772
9646
661
10015
5973
4335
5928
6895
3693
1208
5783
6645
4730
6287
5255
3955
7766
8659
6385
9313
5683
5712
7344
9478
4234
8689
2396
2026
5799
9704
7359
10909
7556
8383
4548
8135
4029
4668
10190
700
4896
5468
9369
2462
10703
9859
5262
1599
3587
10777
3932
2129
6093
3745
7926
2325
565
1618
7488
5665
4153
9125
11287
10353
2355
9388
9002
583
5309
3408
8975
1736
758
4118
6311
9874
2708
10083
3242
4046
6994
5261
4494
10221
10717
5243
7501
5872
7429
10204
11046
7453
1260
895
1168
910
11022
7534
10089
4443
11187
7568
8824
206
5514
9080
11313
9387
6143
6340
701
6781
1072
5664
10845
7004
4468
336
1761
1748
3218
7628
5634
7169
9554
8162
1772
5587
7125
3566
2960
3597
1357
3798
2127
9516
8567
10762
1358
2199
1433
4259
2871
2555
6708
4228
5236
4145
6144
11112
9297
9493
5214
8311
1476
1695
3125
7328
4705
2308
4382
1276
3746
10476
8023
1209
9843
10911
3990
7966
5828
7322
5580
7697
3604
9769
2807
3381
6867
7369
1066
539
1314
9424
9792
7393
3898
7921
2691
687
9891
620
2707
3037
5886
3173
1439
8807
4260
9507
8215
11335
6212
7767
9087
9304
2720
388
3495
5612
5675
11233
6315
5343
1597
5776
287
2384
5228
8163
9320
8201
3743
9514
9964
3803
3541
7233
3828
1343
6248
5588
6139
5204
8881
9373
199
5809
8934
1705
1923
4205
11167
5099
3699
7143
6227
9421
6071
1937
10743
8500
7694
6042
3813
7409
7443
10779
10196
7460
6384
4084
8202
2216
2437
9671
5687
10747
3300
8119
4024
8243
9718
10300
10357
5999
6476
9411
8016
11126
7181
7637
10099
4067
9481
9055
5684
11376
9430
8148
8587
8262
10991
797
1762
3415
6602
6101
8942
783
10039
1874
6120
7691
8473
6296
6569
2675
2830
4285
4991
3101
1820
8820
7698
3478
204
10863
3927
3308
2241
10964
1259
1117
1101
8101
2608
7867
1409
9426
6619
2956
5668
6974
251
9035
8992
726
21
7777
9343
5917
11036
2560
4397
10178
1500
4398
7752
1963
1657
10465
1643
6054
9974
11255
2042
5446
9694
7261
10768
24
8253
4857
1122
10139
6783
7771
8469
9985
6755
8250
11283
10199
3839
3852
9077
8630
2347
8726
3811
6064
7027
9276
5919
7030
3957
1947
8169
4893
7127
7147
231
6492
7702
7343
6316
8336
8508
8885
2484
9361
10530
6119
3585
11162
2586
3335
4660
179
6701
4575
5767
4149
1974
2263
9555
9966
4446
9523
8227
432
4703
3608
5529
3211
8178
8678
1600
4515
1535
7418
1174
9272
637
5851
916
575
10993
4106
2024
7622
612
6323
776
6939
10658
6163
6865
8036
5249
1592
7512
3238
4621
6812
2269
5331
944
5239
7050
440
8131
2835
6370
3767
1661
1255
6249
5989
455
5014
4749
693
4348
4818
10786
158
1186
7852
6922
8796
7633
5300
5178
5397
1817
8790
6317
7292
5427
756
8795
9180
4112
6799
8064
5788
1164
779
4396
9622
10168
4019
4407
5404
4177
9816
2310
705
4324
2548
3980
2964
6879
2601
10079
52
3228
646
1497
1017
10889
9583
2653
3204
6831
8592
8396
8160
4459
7760
9073
3274
9831
7580
9838
8536
1997
6949
7744
4377
9007
5136
6944
10444
9084
6764
7763
2817
5037
2202
7958
3484
4035
4268
8526
1926
7570
3094
3994
2885
8680
1903
6061
4831
8106
2464
1418
4296
2288
10881
8455
7884
2842
11152
9303
2151
7544
8977
8961
9253
9033
3924
6714
7784
2681
883
2856
5657
7636
8660
11032
1419
3701
6883
7907
8278
5644
6083
7945
8647
4553
2031
5955
7399
6257
5410
5627
4737
127
7237
8703
5768
9176
683
4632
6653
10253
8295
3169
3864
4290
5856
6262
136
1128
8190
10086
1194
4571
10486
6112
7023
3351
6073
8127
2901
5117
3256
3917
4000
5778
1624
11170
192
11236
4378
4282
7454
1438
10858
7245
8429
4884
8450
4606
2612
875
10352
8962
11183
5032
5602
7412
9340
11024
7084
8443
9757
2873
1107
3549
11277
8010
7816
9539
3545
721
6826
9399
1287
4862
5293
11320
7227
5908
4504
528
5066
8964
8691
2539
1642
1312
8748
5463
9235
6763
4968
7230
3934
8312
9475
339
150
3059
1114
615
1650
3866
4358
7774
7656
6447
10067
2275
9897
10102
7253
533
9645
7928
1548
1868
7298
8681
10104
130
9095
2103
2859
6043
889
7794
5167
587
2001
8731
10682
1242
3460
4502
400
3808
8834
9542
6496
4676
9591
8132
213
10085
10135
8512
332
4735
6074
10292
3888
1666
5575
852
6291
9070
1578
2017
885
8653
2654
8819
1509
10412
499
10339
9915
9640
4452
300
2732
8346
9536
404
6403
9818
9169
6707
5347
4714
7016
4370
3481
350
8607
9230
10369
10063
5358
7416
3730
9688
7064
922
6264
5841
4402
10689
221
7378
1975
1684
7995
4656
4068
9108
3284
277
11074
3793
5616
1696
6688
2089
1155
5276
8033
5726
4210
7364
7199
6825
6715
5949
10375
9994
6679
1467
4069
10555
3769
8515
2392
5845
911
8939
10723
3853
6741
9881
2946
5631
5325
8242
2327
5391
4871
4216
1350
7015
164
1953
487
1074
2276
2482
4691
9229
8112
410
1010
9281
11371
11168
10879
71
644
1927
10914
9869
2368
8293
8582
4635
8478
4330
8405
11040
4338
4510
3797
4100
6171
6926
516
1525
3246
1793
1319
2259
9765
11365
8050
8845
2600
9306
5189
3247
8656
1502
1048
7452
2623
280
8490
6869
6830
6924
3350
6185
4292
832
7361
3552
3634
3153
10546
3620
4474
6325
4198
2309
643
463
1446
7727
10582
4804
7387
6913
10378
8005
4151
6970
6513
2062
6818
7485
9331
3889
7735
568
10224
10265
7939
9263
3338
10974
6484
7540
7305
4918
5975
1883
7424
424
2667
3694
8910
10264
2086
1125
4948
4482
8655
442
590
6060
5620
2071
7740
7602
9177
3073
263
3088
7895
4858
8600
5437
2633
1893
7680
2323
969
2230
11031
5890
972
2673
8528
2992
10998
422
2938
11284
2303
3285
11056
93
10519
10295
9903
5395
6504
4755
9854
10760
9133
4982
647
10180
7660
4115
10995
1176
4988
3378
8462
8483
1291
5470
4681
9250
1973
1792
1381
8173
9416
4257
5447
9918
500
2889
2111
9529
4337
8919
4807
9099
8174
4147
1667
10714
9150
3817
9852
2382
5839
3850
5289
7999
10707
10367
7639
6337
3761
376
4444
4993
5527
8882
6118
289
7275
2977
7176
3568
3662
5800
10853
10823
2172
3364
2411
5034
10613
7459
3515
1254
7068
2013
4156
10416
7159
8683
6036
11171
2618
5355
7595
3382
10600
8518
8226
6798
8720
9826
8044
9719
2358
10471
2829
2806
9195
10981
4322
9576
6209
3121
6132
7250
3330
8861
995
2940
2898
10290
7005
7421
1060
2164
7277
2637
8633
7523
6695
11258
2190
9788
4203
10557
6859
1253
2115
9724
7026
8679
8263
8436
2757
10203
8072
4830
9441
10826
11182
3466
1706
11156
2764
9625
3643
1627
2122
6957
3826
5
2107
1524
10862
6841
8004
1440
3878
3706
4686
2281
4060
2298
10242
9466
2311
6299
5722
120
3329
836
1784
3624
6666
4040
9941
10950
4543
246
5622
5963
50
3670
1837
501
7567
9820
10382
4302
638
3282
2405
4183
2265
7223
6510
8538
5448
2953
9398
8786
4419
9987
10036
3396
10446
7318
10031
8249
10675
509
3135
1753
3492
2271
11253
9423
596
2695
4806
6461
11294
1708
8468
1540
9271
5562
3168
9307
7625
9142
6836
4634
3938
7188
5054
10763
486
10651
781
8967
4313
10105
812
5834
3476
1882
4142
991
7463
1172
1601
8389
2804
9068
11344
10268
2990
10759
9686
112
9797
6759
285
3363
8308
3780
7242
560
5980
2750
9290
7052
7604
3448
10631
2508
7187
11071
2646
10333
4008
6704
9951
2875
6554
7894
7558
7276
9059
8012
495
9309
8857
2065
5375
5735
8410
11256
4501
1480
5371
11194
7153
5290
57
1412
4738
4523
2274
2606
3830
5481
604
5536
11275
9517
8268
8409
9997
669
297
6469
1219
2249
2599
9428
7243
1694
7736
9072
8517
7859
6582
4922
8213
7499
3357
1307
3392
10380
7913
9771
7411
1067
10736
2827
5748
2488
6025
7326
10033
1018
10022
3498
8399
5758
6748
5881
4341
3405
9532
9420
9043
718
8530
8471
1532
10360
2481
3556
891
5611
119
10547
5745
3901
4904
6973
2506
5107
6723
4780
3471
9947
10695
3443
5849
3653
9402
9735
1192
1608
2979
2872
5694
132
2109
3615
10107
3326
2078
3822
3236
10479
10387
3825
4996
8009
3091
502
7079
4915
8729
1543
6705
8546
10320
4250
7198
6576
10800
7264
2832
8735
1217
2126
773
3496
2556
10235
5036
8271
10167
1939
2434
9995
8292
10608
6406
1313
6908
274
8741
3215
9266
10633
9192
7983
4102
10529
9045
10583
5500
3480
1531
8420
2143
7121
4385
8091
2912
390
2933
4725
8052
8056
7072
8183
7519
5733
1942
11331
7806
5373
8424
4491
6878
1521
5199
7914
9877
7252
8114
4829
9851
1045
10433
8177
5969
11366
6937
11350
9703
7726
4952
3908
2711
7526
8792
5026
6210
8917
4391
11362
2547
4266
7468
6273
6816
11160
8716
6849
6347
10441
3390
5558
7718
10368
9910
3687
6047
10305
9265
7171
7935
2563
3800
7897
3964
3589
8684
4579
6773
11125
11101
4107
2683
7654
5306
7905
2886
10795
3863
10696
3610
1920
7858
3354
9199
5411
23
5426
8904
11278
11346
10312
3002
402
5216
3394
914
5342
9447
8182
6247
6134
7177
10690
9381
3389
10912
10257
8087
9226
8225
2063
5458
9356
10371
4633
5903
4912
9707
4039
9738
7620
4865
5895
6552
1707
9352
1935
2819
4304
7155
5823
2099
3501
1966
8222
10869
3286
6151
3292
6167
10878
4901
1475
8612
5161
278
9205
5752
4469
5936
785
6203
4906
2290
1062
11145
10926
1324
9412
9715
8663
8428
9786
8219
3652
7801
8985
8329
4395
8576
9058
9636
7017
10706
6174
4352
2150
4568
7024
11197
5884
1193
4280
5953
6821
6459
6470
1267
4061
605
2566
4150
7150
5451
6904
3710
4588
8770
5002
8644
5050
5589
311
7964
438
2457
9223
2662
7367
5944
2743
4182
3658
313
10052
8192
5338
294
10623
3302
7423
3146
3133
3430
861
9119
3646
7904
10616
5361
8623
5247
6009
5838
9814
10727
1602
7113
10449
6465
264
2728
2888
628
10642
1562
5235
8347
6677
8305
2590
5946
10263
1250
984
2307
8554
6179
3295
7455
6894
4845
9699
7638
9564
3120
762
6014
7109
2821
6674
9093
4721
8976
4812
10228
2222
6824
6236
78
3044
7342
5635
348
720
3011
996
2357
10172
369
222
4916
4653
6750
6244
9784
2402
6601
6448
9017
6801
6545
8763
5321
10270
9776
8358
2052
1773
11120
6462
7111
5253
4185
8872
101
9162
2074
4745
2158
5283
11323
6457
5376
2762
6191
5345
8103
11326
564
529
5591
6809
11142
8815
6438
6959
3561
8281
656
9546
8184
3103
7988
2840
9856
226
8270
10497
2945
7851
10414
518
6490
4097
11232
5805
53
3051
7963
5190
7743
10166
1386
8833
10861
10374
3935
6678
3008
8403
8851
11027
6187
3006
8401
315
8616
25
6989
85
853
2958
1610
8871
4791
5531
7896
7874
977
3212
5751
6407
5736
9779
2177
5857
6676
5532
4083
1239
