1901
2069
874
2639
9061
349
2940
2653
3447
337
7861
11014
2850
6185
4308
7261
7036
11250
3745
4729
2826
2185
7836
5029
4180
1370
522
5784
751
1607
7334
7371
5118
10741
11288
4948
4945
8604
7386
3700
5302
10446
8091
2210
1042
8080
6169
4455
10536
4063
969
8873
8096
10748
9113
7991
8949
7145
2317
8416
7518
10030
10690
10787
2806
10253
9538
5237
3245
3926
7114
8237
9137
6349
1072
7761
1424
5624
6725
3070
979
3160
6756
6452
1307
8502
913
9192
6503
4470
8743
5384
6315
9657
8100
8134
5985
4130
3043
3355
745
7896
7140
4128
1931
9257
9109
9107
5358
2924
11026
3209
11049
930
1568
5290
9997
9229
3605
10913
7303
4346
2325
2547
7436
1426
1055
1908
3807
3946
11289
8972
5503
5402
9271
8660
6838
5078
4004
7172
5569
9582
6906
9246
5490
2236
5770
7033
4656
6926
6431
5612
5666
8177
10942
1995
6683
8267
10316
7075
8595
5393
10124
7958
4296
2436
10794
8927
3111
5565
9916
5827
1171
6334
9623
8569
7499
555
9953
2815
2876
5364
3939
7843
8349
7306
1268
1177
9788
2917
10451
5914
8696
5815
5792
8241
9632
2499
5946
9537
6891
6454
4720
5491
5599
9415
6991
5608
1388
3141
5613
7123
8085
5564
8268
2556
4108
10408
9346
8702
1159
10283
10544
10869
1483
2520
10365
9076
8321
2455
10287
6244
1529
10618
1082
1948
6880
7679
6944
579
1582
6827
4946
7575
4160
1019
7664
4997
10525
8024
6132
8748
1843
10927
11221
8864
6068
1823
5444
4379
5866
4322
5214
3525
10377
11349
1830
1489
6825
11024
10557
1790
10140
8072
4514
4077
3100
9638
7951
2157
10626
6469
6540
3377
3451
10958
2061
4176
6861
3594
2041
3349
10619
3632
3082
10986
5197
3751
3624
4264
5697
2480
7636
8256
5552
6923
10384
6721
4462
5005
2528
10648
5625
7718
3732
642
8862
4913
3748
9200
1451
332
4535
7746
2864
7804
8374
10563
6853
4920
5282
1343
7905
5587
6482
1875
9691
2369
7057
5086
5479
7750
10611
1071
6029
1127
11300
4636
694
7389
10779
6560
10000
8122
7583
10231
610
7893
8399
6821
7571
8276
9763
11191
1362
10806
1010
7898
6987
4191
2765
2939
2374
9108
3658
4787
4562
6296
11251
6690
6038
1553
9708
9385
9183
2502
7474
7086
5977
2426
5187
6947
5179
10558
7538
4573
4272
2456
3878
4855
10213
10144
3388
4658
1531
6845
5835
1962
8732
10606
535
3097
5767
587
4667
7998
5651
6938
9986
2890
2146
4733
3298
5777
11123
1764
7449
872
646
10528
1441
8487
8516
7695
9034
6474
3728
8031
5323
1905
7824
2558
10969
5234
1624
1463
2872
3332
10501
2000
10803
1858
4151
2991
4228
10780
10461
1963
8437
6840
4796
4331
2496
2296
3829
5027
9977
4473
3275
8467
4757
11371
4585
527
10009
9956
7500
8787
6018
356
1069
954
10354
8251
7328
1186
6784
4649
8715
4874
5217
6283
1432
5688
842
911
5974
9380
3597
8396
2712
6203
1933
6327
3716
3406
2490
5846
9019
794
1791
1125
6591
8974
10600
6535
4520
10703
11315
5838
8515
6508
1352
8616
6468
11020
844
5268
6460
6556
10676
1142
10941
5468
7396
7818
10254
2663
3434
7070
8895
8919
7101
479
6158
3392
3633
376
2442
7130
4543
3464
1735
1770
10074
6289
1119
5837
5223
7572
2637
7869
8944
9159
9921
3561
2228
7419
10696
2562
1152
11018
10138
5013
427
6995
7353
3760
9728
9044
4065
8132
9778
6613
3453
2309
1380
8035
8088
10334
8498
10391
1855
7556
2147
5115
2054
2841
10747
5418
391
6361
3951
7173
3109
3476
11230
9092
11045
9609
11235
3171
2551
6089
10357
10436
9490
8953
9480
2928
10533
4025
1676
6410
7648
5221
5018
10830
7915
1363
4492
3380
2373
7483
3117
5968
1839
8071
2264
5409
8250
6090
1126
8489
4747
2047
9394
2024
7524
1060
9815
6562
8433
1104
8025
8548
4285
1407
1011
8181
2173
1396
8562
5121
1800
4205
1766
6083
11223
9021
4301
7175
6475
2425
10499
918
8861
4668
5944
2650
6820
989
6292
11210
8098
2417
784
11156
8675
1521
3490
1528
9593
1913
812
1596
5673
9217
10429
2196
1519
5388
10720
3529
6728
9105
6762
7054
7045
9969
2516
5408
1815
5186
11301
2838
4185
839
7385
5644
357
4244
3841
10670
4891
7205
8517
731
6014
11337
9184
9033
3763
10018
5639
6237
9343
3019
6002
9583
6131
9946
8245
1457
8527
5807
11375
5840
804
6225
10076
9452
3544
8457
10550
4135
4069
4236
1303
8364
8117
7242
5798
676
2253
4637
7758
5280
8149
8046
3968
9513
8778
2362
6940
3818
7712
766
11312
1760
9900
6034
8304
4369
4964
7241
11295
1450
1828
7762
8386
6761
10972
2174
9510
4391
876
7948
5568
7724
5338
9923
7151
8391
8711
10195
5104
3977
3153
5734
4323
10802
697
2327
7458
8524
6664
4817
2199
1538
5836
1484
557
4857
6040
10812
10270
823
10928
4988
8172
6196
11099
11374
10393
6871
374
4446
5194
6261
10659
7801
3172
7685
5192
4463
3003
414
10014
4374
5527
1128
5052
3507
1139
734
1092
11331
11228
7634
3843
5797
5842
7702
7326
6298
4142
7557
9081
3592
4311
8598
8161
4934
1785
10346
1632
4047
10169
3659
6772
3762
9419
7534
4983
6358
1371
2019
9364
8290
3181
4336
11029
9649
9750
4280
9325
4086
10724
5258
1400
5134
11277
11034
4326
9489
677
2983
435
6595
9926
10008
8951
9785
11195
1621
4584
9309
7521
7590
9186
2316
10080
8620
9252
6473
629
4034
7291
3656
1744
2155
3470
3012
3665
9618
10719
7352
1857
7191
1585
8678
11232
9772
9699
8535
9304
11009
2605
8308
8310
10937
5457
10128
1974
1734
895
4854
7027
9163
9701
1498
5616
10295
6920
2972
3302
1113
7919
8057
5053
732
9161
4625
7292
11249
4534
2907
5480
8474
9237
5074
6752
10168
3569
3074
5800
10952
3102
4018
8038
6542
3734
2458
6143
9110
3239
7552
7281
4966
5765
5964
4696
4871
1979
10704
3671
9441
10493
7700
1021
4675
11330
11013
5595
2694
9209
11225
7329
7811
2276
7668
2192
3788
9549
1567
7891
9905
2549
2808
8572
3770
6996
10808
4475
8455
7340
5583
728
9667
4259
4060
9928
10319
1059
7901
11373
4003
9073
8611
10186
5813
7010
5352
7591
2361
8993
10784
11298
7925
10896
9373
1023
10855
4067
3836
10252
8199
11213
8758
4073
1846
7573
5289
713
8882
1657
3581
5763
10131
2819
7254
9387
7677
10158
5510
1117
1099
10414
883
5225
9125
8215
6527
3985
686
1252
1722
7770
3933
3216
7622
6318
6637
3195
8650
9191
7883
6893
4872
2164
2754
2539
4597
345
6968
7529
4422
4545
10850
9287
8039
2485
9882
5724
10725
3246
6506
3866
1220
817
10045
6027
2836
6019
8579
6814
2411
3315
10399
6572
10833
6844
1049
7080
5430
3286
8055
10347
11231
10180
6385
2810
4183
3094
2921
1417
8930
5136
518
6301
599
7451
2494
11318
3891
9157
6194
10832
5794
4830
2887
4980
3758
6557
7222
3887
1608
9282
5212
10086
8627
2737
7603
7488
4960
3642
1854
460
8062
2910
5334
7944
8776
8976
1358
3499
8234
10060
10710
944
2459
9376
7201
11324
5532
4084
1834
5849
9747
2247
1730
2188
3328
10839
6268
6457
2503
2262
7884
1771
1840
1876
6704
10551
3236
2782
5731
2245
3011
10502
10571
1440
1827
8867
4122
3201
847
2180
1892
7347
3033
6625
9495
7034
8549
2283
2718
10519
2302
404
1709
3050
8764
10804
8261
10439
6112
11323
7478
3686
3151
9379
9491
2406
4243
2191
1906
10689
9904
8784
4859
2159
2090
8173
1209
6278
5571
2966
5854
9885
7207
4295
3877
3331
4087
9717
2667
4615
2403
6488
961
10129
6866
10853
6811
7587
2484
10466
8232
3812
4709
3603
2298
2330
1470
4005
3147
9494
3146
7271
7011
5362
4975
10483
688
11008
3631
6707
6059
1689
2847
3798
7322
