3843
5697
8172
10913
3581
688
300
6540
7998
6752
253
188
45
86
2019
6136
7849
232
298
244
6059
5364
7322
4455
2041
7770
11374
186
120
4636
191
7677
136
8758
4988
2327
240
9179
1933
8949
7027
3450
8579
8927
4857
79
164
52
1202
10532
1483
10354
4028
37
8268
301
10018
144
220
4983
5569
7478
11050
5840
4535
6349
200
10169
248
221
20
376
3516
3603
119
14
1632
7636
7130
8999
2865
5613
295
9186
273
2754
271
10806
1906
5676
823
323
284
1553
8173
10710
9229
10619
91
184
2236
130
5134
2653
2362
435
4597
4543
9115
2718
2146
3470
1528
5842
275
5078
11024
6354
177
6656
1744
732
7901
7101
8861
8598
290
4108
26
1055
8719
2808
7151
8039
11224
6947
11283
2484
2182
2819
1689
9441
49
7306
3153
3318
8671
112
11249
9217
182
3476
305
4462
110
10536
1839
183
7132
3499
315
2296
225
4874
9109
591
72
285
5290
226
7919
10571
5800
89
646
1490
107
5289
73
264
9082
4830
294
179
8864
168
7303
327
8467
211
3355
2850
318
6725
5490
1735
96
3673
1977
10231
4295
2247
842
8562
24
1624
9626
1152
203
214
247
4374
185
219
7557
5
5457
6976
7861
277
10696
9717
101
8304
67
329
6261
9203
241
1843
19
142
8953
5835
208
312
70
138
6542
69
5388
5946
10249
3642
215
228
4252
8346
65
1370
6158
6938
9701
6318
5639
10544
10334
66
1470
237
7145
105
8391
22
3100
40
2468
131
21
345
3195
6595
7
2406
1962
7915
39
292
3770
201
171
2539
4853
10741
243
10802
7648
278
314
1608
202
116
3536
4964
9157
4336
6064
160
10611
2069
8549
2188
199
6991
4391
336
9034
10981
4151
161
97
33
3758
3044
166
192
114
76
4709
8364
280
4573
5352
3050
6814
10131
3453
6292
7281
108
8974
1875
319
9618
4948
2159
391
2160
4676
6434
7429
87
8527
3812
9609
9778
3392
234
3011
6508
10034
6352
324
10558
139
2311
249
68
80
50
63
261
11375
127
4656
5237
268
1128
7057
9422
71
817
145
6185
181
10986
229
29
3798
3275
11223
170
2
8569
981
5221
9
279
9072
1343
3933
11289
4067
223
2499
99
7382
3147
1
254
2174
169
297
17
8374
5418
2245
4073
5430
2503
92
8245
128
10144
10525
61
57
11298
3490
5985
304
55
2316
5186
9885
209
3977
84
1538
1855
196
13
266
8215
847
474
2262
6840
230
8307
1770
25
251
2667
1171
7214
10780
133
197
849
9900
4615
1362
140
122
60
922
286
8572
6068
11194
246
5005
2061
10626
7892
9346
6040
1974
9545
10090
8161
236
2907
9513
8
274
4086
121
7718
172
8091
94
4735
3659
8038
42
255
10391
1454
9384
81
10030
3732
7898
207
7241
9768
1840
10779
2861
1440
11034
238
1451
9946
7080
10850
134
231
10229
265
8437
3768
3266
4065
56
146
6503
152
10316
989
5503
54
18
9440
10
1426
132
113
224
7334
135
1484
293
222
4369
137
5783
6891
6431
4920
4018
167
5029
6761
34
9639
321
9926
677
8433
9593
6278
7951
303
31
6790
4331
7679
150
16
1976
1069
8474
1730
155
242
287
4191
111
11251
1824
103
3181
535
151
9772
11019
129
7622
82
8611
149
4729
195
3315
8741
9605
59
9660
198
180
6410
38
272
7499
1948
3751
7524
349
3298
165
10128
5338
1209
9161
3665
5625
4872
1693
6560
147
745
1268
6659
10076
64
5810
9501
2983
9969
2940
1371
27
325
4301
2264
7538
6338
6339
23
8660
162
189
7932
256
5977
4047
7347
1142
6475
4702
7801
117
9257
75
9815
282
5583
5968
2862
2562
9407
154
9252
10704
283
4
2845
3864
2411
10606
28
1011
235
11
8867
3003
3951
106
8399
317
309
115
281
307
7529
8062
8548
259
7114
1828
5644
3239
5192
6707
10357
308
2876
5224
302
4960
157
4946
7242
2024
713
123
5724
8132
527
2456
46
8261
6454
5765
3632
543
158
3887
2494
5245
90
9943
10213
1363
5179
8100
326
8597
141
5409
48
676
2113
7500
5280
30
961
1480
143
7191
1012
328
6289
7123
9997
218
7483
6358
8982
7193
173
156
8023
10180
9073
193
7869
7338
11020
2106
206
4311
10648
3464
4422
10446
263
350
322
98
212
5555
9638
5658
3723
9865
6315
9304
316
10080
2782
8234
4817
104
311
85
5616
10287
41
2864
4562
330
3891
217
6114
9556
126
10384
8620
8961
6820
296
