9259
11157
6818
8212
4891
6877
9104
689
3818
4692
2618
3662
2188
6792
10440
3986
7386
8693
3665
5361
6134
550
2161
8400
1487
11310
5621
5542
6273
9652
5472
2293
1824
7264
9669
3381
8210
5146
11014
9464
5574
6196
10642
4907
5892
5158
1204
3123
8638
10995
5570
11350
1430
2079
6924
2661
5292
4979
7852
6847
4299
7426
1627
7239
5007
6437
11249
6787
7328
5312
6645
10533
568
7929
2616
7265
7086
4401
3760
2548
480
9369
912
2277
6376
8463
4348
5512
8994
4163
6893
10288
4730
9900
6315
3522
1980
6592
10190
4797
6268
10024
5571
6664
2103
5474
11116
698
1321
904
2766
10795
10728
4993
6848
3413
7466
7522
6502
9216
1077
10254
1517
7070
6208
1085
6485
6019
7787
1515
1737
7003
5251
9668
7678
10307
1780
1388
3719
3634
5857
614
10647
1154
1419
10212
11337
2496
7413
409
7183
8780
10967
6697
2723
5548
2335
528
2520
1519
3467
1851
1841
8547
8874
3189
8357
9136
3988
5127
4943
2149
2297
4463
6153
5830
3686
7774
9311
1982
686
7919
7781
10879
8204
10674
2101
1749
3317
2434
985
10148
7514
7120
3648
4221
8906
9324
2005
804
3873
8511
6788
1455
6561
2586
6132
2684
6049
2765
8515
7938
3275
10323
9556
8703
10086
4450
10419
6124
3502
5144
1083
6010
11299
9717
3066
418
5770
2712
6499
817
4621
7587
1469
10988
3101
9993
5599
3248
3349
9580
1892
4073
6580
2870
3645
5172
5005
3758
10109
2972
6542
5678
7399
2439
3934
9837
6033
9931
1671
8442
546
8203
10031
2317
9647
3822
10617
1339
6954
4319
11071
4277
1422
2511
5747
5935
5878
1548
9337
5229
9200
10398
835
4377
878
9237
847
3210
5464
6828
2050
10462
9591
6913
3273
10444
4585
2197
9948
8814
6595
10154
2865
8206
6323
10758
5081
6785
3613
8725
1640
5351
10252
1963
10037
8393
6456
8767
10446
2969
10116
8247
10772
8119
9282
9435
7939
1553
1178
7021
4038
8516
3008
4280
2393
2032
2384
1268
8324
8790
7727
2119
816
4545
4220
6562
8412
4895
7282
1819
9664
10716
5966
3099
4658
7610
2975
10178
9700
1745
3536
10289
10188
1272
7472
2863
6690
10386
4630
1956
5076
3605
6351
8225
11107
8054
6691
9179
6034
11123
5380
7139
4072
7119
4086
3951
2028
4123
5629
5222
4961
6539
5748
1307
9780
1105
3544
11204
3794
7703
5673
6454
2885
9447
9011
504
11006
7561
1558
2917
8367
5429
3185
7981
931
8218
4084
8306
6150
2058
4158
10680
3040
10526
3660
6750
9549
6379
9052
3056
2650
7471
9704
7346
4991
6591
7176
8215
4788
9253
5802
5734
5977
7573
423
9397
9887
4877
1376
5082
8361
9465
885
6982
1897
7011
11023
8077
11181
3559
7141
1008
1303
6855
9191
5591
3782
5603
9346
7101
1089
1906
6398
765
3187
8167
10304
6475
3716
10499
6397
6395
10909
437
795
11191
8195
11029
578
3534
2267
836
7912
6035
8686
6093
1256
9208
9855
2172
5300
6631
9236
11077
3925
7482
4030
4039
1528
9411
722
5322
647
8486
9789
5263
10639
750
8527
11303
6145
8673
8949
5098
11168
1367
6835
536
6651
995
4845
6488
3948
2928
10209
4978
5184
7508
6941
9007
6735
4967
10464
6535
7266
8958
7763
6152
4728
9012
7382
9897
6413
3100
7901
4403
11016
3751
7999
9051
10659
6759
1209
2647
732
7592
6469
7267
10232
9566
7632
9692
5193
5110
1026
4969
7273
9964
1183
3658
10567
7281
857
6096
8514
4462
3859
11235
2218
10616
7972
4557
11295
4295
5066
9835
8947
813
7319
8838
1748
5543
4256
10660
391
10348
5682
8403
5807
1609
3924
7268
3682
9492
4917
2706
10314
1475
4859
6194
10944
3795
9285
5035
5940
7597
4383
5353
8155
1896
8031
6425
2455
4976
2999
10089
4402
709
5951
8097
4539
1382
9830
6948
7883
1229
549
1057
7552
8220
6761
7354
728
8572
356
8778
9945
2552
3480
3568
5773
1645
5969
9407
5752
9485
2377
11259
2635
11292
6126
4171
10238
9406
1304
8301
6477
7669
10871
7384
4389
4276
10798
2454
4052
2160
2479
10060
9850
4901
5733
4650
3707
10390
3835
4986
7478
1360
6851
9583
2953
2210
1545
7511
9917
10013
10045
6886
2524
11327
3027
10820
10339
8287
7140
897
2604
9441
8641
6796
8386
3510
3305
9612
1212
4119
10428
6282
4923
7290
7724
7524
8640
5390
10930
5653
1883
9720
6342
1858
2742
8999
9740
8982
8320
10558
8841
5743
6244
5154
3671
543
7861
7254
8325
1100
2634
7434
7549
8893
1060
5916
2396
3529
4573
6804
10937
4617
5928
5532
6791
699
6468
4219
5806
11044
10551
3807
4777
11069
965
1271
4537
6978
9951
5444
6227
11140
2386
505
6860
9391
9484
10575
5136
4838
9023
1887
7460
1113
8125
3704
4791
6906
9433
9864
9339
10429
4424
4584
2423
9483
416
2426
4717
2516
6267
5858
6430
8927
4882
874
6571
7362
748
535
11019
9074
9584
10752
10458
3450
6427
10885
2206
10787
4302
8230
6540
3043
10461
7556
607
3420
1544
1047
6028
9091
5541
1451
4719
11183
8066
9504
7009
9430
2364
1395
4438
10512
8726
8763
6890
5438
2897
9204
4983
1933
2926
2077
7826
10690
10474
8876
3877
9599
11335
9882
4720
5153
7429
7036
10423
6161
7474
3392
10571
9859
8536
7753
3744
8929
8133
9545
7360
6642
5823
3430
5903
1408
2608
9257
4604
2652
9138
11206
1738
2850
6280
6537
7114
737
2939
10847
10498
9490
5426
6360
6733
10101
1597
3637
3286
9320
6390
711
2561
1400
10401
4916
6613
9370
1092
1504
1655
7353
8450
5879
3756
6683
6565
10900
7565
960
6305
8015
8775
2671
5459
7262
4699
8243
6870
11339
659
2649
5024
4980
3074
4562
7288
6143
2551
1480
10897
9218
10341
489
8859
5989
1136
5642
2126
5235
4255
8543
5125
1097
2670
5381
6202
10813
526
6089
8487
4796
7093
1423
5408
11307
3367
9043
5818
376
7059
3561
6257
2962
8241
4317
1158
9172
10627
2611
2033
6843
5575
7965
5657
8863
9246
1656
2846
821
4734
10652
2809
611
975
8836
11043
10793
10292
3509
6301
5567
2276
9815
9115
4547
6892
11150
2921
6684
10357
7007
10919
9542
1828
2519
3086
2961
1351
4964
10528
10192
8939
4615
3119
8177
2775
7418
4908
7820
8689
10819
10076
10478
3377
7500
6135
7310
7815
9328
9221
413
368
3147
10592
1214
9901
10619
1936
6426
2593
11156
2605
4447
7364
4761
4170
9703
8466
3515
6718
9578
2860
7126
6255
1239
7518
5723
7259
1200
9232
3025
4606
1407
8627
6203
10403
5290
8014
5533
2000
6685
7582
8272
8342
4408
8228
518
5607
4818
1935
7258
8550
5280
7779
10757
2288
6247
9714
7137
6746
1726
5669
5048
4665
10957
10012
10574
3160
5427
3866
2295
10745
8757
8308
2848
8123
617
9187
3946
6527
5011
4027
10035
8362
2909
9774
8740
6088
11296
9547
4904
5389
7349
8583
8288
1426
6011
6436
11034
9705
10000
5974
7321
3786
3380
7541
2676
4701
1772
9970
8653
4678
10993
3524
4803
8602
10750
367
9280
6907
2320
4778
539
1175
1930
9380
4141
2539
3452
3788
8599
7108
4351
4232
6154
3464
2185
7055
485
5338
1224
7836
6266
7649
766
10893
2737
688
5662
9432
4893
10165
2387
486
10675
10681
6842
5335
9909
8857
6176
11178
10913
9654
9747
1968
7133
9533
4266
5670
1697
2503
4109
967
1716
1705
9984
6610
9166
1198
4600
1461
708
2861
4968
1263
7688
6994
2826
4308
7973
9785
2808
4860
6069
8467
2796
1087
4568
3453
838
7512
8888
9053
10467
10346
10797
10093
4228
4067
7295
2376
3118
5786
1155
8250
3887
2806
5720
1512
3054
7795
8111
7082
6078
5613
1470
1434
5100
11256
373
622
3323
5791
4159
8047
2183
1189
2195
10169
9364
6814
2251
4987
7034
8565
4667
6798
8266
2637
1492
5635
1017
3570
11234
5558
10922
2600
9243
5468
7733
4313
1240
3745
9765
11357
6235
3389
5582
7516
8964
9857
9519
4245
10034
1393
7789
457
5469
4432
5796
9050
1791
1732
6809
992
4185
11104
3318
2061
1810
11286
10432
3659
2113
7702
3918
7005
2262
5651
9851
4514
8579
8223
4853
7449
4146
3032
8815
8732
510
8283
4207
4196
774
7002
5877
1901
1902
700
9743
9331
1498
5134
8754
10426
2984
4426
9582
5462
3388
4721
10364
10713
6185
5717
3272
907
5178
5624
7496
7175
10132
4832
2400
6940
6189
3476
10009
1128
5785
11210
7767
1831
7046
9847
6474
1660
7712
10052
7869
3507
1501
1394
2845
5308
4718
10811
5210
5138
8099
4176
1338
2824
1127
9141
5236
10682
3879
4260
1069
10667
1582
5111
5388
9958
1525
10091
9377
8696
7604
4423
5521
4516
5289
4785
9532
11110
8620
10240
7302
4184
9255
7700
3610
1502
1568
9118
9273
10801
6638
921
7255
2589
4029
10623
5953
8398
8199
7628
3059
1551
10286
11137
8715
1585
8418
10094
9537
6873
474
2410
7870
2459
3725
2468
3324
8697
7211
2907
9267
2810
972
4935
4204
4575
3625
8255
10914
7131
10120
3207
4551
8475
2328
4354
1589
2137
4700
3316
8635
6832
5069
2404
8038
2465
8716
10553
1900
6606
6770
10338
8136
5898
10695
9902
8420
5169
9750
11028
8498
4768
2877
11372
5350
4637
1280
11228
10128
8542
4427
4188
1433
1248
7402
7371
2270
7746
8502
7168
9222
6269
10864
10283
9111
3490
8410
9198
10485
10256
4096
5233
3093
10688
7920
10824
2549
2805
6703
7430
9989
9923
3970
8671
9758
9798
10425
3426
4297
3854
6891
1554
10556
10502
8646
4322
4416
5224
6589
3538
6508
7481
2916
1354
9996
10796
5824
3809
7339
5006
9607
5090
4005
3156
9137
10459
11216
4827
651
4180
8354
8060
1643
3439
1417
473
10620
2996
2580
9394
10835
7415
1117
7719
6256
6278
2115
9792
9649
5556
1266
4633
7338
10791
7475
6296
8358
9384
6155
7199
9238
11248
10204
8368
2220
3555
1014
697
3584
5435
936
3363
6281
7970
390
9108
10566
2736
8485
6958
3030
9587
9356
8020
8205
5636
10853
4520
4609
10877
8887
5686
4635
778
7441
7615
6448
7706
7539
5994
7777
6520
2836
6212
4812
8717
6172
2250
3216
2541
7428
6581
10082
3769
8234
6344
4183
4018
2943
1856
2744
6262
2794
8254
1513
3595
4618
9318
733
3334
7633
1594
8822
8896
7313
8457
3581
7749
7964
6289
7447
9070
5269
5569
2714
9941
7205
7866
5559
1855
9353
3961
9778
5967
4555
7105
2655
9261
798
3202
5248
10041
4069
11344
5364
3580
2456
9956
7173
10804
557
1540
3477
533
10611
2187
3280
5554
3926
7097
10416
7544
10589
3221
4947
10235
2296
10359
8489
1890
10606
6406
1734
2169
10981
369
9657
3558
8576
10249
9109
2754
499
10869
3494
1760
1095
9493
713
6762
4856
8719
9205
2543
10966
4063
9086
10433
3696
6121
8340
1443
6802
4481
5724
11330
9235
10805
2228
11102
10814
1564
8261
7244
8148
10712
9595
4358
5565
998
7579
4703
4391
6051
3594
2128
2780
4399
3501
5800
5265
4326
11054
4485
3582
3812
5921
9593
8336
7713
6229
1567
4227
8430
5789
5258
8334
7107
6918
7381
3916
2094
5034
10054
9488
1329
6239
1812
2856
3319
9998
2502
9335
8292
5208
7718
6844
2338
6916
8897
9797
9019
10604
2084
8652
2716
569
3761
4055
2597
1445
905
3013
5420
381
2545
9402
6775
9856
6919
4173
7233
8394
5937
10963
9296
10108
1702
9093
6487
5128
6490
4060
9895
6656
7806
4333
9675
3028
4044
4041
4628
6331
7439
4744
4474
1171
5418
6097
9777
11020
5126
6061
3893
865
10689
2995
10511
4160
1482
4897
751
8096
10602
1868
8833
4306
1972
7383
4298
5023
1965
4572
7248
3314
5321
3519
9827
1431
597
9116
10538
2464
7448
4674
7409
10070
4661
5016
1770
10984
1695
3466
9737
4314
2542
11289
2416
3291
3165
10860
11066
10133
9066
2507
1436
4088
10146
8314
2892
10754
5466
8782
6065
9793
3257
7151
1132
1842
7022
2023
6064
7376
6169
6197
9579
1045
1962
703
2707
9001
5449
9804
11214
8821
1323
2866
9953
10017
8588
10420
5816
8606
4841
2034
6784
10280
3728
6458
5960
362
10300
6911
2767
3718
10991
2230
8476
1363
1111
4854
7207
1010
1331
3995
1948
684
10949
3088
1227
8953
3033
11045
2236
5275
10337
4581
10600
3233
9131
10530
5715
10964
10934
9727
4019
6491
5186
1462
5404
3888
8918
1717
6600
10296
10657
9399
8936
2312
4448
7247
10330
7809
10414
7962
7525
5506
1232
4332
1562
6310
10412
2913
6357
10179
9734
1001
2721
7006
3328
6607
8855
4949
3780
6501
3802
1646
10661
10436
5188
10144
986
8381
374
7645
8042
3699
10353
11162
404
9290
5865
6259
895
994
7080
935
9275
3962
3638
2131
9500
4330
1755
460
370
1186
2884
9107
6438
2378
9321
2304
2627
9977
10121
9212
9049
655
8389
402
11042
10554
1979
9884
2563
2922
5145
8064
1258
10832
1927
5228
6027
449
731
3354
11270
824
9651
2257
3911
9586
7149
5832
2570
5409
8027
8315
583
9439
1790
5555
1342
11093
522
10862
10643
6558
2499
3646
3521
7526
1610
1675
7761
2201
8102
1969
10808
696
6460
9309
10848
3303
6551
9081
2355
787
7351
9099
9379
7436
11187
9458
6991
2420
5261
8700
2827
2973
6861
9971
5672
11096
5874
5403
3799
5483
11329
7581
10687
9195
7145
3079
6793
3512
929
6837
8181
4937
10672
9681
8331
4654
7395
1124
9304
2133
6885
1853
949
7771
8397
9260
4814
3633
1106
10177
2014
4741
3067
7884
5597
2001
1096
9035
4135
3109
5688
4190
6341
8025
10489
7118
9155
6179
11063
9475
399
10904
7816
4836
6073
9767
5692
1165
10355
555
4062
5777
8391
331
1511
9453
5190
3734
9129
8974
4819
4691
5787
7245
4495
10770
7772
3031
10856
4790
2628
6819
7184
3169
1056
1129
6205
6976
4747
9678
5103
8895
11008
8146
1162
6617
8176
694
1356
2096
8644
7823
2776
4846
2920
10677
2923
9685
4871
10929
2791
5547
8548
7062
1889
3302
10174
11227
3364
7200
3352
9619
11015
9843
1348
7483
7243
8664
3114
4583
8846
9728
4927
9229
892
5804
667
6657
10711
717
4597
5454
4774
4872
9826
8787
5531
6328
11179
4191
4291
11100
1666
8493
8879
5526
5756
9701
4444
2389
3117
7916
10718
8886
1452
1870
3530
4345
2587
5941
455
4881
8090
8951
5560
8873
8930
7222
11315
1999
3110
6021
5116
4486
5866
8913
10539
7535
11185
806
7636
1236
2301
3874
4811
3041
9997
2478
475
6661
11277
2283
7294
574
6374
2948
1949
7209
3964
4469
7963
6261
2036
9672
3733
7620
9071
8976
4303
6232
7750
4095
4366
10759
6732
1041
6461
5443
3181
4284
2566
9061
9361
11121
2956
6725
8940
4959
1615
2669
3722
10803
2697
5148
8071
7389
9491
1119
4770
5856
9889
6652
2012
6541
10521
6158
7357
8578
10999
1592
3627
6506
347
5441
8967
10018
1757
5037
6076
4439
9014
6822
530
3451
8433
5041
8596
3672
4602
4445
2072
10217
5391
4640
9764
9134
9841
8408
7229
4799
2862
2550
9045
7603
1510
5402
4134
10501
8650
1467
1625
8010
7334
2547
1015
462
3163
6996
2440
11195
7827
8549
9982
3852
1313
9932
6811
4857
5194
10105
3992
2963
3796
3344
5142
6457
11316
9452
3201
6929
11111
456
4489
10104
579
1181
6546
6587
5626
7742
9910
8279
6359
9928
11282
3448
1130
10719
8088
10874
1761
587
2406
3739
7813
11312
9597
7096
5882
7206
7568
3313
8229
2489
10771
4336
3815
9695
9788
7830
398
1947
864
10928
6849
2176
364
7778
11050
3869
9344
10237
11263
9412
7292
7275
6676
8396
9378
11208
5768
7591
11118
9471
1255
9905
5872
386
7124
4824
7734
5837
6241
7547
10241
8519
5256
4430
5825
4974
1396
6391
3082
9476
11371
8524
7902
8764
6072
8432
6935
2724
2558
8238
9721
876
3236
8326
4805
3940
1484
6768
7485
9541
1278
10310
3689
4118
383
1591
1131
5761
9858
2501
9684
8997
1994
3554
10393
8811
6432
9529
10351
3965
8965
5518
1190
6182
4709
4240
11345
10368
849
10816
6686
2966
3264
1182
6463
9836
687
1287
6495
5073
9078
5314
2371
8672
6923
2275
6294
6603
6772
5413
9768
1490
1328
4932
6334
609
8518
11232
8910
4236
8472
11201
10030
7410
10523
3938
2235
7051
9096
6538
9110
987
3208
4505
9404
5255
5984
6187
4168
5202
8914
9496
9080
1023
4380
10844
7639
10452
6473
3069
8818
10812
5814
10685
6047
3870
453
8501
7279
10982
5527
4862
9445
6544
1529
5738
1984
5689
7110
5831
9892
5461
2041
6509
4238
2841
9087
11145
2703
718
6044
9926
7048
9197
5598
1478
808
4068
2374
8151
2091
11114
2403
3495
3188
9550
11153
5676
4327
11347
5198
1801
2362
2729
5587
9308
1905
7538
9861
2292
7147
3754
10396
7593
4875
10377
1941
10062
3482
5661
6326
9952
6074
7695
8139
7841
8990
10153
9501
10529
7622
2010
1707
4649
5197
676
6630
3170
7490
4711
6560
9645
3382
7971
563
467
6962
8824
7843
9125
9117
1379
7689
4265
7246
3429
9622
10839
5205
5783
5318
5061
11182
10131
10559
5625
6354
680
1561
9231
7668
4542
6719
5086
837
1343
9228
1937
10124
5442
6864
11002
8945
508
5028
5581
6445
2576
7188
6914
7523
5900
1830
7016
7958
2823
1663
5348
5428
5944
6312
9281
1387
843
10366
4820
8264
7925
2429
8107
3670
9455
1350
1322
856
9942
11166
10021
1659
3231
672
2500
639
3266
1943
2021
6053
11130
9534
11024
4259
9735
8224
9020
2047
5979
9510
7893
4169
5919
2986
1082
7099
3405
4100
6226
4428
7915
9393
4103
7129
5889
1210
1523
3615
432
11072
2341
4037
10516
8704
7725
2158
2049
5201
6671
9486
4376
2731
5996
10779
7510
866
5185
8055
7937
9278
11287
1495
5095
6081
5998
1373
3841
2727
8267
3370
10841
5334
9343
5123
11298
2575
2609
9401
8276
349
7855
9167
2929
7340
4203
11278
10216
5167
5854
8597
10510
6300
5699
10724
2298
8378
3427
4975
2421
4639
2847
1521
5121
4668
1094
1315
9636
10475
4077
9656
3936
11217
1920
6252
1580
2370
4873
5212
8305
613
4393
7004
3151
1977
10373
10854
8460
5593
5384
4304
4315
6767
10537
10931
7697
3817
11009
1990
6667
8674
7027
8791
7379
5216
8802
2186
7008
548
1442
9575
6222
6584
3029
4920
10656
11132
701
590
10250
3063
5479
7456
5336
11331
9745
2680
11328
4533
6871
11003
867
9305
3315
3708
10748
1600
1013
3967
10740
9385
4151
4355
5663
5844
10875
8670
1976
1352
5968
4244
11261
6663
5160
7784
1500
7611
1557
7757
9132
10067
2196
2675
8711
3402
2165
9903
2798
5375
2871
8786
5131
6110
9899
5168
1556
1622
4325
5363
6316
9577
7780
3084
10648
2508
2226
5810
361
9122
2781
4479
7077
10491
2238
8924
10278
6173
9605
6375
4129
1031
8679
4454
7921
2173
10532
7618
9112
3200
2417
1073
7459
6067
10629
7079
6573
5476
8702
1809
4710
11300
8993
7224
5237
2658
9288
2081
10080
2121
1215
11288
7882
5799
7704
10424
1746
9990
9962
6242
8595
2577
1676
9871
4981
10785
6845
4338
4028
2191
1818
9163
3748
3998
5972
9814
6435
9697
10069
5250
4669
1398
7201
8039
7879
7076
7758
2799
1799
8369
4114
1769
712
1543
8034
7087
9477
11366
7959
3195
2409
3649
9796
8404
5708
2555
2373
1485
2057
3771
1763
6098
4422
7968
527
793
10751
10825
9383
5179
7489
6414
5838
2363
918
1776
3144
11223
10598
5897
2646
4246
3985
8134
7218
1384
6387
2644
6874
350
8562
2886
7865
3298
2274
6620
10137
8128
797
7134
5774
2733
2162
2346
854
5803
3070
9594
11238
10861
10985
10244
7583
7307
1680
11079
10479
3927
7127
5955
3037
9313
4318
10333
3875
10794
7123
6091
2120
5616
7575
10906
1177
4289
8480
5157
5846
3026
3461
8474
5952
7308
5797
881
8319
6569
9574
7344
2738
10646
1369
9182
8149
3763
6410
978
9186
625
4267
7740
3980
2900
8200
5849
8310
8722
10959
8490
4749
2302
2660
7693
7942
6951
8290
6795
2951
9916
8779
7998
10453
4690
8471
6031
4576
829
2991
2763
10806
10540
1172
10418
7289
5213
2327
7768
979
7637
9039
3421
10613
4945
5463
3325
9026
10827
10189
7424
2247
4688
6659
7091
7303
3472
10247
10334
2952
10008
10147
5693
8307
2562
1669
1080
1682
2971
8078
7329
1104
826
6983
7975
3051
1223
9085
1264
5412
4972
11091
2051
8968
11318
11018
3656
9846
4181
1787
8880
7499
11058
3346
575
2722
9920
2260
7638
395
4816
8989
3801
1012
10933
2701
922
1112
11128
3395
8024
4177
3583
8277
9105
7699
4085
3952
5107
2905
7790
9446
10802
3179
7786
1273
2598
9150
4411
1577
9164
6995
8560
5311
9044
11265
8675
11059
6367
7723
8086
1608
1378
7324
5040
1651
7465
9041
3267
9816
10182
5666
3094
11075
3241
8409
332
1139
6749
2795
5730
7495
2855
1072
822
10632
8837
6998
1621
7113
2073
5027
3787
7651
2901
7484
763
3444
4801
7824
9562
5535
5074
5769
6709
5612
3830
8972
9358
10599
8535
3819
8921
5302
3533
9688
9896
4340
5376
4492
1638
2316
11053
1176
1538
5475
10605
8665
2663
2011
5905
5118
8388
9794
8889
1389
8142
9077
5013
5766
9310
10185
7179
2372
7038
1797
4548
10852
9472
7951
5880
8828
2080
2512
10097
934
11257
3050
4051
1840
8798
7423
5679
10612
11254
5155
6071
11174
4612
5223
3564
11230
1164
3138
4706
1353
8839
2343
4844
10345
4364
7138
1463
2068
10948
10336
1068
2256
3969
4890
776
10267
337
9921
5139
604
3910
11268
8479
8129
1375
8834
1785
9363
6131
3552
1559
1246
5602
6277
3006
9314
6444
8382
2231
2683
5367
3825
6853
3196
9415
4713
5939
9729
5316
3283
7081
3238
4592
8004
6514
10550
8569
3484
3011
8135
6925
4636
11203
3850
9084
692
5017
1800
10691
7104
6163
596
9939
8899
6678
11070
6170
4147
3258
1121
9616
9689
7555
4559
11351
10865
3095
4476
7172
8289
9312
8611
10110
4849
10441
10969
9495
1834
4166
7948
2431
3146
9076
11106
6975
2497
7438
6947
10016
1149
4421
8742
4006
8784
4748
8723
2030
9287
4475
6470
3394
1587
8477
11133
4074
1355
6529
1070
5249
10723
1704
8246
8280
4392
4080
1091
2055
3878
4283
7462
4966
5537
2425
6151
1170
8680
1952
5938
2758
11086
5325
2694
6808
4874
1071
9440
9572
11017
4504
2708
4025
1317
6728
2702
10762
8291
9754
1118
4644
10004
3390
10962
7898
9268
6672
2838
8733
11101
1157
9799
4467
6368
6223
6353
8098
5240
7506
3864
10696
11055
10127
736
3720
4272
10830
6361
10407
1744
8143
7714
2029
3177
2208
1711
5792
7296
7982
8138
6566
4589
5812
10786
6608
862
8413
4049
2568
3508
974
9242
408
6369
5092
953
8417
2117
10541
5370
5187
10935
7677
3504
5133
10783
6094
8891
6946
8282
10618
5171
7513
7331
10741
4997
3729
8023
3036
5690
8035
734
741
3624
7359
7378
1802
2441
2075
8343
9624
4324
11314
9806
5801
4305
6959
8124
6557
4226
4698
10766
524
961
6136
339
744
8909
2954
1951
6763
2097
9209
3358
9683
3723
3460
5958
7736
2067
6025
9373
9632
727
3577
3894
2132
10525
8165
3183
4765
2309
9925
8245
7033
5503
9821
11144
7891
3355
10107
8089
5440
5323
5117
3023
7671
9766
957
8046
9417
4446
4490
1692
5227
1657
11005
9437
6221
704
7608
9623
8253
6245
7280
7635
8240
8636
4835
1099
8628
11209
11061
7228
2906
11222
5985
3746
4787
8256
365
9303
1814
1823
10953
3774
10587
10823
3588
8556
1110
9092
9635
7136
7572
10371
8523
1440
7417
9013
9244
4130
7216
3397
1126
10331
9565
11076
747
4261
962
10509
7878
6068
3848
8298
4973
6812
4613
7716
8755
10725
8153
7039
5419
9497
6496
9277
3977
10451
2347
4549
3465
10624
1188
2851
11338
8321
2466
10180
1753
2323
2311
10229
4286
2428
2978
8714
11149
10410
988
5671
10263
5456
10360
2818
919
7256
4002
3065
10809
842
8459
6118
7534
9581
9699
5284
2864
10818
3994
8278
11377
10495
3383
4729
8983
10162
10549
9034
5245
9169
7804
5749
9443
2910
11374
9276
4031
6431
10936
5608
8563
7909
10557
7343
6878
8647
6309
477
888
2643
6704
3191
8776
10119
6213
5431
5071
2584
11378
2031
840
5365
1527
2325
8122
883
5052
4026
6881
1878
11200
3204
7347
9210
879
3602
2654
5793
8452
9602
9880
1549
4009
10158
6079
9340
6192
2480
10219
8190
1397
9027
4491
5564
720
11336
558
6820
7025
3308
9192
3991
10763
1724
8975
8866
1843
10577
6040
8140
1537
8019
5578
10071
901
1466
11064
10231
427
9038
963
2915
7923
6346
10888
11152
9515
1954
3434
1320
4478
1857
4830
7406
4534
4535
657
5737
6736
11283
2463
2773
5798
1913
10515
2045
6960
5739
11325
1846
10282
1021
1782
9203
6625
7648
3331
10710
8555
8157
3038
5246
1410
7369
8352
1808
2522
8104
1406
9120
11361
977
1203
3295
6452
1044
2639
9554
1863
3456
8062
1632
11067
5080
4365
10581
10176
997
683
9629
11274
6904
8788
8221
3702
1708
9263
10460
3547
9284
6803
1620
9773
10902
8991
566
980
7157
10447
4132
9824
610
10977
3517
8183
9123
9738
5492
10789
5549
6116
2513
6225
9690
9946
8170
770
4473
10576
911
5674
4270
11225
6640
3666
1911
5407
10572
8497
6543
5379
10399
8399
6658
3545
9710
4179
5964
8687
2565
9929
10926
7325
1619
5298
2272
2711
7825
8639
9347
1997
9398
7160
7505
8049
9213
5767
2411
11041
5760
10603
3824
5513
4075
641
3922
10053
7052
3885
7659
11035
7000
1648
7743
9178
8259
10881
8932
6429
1945
3773
3676
2294
9813
4984
3243
1895
3543
8969
7498
8161
4379
4625
4608
10028
10972
5553
10255
10156
9046
4646
9748
8037
6895
2450
7509
4624
10233
7015
8438
8938
738
1893
470
6038
6834
10208
7776
9790
1614
660
6971
8182
1046
4470
4078
3632
6939
6880
11368
3901
6731
4684
6407
10270
5784
8848
4733
1086
3717
8616
1687
5991
3527
4960
10408
6601
9772
10971
8793
2633
9024
6345
4369
4896
11177
10365
7352
5704
8882
4218
5079
9663
6869
2606
8063
3897
3192
2164
9885
2062
5452
10950
1764
7729
10684
9538
5414
3326
7165
5191
7367
10833
6231
4090
1531
2944
2947
4307
5780
6987
8926
11239
1163
9302
6950
819
7906
7470
2156
6234
2017
2405
11135
8082
9098
1052
10370
9334
1457
7853
4992
1673
8941
784
3330
7074
10014
3433
6552
6039
6572
2981
4020
5501
2603
3493
3499
777
1371
2931
5000
6729
11098
4094
5291
5813
3611
2369
10002
1063
6992
2048
10896
5341
6358
5268
2709
7914
3384
7562
4047
4122
5795
1888
9822
11246
6283
4057
844
5010
7655
2985
11365
9376
7241
5508
2240
3378
4861
3269
10150
10760
9365
7672
7896
4293
4806
3546
1364
4931
1907
7154
1636
2064
1424
9161
1318
4353
9648
6937
4543
2412
9329
4186
8649
5728
3376
10295
2144
5617
8189
577
759
606
887
4789
4587
1385
8236
7197
3956
6712
6160
4182
8073
2180
8374
9022
2470
5999
9784
10354
2340
2787
3921
4593
8699
7242
4128
7812
4536
9271
6249
7642
4371
10040
3441
8660
4673
6920
2125
4996
1011
8113
1493
10287
983
4263
8002
11109
6220
595
6237
1767
1370
9073
4164
10308
5437
7720
10917
9639
642
8807
5355
6109
5528
10986
3361
9611
3309
10327
6041
6556
9251
3300
10585
2642
6831
2623
6128
9866
6605
3102
4623
520
6777
8917
6210
1033
6077
6707
8860
10469
6292
4958
3700
2234
3592
4696
9569
7232
2878
5763
11051
3770
6961
4373
10483
4524
10487
10379
1532
7994
4686
4880
10699
3228
10047
8217
1804
3447
8864
5225
3847
447
6464
3525
2876
9763
3203
401
4651
1207
397
3757
3727
5490
5504
9913
9387
7634
3253
10910
4442
8053
4677
1788
7626
11146
4807
3393
5031
4108
11275
9494
6382
6810
4292
4048
1747
9005
407
6421
7966
603
1460
2070
10621
6898
4795
1759
6917
1781
9159
5750
9769
8469
6478
9250
1450
9016
9959
8898
10635
8937
714
3113
6108
8439
2619
2082
1103
10011
9456
443
2695
3415
9362
3350
7458
8380
5842
1735
10081
7658
4195
781
11231
7297
1914
4331
7991
9722
2181
5710
7676
417
8304
2193
4786
5918
2245
7407
3790
5457
5430
8147
5605
9410
785
1740
2090
9943
10211
6836
5415
5393
7571
7709
9489
9350
7332
5695
1486
10676
1050
999
6377
10952
725
9711
8526
5973
6482
3785
9103
2741
2259
5333
4414
9759
7488
2330
4312
9508
3768
2300
8216
1489
7605
494
10873
3535
591
3591
8112
5929
1932
8600
5794
1411
10187
6129
1507
10023
3486
1361
11197
5150
11301
3068
5214
8237
11375
6447
9667
8963
11373
7088
10415
8668
9874
1019
6014
4586
4149
4290
10226
3669
10272
4528
3836
7180
9800
3876
6588
5751
6781
5982
7765
7257
1496
3810
3960
3862
1917
6090
5495
9589
8232
7085
8772
9914
435
3793
6504
10692
8552
6636
5491
2556
7419
10901
6827
10563
10955
10455
7988
392
5406
6713
6833
2786
1838
4921
5387
10778
1142
9102
5029
2732
1261
1279
726
8376
5913
8208
4867
7132
10136
1449
1730
8610
1275
4855
745
8805
3907
2457
1294
9613
2129
7278
10384
7594
2872
1642
7432
4252
772
3239
10780
9828
9448
5649
7548
5356
5020
2155
580
10622
3148
8735
3034
4886
1686
5436
1766
8349
11031
2557
9183
10524
1833
4202
9146
2819
2322
8987
11065
7722
831
5550
10299
2008
5992
4631
6525
10268
1844
8777
9961
7042
4955
973
333
8171
677
10186
1689
10671
8207
7463
9544
8849
10168
11189
9972
6813
7877
7263
8634
10887
10197
1662
9927
871
6148
3471
7306
11007
8072
8048
7532
11218
5267
940
7728
6840
1213
2445
4033
3778
1974
10391
5833
7049
9459
5058
5253
11224
2285
5652
2734
7454
2521
6480
9904
2333
6199
8030
1908
5398
939
5400
491
1125
5702
2887
2361
1607
8345
7557
6773
4817
8141
4675
5053
1572
4388
4953
4301
4282
3347
4396
2046
2958
9480
7322
3141
6568
5439
9930
910
9671
2042
2700
8011
6314
8738
3688
8488
6782
8173
5997
706
8405
7531
3092
1234
10020
11112
5660
9434
11324
5395
6200
2182
2224
8327
1135
5891
2179
9626
3895
6926
8496
1039
2264
2484
387
1674
10546
9156
8421
9862
4822
2868
3337
2146
542
10139
7840
9585
5101
6275
11364
7741
599
1202
2324
6181
5948
3843
9375
5196
1159
11262
11155
345
5775
5328
9694
389
1441
1359
7793
8251
608
6298
4506
5471
6383
853
5445
10925
2904
8100
7193
3832
3641
7599
10739
8789
10437
421
6466
2719
6009
8713
2713
5378
4429
823
7550
8637
7590
1055
1743
8445
869
4056
11242
3982
4944
3777
3078
6204
4965
9160
6024
7476
3463
2509
3523
3167
5344
2498
3557
10142
693
8750
3097
6022
4021
10704
5933
2265
10737
1269
10230
10411
4842
2253
8483
828
6838
2108
1560
1454
4662
10705
3713
11115
1429
5552
4035
932
8946
2114
5959
7396
1815
10297
3342
11356
6868
11113
944
5047
4716
8311
4285
9184
10544
8091
2705
2458
6233
6577
5667
2626
7986
7696
393
6821
3299
7493
5102
6486
8928
5259
3175
5262
7293
6340
8985
3880
5192
10749
8741
564
3112
6264
2821
1437
2747
1820
5595
3642
359
8753
3732
3603
2610
1612
4620
6756
5166
6503
8804
982
2255
7314
805
2533
6114
3563
7020
4400
1390
5252
6717
9469
10167
7392
