10128
1977
5821
9450
926
8651
4952
9964
2322
7450
8568
7454
10198
3979
3922
7535
10197
8099
7931
1612
9604
3184
6725
970
8541
4194
8464
9219
8842
6848
2204
7912
4507
2483
7680
9966
6758
2197
8127
2326
5333
10403
6005
10964
6572
3879
9720
1298
5191
5399
10932
9828
3202
7850
6008
10369
213
5288
2237
4274
6494
7818
7225
8488
5176
10817
8953
7312
1662
8466
5807
10848
9609
10407
4150
4131
1049
5295
8215
6492
617
8219
10838
3386
9436
3177
2118
8798
9851
5298
8959
384
6978
4076
3044
3763
6190
4700
224
2147
6559
5429
8984
1971
2051
8342
11014
4437
7330
2261
598
8516
3625
7352
11248
11077
673
6912
10351
9685
11343
11117
7206
2274
4316
5918
9322
9226
9798
11301
2967
10411
6981
10163
11148
6927
9076
7666
10721
392
4882
9772
6506
4276
3550
9141
4878
4684
9733
9768
5903
2013
58
2027
9303
9923
7047
1841
11069
9460
4630
4277
8313
4708
10012
7895
11115
10857
5230
9804
6554
10572
1173
5008
8345
10748
7779
2769
6061
7612
1088
4674
9203
7421
4180
4147
4367
7110
5986
5457
4205
10874
3766
9370
7153
202
2536
3280
1102
7459
10992
3898
412
6844
2363
478
11237
8135
9491
162
2562
9579
10147
2776
10184
1126
1803
2893
9608
6047
278
789
5510
5648
4034
2738
9782
5669
5523
6615
4537
1201
1080
7144
11244
5364
11041
5228
2612
10364
3318
6526
10011
2903
8978
2370
10631
6504
3859
8991
9152
6542
4977
6951
3579
5045
10275
8597
4510
4656
3355
3949
8199
9857
3404
7611
11226
7636
5512
2651
2454
3074
11233
6806
7994
4564
7261
10756
7054
6717
10463
1057
4234
8594
8822
10027
9507
6499
4842
1139
4073
1709
607
4911
2069
9563
634
10081
9632
8963
4245
6569
8203
3347
9234
1457
3192
6113
4005
9028
1468
2132
11168
11058
1256
8133
8102
6370
2003
10639
7417
9715
4167
4883
10842
1229
2567
885
6324
2104
2442
7480
10828
1843
5275
2164
9110
2358
9759
1714
7654
1164
7545
852
7448
546
5061
8248
5574
1087
6973
8085
1404
4731
5848
402
3343
4290
4705
6135
7923
1620
10456
8454
6056
7815
2207
2058
2300
5595
9834
5515
5221
6447
1801
9700
9258
11072
992
3
5321
3980
2312
569
2938
10703
3508
3869
9924
5535
9578
10314
5480
9624
5292
7449
802
5168
1347
5258
4636
5645
10090
4764
3215
6976
7067
3799
938
17
9030
1008
6561
11092
1804
7294
8502
10965
2498
2030
1273
10189
4769
1024
5736
4036
2194
5967
7285
3133
7101
739
9396
3728
847
9544
2415
8693
7069
1192
4183
10943
4835
10428
3667
108
1905
7938
10610
8827
703
3010
6223
6943
281
10133
3574
7085
2960
9133
9395
9269
8262
9973
3137
6373
10872
10714
10546
11305
2706
5041
7383
8113
295
4395
8766
10241
2418
5603
1756
2012
3527
7530
3119
7598
5253
3638
6990
1705
4338
4093
8669
1818
8323
10451
7064
8517
1872
2636
7856
3610
6332
3721
10448
3647
433
6274
7274
735
5733
7296
5273
9895
7948
9077
3688
1722
7363
9169
7185
5682
467
10870
10764
5405
1481
5562
1084
1520
381
9453
7810
803
9766
1802
2537
8384
8946
339
6214
5389
1685
7279
10767
11340
9405
814
4758
3558
6112
307
5651
3762
6740
8851
2353
3462
3912
4244
315
52
8015
9209
7669
10752
10385
5307
3517
6914
7281
5202
9325
5038
7921
10087
1613
3734
5909
8770
2686
6420
2945
1753
3305
6746
7917
3088
3014
6824
968
8163
10324
2918
9145
10618
9669
2242
168
5586
312
2006
2695
7074
10770
10450
9547
9888
1354
2618
1799
1815
785
6125
1446
10552
1738
4229
5693
3120
7849
2999
3350
3084
10253
9842
8997
3544
737
8841
1528
11009
3955
10823
891
1266
1131
8686
5119
1284
7106
9650
2551
1259
11055
7503
8849
3689
3919
5520
6903
9797
11016
152
10513
7985
3669
8819
4852
2913
1166
8773
20
7959
9121
8290
11332
10649
3323
10518
7318
4601
2456
2952
10171
6107
7313
7745
10352
9821
3588
9822
4948
1636
746
8938
10291
11089
6122
5198
4825
8019
6756
3895
10855
11187
5912
11106
4781
8309
5196
5649
9988
9603
5372
5913
9104
9467
7180
10225
9413
1595
2386
11275
5541
54
2467
10315
979
3333
8148
7884
1505
3858
5395
9679
8722
6507
4611
439
6724
5415
1598
907
6252
5770
2409
5797
9229
3228
8792
3998
7104
4853
5179
8197
11171
350
8907
2276
887
2992
9915
9883
9709
5677
8472
8917
3520
3704
10643
817
5047
2090
10492
7327
1891
5437
8194
29
869
3706
10408
10814
7533
9707
4899
11005
5406
5614
1607
8890
4677
1754
4861
7300
6038
3453
2095
8449
4301
594
10976
11198
6573
9929
5006
4935
7949
9813
3068
9317
4444
4961
8736
1970
11204
1022
3186
7024
7025
9153
10089
1178
8690
1573
3680
2187
4443
1678
9998
10161
5859
5552
7692
2122
1793
1051
4735
7129
2152
5022
9748
9954
5195
9938
9248
6671
7246
8689
117
1751
2949
6935
10638
6469
3902
689
5355
5953
4230
8578
2968
9473
10094
5650
4039
10753
747
4915
9287
732
7967
952
2379
7493
5056
4139
9789
7713
2681
6732
7253
10741
5001
1571
4217
109
3504
9240
1175
5798
5172
1716
1897
7030
3319
9783
7534
7605
740
6524
9053
11034
6585
1800
9412
1469
1365
1294
391
8666
6143
4179
2140
6073
5581
9644
2861
7616
8886
10867
1978
10433
1508
9194
9755
6128
2206
5724
2730
5779
2225
8710
9471
1071
3629
8683
2544
3690
2727
7012
11065
1991
6586
1883
1633
3341
1670
5375
9862
2423
4211
4349
128
9870
9886
857
2745
9497
431
4474
7423
4196
8592
5518
783
900
909
8280
5236
6505
6584
10149
7349
558
1707
9995
1969
3620
10777
2625
3829
4281
11131
4789
3984
2404
7444
6881
5250
6665
10946
8646
6079
3707
8057
4945
9750
8725
7116
10656
5068
6176
7546
358
9207
10176
1710
9061
6374
8901
6643
4664
5927
1335
6154
10346
2927
9912
4824
10318
1130
182
1608
2061
1924
4141
6933
8442
2512
9333
7768
11010
1077
4027
685
9239
9048
1660
8878
2301
5599
5447
1099
6388
8055
613
6060
3713
5577
10622
6106
2074
2054
8105
6276
9146
10800
7638
7046
9861
5671
5815
7506
2046
10667
6400
2959
5337
229
4275
3573
4466
3448
1630
466
301
11025
921
11164
2978
8572
7659
5900
9346
8185
6433
822
9727
3363
5443
6812
10808
3883
8835
8638
7408
6885
34
4811
570
4541
8769
5227
6580
10888
7105
1124
11052
8186
7929
8
8790
7990
5410
1567
662
9119
9922
4471
6266
3336
3587
4406
1782
1260
1597
3851
2203
10313
3804
726
7637
6108
6207
7625
8748
961
11181
10933
3993
5756
5255
7851
10406
530
794
375
9538
742
6960
11165
7134
5835
1144
9435
8675
2324
6669
2465
8428
2124
6512
5266
9316
10039
1568
1624
9040
6767
9823
1452
10297
556
10045
9643
10628
547
10240
11297
1073
7045
1019
1789
2773
10092
6515
9986
6255
4529
10464
541
3373
471
10592
6605
4145
11001
8737
7078
5695
48
10143
6393
7889
890
1000
408
7095
9204
2934
731
9318
5784
9606
18
4430
1289
4453
7466
6689
3849
4979
4532
9249
9342
1792
5910
2422
1240
4133
247
2555
10009
1295
6002
2553
3457
3334
1388
1401
8951
1673
559
7098
8577
11006
3393
3154
10662
3494
10228
8564
7317
10811
4501
10847
2380
6007
417
5131
4513
8889
4847
8906
6853
6203
6612
4798
60
2202
4207
11031
7577
10981
2849
727
2922
7059
1557
11091
11082
2496
4412
9470
10944
1577
7350
6774
2830
8078
6369
6517
6476
6365
4747
2082
6028
2477
6625
2683
1629
8862
7622
1275
3018
11003
11190
7746
8305
10761
9550
28
8018
9744
5862
499
7184
9096
7719
206
2474
100
5718
4494
3582
10996
4371
435
3353
10083
11139
5123
11315
5396
10666
9890
9739
482
4918
4341
6109
9150
6772
3479
1359
1634
1681
3226
10389
3738
4650
3295
10655
10157
8410
3722
2489
1576
5238
3806
3216
8525
2094
8974
986
2193
8509
9092
2914
4127
425
3708
7615
2081
419
11086
5996
11231
9984
9602
6707
9448
6602
7314
4800
3416
566
2446
5079
5160
3090
3442
10972
6427
3065
5033
1418
10999
11345
7697
6396
871
1462
5159
8341
8007
6272
5794
10527
6320
2078
4926
6364
3775
10562
9511
4239
6173
1854
3102
6510
3694
521
642
8555
6302
10994
8207
3304
9807
3981
2996
10526
660
1547
6463
2662
9071
716
7813
1170
5662
7036
7748
5477
3424
9799
2228
1994
3616
4014
7794
3360
10294
1065
5130
9236
4242
1704
3643
7792
7916
4009
8743
8005
8415
2700
3892
5111
9872
1386
3533
10883
1142
1399
3312
9424
9996
8281
6083
4149
5349
10810
6300
1064
6899
5051
4973
6870
3104
5268
7553
2988
3325
5887
10564
3866
9878
9362
3162
3054
4033
1807
2735
4527
2199
3483
9379
10715
6316
7427
254
1180
6537
10126
4686
10908
11183
10158
6195
9516
560
5331
6598
667
3326
2344
9031
5115
8041
6022
11085
10462
8155
7550
2902
6454
8202
1657
9245
6600
931
8896
5322
4070
2162
2088
6930
3243
798
1002
1
3031
1162
9913
8123
9156
382
5841
831
5080
8118
9130
10304
11119
6919
5829
1428
3196
6116
3433
3631
19
797
4155
474
7171
3260
856
745
5054
10938
257
4213
3776
2315
10997
5122
2501
612
10503
3006
4942
3875
7671
3717
4555
5204
10640
988
11341
7146
6091
11103
7835
7933
2119
5643
5868
8947
8621
7971
3924
3882
6291
1616
8457
1777
496
2294
5886
3259
10614
2770
2073
8404
10173
4246
3269
11239
8402
2571
7290
9494
6618
6963
2426
10543
1489
9443
2478
1444
7035
3967
9714
3585
11350
11158
6059
1286
6408
4657
10131
7192
10341
5826
8811
1691
2694
8378
6711
7986
7821
7541
3262
1356
4012
3820
2110
5665
6294
8093
3375
9792
2188
9523
10330
7199
2874
3636
5162
2846
2644
8026
6260
6956
6551
9101
554
9409
4913
2733
905
4307
10674
10659
6974
2293
9414
4089
10129
1715
7664
10207
241
11259
5132
10230
7470
7326
1308
10265
5338
9850
8097
4543
1938
3276
5492
10488
8352
119
8534
2729
3175
8479
8581
6085
2484
10467
5934
10740
1972
6508
6163
8042
6522
8745
901
3290
2408
4026
8277
7028
4552
9336
9867
7127
7379
7198
6847
562
10363
7689
8029
782
6397
8370
10452
6547
6304
265
8812
9188
11110
8529
4968
3003
5739
631
7641
7049
4282
2268
1478
3265
401
3146
10439
6834
2303
1955
6362
7661
7369
3463
1545
7032
74
3213
1641
2138
5870
666
4221
4222
2717
6983
7148
1826
9080
1628
2296
3103
10595
2183
6177
10951
2887
3426
7925
5117
6776
10154
10689
2657
5947
6617
7231
5863
9389
8427
10229
9835
10516
9868
10515
3000
7
9963
7419
5209
7400
7903
32
8942
7299
4146
3081
8349
10460
3653
7038
10117
454
10508
929
7269
5036
6879
1610
396
6467
10862
7875
6437
9182
10417
1305
1869
4295
580
1739
9270
6878
7390
5556
2801
7267
3985
1736
5509
10211
623
11188
8788
4186
10963
11073
3204
6805
2652
519
5139
6907
4927
7759
10644
9070
9737
2716
10563
2297
9906
8583
8168
2256
1196
9128
4286
10837
7790
8659
4850
1552
1075
10053
2453
2881
4373
2816
7840
4330
5207
3094
5121
9376
1443
10895
7705
7041
2782
2240
9509
8756
4176
8266
8679
9976
818
1014
2036
2680
2786
2298
3787
9024
9596
3279
7094
6565
2368
9956
6621
849
11210
734
9902
1744
9017
3905
293
4851
8815
910
165
204
3847
10671
240
9446
9487
8523
9059
1694
5217
7632
9952
9290
9005
8346
1720
9235
3590
11211
5141
1997
2751
1253
4477
5059
7099
1646
2682
6962
5311
708
3611
991
2872
7463
1408
7266
1046
10321
11262
1886
5721
4125
2862
8077
5078
1440
5189
9979
8976
5613
4634
2341
1041
6894
5031
11133
6589
3183
4518
980
6931
1133
6706
309
11326
10123
2445
10588
2348
452
3412
5516
2579
4051
3098
8915
8716
7653
148
179
9663
1100
10534
11121
8681
7065
3784
4933
10438
1833
4144
10167
5945
2366
1596
10840
8032
1703
6305
3201
5639
118
3580
10292
10374
103
2008
10358
2703
2646
4711
5100
2585
6292
3029
9087
5327
3400
10119
8602
8073
962
526
11170
5602
9865
6422
10747
6246
5664
8510
2753
7168
8009
616
6845
7080
6407
8839
7946
9364
9944
2591
4553
5472
8278
376
11039
4451
6119
9688
4370
5527
8474
3733
7519
8193
2961
294
9743
9260
4775
9032
1523
8730
1752
6417
1658
5902
7431
1926
6637
619
5941
2740
10799
11375
3114
4966
5283
1150
3382
407
10285
9754
6465
170
2594
3293
1767
64
4795
5028
390
10974
9957
8103
8870
8354
8945
11185
1193
158
6066
2007
1092
7248
2673
10458
6928
10772
10968
3999
963
3057
896
4130
670
9062
3928
7775
8685
3406
7015
1499
7020
9855
9120
7631
3960
7987
4637
4737
3938
235
7172
9108
6114
8715
4040
1503
8213
3956
11323
33
3632
1579
10303
4936
2372
2177
9513
3064
4939
4257
4682
7795
3035
8414
10469
2726
4648
3712
1037
2186
260
9519
3778
8799
10967
536
591
8836
10540
7893
488
2698
10190
6910
7042
5949
7757
4721
3125
9294
3675
6579
11273
4661
6809
531
5101
5705
6525
7393
4311
5827
1104
1706
11313
3686
1338
10249
9531
4546
3499
6290
10215
10668
4440
6545
10384
721
4863
9122
3926
10903
516
6871
8900
2660
6285
3195
3468
9238
8320
4533
9503
4594
9190
7976
2117
7247
5687
5187
583
3878
10003
8632
5165
4912
5384
7310
2432
1775
5147
8530
10876
6386
6590
9426
9113
10051
7716
9600
6224
6220
6683
11263
5400
5450
6571
2924
842
10061
7529
3703
6760
1805
3798
8339
7415
1877
53
2570
9274
2377
1494
5359
10658
4271
2266
5235
8558
5964
9758
11099
9472
126
4923
374
2647
6001
154
8563
8511
9201
895
6791
1115
7439
9899
8622
2378
9345
7765
10136
2180
561
4487
7522
9926
4426
4267
9228
9793
4107
6230
5088
2809
2351
5014
10263
14
4061
4717
5286
8211
423
302
3045
1948
7754
2271
151
5356
3760
4190
9259
4296
2429
6993
10466
8147
4484
475
5692
6874
9421
574
9171
6771
7224
3158
3136
9668
3492
203
1975
4121
8332
3854
1454
7939
11155
8438
2984
1069
1437
4999
3765
661
10709
9736
2286
8265
3348
8107
5983
120
763
1648
2167
6423
6959
9114
2630
5890
713
4334
6111
1903
10486
4765
6765
3931
3283
3815
3245
6921
2037
6144
4216
10222
9292
5754
7793
8848
10165
1274
10079
1373
5772
11274
9699
5438
836
10675
2991
4805
3952
10038
10887
7787
8785
4519
8674
8483
305
7975
4178
8772
5522
403
208
9129
9078
336
10413
2047
2623
10345
7242
2267
7507
7499
9728
9425
7359
1242
1128
7966
4162
3840
4860
3792
5433
1453
7935
702
8258
1669
2495
5956
9338
2466
8989
9464
2764
5819
8712
9684
4768
3510
3699
8921
10685
5114
6156
7694
9881
2538
1640
6089
2829
498
8318
6270
6761
10074
7308
5210
270
4304
10579
10195
10494
7883
4990
3719
1626
10085
6720
9696
5832
2305
9940
7956
5861
8988
7235
3565
10331
6166
719
9332
7613
4624
3891
3745
9689
8039
9109
7195
2231
11279
5585
10605
2685
601
5700
5018
3945
3032
7158
8975
4776
10853
3872
8977
10017
79
9893
9482
6412
10296
7588
421
7909
3908
11149
10015
11217
10960
7239
5931
1788
7749
6728
3547
10050
1427
6980
3870
6080
2806
4497
1910
2620
9009
7549
1402
11296
5251
672
3964
3846
3602
7999
9665
10142
8774
1007
506
4687
1035
10214
7518
3189
3300
3823
8980
8742
1228
1532
5320
3880
10049
6205
9218
2655
1513
10652
600
3105
4922
10954
6964
8286
1208
5553
334
238
8395
4627
8137
5129
7707
8067
4481
4064
11013
2589
723
8695
2844
9476
3190
8972
11050
9710
6158
11074
6402
2488
4123
4788
3291
8062
9022
4187
7139
146
5636
1666
4010
6918
7340
3138
10179
9646
5231
3176
3614
2463
4503
3997
8641
8664
10860
2518
7021
3392
7773
7942
8739
346
7834
2654
997
70
7207
5946
9118
3372
5824
7874
5402
6468
9091
7288
5345
6309
256
10459
6356
5771
3780
8191
3507
9444
5539
10548
1211
4862
2883
3467
449
3512
1371
2542
4692
10132
4698
7717
9143
6827
5782
4491
5746
8152
9403
1553
7769
9982
4389
11023
6992
9812
1510
4667
9335
1745
7644
7182
5104
10648
11071
7786
5760
7167
9295
4455
6308
1341
6342
3764
4157
9264
8336
8637
8282
4106
7060
2710
904
3001
10424
9383
11246
5370
3881
8714
10030
3059
10593
5808
9788
4838
6062
8344
4253
1147
404
4126
8807
7808
1534
3948
4428
8630
2658
5928
9815
1132
5381
11124
8432
5532
9622
327
2534
5642
3530
10512
3546
9645
3962
56
7830
6635
9827
2521
4506
4028
1101
7657
9945
6997
1252
8192
4321
8310
11021
5293
4697
1267
7183
1033
6037
11218
5691
3397
3679
5180
8892
4254
4393
9280
11377
1367
9780
6134
8922
5127
75
9500
4725
10002
595
9640
11291
4753
6726
5177
5558
5414
2611
11012
2608
2672
3901
1003
5723
2974
9791
8393
10370
5604
10455
1659
8650
1699
8746
5097
5442
5446
6768
6263
10834
4900
7259
1455
2376
1366
9875
5072
6714
3049
2123
6745
2469
3701
8671
8080
7589
4046
7271
9211
10269
9165
3235
4392
1036
10446
769
9196
1265
1090
6095
7016
10993
2669
2817
2944
4421
1732
10859
3178
9704
5020
8096
6035
1288
2697
4398
7528
9415
10235
5490
8854
8817
2450
7051
6479
8376
1518
8816
2966
5882
1916
8995
113
1618
7002
1172
7150
2166
5094
10334
10788
3596
11147
8749
10751
8481
5805
25
4500
5083
9557
2847
8692
5888
9844
5197
8821
2708
1279
6655
5502
8447
9641
6344
8303
11335
8139
2650
2997
2942
1930
4309
5203
4218
5641
6753
2756
4644
3248
7646
9734
9598
7196
9163
9652
6698
2572
3164
4536
5608
1644
3830
8763
2304
1647
7673
3529
2042
8723
3452
7048
11075
9273
4438
2399
624
2795
11372
1649
8852
6708
8316
4302
5247
2633
861
4396
10191
6378
6425
9939
6520
967
1153
3321
8379
6414
10697
10386
292
10475
8227
6813
4401
3374
209
6577
621
2616
6489
5622
8128
398
4069
1109
228
5016
9573
8416
845
7489
9916
1351
5834
9073
3092
1603
9705
4581
7170
4820
5769
9252
8908
3247
4832
4410
3691
4404
1420
7626
8640
7805
5767
8793
3168
8904
9386
8189
4583
5388
10264
927
1199
1222
1723
10795
6782
10342
5096
161
4332
2049
6649
9088
11285
10549
9185
42
8950
9117
3118
8727
4283
4729
588
10704
902
8068
1627
5085
2702
6334
5526
5720
3655
6312
3219
82
7744
2419
10555
8757
4843
2869
964
4153
933
11282
944
3867
8255
4545
2852
7130
2898
7861
6384
11036
8480
3278
11044
4596
2533
4224
4432
859
2195
2391
5655
10869
4394
5193
1544
6616
11215
2365
7823
5584
4386
1247
3759
8524
6289
2157
2427
8235
10633
11084
9636
6058
8574
7715
2545
10151
9161
4908
10624
5206
9368
8691
3141
2211
593
2262
3163
6744
5657
7430
3592
5336
9191
4930
7460
10830
3995
8003
4113
3874
5991
3884
6293
1539
9437
2635
9302
410
6872
1912
3377
4418
2232
7825
197
9711
4476
1061
7842
7901
6398
10347
2154
4748
7781
4104
1967
9730
8704
3390
10202
5003
4305
5560
4166
5367
6754
6864
9154
5470
3800
7708
10286
4269
11300
1296
2215
6646
7141
2430
9831
6395
11093
10510
8434
5015
1161
3659
8088
3208
45
2527
1244
3012
1907
1984
2656
5843
10826
5306
6360
1377
1072
8776
5569
10169
2772
2486
5032
291
10850
10717
698
7238
4743
10949
7591
1067
9433
8241
9676
5748
2277
3914
5428
10733
5871
4598
9002
1113
1686
3253
2956
5216
11364
8374
4289
10707
9208
7092
2715
4075
2455
157
2688
6934
9649
7677
2563
2721
6500
8507
4140
3578
3915
3490
3652
7766
1309
4960
9816
7338
3089
6235
10414
1334
7972
9297
2220
61
5058
2581
8074
6473
3451
8539
573
10226
10476
2313
5485
2031
5342
3079
2895
7008
7270
8145
8334
2929
7760
1809
8446
6780
9965
8182
7764
4156
8955
7483
6171
806
6675
11344
7451
6460
780
9001
8859
7732
8864
5686
1200
9536
748
286
11269
3041
6802
8527
1078
1512
5314
6594
1225
3394
3398
572
6287
1361
10723
3361
1615
3128
4409
5699
4876
9584
2331
1873
5082
2578
6623
6501
2789
625
682
135
5491
7838
2724
409
8023
998
1763
11256
8022
8249
10115
8101
3335
3174
4649
7649
4600
4308
4391
2026
1291
11331
8221
4804
5659
3157
1853
4182
9283
11349
6784
10779
10344
1922
5740
8874
7665
9015
8741
6535
6389
9485
5901
4572
10387
9363
2146
2514
4844
10884
9210
10336
4328
2214
1116
7484
5993
207
11261
6759
7866
2127
684
1009
7941
7204
4528
9140
2021
11369
6198
4994
5171
4054
6979
5092
10337
7871
4366
4203
6202
1491
10775
850
3199
9763
10900
7894
1504
3744
9106
5365
3850
8054
6966
640
1495
10528
1947
5916
1848
4976
9992
4986
5995
4475
4011
6808
6229
3117
8366
10525
4206
6418
8624
10065
655
7068
1964
7050
6639
1785
1540
7509
1120
4550
2254
2357
6453
6888
4161
9000
7869
4129
7688
4037
1908
121
3523
6795
1835
7376
956
3665
1390
1527
10939
868
10323
6193
10252
11224
4745
8633
6261
7738
11046
9440
4917
7876
1141
5646
9752
27
912
5809
5469
2691
10575
9753
6411
4763
6648
1795
10443
10148
138
3028
6915
5673
7974
3640
2718
271
7034
3214
6873
3008
4297
5730
9132
6273
6088
10052
6922
10776
7627
6908
7556
1421
2374
6676
11143
8389
5557
5220
10711
10160
393
3802
4085
2838
11038
3077
9771
4669
4356
11177
3217
3711
10594
3609
442
8109
2826
6419
11007
41
6115
4818
6969
6578
525
7797
527
444
2994
4971
11214
11087
9021
11293
6691
8873
5170
2599
10716
10499
326
5593
6268
3650
328
7886
8894
5589
6338
5849
7056
1355
2343
8372
8327
8956
11066
8707
8233
8044
5609
1303
9908
4703
1929
9567
7905
4679
5062
7839
4053
4633
9100
6372
11126
827
4235
7037
2040
1416
8752
8110
9678
6017
4374
9180
6297
11062
395
597
9721
4632
8459
1555
11260
2171
3509
10371
7487
3446
1344
4967
479
4110
3313
10418
9697
7287
3889
2890
4891
5483
3495
3160
136
10873
9158
4827
4673
9731
7737
3818
3554
7536
8806
10755
10356
8601
4723
3351
3123
7165
5590
2388
3246
7337
2464
8328
549
4498
3480
2792
2748
1755
6950
8301
999
8364
6232
9282
1830
8400
5324
10355
9735
3218
9615
5672
2820
4209
5035
8299
43
3365
11040
10224
3852
1689
5434
3685
982
9047
1906
6798
3009
5658
7422
9312
379
2060
3440
11182
9499
4362
4613
10531
6829
7557
2302
3087
8251
4058
10650
6794
4059
4563
2438
1946
679
9874
4868
1690
9991
4685
7988
9089
3936
4419
3198
8218
11051
1845
3970
9620
1794
10845
7961
2624
5116
11112
7880
2659
4619
7926
1619
3322
155
10917
5378
9635
5200
2894
244
8609
10125
171
4055
6004
665
11194
3746
11195
7721
6023
2337
7798
4065
3165
352
2120
8385
7951
9241
5998
5961
6346
9551
4415
10146
7433
9537
3385
7862
3501
10577
3100
864
98
3447
3417
9481
318
2034
9625
3140
7618
5401
2619
6965
5550
10178
10332
5244
1600
11355
663
4585
6132
5424
4143
3526
5458
3906
255
3286
2752
6490
6161
2028
8373
2679
448
6296
4988
2310
6660
4616
5618
9052
5300
6695
10216
3644
10824
8820
10669
7203
6705
5508
1106
3106
5269
5282
3864
8861
10078
2791
695
10613
10691
5064
1251
2263
10820
8150
4260
8944
11097
4728
8348
914
8698
2983
2758
9007
7747
6383
3838
3148
7159
10706
8884
6226
261
11361
8983
6909
1350
6348
7578
10661
8421
9060
1436
7516
9540
9990
9590
186
8927
10532
5371
8440
10390
3930
8720
10915
10271
7515
5568
6160
4255
6546
2775
1937
2854
7914
8506
805
6213
1599
3431
1230
8579
8179
4004
2338
192
6568
4822
6191
6240
3668
6672
10187
10679
7513
4894
7936
545
8423
3782
4783
1759
163
10071
1838
11197
1467
1900
8361
651
820
1227
2923
10306
5564
6704
10725
2421
4032
296
8408
10926
2941
513
2288
1411
2099
8724
9419
3256
8990
4584
5211
94
1074
973
8999
3606
4120
1081
5822
3085
9962
9311
201
3503
9365
5813
3048
4346
7843
6634
8535
2221
632
8986
10995
8353
6541
4318
8146
7729
6925
8551
7645
1001
8629
2882
9357
2396
8590
9275
6462
6867
3934
7980
8795
4015
3185
1735
792
7113
6470
9607
378
5758
9373
3358
6540
4916
6014
88
4096
10127
272
1310
9367
8826
2068
10194
1463
1560
7179
8705
4963
4228
5456
131
2971
10735
10251
10362
866
3790
3885
3220
6697
6820
4741
565
2840
2610
3230
8734
3113
11330
10700
10338
3548
8926
1814
10550
5638
4414
9832
7852
6944
10339
3666
9243
364
7461
5362
4354
10468
4992
10267
4388
3096
1580
3832
7628
10754
7872
8576
10849
7315
492
10487
6077
8935
8538
1316
10256
237
9530
6953
3197
5397
1635
455
5778
6455
8588
5971
4618
4689
3772
6656
9941
1551
1476
4782
10183
101
2827
6448
8363
10110
11049
7569
7492
10383
5675
4402
9016
807
853
5716
10233
2144
6712
8485
1885
3968
3957
8512
3434
2233
10086
3777
9593
3940
7076
11067
1369
7878
6713
10199
7560
5257
5011
2629
8205
11032
2084
6904
872
7574
8204
5788
5865
10025
2574
7382
5108
6886
10654
2506
7930
2736
2064
8010
5763
1331
5075
6679
4560
4864
9770
1091
4128
7706
1345
1148
2779
11161
9589
10603
7457
10196
1725
5030
198
7284
6491
8092
9716
7109
10367
1363
11268
3166
5409
6204
2520
199
7341
3925
2284
46
5454
5318
7102
11212
2878
7726
8117
9237
9124
7712
11225
10114
10896
4724
2510
3795
8476
5021
1480
6415
590
10813
11196
2765
7532
5521
10504
2307
628
1202
8603
1637
4785
9825
10537
2395
9307
7380
11132
10744
9393
8654
1056
1537
7844
2951
3855
3459
9366
3597
2864
8217
9358
8063
10416
3182
11105
6242
4905
9856
5514
10502
9351
4380
9775
3684
3725
9046
10798
1894
6816
1015
4707
3115
5153
2425
8767
4602
1656
754
6532
7132
6668
472
280
3454
156
10076
11088
7112
7836
1829
8490
9617
9301
2603
4762
3147
2431
4778
5627
2059
9751
6459
4098
6013
8431
7089
6841
7918
10615
11064
796
11298
4337
3378
2165
3371
7575
7000
8284
6117
5383
5737
12
4929
2086
9423
6367
7229
3899
377
11098
9272
4080
7927
4904
8036
6523
1942
4978
9329
2687
6052
5369
3234
6352
2382
335
5393
1861
5688
3344
10927
7619
5828
10914
65
1471
11090
10308
6595
815
4730
116
1281
55
2962
2287
107
4272
4638
10325
9824
5542
7811
485
8119
755
8383
7728
31
10702
6536
7734
6861
5382
3364
4642
8930
300
3472
3429
7264
9692
1209
1277
6889
1927
1632
4870
3441
7125
10020
8781
1932
11047
2760
11322
1574
1412
2931
371
8626
8070
604
4210
1134
8570
2891
654
6688
1928
2360
9983
3727
7410
1538
1169
2449
4998
5606
6237
9102
2851
11235
510
4623
5898
10047
7950
1749
1111
953
5793
7149
11277
3518
751
8608
10816
7234
4885
6859
10145
10217
4983
8362
10722
4097
955
3848
5929
1205
2160
693
4726
10284
10436
1257
9349
1944
1380
1995
8407
6564
5653
10421
4557
9614
4173
7084
4566
8337
2810
1790
4238
1438
7491
436
1431
808
5744
4339
6102
1746
8444
2867
10350
2549
733
221
3024
972
4680
7494
3865
6895
8350
10732
4836
8034
9829
3299
434
5582
1996
266
3458
7663
6939
11302
2397
9267
9327
239
1569
7955
8660
169
6747
851
10984
3715
4079
1949
9898
5743
5930
7445
10227
9619
3946
2459
4493
2009
57
3564
6464
3630
6891
3754
5513
1734
3277
10979
1718
4247
3974
8771
3890
10738
6267
5323
7478
6456
7122
10894
3298
1940
4701
4819
5229
2554
11083
10250
6041
4662
7827
9808
3562
1882
1625
7251
2342
111
8982
3768
2063
1348
5095
2236
1177
608
4603
6034
11310
3677
5259
5722
1045
990
6968
7682
9879
11048
7730
110
9719
5065
9605
2129
6167
7334
8071
844
6358
6406
935
5725
10395
507
8672
946
3741
9764
503
10576
8706
10686
9896
8556
8156
10559
804
130
6755
7696
1548
10573
1138
1987
714
3783
10206
7690
3868
4268
11174
2150
95
4109
4514
6555
4681
2958
11289
6562
7057
5846
6436
11284
11160
5374
11271
5974
6769
4666
6749
7750
4067
4614
4237
8106
1337
10298
9144
5070
535
11107
1314
96
441
6693
8655
7868
9054
1413
8528
7800
6735
4595
7297
314
9406
7108
9864
6778
676
7686
5719
1086
2540
2345
9594
4921
5534
22
5310
9582
8184
6249
500
8566
9987
773
6045
357
9137
2836
949
4957
4495
6321
8391
6750
636
7572
7702
3124
6843
10401
4931
3267
13
5775
6521
10349
11116
413
7443
5158
1902
8462
2805
768
4360
149
6333
571
6659
6006
9520
5563
11199
9587
4997
3671
7958
4052
1890
6498
9377
3083
2328
664
9456
2628
2587
10871
7885
686
9438
1587
5799
5215
10865
1847
3700
750
7957
7462
11027
0
456
6677
10602
8315
8760
231
5026
7700
2641
5237
331
7302
264
6054
3015
8933
2995
790
6748
6030
4925
9526
5260
10630
4956
9577
7426
3857
7118
599
2701
11232
6932
4042
5040
3396
6718
7440
1293
1791
10247
10261
10961
7465
3476
4322
816
7307
6442
6434
9910
9445
2244
4342
5379
4577
8631
7434
8833
9662
3401
4830
5167
2802
8614
400
10005
7356
7373
9795
5999
9627
1825
2859
2048
3488
5029
9522
1324
8810
5124
9803
9411
5099
8144
11068
10626
1651
489
581
8312
8719
3553
7601
1406
6652
10536
2
9400
4072
3477
6327
7691
7590
10904
7846
5621
9247
3019
5617
345
5908
10890
11029
2853
2460
279
7156
1712
4738
4364
5837
10558
6094
243
10238
8429
10322
7855
4056
6606
2462
7309
7977
9093
63
7058
8519
7864
2832
127
7472
4969
1761
4525
2106
2963
7063
3769
6985
7913
2280
5444
9398
10174
2355
10181
6773
10082
6825
9903
7788
9554
7658
7467
11247
263
11352
9056
275
5572
11054
3327
7447
8548
7857
5864
4591
8494
6811
1728
758
160
7610
3207
9354
5791
1058
10246
10040
8996
1676
3779
3095
3568
1543
6450
1581
8033
10066
9008
11359
2364
6509
2080
5486
4750
40
2093
3296
644
7831
11230
8967
458
6857
2321
2447
310
9058
5214
9320
2411
8565
5715
9997
5588
3272
4486
5219
2289
3410
6288
8925
7241
5224
2309
10109
3223
5297
3683
7678
4134
9331
6875
3034
5885
11157
6466
6280
10393
5354
3505
236
9313
3944
10739
463
5025
10635
6599
10910
2515
2292
10124
7286
4944
8657
9837
3909
8420
6897
1461
9814
6484
6673
10827
779
2863
8759
6053
10480
4567
6353
8495
10205
7902
4920
1609
7364
8678
9374
385
2200
3231
4759
5019
4333
5631
4030
10766
8607
5801
9178
11140
2841
6952
1857
3789
9085
3302
10646
1110
9613
4101
781
143
9380
7378
1474
11100
380
7388
10022
6110
7386
8237
948
1973
7164
6377
6593
3187
1797
6435
6018
1076
10023
4078
1479
8017
1218
7157
2434
5713
6518
1892
10956
7497
4784
917
1617
7323
3807
3342
10542
483
10409
9970
4411
5093
2605
6839
4675
5972
10028
10201
9451
9315
711
11030
5889
10591
1083
1844
2151
10237
10310
4829
5287
7123
220
2169
8456
9909
9778
10692
6206
795
11150
8052
6741
6538
342
11339
8087
8340
10277
6629
9417
5814
5683
603
5600
386
1010
683
774
767
5597
4023
10793
9517
9112
5426
8636
1137
4786
3211
3002
10077
4164
3331
3004
9740
8324
7358
903
7968
4195
5592
1458
1589
6251
6015
4919
4696
9263
10180
9265
688
5044
10159
7481
10929
10172
1068
1498
7403
10918
9216
9838
883
8198
10043
4185
1234
2072
3696
1726
3781
6781
4478
2219
3642
8893
6099
7547
4538
1432
9660
3537
11208
4291
6335
710
1027
677
7652
7230
4170
3797
5340
9672
6303
3678
5482
418
9576
11056
4757
5000
7498
10598
7396
7219
3389
8939
461
777
5481
11245
7635
9801
8289
1742
7407
4447
10465
5325
9848
730
1677
8943
7062
373
6329
6145
8740
3151
7819
11220
2487
4938
5303
7910
181
11258
3060
9583
7027
4201
862
700
4780
7292
9116
4000
5412
6254
5118
3122
10585
4454
3491
9826
6096
4549
3450
5626
4363
3395
6887
2470
7391
6710
10427
543
4313
6019
5319
4068
1962
9724
1643
7525
3315
5668
2955
4695
4062
189
2265
6686
10680
4831
6262
6084
9306
6770
2306
6987
5879
3673
6614
2529
1374
2787
2448
468
5731
1917
524
9894
7585
2441
8115
1493
7413
5987
1096
6884
9179
1816
4449
6876
5524
6480
10415
5985
4200
4970
3605
848
9565
2098
6063
1961
5350
4378
4325
5463
9863
1945
811
712
4020
8174
3428
6236
3055
6311
6719
6323
10913
4117
8699
11250
3877
8879
744
786
5504
1220
6994
7586
2811
10519
6471
252
10682
5559
5573
3062
9064
7474
4950
10620
11351
954
1163
5425
4429
7029
10864
3758
5703
6742
7822
4755
83
7508
2803
7124
894
11081
5475
1424
1466
3130
1766
1695
11173
4442
4612
8941
4879
8738
245
5478
10276
520
7597
6357
4038
736
8214
1881
10244
8920
6392
10366
9173
4629
5048
10144
1770
8965
11353
1798
8676
6736
10942
3827
4839
3831
7163
5066
9496
5937
8478
3910
568
6319
3698
937
2493
641
4041
4797
6926
7362
1501
2125
6662
8825
8623
7904
6995
11123
4132
3604
4866
4987
9375
276
9420
372
10080
6381
10623
1591
2136
8021
8264
3524
1306
10435
4570
5533
4423
3167
8888
6217
316
7751
9463
8441
10220
332
1531
9099
5997
1439
8435
9404
4693
8913
1429
10484
3581
2175
6076
8306
6355
10676
4233
3747
8735
4539
10784
2218
10440
10936
5844
4712
1107
6511
6835
9167
3695
2936
5205
3311
863
2089
7960
7724
11146
7962
10825
8868
112
7004
3660
8688
6901
3210
2508
942
9564
1447
7066
1664
4160
2458
9334
8154
1190
3994
1317
6495
6611
8952
9452
9469
4198
4095
10262
8883
5529
6044
4599
1849
5764
7043
1387
6786
10444
8317
3969
5792
361
801
7782
6692
1311
2664
3723
1864
3423
4547
9802
6626
9873
8499
2754
10319
10243
6636
4099
180
8491
3224
8200
10760
8046
7806
7435
9877
1974
8079
6604
1500
7402
10055
6394
6661
9385
528
9155
10905
4249
6200
3273
941
2886
71
11280
9276
4361
3498
1762
5623
6325
7260
2821
2622
10035
7136
11127
4188
9701
7161
3567
3145
4417
1758
2937
8014
9695
9115
983
4792
5615
629
6496
6651
6068
5344
10607
3941
9586
8914
10046
6550
1235
10473
2866
427
6318
8149
6428
3716
9244
8000
1990
5896
8382
2532
3469
8803
2954
9323
9055
5858
490
9300
11101
2181
4473
4355
8619
1357
2018
5620
5248
10348
5341
3861
11338
11290
6877
7335
8885
923
6751
10203
7077
8673
3132
8957
10569
5103
8473
10586
6126
6856
4810
7117
1851
1623
3387
5856
5137
6638
5128
3108
9671
8731
834
7091
10293
2401
3500
5914
4300
8860
8899
11325
11076
87
9465
4082
1237
10122
2728
4086
6234
2083
1409
7428
3268
4951
11141
78
11222
1915
284
9127
10657
7564
7639
7087
4590
7847
8314
10058
9458
10182
2900
9781
5942
3705
2993
2024
7911
5752
3422
1764
5978
5965
5087
2504
10095
950
5263
1050
7222
5343
1593
4387
290
3839
10891
675
9810
11134
4148
11186
11179
2001
1740
8573
4142
6766
1672
9197
10445
8644
7252
3172
10410
11307
10060
9390
10461
2678
4031
6627
3221
5960
10511
2039
6043
6563
437
6574
6003
6440
3862
8028
9431
2121
6057
8124
8628
2813
1719
68
10093
10316
4215
1817
680
8053
1966
2526
8225
722
5544
1441
743
4021
9285
10295
3534
5133
5138
3743
1887
1860
1769
2156
5823
1231
5546
6664
6131
3251
10106
1684
925
11304
5353
5860
9580
8970
5416
15
8274
7600
2870
7111
8321
8549
3046
4548
8322
2998
2908
5975
2973
7981
2649
3522
2905
5142
10354
10991
1389
7151
7743
6461
6789
7998
10121
1048
9869
7137
4159
4350
813
6531
10945
940
1863
5328
7005
6431
4530
6031
8954
8292
6890
7595
1397
4587
3038
3149
10457
3339
7991
9084
5252
10112
1299
10311
4607
8850
9038
4653
8762
10150
5120
3735
5256
9993
1850
389
5002
9339
6657
6157
1262
7385
7013
7476
10886
7552
1717
1750
6215
6100
8658
1729
6314
2543
173
2855
304
4645
7175
11176
3413
3622
1953
3516
23
908
1526
8966
10064
9533
5105
2825
8505
6860
8371
5280
1856
1983
16
8498
9262
9618
6181
5591
3306
137
5714
9011
330
3942
2333
11043
4719
10204
9454
9296
5855
3292
7609
7898
4799
8981
2592
5883
2600
5106
6238
6120
2283
4767
8024
6739
10636
6723
2746
3052
7662
5836
5347
6670
1300
10545
5299
5751
1269
2741
10258
8181
1129
9575
5988
7453
4390
3297
7733
9532
5525
2785
1226
6359
4450
3257
1095
5537
4177
9989
6326
8482
6403
6458
7561
2443
7306
4485
8797
8390
8477
6025
10520
2299
8569
5869
2257
5579
5905
10482
11373
8761
1570
966
8031
7865
8273
3443
4845
3337
7710
11063
9427
8271
8668
2970
8923
518
10750
363
10966
4823
172
6241
648
9718
5571
9074
3456
3987
9591
10678
7803
987
8796
2541
183
4561
7727
4172
104
7331
10912
8131
8081
5024
5804
3391
9628
7832
2668
217
1737
4897
1066
4981
225
39
6733
10785
11216
6087
2259
10034
6046
3693
1960
1154
1456
2375
6446
5727
3916
6313
10611
11209
7114
6452
3833
6024
5616
6991
415
4665
2282
11163
7770
1028
10584
3951
913
10279
10990
8468
4873
5496
3594
930
974
102
8250
1054
5637
860
3794
97
9746
36
8471
10391
715
3171
7687
3773
11286
4715
11118
5904
9698
6424
2831
9914
1204
2174
3654
5152
8559
858
5785
8260
3519
226
6955
6279
10712
3381
10489
9749
3205
6906
6836
8647
6098
8871
532
4709
7257
7236
6869
6299
9151
4264
4199
761
7316
5497
1605
3615
4306
9574
7608
4609
2130
7479
5678
7209
11234
5735
2109
8808
9529
10934
9556
4376
3288
10538
5163
497
1026
7542
8246
3316
4691
6016
9384
9664
9980
1395
4955
1302
1320
10138
8047
1679
4509
1425
5781
6800
2114
7263
2742
4324
1321
3824
943
7097
9884
2087
1931
10329
8547
10533
1606
9343
10681
4456
1836
5780
9200
4991
10684
5010
2041
4610
8618
1514
6645
1874
10218
9126
6363
718
8230
9257
3543
5710
2252
2050
7681
10120
9543
8051
365
1189
5667
1837
2330
9581
9189
2590
1692
6244
1592
4422
69
9854
11308
4890
9971
6197
7361
8166
369
9847
1029
491
2323
994
9083
7262
2528
3474
793
9378
7346
3822
1831
10523
9876
494
2858
1123
8288
8593
460
8351
1407
7514
5640
1516
5774
4752
2182
8439
1103
6855
7762
829
10617
5089
6227
7329
487
1741
9887
6821
3593
1383
2965
3314
10665
7538
4884
1786
9184
9490
10653
4357
4888
4588
2509
4756
3821
2335
9172
7009
4720
7381
2797
1040
10472
2273
2643
7881
200
5479
1535
2223
9020
3484
10757
4597
10804
3720
5467
6275
674
9680
10507
7365
2524
6849
4771
5876
2101
2318
3263
3274
10359
2100
4231
8635
9291
7321
2912
1004
7186
1631
5633
1965
7295
9094
7404
6245
9858
92
5776
1811
10768
647
6865
1981
4236
3258
10597
3545
5812
7928
10490
3692
3583
249
2340
7052
8295
7140
473
4569
4706
1808
1415
8687
311
5674
7778
5895
4688
3033
10758
5144
3876
4329
2475
4865
5551
7471
8460
9428
30
5630
823
4512
6219
3310
4087
11060
4659
124
3338
11288
1276
10302
867
9891
8445
10544
8620
8176
6225
4773
5803
6233
8964
9653
2940
1985
6021
4716
6439
877
874
1888
11053
3975
899
3135
1261
10104
8208
8700
3289
9726
3828
9224
1470
10031
4534
5954
6010
4258
2407
1017
8829
6368
1497
5576
8304
7265
854
7711
1278
9548
9806
9524
6376
2516
3486
6152
4158
2339
4489
8782
5498
6350
4197
6858
6413
5612
1358
1572
9651
2038
3067
3112
11311
9391
5957
10008
9388
493
9147
451
3191
638
8813
8667
11201
2766
9340
9972
880
259
855
3051
7154
1136
9631
9638
10493
4045
1379
9082
3384
1638
2985
2500
8802
6169
3155
10423
3528
6958
4124
4796
2749
5850
10209
10084
8911
3489
7469
10852
6361
6822
696
4379
11142
9230
9817
6
7983
4984
9687
329
5233
5561
1362
2569
9289
3904
7527
4262
8311
10105
9655
5351
5661
5511
10069
1031
2412
8396
5787
7375
6069
8775
4902
11004
1713
9095
1085
7495
515
6155
2873
10305
1839
2559
4343
10382
3860
1082
10231
3535
699
9418
5461
3362
2433
3418
5644
5182
10846
9157
4154
11242
514
622
7860
2346
9931
8520
5839
5505
9304
5143
6631
7325
5506
1933
10213
6390
9475
8425
6247
3841
6632
766
3619
8061
2564
2217
7731
2926
1773
11104
8544
38
8016
6984
10854
7820
1583
2392
6764
10
2613
4815
1094
5043
7174
2645
5052
1268
8076
3873
6399
5421
977
7006
10111
4212
10320
1487
6410
5816
2561
5156
1326
819
4749
6913
9246
5155
9994
8552
3281
4448
1328
3755
4604
10693
9149
8492
123
21
8398
1127
5394
7633
10529
5208
10430
1918
10312
2558
2494
11228
1564
4482
4018
360
11159
1047
10016
6243
6548
1556
5575
9206
4809
10470
8463
2406
10931
2530
8223
1622
749
6286
9765
9953
8484
3557
1079
10541
10670
5968
8898
3419
4424
233
11264
8104
5796
2163
5053
7741
9977
8238
7143
614
6597
11316
80
9508
9933
5750
8180
7581
4522
3466
8531
10392
10720
9422
7093
9677
1909
6828
2173
7891
7964
66
1059
2917
9729
133
3539
947
99
2632
6184
3613
7704
8543
7739
1515
8804
6840
356
8932
8753
764
5786
7394
2035
7947
2002
7298
353
7504
2928
6971
1063
3127
10916
6842
11180
9356
1796
8167
9927
2250
690
9006
10806
5473
6783
8357
8358
6701
6810
394
90
3591
10773
3152
8604
8787
6196
8677
8307
3571
1483
2137
4892
8116
9026
8809
10589
2179
9866
8461
5296
3871
7103
4871
3379
4962
692
587
9761
2149
5880
2799
1810
2019
8928
10270
6929
8866
5838
3053
3206
8979
2507
3542
8263
5923
1871
1149
2133
2634
3156
8708
602
348
10140
4043
5911
7389
3856
8261
5417
6105
10688
2410
4947
2976
10609
2828
6444
4898
8542
8030
7963
584
2856
8840
4605
6253
5423
3111
10420
2777
7540
7934
4615
2168
4071
2485
11249
6221
6817
47
8190
4372
8863
1353
3244
4294
2437
4094
8112
429
8532
7701
3538
1105
1023
9416
1152
5596
338
3589
3040
6036
1292
2704
9841
7559
10566
9135
1511
2948
1904
7531
5183
4468
6133
9299
2472
10582
7989
7695
2226
7655
9853
9027
8754
2320
194
1674
5611
5360
1774
9860
6269
7289
5157
178
6694
4740
8232
2911
2159
7651
7490
7720
9683
6544
7640
1435
3710
9134
4439
6730
3788
5408
9429
320
8786
10836
3771
8170
2593
504
8853
828
6165
115
1652
724
4088
106
3531
4189
4953
11368
9919
2614
915
5151
2637
659
1332
8545
8075
611
2178
7370
6009
1451
1433
9708
3222
11362
3356
453
5245
4647
10326
1748
459
8818
2235
10328
2523
5313
3071
4562
934
5192
4017
1360
9148
11166
9081
1621
5697
8086
9661
5422
7740
772
7780
2070
8111
211
5004
10368
1655
8388
9217
4116
881
10565
9819
5274
191
2332
11318
11265
11213
8411
7829
5741
788
5462
7592
8912
10687
1700
1018
2473
10957
4617
4761
9350
1323
4702
1158
10574
1039
6567
5455
976
4223
9086
5519
8296
2198
6807
5711
10731
6336
6209
8969
10621
2361
8758
4816
2092
691
8834
3303
8717
8858
11240
3663
3388
10434
9950
5278
8451
7684
7360
2253
4794
9811
6426
4202
205
10959
4462
7243
4946
8308
1951
8040
10882
5955
6917
3332
4521
3408
5851
5663
3482
3285
5610
2839
8625
2904
5679
5184
6641
9917
9946
10971
4250
4358
9820
10590
3888
6391
10930
8497
2584
9958
1445
2639
1013
2279
1506
3555
2771
3415
6938
9833
2153
6942
4074
2383
8153
1364
4119
6457
1979
8600
2901
8401
9597
1375
5847
4867
7441
6301
9588
9256
1733
837
9035
7333
9706
3961
4063
7173
440
7558
7802
9541
9105
8094
8606
3250
10153
6703
9560
1824
4091
3179
6478
2987
10713
2505
5925
10726
10797
8256
5074
3966
10287
2815
7723
3340
8645
2762
9308
928
5768
6277
1934
11327
4169
9553
5992
7303
2552
5164
4152
6438
7756
2522
7643
10835
3559
8291
7943
7853
2176
1219
9010
7554
277
9449
8125
6140
7555
3464
9012
8765
6216
5670
9936
2627
3972
5277
5392
9250
7464
2896
3893
7220
704
1680
9911
9682
2017
4340
3649
6371
10812
5652
7216
5922
9585
8008
4472
10506
6999
8386
7629
6192
741
7617
1778
8437
9559
6012
3953
8120
3121
11306
6000
2347
469
9111
10442
9779
8467
4814
8338
555
10897
7551
10581
10742
5854
8226
3976
7809
5517
11008
4077
2113
1319
3209
5963
7539
3958
3193
6486
9330
10802
8931
898
589
2596
2638
10274
2251
6141
3551
2915
1179
2389
8550
10010
2794
10116
10911
2499
3761
3954
5690
8869
1893
3346
5487
7899
11017
11278
8240
1806
3266
10863
8586
7660
10236
884
10192
2229
3637
8090
11042
2405
10783
2270
2011
8406
195
882
8006
1098
6118
10998
9501
11178
8027
8229
8575
443
4465
5366
3736
4319
7799
4524
10429
9018
2205
791
4240
1880
2241
5427
1159
9785
7010
3732
10013
2097
8729
6815
9221
5489
4111
3380
5112
9691
1195
6945
1044
9314
10245
3756
8599
4049
1858
8343
4469
11317
2216
10745
5166
9103
1542
9495
4694
3249
9278
5243
9255
2932
6923
10844
10266
1963
7709
3317
10394
1604
2621
10380
8653
6920
7374
3129
8895
11363
3586
7816
4672
8394
2761
10447
2184
6556
8800
10902
800
8814
11203
8122
9969
2390
4841
8611
2557
6682
2663
3853
9502
646
3301
4733
5242
8201
5222
11219
10309
6948
2676
697
4565
10422
3617
424
2103
5503
5476
784
9592
5488
1827
2582
2367
553
10373
7071
1865
1185
10645
8458
7218
10906
1988
4734
6530
11252
4668
2052
4083
105
6103
2671
3525
3835
6527
10616
889
4434
1914
6779
4646
6658
3169
5042
1318
5107
4299
7537
873
9065
5301
2189
6902
8777
3737
7675
8960
830
10561
6343
10774
2014
6258
6954
7276
6685
6086
9681
7668
10100
4433
4483
5981
10790
1330
824
5304
7086
4252
7841
7177
512
1665
2713
4359
8648
9447
1554
6283
5932
4092
9478
3903
3724
4812
7193
6529
8293
11357
5676
3662
10948
6375
3656
11333
1168
11267
8161
9784
7500
325
5789
9549
2989
4954
2921
1524
701
7345
2192
8188
5818
5218
7197
5390
1339
8872
7414
4658
652
7517
8037
9702
945
215
1016
6168
8424
5357
6429
5134
2876
9673
7890
4382
122
9324
5547
3376
3651
6443
7698
72
959
2085
7771
9948
5017
10283
11172
1913
9176
11320
1870
918
4620
10632
9703
4531
1021
5012
7982
1352
5254
9410
9760
9166
4676
3308
359
10694
5173
1668
4515
1976
10044
2925
10794
2661
298
10024
3042
167
586
9885
8598
10921
6477
1486
694
10571
3612
4635
10273
7442
4744
8058
6250
7304
5334
7395
5146
3739
5459
6485
4714
9023
984
8998
8847
5241
2979
9786
7189
7763
1645
825
3672
10164
8142
9555
3047
4115
3255
10829
9717
4980
8453
10885
4751
3577
7039
6172
9013
8936
3439
4903
7202
5873
6721
1896
354
9486
1448
9693
1614
9042
7524
2631
10782
3900
7147
7725
2128
529
2711
4174
10054
7355
5702
5734
4857
10987
1171
11309
8496
430
10340
5654
6799
3437
8302
6082
218
447
3026
3939
8831
9041
9561
538
505
544
9928
10425
4941
630
6898
8234
6814
4523
11096
3927
4859
681
9288
177
971
3661
5940
1550
4314
626
775
366
6854
6449
5892
9981
2091
3920
9951
3229
10898
9067
582
10809
10522
7405
6049
9029
250
253
3366
993
11281
10454
8856
10223
10381
10583
5294
174
4828
3600
8465
3420
4934
7722
214
8405
8283
9231
4848
1760
9932
248
3487
10107
10379
9610
1233
5246
3080
4365
196
2016
9667
10514
11000
1093
5464
7511
10907
2209
6092
9462
2393
996
9261
7061
8045
10075
2234
5232
6065
1012
3407
268
7233
5419
4790
11156
3180
2692
9164
10962
9634
10453
6271
9455
7282
5548
9960
3275
5148
2148
501
2503
5939
6513
4100
4420
9489
6075
9174
11336
3750
551
2067
3598
2260
1419
8857
8126
6946
11299
10746
10893
2556
10004
2824
2626
11144
7623
2096
11002
3173
11061
6307
11272
7789
7854
4817
9670
4505
8059
2723
7882
9097
4381
6607
10627
7446
8504
8141
9846
3159
4663
1392
2212
6846
5917
615
4580
4881
10175
11358
2774
4013
2141
9690
3986
9805
8961
9254
3646
3030
4592
2848
1588
6763
6883
8158
540
10097
759
2548
7755
9284
9286
9293
7191
1283
11346
1378
8875
2906
10765
1958
10568
2884
6070
8448
3225
1393
7320
10801
3461
5632
8661
1925
2920
432
321
6121
1889
7418
2888
9514
5666
4907
6792
3575
1482
8721
9836
9839
10432
3414
10539
5326
4259
11337
7579
1006
2546
11137
4022
10188
5893
5090
4855
10496
4573
7907
3714
6940
7249
9880
9943
2468
4872
3718
6264
2807
5696
9136
3911
6093
10210
10763
843
9512
8412
1394
7970
7576
5149
7305
5874
5536
5951
9510
142
8682
7621
5449
4298
9904
9647
3445
3212
879
5583
6228
246
2142
5276
1812
317
5907
5240
1757
1675
4774
10033
9319
3328
6949
656
10431
6042
8652
1246
8612
6644
6880
4710
11175
7944
548
841
4108
5023
3307
8784
6430
5465
1297
2910
9181
2352
6409
5398
8610
1611
8083
10268
86
5704
7953
11243
10833
4959
4047
7221
6011
7254
8824
10599
1182
3982
4019
6609
344
10378
1899
10651
9712
5994
5317
11205
10557
6619
4090
6231
8242
10734
3352
3947
1442
5701
2690
5413
10660
7070
7642
835
2452
8732
8377
9686
2899
1181
9942
10091
10509
8627
4544
6896
778
6185
9762
888
4479
5795
8294
1822
1020
3626
6284
1834
9360
8522
4151
8940
2943
7438
282
5624
4579
7906
1671
3069
2674
8333
8196
7954
6731
9214
6354
10280
5270
2126
8486
10637
7979
227
9142
7033
609
8065
7573
7570
9659
3623
10096
6380
668
2560
4739
4651
5363
11371
5919
7031
1878
44
4779
8151
6610
5979
8779
4622
1434
2953
957
9434
9215
4408
7208
8100
2272
9521
10026
5840
3449
2778
3144
1449
9901
10018
4243
846
10780
10335
7870
3983
5077
10677
6488
5566
7190
579
9534
7505
3842
7188
4880
5181
4368
2892
2843
8171
5899
3368
8319
3116
8697
8069
6328
7357
10177
1687
8948
4292
5150
7837
8048
876
7277
9570
3409
5007
8791
3812
7630
1232
1832
9518
1575
10426
707
1590
3075
2161
5289
7347
4875
4937
6752
6502
1062
7200
8268
5984
3110
9528
4431
5272
3236
6700
2044
3264
9492
9552
10975
6957
9359
1414
2329
8183
7135
5034
1578
8508
3801
10242
7121
10988
7073
3648
8387
8830
7648
9139
5049
5262
826
3560
11348
3242
6539
4331
5071
10831
2907
5647
9639
3749
91
9527
3697
3086
6613
2258
7521
2677
5810
2201
11120
627
4559
6684
4727
2666
2102
6481
4772
1151
2947
5050
10769
4003
585
729
7919
7001
8783
7699
9232
1349
4621
8165
11193
4502
5113
1396
8596
7908
2295
5145
1465
4652
10186
9657
2919
4993
958
7268
6387
1336
1460
2788
7176
273
2436
5580
9483
2972
3506
1301
4958
37
10019
4593
9034
1342
11366
8325
6757
5936
8801
2414
6212
4225
7456
8919
3143
11221
1241
10619
6162
8220
821
6534
2889
3427
10880
1249
9138
658
6180
6738
8703
6722
5543
1118
6483
5452
2653
8639
9057
2719
2053
4766
2933
3142
8089
4204
9769
10718
5178
10372
10505
2428
8001
1642
8726
10036
3435
11125
8279
7774
6762
7945
6138
470
3481
411
8064
2784
678
11370
6650
3093
8011
2800
5285
8750
11342
9177
4413
6653
10118
11153
7228
4303
9193
6581
4066
9732
2577
2245
4467
2314
6832
8172
1135
5831
2743
10792
367
1688
10137
3935
6727
153
1496
2790
1943
8422
8987
9566
10483
9004
2601
7215
839
9107
6345
6186
5969
3345
3887
7120
337
11035
7107
2065
313
3913
267
2986
8138
486
333
8253
9341
11223
3541
578
1122
5261
2381
8865
4270
10234
6322
5970
2172
10940
3921
2930
7679
11292
6187
6560
446
2440
5601
2747
3227
6516
1238
2712
3058
4924
3425
4383
1842
1488
10327
7584
9466
10673
10193
5281
5407
9371
10955
3076
9975
7863
1325
10397
7593
306
7128
4227
4526
653
1417
5468
6503
3796
2798
4103
8043
6382
1264
9337
9382
2722
1602
10634
4670
5027
522
1400
6640
3563
9068
3496
145
3399
1562
6582
9658
10553
1254
8903
4806
3670
3624
5055
6709
7425
4571
6680
4184
8992
10006
2071
8095
3072
5982
9654
476
9479
3674
2308
1781
426
5223
5494
2833
10400
1248
1121
2076
10299
8038
7278
9930
10067
7817
2525
7887
7548
9439
5706
8515
7845
4803
4940
4964
6218
3786
6552
4826
5225
9535
4452
9309
5471
9003
7475
7088
3977
2573
7900
219
5728
8206
2977
230
8252
59
4171
936
8330
11270
8845
6317
8924
1696
2349
1214
1343
2033
7255
1055
776
2768
4138
5352
10858
3022
9347
188
445
9569
4112
840
10185
2079
2750
6587
8613
3634
2155
4375
4975
4889
3036
7026
5387
84
4511
11251
1011
1558
8049
4427
10059
2739
6911
2684
438
11111
1382
709
1119
2107
3082
4029
5373
9480
8298
7791
8855
1784
3027
7512
3817
10554
6624
2327
3603
10901
7563
2755
7348
10803
9920
7693
7126
1243
5897
8013
10134
1561
1730
8426
