391
8993
6225
7483
10704
3985
7521
8245
7944
918
1668
5836
6683
11228
3632
11213
4649
9605
8732
8229
11149
9021
9507
9903
1673
2765
6334
10446
4122
9072
1297
7201
10563
9304
6014
9019
8787
5018
356
8487
11029
9948
3347
4636
6208
9105
1582
1931
10558
3686
9490
2164
6906
911
3656
6772
8024
7869
8132
3216
3499
3544
4228
7175
1117
2032
3043
3597
1875
2309
6699
9184
646
5217
4323
2047
3594
9501
7504
1417
6814
5118
10439
4067
10804
6604
6237
1828
7804
1426
10869
10493
9882
4934
2069
2468
6659
8237
3829
3633
9480
10186
6131
4296
6784
8572
3151
2061
7843
8489
9108
11232
6358
9556
4854
10550
1306
7709
2551
4159
1072
8637
3669
10144
8764
10528
6891
1142
9916
9997
4065
872
3406
7371
7984
10357
4741
10747
9384
9440
2265
5444
3453
3665
8399
2245
2406
7801
7075
7991
3141
8072
2494
7757
844
9943
9699
1498
4853
1042
4967
1060
2165
6473
10393
1521
336
8098
849
8251
4817
3209
543
1242
9209
11318
9889
4947
7242
1441
4379
4308
6721
4463
8862
4297
10074
876
8743
1962
1440
7849
6143
4913
8974
3038
6591
9125
9623
5708
7478
349
11191
930
10577
10710
5968
3464
9110
587
7677
693
2639
6431
3631
3331
4730
4151
10140
4369
2113
1400
8873
823
5005
386
10626
9380
4615
11298
7998
3733
5767
766
8675
7762
9708
10283
5167
7027
1104
1771
4656
10532
3907
10986
11195
2417
10679
4180
11020
4966
2425
8951
6327
1815
1764
11210
1186
8234
10323
3879
4735
3236
2838
1450
11277
4702
7932
9843
9161
913
8304
9394
9309
7382
8953
7172
7883
1827
8579
10180
8199
4874
7322
1781
1490
1689
2672
1612
2671
9232
4322
6044
6861
5214
9452
7419
8307
2228
10703
7836
11041
11283
8784
4183
11014
5491
8930
6893
728
9815
10080
1388
7552
2712
479
11326
10336
11361
11221
2865
6385
7254
712
1407
2386
2253
522
9489
6690
9701
9923
8597
5440
2983
3866
10201
6289
10802
2650
4960
5810
8535
7761
9082
8682
535
7176
6410
8250
7636
10791
10124
1976
1069
7352
4720
5794
5842
8134
1268
4644
9283
8595
5644
8416
1010
2887
7303
5800
3508
2876
3502
2528
4923
10748
732
4261
1119
8048
2115
6129
10855
7334
4597
10741
686
8972
7458
8867
4236
8305
2826
7386
2327
8598
8859
5697
1977
1823
6349
7892
3100
5402
9926
4520
3245
4562
874
10008
10466
8719
7925
3529
842
1202
3044
11024
677
1858
8421
599
9593
9537
6292
5323
4264
6114
4920
9515
1624
1770
3807
3723
2667
4787
7774
3843
3490
11224
3671
2637
5608
10436
8364
2921
7896
5029
7557
345
11107
8517
10429
5770
3673
1785
688
1834
6261
10499
5384
4025
6540
8715
4259
10384
2558
4688
1447
9636
8864
7915
2247
7436
11130
9073
6283
1369
9492
3933
8660
9061
9163
11331
11337
9203
1370
8122
9407
4086
3727
2520
2276
7011
460
4658
6542
8232
1071
2180
6825
4003
2836
1632
3201
8999
1011
5334
5527
7140
10519
10981
9252
6923
10803
2403
2907
5837
751
11235
10090
9044
5676
7205
4545
5908
4475
1760
3328
734
10724
4087
9192
7429
6588
3530
10525
8346
9534
10295
4108
6535
4891
10416
1019
9585
5613
9157
5784
2890
10619
3624
10346
427
3788
2160
2516
5280
9287
7306
2191
8267
1454
7758
7547
1722
1149
8861
3172
11295
5206
1854
7513
4392
5827
3516
1972
4331
2256
8927
10018
8391
11289
8671
5748
961
1544
8256
8149
3094
3798
5846
4326
1608
6840
7818
11121
10659
4205
5666
1362
1049
7948
3864
6136
7575
9373
6613
6556
10787
3728
414
6411
8308
3041
5245
7328
8498
4709
2283
9381
7648
6151
5612
10297
2311
4747
5542
5338
1660
6811
4637
1125
2106
4244
1099
10812
3770
527
9422
8433
5136
1470
1055
6914
7571
683
9649
6112
1529
3476
9538
5224
1384
5197
2199
5328
910
2782
5528
11135
10502
10839
8949
10719
7556
4946
11300
8046
9657
2917
8177
10670
8515
6756
6059
10287
2928
11050
11324
5258
4988
8097
8758
9545
6019
2663
10138
7207
6987
6169
404
8410
11312
9956
5946
2503
713
4733
3951
8161
1223
9200
3302
4514
9580
770
3762
10252
11123
10501
8707
8172
11106
9385
5503
8080
9117
9639
8386
5555
6031
2872
11310
6454
7718
6853
10169
1905
9900
10937
4073
7500
5649
5490
1538
3451
11230
10045
979
5583
11315
6268
1457
10391
6469
4445
8604
7451
9763
8035
6374
5013
4462
1855
7086
9772
6318
5186
7353
3195
2609
4301
4346
8711
4191
2298
6064
2966
1843
2808
8696
1730
7893
7396
1261
7338
2041
6947
1901
2000
6434
6976
5977
6029
1749
9092
8104
2924
9865
745
5599
3926
1159
5569
2188
6866
9946
11325
6354
6557
4252
5658
350
6821
6725
895
3891
6158
4980
981
4676
10766
3748
6185
5734
8678
8321
5388
3939
5194
9583
4675
10347
7591
8034
7590
3380
1021
1358
9928
3818
9070
2653
3219
7329
6728
7518
2157
11301
6301
7905
2954
4668
5302
1596
8091
2845
9107
4943
2185
11008
8457
5409
3786
4285
2393
7326
8455
3050
5854
3536
4535
5964
5849
9445
1177
6820
9986
8940
5457
8726
1839
8467
8569
6002
2456
5688
922
2927
731
3877
10536
6296
11156
9691
8023
357
9113
3832
8516
3298
7292
2819
7668
1175
676
7385
9952
3592
7020
2088
8548
4975
6203
6018
4796
1023
5289
10557
2496
7966
4983
10621
7699
10725
2174
8798
5783
4696
2146
2159
6040
1621
1484
8310
5035
10461
10572
7524
4455
3332
1830
9609
10689
6278
2564
4063
10571
3700
9137
10253
9109
2436
6468
8895
6089
8549
5625
1744
5078
11019
5819
6235
2485
3447
9172
6022
5777
10254
9179
4388
694
9076
7241
6991
3070
3450
4859
8268
3181
6259
8555
10958
9379
6637
9660
1693
2737
591
4295
11349
4470
8100
11013
4272
642
1364
2182
7538
8524
2173
1343
10784
4492
5595
4901
2862
6475
7054
4034
8741
9329
2330
8038
7474
4985
2754
11099
11249
4871
8627
1607
3074
2810
5571
1800
8055
839
7132
474
1371
5616
5785
1979
6838
9632
3434
9977
6474
3836
10830
4872
2861
1657
2694
1181
962
4130
3147
2939
1553
2048
8620
6920
1380
6067
9667
3732
9183
5798
10249
2054
7173
7581
9717
7059
3561
8261
3755
7891
8611
2455
7572
1840
3388
1602
1480
10229
10611
6625
812
6503
3888
2262
1528
9904
3118
1519
1996
2991
4953
10674
8173
3275
3659
439
5268
10780
10078
3569
5282
8882
1128
6926
5480
10195
883
2616
7389
4997
4077
989
4700
1583
7499
8636
7070
8944
2433
2371
4446
5564
5212
10952
3239
2775
6752
8702
6790
4074
10857
6968
10014
10009
4164
5639
8616
1451
5115
7664
6996
7724
1995
6656
6068
1352
7919
10076
10086
1824
4185
5104
10927
10856
5552
7130
2411
6995
5807
6165
4534
10551
5430
6664
4855
10365
6506
2316
8349
2605
7529
7753
6298
2302
1012
4391
6339
6038
9257
9081
10941
9002
1948
1220
11223
9795
7679
5565
5468
3525
7033
10483
6457
7901
1127
9191
374
3318
9159
6352
9768
7861
333
1913
7700
6630
10600
5840
4964
9325
5765
7746
6124
8562
8961
5221
7409
4749
9618
7290
1424
9969
9626
11018
10131
5393
5838
4584
10972
6940
4325
8085
2490
3210
7489
5225
6244
9186
9638
9387
5058
9343
3760
11025
6338
1777
9419
11374
2458
3286
10606
3246
6845
10537
7123
1585
7573
5763
7347
4084
11194
8039
4857
1892
3266
954
10034
8982
1974
5403
7597
2549
7916
847
3603
9364
6452
794
2499
8290
2361
6562
7193
5187
1857
10942
3012
8088
6361
2147
10030
3977
9246
6527
10354
3109
9905
7214
4047
3658
2900
4028
337
4069
518
6717
9785
1463
5814
9115
1094
9582
5358
2539
5086
3988
10544
7982
5418
8136
4142
1963
5651
8650
8710
5931
3768
2426
5914
9788
3878
9549
