10231
1069
3516
9445
345
7998
3153
7919
8437
961
1480
2503
8562
10060
3878
5136
1908
2406
11298
6292
7080
7556
11224
2188
7303
3933
7622
6349
9623
4295
7901
713
11251
5352
962
4874
10287
8974
8861
4735
6991
3891
474
2061
3050
6151
9943
5078
847
9626
518
376
4964
3723
7281
4817
1735
10439
2667
2808
2362
981
2433
1528
6664
8038
6814
5724
3592
6410
6327
6354
4636
8251
8096
7524
4301
535
2054
5409
4028
6068
8748
1709
842
9229
10779
8758
8023
1553
7951
642
3812
8498
350
8741
11223
4702
8597
5639
3100
10850
6194
4151
5569
8132
2296
4331
3011
1268
2019
1828
3490
7677
9946
5280
10802
5005
7750
2236
10696
4920
9217
6508
7513
10704
1875
6840
2921
4535
3181
4855
6434
5388
1370
5783
5840
3318
6318
2484
10532
5186
11194
4065
6542
2864
3470
11374
2876
2865
876
9926
7898
9440
3632
9618
8172
1608
4086
5946
7371
10451
3070
1490
8261
9701
5616
3464
3864
8062
2327
6454
1142
1171
8161
6659
7932
8024
1451
1730
688
3392
9778
2910
7801
7326
7261
1948
10090
4615
10144
9556
8071
10128
7306
6064
6625
2782
2940
1744
5221
1440
9583
9772
9115
8611
10080
9346
2637
2819
10611
7347
1261
7597
9304
349
5658
8199
5532
1021
3770
7478
1483
10384
2653
2041
4948
10741
8173
1363
676
5490
10357
1343
10563
3581
8953
6891
7130
7338
10619
8719
5528
10710
8307
6136
7648
6821
7849
5800
11018
11289
5697
3094
5644
591
10525
5290
8949
1011
10347
10986
11330
2316
2836
8039
9161
10550
10076
10213
11107
4585
8595
2907
693
6352
1840
1693
3499
10571
11019
5029
8091
10780
5815
8234
849
7334
1454
6475
7027
1082
1855
10377
3195
2558
7241
11020
1657
5134
1424
9795
6560
1624
3673
6923
8374
8364
6040
2157
6158
8620
3044
9969
7499
3003
3659
1839
4108
5542
5224
5985
10018
8268
2862
1976
7905
1426
7500
3843
1538
1306
3788
1362
4573
9660
9203
8961
4205
7861
2159
6289
3977
10124
9513
3536
7679
3603
7322
435
7668
677
6022
4252
336
9593
2850
9422
10030
7843
4391
3751
9252
10913
2718
10169
944
2562
9257
5212
646
10981
9885
7892
3012
7557
5503
10034
5968
9441
10354
11024
10316
1484
8549
1071
7538
5792
1470
10229
10606
1933
8548
9186
8031
10536
6825
9638
1830
3298
9283
9072
5364
7242
2754
8927
817
9109
4967
10446
4857
1843
11375
7915
3926
1441
7581
9768
3275
6431
7382
3561
2468
2262
6656
9545
4543
2024
9384
4018
4067
8433
1152
3266
7353
7145
9081
7193
5977
5583
11034
5234
823
5777
5418
10180
3315
7770
8982
1770
9865
3798
2264
7114
8474
3732
11249
2069
8304
3642
7101
9073
8598
5338
8999
5842
1209
8569
4473
6820
5402
6019
6790
1012
1906
2160
10648
3147
1824
10391
4073
2663
3476
9639
3951
337
7191
10168
11050
8399
6315
7429
9609
1128
7151
7869
10131
2182
3768
11009
4709
6976
8245
6725
2485
7132
6761
6338
4311
895
9605
5245
732
4455
6059
6938
5810
10544
10558
427
7571
3239
8660
2411
4983
4988
8177
4960
10533
