3298
217
1480
169
136
2160
33
7478
12
192
188
1908
11251
6410
5338
16
10231
303
46
10626
182
161
8927
208
5490
676
2327
168
3812
69
10550
9626
324
1306
11298
2311
146
1709
3318
11
65
113
3019
216
5418
817
745
299
288
4142
944
8433
89
4543
173
94
112
7898
3453
10377
3464
283
543
125
3153
53
3011
10168
260
137
251
6814
1362
258
200
6
229
7500
10334
10018
7
101
34
1490
7557
3012
304
4817
48
261
8660
9660
4615
127
8399
96
7191
43
163
2754
49
8982
319
285
308
98
270
179
29
5625
142
24
236
317
9556
10316
139
218
9034
10128
174
7843
235
207
205
95
10060
99
102
75
2069
6434
165
293
2157
8579
688
11375
4151
279
6821
122
250
2808
230
7132
10451
2174
6947
305
212
226
10030
5613
269
103
6540
292
1770
0
38
2264
44
32
118
4374
26
3977
114
129
1268
88
6292
92
84
6825
275
1657
50
265
71
109
9545
45
131
181
238
8173
311
51
9441
298
8172
10544
210
309
313
1424
6725
153
6068
63
10391
6656
22
3100
164
79
61
77
5985
376
1142
1839
183
1843
922
278
59
225
78
1962
3266
70
1
120
9229
961
2456
52
7214
14
8620
5
6339
5783
31
320
9513
2406
2
264
117
1484
823
336
10144
4757
9440
247
11050
7849
1261
5328
151
325
5289
2061
842
9583
9073
4535
4295
3070
273
194
189
7750
203
123
39
4709
5457
6454
6327
1933
427
60
297
591
9283
171
244
126
184
268
58
1730
316
4252
312
4018
277
7919
2024
337
322
150
6194
110
1171
328
105
8199
474
5977
30
9943
4
40
8961
272
326
1011
8023
243
215
8758
282
4988
224
115
7242
11018
3315
8024
8467
10384
4379
4473
62
11019
7057
5186
35
314
3275
4855
149
239
55
83
3
219
7801
1553
97
535
5212
187
185
76
5842
8039
3470
10287
10563
280
3665
5237
8474
111
2484
138
9346
100
241
9161
175
6318
257
128
1735
8562
1906
10611
10439
18
276
296
6136
3864
19
9946
3632
107
91
267
5792
11223
315
2653
7326
5136
108
66
8864
8161
116
9501
25
286
321
190
197
172
85
10619
196
7114
6840
141
646
3758
54
7303
13
7718
7353
2940
23
11020
3561
8719
220
3926
213
294
7130
11009
134
234
36
11024
4073
154
2188
2921
330
167
5815
233
170
191
195
6358
300
178
4735
1824
156
4946
145
56
20
9157
41
3392
9638
7915
9252
214
4065
2296
47
4392
289
2862
15
21
291
6354
160
6790
642
301
8177
2247
3659
248
82
7429
81
157
253
9717
68
158
1528
199
11249
262
7648
57
10131
1055
318
227
166
106
64
9304
254
10080
1470
3788
135
237
87
295
8527
287
221
255
5639
144
8268
6022
177
4948
6349
5583
90
6527
732
2316
17
2910
256
1371
