1654
4955
3561
5706
10909
5381
11061
10929
3351
660
6372
7065
1721
8446
8326
9975
7443
6137
877
9446
9085
3243
3628
3149
9944
3015
2189
4235
7239
9652
413
6753
8273
7985
2405
2268
10704
7926
10391
4181
1681
10845
6552
2686
4389
3269
9000
262
2146
4485
9233
10453
2301
10982
4506
7756
4967
2762
2813
1091
9417
3339
1256
9926
5579
7330
156
4171
9713
7941
9613
9761
442
5724
10924
5241
10302
1201
6186
3075
8689
11086
3250
4087
4301
9257
3753
10851
5526
8717
9176
6500
6887
2877
5348
1106
10893
1570
5878
6290
586
10652
4830
9283
9357
5954
1813
9768
8873
5276
5547
516
6198
85
3499
6468
2031
8754
11072
6624
4076
8416
6550
8538
6176
4906
1905
3475
4914
534
6090
4556
772
919
5627
11275
10485
6074
5395
9140
6363
5152
3933
9853
10802
3618
5575
4185
3220
4434
1185
5562
8528
1233
9958
7934
6764
10827
3089
2636
7137
10901
8107
11127
16
1503
8485
1548
1321
6439
5583
5928
1711
8025
4480
9066
4243
8248
8431
1486
4689
9421
9700
10357
5533
5518
2797
2738
8786
1477
8658
7303
3038
1857
1014
3687
9770
6975
7608
9759
10036
3695
3467
4888
10289
1069
9656
9209
9483
10398
369
7949
2321
3117
7498
1821
9445
1399
6124
6433
5337
4623
4377
7735
554
4110
1407
4189
7733
7776
10991
1729
6417
11243
9999
10024
9982
2648
9569
11320
2668
4923
9064
8821
2232
6534
10603
6724
4602
11070
279
9029
5445
8978
10928
6649
4128
11256
7976
103
6014
8611
2497
339
2438
2312
5389
5487
5720
10224
1366
11037
4046
10709
7082
118
3726
5548
8654
1378
5655
7886
769
9199
3583
3569
2786
11059
780
901
3771
6885
5996
2392
3505
7129
8633
8409
3331
8518
3338
4858
5481
5961
663
5791
7951
2283
11202
1368
9391
2611
4001
7477
2748
10057
3806
7604
7099
3253
372
11017
2201
1539
10560
9181
5478
5875
8994
1401
2159
3589
11221
4540
5940
10173
5090
3070
10132
550
4349
10834
9796
2917
9319
2165
4054
540
5327
8532
6241
9603
8038
1688
9398
3563
38
5964
9001
5056
6645
4634
8824
6342
11092
8448
10938
2211
1182
8910
9153
3306
10385
7147
1645
9776
2607
2327
4959
5768
711
441
8470
5076
4242
1353
3683
7809
7517
615
4428
1671
9969
115
66
9549
2517
4607
5761
4612
5905
3203
40
1780
7798
3724
2263
9989
8976
8504
1643
5014
785
9086
5190
8243
6902
3829
9793
9698
8397
10732
1514
2727
5072
2565
9366
2396
4384
6947
9903
2124
11209
10210
2080
174
5414
7785
5584
3267
10986
10945
9134
4280
4072
3590
10984
11088
7963
5305
6866
10447
9718
4884
10477
3679
6055
6758
11305
1862
5108
3478
3847
3405
1790
2495
7891
10206
1311
556
1299
2531
2583
2856
6533
522
3482
10068
1348
6959
7559
1184
7582
1290
9501
571
4978
4553
6206
8083
10795
9893
3764
4741
5633
629
3073
3157
4439
3678
4968
5564
5342
4881
10786
5587
260
6413
4002
6751
8085
10377
7508
2871
1646
464
3782
3856
9459
9037
5725
8542
3398
8355
3445
8455
6222
6204
1207
7895
1890
10138
7125
7166
7072
6617
3557
9249
936
3709
4919
6480
1259
5918
7923
1005
11331
7662
1023
1630
10255
2722
1579
4899
5268
6034
9722
6559
7988
7600
7364
5356
5728
219
4112
9098
2558
382
7859
5838
7841
6573
8100
5935
3513
3553
7948
5704
9287
7686
2675
1280
3340
1238
4961
3818
10424
4722
8607
3759
9911
9491
7523
9848
285
9132
6065
2367
2833
2419
10823
2609
8471
8335
4534
6178
6214
4193
10500
3934
10266
5975
11213
1909
7962
6453
5364
3402
9317
7060
5908
8839
6822
5740
4414
7820
8819
5336
5660
4427
231
6760
6667
10343
210
11291
8645
5965
7328
10312
4268
4300
6141
7643
1536
4754
3627
1312
2248
9557
5196
2360
2741
11058
1658
1089
6427
10807
2930
1087
10040
10891
7331
7761
981
7960
8811
5862
1956
9935
1075
5709
8131
1067
8853
4902
5464
994
10160
6159
9460
11003
6694
5721
5402
161
5884
10734
6006
1374
9260
7441
4697
506
11150
5228
6964
560
4896
2244
9320
4411
10187
3794
7308
3816
10791
10288
3196
4085
10717
4939
913
8635
10045
4104
9093
3935
1082
7542
4849
3520
10600
5727
1450
6918
9405
6618
4468
6705
8148
6763
9976
4393
6001
10784
7183
1042
7263
10429
10626
7216
9978
7538
10133
10567
7108
1574
1953
2534
2430
7391
10519
7018
7843
9859
10220
4742
8866
10558
692
6525
2216
10723
6735
5686
7452
9063
2027
533
5412
3430
10694
6782
7977
8114
448
7398
11258
11225
8071
1522
8367
8208
704
8053
1591
7167
4808
282
2366
2448
10395
8483
5684
1894
10217
10736
60
4176
1385
7612
9670
11106
4165
8965
10584
9690
5617
5659
10344
8802
1920
1855
6491
5069
196
10163
4310
6401
6857
9872
4028
8845
6869
3977
10323
2397
9333
7782
2768
3476
8198
6954
7456
5673
5610
7697
7469
2317
8659
525
7883
3904
6710
8676
3572
7274
9794
2240
3694
696
5608
10364
3497
10957
3194
7096
7024
6595
8369
1112
1458
7554
7606
244
3646
7110
3621
10565
2680
229
1274
7938
7460
6489
2860
7622
3979
3045
4041
1590
2750
6736
3857
9386
7759
1628
4637
2638
6289
9472
2775
3908
3287
8257
621
8359
9929
5836
10122
3147
11186
5314
8685
9745
8703
5648
11220
9075
6522
434
11230
9492
4558
234
2036
863
8995
10950
1065
10327
5331
11370
1973
5439
4566
6238
3042
9564
10913
7344
2781
9789
394
34
5303
2285
2896
10997
2792
4314
3650
2790
7032
11326
166
2553
2206
7717
8563
8206
10964
1892
8126
5645
2931
9433
4095
6625
2326
7161
6622
589
1611
3815
4472
2034
9964
3974
5783
4345
8864
2580
10862
10985
8556
4331
10817
1310
9361
5837
8820
9919
2003
6043
5233
10164
5220
3199
9124
7788
6853
4118
862
4409
6360
10223
9623
3349
10819
10941
6896
3689
153
11235
4460
7258
2714
6107
3121
2246
8617
5131
5593
5053
338
3113
11376
5885
6072
1970
8141
1215
9909
3682
7173
4223
10763
5821
3502
3905
6300
8360
9025
6280
2934
6205
8732
3375
2164
3874
10917
5691
1114
3972
1695
4354
10524
1918
7385
713
11292
6849
4651
10920
7596
4648
9687
6422
10263
7315
8452
2859
11214
6656
7200
4943
7979
3310
4680
7438
2455
2372
4008
2752
7769
3363
6726
6581
1756
5383
10091
4040
2552
9692
376
5615
6602
5096
334
9536
7973
6690
7006
2671
4352
10979
8663
7465
6966
1659
5112
6713
8260
3145
9622
3698
1073
11172
2255
6883
9762
2481
9040
181
2843
1063
2496
6831
340
8239
292
2161
3229
1453
3071
8539
9194
1544
3667
9737
4987
9207
7291
8274
3882
1052
10482
5290
5485
7636
8803
8272
967
924
11340
3944
5567
11152
9831
4343
1687
983
8129
9138
3477
10020
9711
10022
6209
5354
1801
9965
11207
7867
6619
7989
6223
4070
6734
1369
2300
2282
3755
4625
2218
8693
1853
8619
10178
6271
9285
2253
745
4272
4619
5278
9667
9955
3978
7620
10278
3223
2084
989
10971
518
10412
1437
617
2955
7677
6018
4295
10099
3506
4219
2845
10515
10724
9514
5634
7252
4006
7690
4684
11096
11361
8748
8598
8847
5350
7141
3635
6908
5549
5137
1492
7083
5620
5451
3886
7237
2123
5816
8793
4009
5780
10805
10031
10264
10245
7672
5830
3749
2292
4672
7644
7021
9966
4783
4225
10409
782
2412
8240
8383
7282
7414
4894
7373
6218
226
75
9167
3237
10342
1049
6505
8759
10905
11219
8970
8310
2390
6576
2682
3040
5663
2974
10656
6558
9930
8945
5475
4214
6203
10570
1474
10113
1077
4081
10108
5044
9437
7396
918
8776
10968
10609
8253
5679
1990
6432
10639
10009
93
1825
5643
27
5334
11166
1125
8867
3284
7896
7483
9643
1526
6430
6064
11015
6948
10942
5959
1213
1749
8306
4655
4838
9579
10287
8242
2875
6156
6921
8911
4679
3645
1955
6572
7236
2650
11012
7888
3582
6750
8125
5456
1331
10885
11
10150
4206
5302
7716
11156
3213
8766
577
9584
8430
10557
2862
9127
592
8616
8289
3084
3863
907
959
4665
4258
3825
5621
9881
1323
8315
2872
7250
538
63
3233
10290
5877
7044
9660
3789
9766
2555
1880
6028
4753
6935
1899
2359
6772
5982
4928
4490
10286
5211
2450
10896
5822
9956
1277
6182
5833
8048
7049
9705
7922
3637
3091
8066
3713
635
7121
6549
2316
2903
2619
411
4335
1093
774
4367
2355
2239
4045
4709
5175
7159
1939
569
3122
10061
469
5202
1327
10976
4060
11001
911
10498
8905
10179
8917
10379
2393
3907
6040
5674
374
2693
2109
7507
2510
4593
5313
4992
2489
6008
8033
7058
9310
9084
7495
498
2203
10640
301
5257
6967
8826
9756
3923
3681
2075
1101
10328
7777
2264
10092
6934
6852
4159
2014
5181
902
1583
4507
4700
612
2423
7824
418
5210
1017
11104
746
10758
11155
4788
10628
2280
8377
7755
3159
1365
4748
7184
10254
8906
11007
10513
1194
10518
8308
9843
6026
10990
1404
9677
9530
1606
7468
3271
1800
9311
3132
2162
5440
8042
1834
8013
9790
4729
11198
2598
6989
2238
1557
3894
5124
3512
8241
8010
6315
7845
3942
6278
4714
1317
5177
10471
9044
8077
7178
10520
4758
11146
3342
3215
3191
606
4883
9767
2479
11232
11063
610
7751
1291
10355
7687
9183
964
4879
10014
10449
10017
8961
11036
7273
2549
10757
7476
5741
10900
7268
1553
11085
10436
9611
6424
4144
2098
4289
5824
10367
8788
3712
2966
9471
4724
11367
2678
2774
8761
10676
4752
6652
2136
8805
9668
1751
2269
9246
5707
10882
192
1174
9545
2820
4694
8850
1251
4527
2094
5825
1422
9522
7526
5330
2839
544
1684
11310
5340
2291
11327
10140
9630
9810
5623
11125
7340
2825
10195
7997
1432
6681
348
6199
4657
3064
7669
4934
8896
5803
10820
2986
7181
2026
1269
9585
6174
3023
6512
7152
7271
8801
10650
9481
10559
6143
7283
6654
7585
2923
8292
6191
491
224
2337
7354
5525
7033
8402
9581
104
6062
760
7092
2475
8307
9277
3654
10270
7324
4911
10227
6332
10659
3820
6524
4572
2171
53
9995
6601
4248
895
2981
1528
452
10797
7966
6504
9367
2257
9190
2884
6259
2071
9106
8172
5000
5474
7912
10213
3321
1250
1891
5565
5368
6771
2055
9825
4617
6025
3397
7694
228
2765
11184
3074
1998
7645
2093
1791
4726
8159
9080
7525
7381
3093
10754
389
10054
5463
361
1054
1301
5804
7781
9779
5775
9174
9904
7563
5842
9801
966
6781
738
9947
5311
1473
3811
545
7892
8438
8069
8604
2804
7766
8662
7656
8493
6441
10067
4315
10955
9244
6884
8113
6787
8235
9364
8704
5244
408
9568
7380
4347
1173
3301
2654
5847
5984
6960
1770
4739
9313
5367
8728
4102
1495
2173
2112
6920
5569
11080
4691
3230
10696
2742
5712
3964
6138
10218
4080
3062
6582
4941
9236
10010
275
6475
307
3197
2022
9444
7496
6888
4781
9659
5004
9076
6177
10437
1708
3098
313
2250
2993
6378
4703
5132
10604
4436
8401
2104
860
1055
752
6611
7312
8222
523
3120
2137
1748
639
5423
7238
7338
1484
6306
7506
7875
1288
8075
6598
8974
4406
4678
5693
10796
2832
2191
8857
1710
3019
8140
1191
4695
430
5871
9255
5551
6020
1699
7284
1651
5607
886
2865
10994
11018
8653
1586
8032
1856
9441
3845
601
5088
5021
8481
3523
10356
806
6371
7575
6110
67
3742
3543
10093
7773
9097
9865
1870
1241
4590
10298
2521
8977
3309
3723
3552
3615
8003
7831
2829
10711
2200
1818
2641
7939
6644
4455
6537
3624
9602
8331
2153
9913
8648
9877
8045
4660
1326
7844
4267
100
5213
5637
9213
10880
2281
2293
10348
8924
5843
1012
3
1110
4263
2618
10078
6450
8918
3916
3851
7310
11308
816
4846
3242
10504
11151
2696
4795
788
9339
7160
3528
8963
10842
8914
2596
6759
9284
3383
4461
2803
10764
3141
8557
6813
2815
6390
9301
5622
1332
2143
954
270
7235
1181
7314
841
2470
7897
11217
1638
7880
2395
7248
10537
9542
2777
811
1722
4234
6215
9374
6991
7234
7887
6305
5881
8011
5624
1396
11019
316
7103
9732
1024
6637
9628
9620
4114
1726
7484
7594
9709
4545
2502
858
2472
5592
8872
4950
8634
5042
8387
3893
4245
5246
5571
25
7297
7602
3892
10645
11029
10876
1433
5939
2644
1198
3404
5039
8031
8492
5199
4865
11360
5731
7833
3549
9679
3123
9439
4208
8399
9503
2270
561
11138
7241
4920
7192
5218
9704
4571
2652
8175
11089
6688
9736
8888
7659
5248
8108
8646
973
392
6352
8513
10257
8660
8882
6951
1205
10333
9379
4422
3080
10276
6929
1507
7368
5122
2978
6876
8488
7353
5963
10184
5534
6243
6299
10406
2941
5391
3588
969
7401
6961
2401
9666
1421
2249
11139
783
44
8812
5788
1626
3468
3508
8525
13
9902
3422
7120
8255
10856
10822
6808
3824
1901
6579
1624
3419
5999
8763
10562
10043
7904
4150
3372
3805
7815
3457
6449
4124
4106
4554
6005
5852
1126
5102
698
6183
4530
9133
8287
2778
8843
699
3017
652
6910
7518
3669
8537
3421
10474
9154
8773
3890
4687
8899
2299
7876
3394
10534
9003
5263
6867
10951
3648
7723
2363
6010
2688
4365
50
3072
5505
11006
9723
4580
1150
3711
5635
11375
2490
11087
1887
6047
10038
5134
10422
11167
11287
1175
10585
2347
6484
7335
8176
3013
5555
11304
9651
6298
6270
3606
3500
479
11319
9463
9068
6131
8948
8938
6255
5717
5980
8724
2673
362
8263
4220
10566
3086
6361
264
10610
10415
9846
3415
4133
8404
9131
7116
1410
2085
3623
360
9490
5970
5223
6669
3390
11299
6542
2990
4908
6584
2796
10729
9240
9251
1209
10088
3592
1555
8166
7730
398
7020
8423
838
8378
10069
893
6153
10821
8288
9032
1192
7899
10058
7688
7752
2707
3232
4348
170
792
3308
9547
6776
1558
7749
4518
10285
10580
10363
7676
6132
4364
4012
8559
9744
5969
7145
5260
3840
7400
4541
1083
51
8629
6341
2498
7378
4608
9109
7405
9649
1373
9897
636
4576
5038
3350
1976
10071
4368
10922
3864
10305
1489
5050
7736
2988
6976
1218
10304
6285
6965
9959
5558
1951
6017
9509
4910
6136
5742
3795
2982
6651
8291
5380
6987
7244
7343
8337
9742
8649
11246
4517
9163
5670
2783
9962
5509
4636
1315
5983
10102
125
607
7521
5636
1523
9418
5003
9798
7115
3796
7711
3463
10833
6612
2091
2252
1999
1587
1493
7850
3226
7130
4273
8072
364
3532
1858
821
677
3919
10722
9387
4057
7684
10049
8515
8238
6358
8408
4464
6151
3748
5639
11147
8429
6795
7765
2715
6185
11267
8627
9591
4802
2375
9684
3184
3334
1287
8711
1098
5363
3115
4820
7714
5513
850
7301
2182
6021
1706
1424
4750
4218
3564
7500
7579
10556
1607
10203
1053
7169
8330
5577
7878
7590
7954
9802
5450
6240
9721
2894
9049
5052
9384
2069
2213
8934
3270
2092
2482
3836
1747
1189
5138
5215
9094
7255
7721
4746
7285
1441
9942
5051
7217
8479
84
4889
4615
3575
1537
17
6429
3235
595
7321
8124
4379
1803
1950
6717
3181
4065
2854
9707
1313
4398
81
8656
1715
1776
4376
3720
8314
4488
2127
8610
2462
8715
9819
2494
4122
3677
10126
2126
11005
9279
1203
5751
8149
4702
1104
9972
5820
6403
2289
1372
9871
7666
10321
6302
5328
5121
8673
11332
2850
8779
7000
5405
7827
6805
2005
7914
23
1166
1795
1482
9570
4860
5810
11229
2929
10643
8187
1620
10120
1449
2979
2870
7609
8336
7015
10886
2384
2385
9258
10059
2426
7226
3737
9912
9674
4811
5632
4706
5332
4458
8152
8771
559
6905
10376
5404
10222
9052
175
78
5081
1494
1272
1846
7803
7557
5916
8825
3701
7459
470
4146
10459
3011
1769
4016
8916
6487
5944
6335
8489
5764
9672
9539
5642
9839
10993
7925
5159
4966
719
5676
4291
4502
757
10681
6801
7774
7411
3599
6100
7445
2007
6668
4366
9988
6337
10503
5269
2168
5293
28
6687
9342
4230
5098
11206
10633
5170
9142
2178
1103
10472
702
3302
3672
2713
572
8026
11349
11368
11094
9924
1863
9715
1113
8526
1446
1216
7454
2604
3565
3605
7185
8851
5600
9887
10531
7739
8494
7754
2572
4033
6473
10219
7807
9055
10646
8794
8173
10461
1564
4649
9303
10325
1806
8304
6727
2404
7138
11199
3030
2936
2170
7369
1159
2235
8605
3735
2788
8874
10374
9540
2913
787
10816
1991
9015
10390
8245
8523
9289
4963
10331
2278
7063
6225
4400
10703
6994
7488
6007
714
7346
5603
11373
11228
5798
9738
10438
35
8074
10632
2568
11028
2461
1954
2342
10904
640
3600
3096
3828
5284
3895
2866
4383
7412
3192
5500
1652
9760
4143
4510
3963
3958
1419
6856
8710
7651
10491
3885
5985
11153
7025
3303
5656
10564
4909
6221
7567
10637
72
5826
5323
10839
4441
6660
5792
837
160
7012
9442
7313
1010
11322
2724
6188
2389
5015
10237
3138
3313
8361
5430
8348
92
1690
6415
558
1298
9069
9891
1593
5536
10563
2661
1627
7091
11044
8249
4410
10538
1895
370
10870
1962
4023
8531
7342
9197
1744
6233
1919
10144
1978
3454
10365
4275
8886
3788
8154
8764
8454
10660
3823
6307
2310
6133
591
2926
1808
4850
6594
866
4327
6871
8828
10282
1814
6157
6997
2453
849
172
3504
238
7275
9186
7907
4093
8144
2975
10271
7530
6532
6752
8644
4088
3992
3462
2064
4283
1704
1222
7387
9985
1488
9304
6080
1670
5079
6799
8498
10193
8913
5172
6391
10081
4557
3248
10322
8735
3801
10381
9079
679
11130
3722
4574
7001
1930
10171
2753
5267
4734
1306
1068
2822
5026
7589
6671
2520
1478
7054
9633
8373
2547
1076
5714
10803
4157
1543
3315
9627
562
4168
4084
3910
4970
5128
4420
5517
3195
10725
6365
9727
4673
4497
5113
6327
2970
5690
7942
5839
8270
1698
3633
3770
5272
7322
1546
10514
9113
10775
6517
11082
3090
4549
1439
8436
4898
938
11091
7614
4646
4515
495
9526
4790
7986
3274
3918
3052
2831
4336
4659
5206
9299
647
3714
7817
1355
3049
6780
4073
11261
7327
329
4279
975
10614
239
10981
6940
52
541
10168
1108
9334
6907
6700
3016
4477
505
2578
10384
10082
1333
7984
4163
507
308
949
7583
942
2130
9438
6479
5882
3186
5479
9030
4663
3440
3525
9728
7318
6166
9110
10051
2267
2157
6350
2543
7812
3431
2819
2381
7425
3731
10238
6784
6056
158
10671
5382
6630
2891
2188
6313
6704
6456
9232
10337
1805
9946
1416
9158
8760
10460
3704
9559
107
4745
1633
9259
8784
4638
1297
5329
8933
4809
7309
6845
10341
5259
8813
194
7122
9775
9014
2166
10013
630
7432
9799
5665
3054
618
10095
9815
2539
215
8120
7489
9469
1357
5866
57
3576
6823
492
565
9841
4866
7341
7240
3028
10317
2277
6347
8823
4531
357
4827
62
5937
2023
11047
1360
10923
4760
3175
8279
11187
5471
8904
9479
2548
940
2400
6794
1983
3381
1746
5041
11169
9680
9368
10667
7359
8712
10330
7586
9402
6855
2883
7719
6301
2443
3216
2530
1811
3838
1324
9327
7482
9822
9407
5934
4237
11032
314
10806
10730
6788
3295
7603
3898
8254
6715
2616
8503
3834
7363
10925
5291
10451
2499
6144
4528
5063
10663
9590
4628
9631
6513
4353
3879
11363
10442
5850
2008
9242
9429
6981
2230
10974
1143
1504
9586
3774
6109
137
851
4440
4156
537
6697
5376
8244
2573
8170
2437
6022
5292
6231
7631
11284
2991
11294
3617
8171
10326
9046
10620
6125
9899
7424
4611
9506
9159
7728
4056
10114
6435
3941
2044
10490
814
4595
7317
3447
5299
3169
1804
7357
5817
3647
4302
5422
598
9915
5477
4415
9031
8121
1285
5168
4401
10467
8561
9781
9077
9375
10665
4199
9091
4976
9818
3932
6224
2449
3571
7543
2634
5281
4868
1223
9305
10785
10787
7085
10066
7545
10818
4513
1325
10495
11077
2407
9862
5514
5685
5611
4685
3558
736
11311
1872
8118
6945
1860
8925
9925
11354
9832
2889
4789
8837
10029
2364
3519
415
11346
8684
843
8252
5118
7142
6837
1081
4312
4954
1786
583
6252
8151
10903
1128
130
8594
3170
7371
11362
9111
1245
7379
2290
8209
11288
8612
9763
89
6636
8571
1217
5614
5853
11180
432
500
6200
528
8895
4569
6088
8362
701
5188
1041
11312
3807
5943
11343
2284
5594
8590
6963
9576
732
4021
9655
4971
7262
5249
6740
661
2167
9081
1760
10198
5708
733
345
10523
10875
9180
9269
1608
8550
8478
9694
11282
2077
7329
1338
1214
8477
8153
7295
9449
8699
5854
9346
2770
5472
5160
2861
9918
5971
3100
502
232
6811
7211
10200
2072
8535
10574
4052
8669
7416
1367
1948
2271
4339
7903
9927
8547
5767
7164
2261
968
10041
9693
3412
10044
10712
4840
248
10980
2422
251
10750
6828
4712
8678
3634
8657
4609
8004
3800
8162
2855
5869
11055
4035
3289
11093
8403
3485
1529
11266
7661
9484
10388
2129
6345
10062
6897
3831
5876
7634
7028
2617
11344
2185
5504
2732
1521
3448
7649
7956
9345
10101
10182
1787
1240
2809
1007
6219
5840
8381
3612
11302
1475
5101
2733
11135
1270
11321
3341
5582
2428
6568
54
10877
7683
9856
5209
9612
3066
3937
3389
844
3131
10844
2749
7449
2066
1307
7139
9161
2969
2224
6974
4880
8370
6610
6362
8457
4606
7095
10116
1398
322
5231
4984
2184
7302
2963
6460
2928
7678
9223
7505
2655
1701
11341
9410
7607
7165
1254
11120
3643
9498
7404
2061
10747
367
1738
808
3514
41
4539
4374
8380
11226
10139
3699
2139
9780
9702
8339
6515
766
2010
11053
1210
8840
566
3597
992
7079
2474
417
120
10743
5338
9634
445
7757
3803
3099
10890
4816
7763
3521
6009
4031
8192
8600
694
7113
8119
5773
6529
2057
4419
3438
387
8382
7038
8630
7528
7613
1778
6459
10965
4713
9900
9782
8580
8480
129
7213
3324
9754
243
10359
1734
8146
4882
4864
6988
2325
7663
933
956
9996
4062
10506
944
6899
267
5180
1447
2535
5225
2670
3705
2802
8870
4278
3821
7086
4361
4616
363
7052
2467
6168
7007
6297
9062
10577
3219
4940
4796
6237
8177
4774
7209
2447
3842
1282
1370
5453
6494
3610
8366
2296
8632
135
9051
4109
2882
5230
8275
2867
6386
5863
9683
5989
9880
5535
2266
5126
443
6551
6304
4870
6892
463
511
7689
4188
3058
1572
2624
7202
7267
2056
5808
9512
7382
4213
2826
1554
4407
6514
4924
1409
6971
4972
588
6059
9294
6670
8202
3451
1247
993
10691
8112
2620
4121
48
9218
8671
10371
1965
2676
7706
4535
10840
10420
9635
1936
4201
10788
830
6827
2013
1968
6262
10790
6328
8733
10728
10452
824
3785
6481
9550
5045
7618
4276
7881
8421
5496
7516
11201
355
10208
3812
10404
5048
8246
1573
1349
9653
5345
2341
7135
1045
674
3619
9510
8111
2302
2523
2677
6659
6042
3743
1020
9423
3300
2952
6901
9774
11081
3745
4466
1117
7945
2258
1967
4051
3256
9083
1875
3060
7709
644
5801
8744
3057
9663
203
4107
10753
7696
10613
3146
3542
8701
9493
8375
6472
6283
6744
7624
2505
429
8225
3280
7377
4136
8719
1943
1676
7682
7718
4229
403
7969
8519
10946
957
5813
7816
8199
867
7124
4103
6530
6769
9497
1876
5774
2111
7658
1086
4698
6128
5358
47
9997
131
4179
1764
5173
2225
7393
846
514
3264
10794
1598
8466
8078
2529
10077
2319
11064
10933
4337
2015
9895
10028
6672
6052
2767
356
9892
11205
5019
7509
9363
3379
7855
189
6258
7002
2090
10541
905
6676
8797
4100
10810
1656
5149
1361
4457
384
10649
6865
3551
2522
1322
8284
5495
8993
11069
2528
3640
5541
3187
5573
9873
1434
6792
5119
8079
8036
2311
310
8713
3005
391
2451
3844
6253
9525
4516
2262
9170
5462
2909
2886
557
2416
3804
5745
10619
4246
8677
620
1169
2402
9741
296
7748
8621
97
8476
2131
3328
6012
9324
6250
3539
9381
10339
742
10229
9857
7640
6642
10719
10319
2227
6485
6071
10546
5957
1957
3718
1865
9800
353
8462
5602
0
5901
1631
5894
9406
8282
8266
8718
5796
7348
4960
2025
1406
10752
8566
1921
2116
1535
5427
9274
6286
9033
7564
11116
5384
2177
8487
3967
9888
7163
10486
7256
4063
3656
9561
8892
1933
6257
9383
1302
3067
10543
9016
1178
8286
6648
2295
9750
1750
1667
4763
4621
1766
9179
5078
4974
11182
7679
3839
9811
7568
4596
9302
358
3156
9281
9164
11042
974
4356
10799
3869
7480
515
7832
8856
5227
10944
10527
10430
1980
8781
11351
6162
9057
3369
2387
9349
10740
8276
5523
9457
5005
6129
3374
4688
1740
9351
5638
7474
4738
222
754
4037
9135
4751
10949
10590
1566
10746
4261
1232
1056
10608
1329
3332
8096
4575
6030
8469
8212
4683
5476
141
5658
6265
9388
8233
1060
10872
9505
8064
2009
11024
10035
8954
8299
1549
4231
5265
5110
4183
720
3995
3692
7819
6244
2879
1109
1435
5273
1819
10911
1893
1227
1563
428
3955
594
7188
6392
119
11316
6324
136
5008
8878
10127
4344
2586
8736
3636
7040
10808
3239
4489
10800
1009
8103
11102
10444
1200
4514
5856
8507
3658
10847
5489
4561
1789
11191
8068
4212
5099
5977
9852
451
3697
7299
9535
11113
1743
4893
2465
9326
10345
8224
10281
6916
7260
9885
5470
1157
2030
11296
4299
5372
1383
3790
8622
3921
934
10112
4307
4394
140
6657
5091
2814
10307
383
378
8929
7410
9548
3386
6098
1465
1466
3081
9495
1121
6577
4622
4791
8398
8251
425
5979
9487
10907
10015
6142
4839
5174
2948
9488
5162
3511
8302
748
7017
3273
6578
5951
683
4264
6891
5694
8516
3956
1236
162
9012
8986
5991
4930
2518
7929
5454
657
1461
1657
5795
3162
9878
945
4068
2446
11283
2192
8597
5009
2935
10308
6879
9743
1427
9162
9644
1476
2029
5750
9103
6495
9845
8411
7409
2692
2062
8102
3410
8742
10065
10530
5074
10664
7753
2837
5116
11297
2880
5692
5545
3373
6208
6531
5308
11377
11298
9117
10235
7453
3087
946
5154
2379
10277
6448
3366
8445
5849
725
10496
5143
9296
7675
4815
5401
3092
7810
3128
11162
3891
4048
4736
2834
7462
2653
6354
1541
5933
7174
2088
5176
4640
2307
9067
8034
10183
10843
4639
6818
9022
8385
8320
7848
4862
4320
9193
1116
10294
2566
9023
2965
7479
7877
4886
1079
8265
2805
8054
9541
10517
5616
2043
11183
10492
4418
2037
7840
6620
5802
7134
9027
9552
7553
4624
10177
543
878
11195
6054
10774
2118
8407
2589
10548
5952
8020
4170
9362
2957
6150
9275
2441
6
4137
8002
951
5065
8848
2699
3453
3466
2344
2198
870
2110
7702
5156
9434
8334
2053
1582
5790
3257
6913
6770
7191
3883
800
1859
9175
5578
7971
7307
1693
8220
2685
419
7995
11227
7937
1625
6678
3965
2226
5298
4026
7804
1906
4319
5568
889
9160
7996
1350
8247
4115
7673
2985
1989
8983
11035
5931
10291
10018
9979
11067
4589
2737
1629
755
10262
6928
5662
11345
7031
6924
4562
5848
1675
8576
4360
1335
7419
4108
690
1532
8643
6152
2
9619
8841
8351
10569
10402
5027
6953
10606
2473
4962
5071
2977
6509
7898
6329
20
8575
10292
1844
9508
9551
1771
5700
4380
10369
3079
6279
10860
5923
535
8782
7429
437
7562
2595
4190
2403
1389
1438
7077
6196
9474
144
547
3507
9228
1219
6038
6190
3990
7203
6419
2962
88
6561
3167
1022
3050
584
3676
9107
7098
10814
1640
920
10837
7671
6226
4077
707
3496
6311
3034
7132
8996
7080
4385
8349
2637
10739
1015
2664
2051
613
10025
3798
223
8147
5277
272
3124
6105
5521
7399
11066
3808
1120
7573
2973
11033
6251
1202
5347
9604
10212
8027
3493
10661
116
6377
11262
7982
7487
45
6239
3765
8768
9095
1718
6385
10129
6803
7744
2477
7865
3471
202
2417
6747
4417
9682
2000
4759
10202
6081
247
801
1585
4743
5482
10987
11045
10776
5261
845
1304
2435
2378
7014
6493
8164
903
10895
8110
65
105
9006
2864
10448
3491
7599
7638
4013
3125
6457
627
9139
10096
510
7355
6674
4727
847
11204
1141
2961
8179
9250
8565
9945
7789
11352
2234
5539
1229
4985
1848
4627
5258
3970
4953
6979
5386
10889
4699
1188
6380
3536
4446
3260
4826
654
4324
2642
4326
791
11315
127
9292
5080
8889
3487
335
9588
4192
1340
10172
7998
1100
3319
9795
8921
1777
4666
9114
8520
2383
4274
1029
8195
8577
10878
2899
3725
2048
11073
9018
1767
5646
2330
722
9520
10762
8086
7950
9642
10411
6927
10826
10846
2511
3359
3940
5789
5185
2102
10861
6802
1674
4226
3688
8815
7016
11131
2571
6336
1519
4111
1603
4207
9306
9155
7760
4086
3772
7003
548
465
8887
7548
5554
6890
5914
3164
9669
9849
2454
5219
10347
9489
1346
4017
5630
312
1479
530
8185
4568
10967
6434
3791
4120
9238
2336
1239
9827
5214
2996
10403
3849
7839
177
8463
7561
5073
5598
5460
859
5153
2487
10315
2694
5221
3456
1649
2575
6798
7448
3107
8694
9353
6060
2082
5992
5341
1907
6357
6452
10511
2365
2576
5140
4334
831
4983
3296
2818
9676
3799
6742
3329
4641
8155
1615
7854
2710
7797
6774
1685
3473
11043
7422
4459
1575
6881
1873
10279
1662
6127
1765
7223
10310
8959
2824
7846
2983
2369
3152
812
11350
8985
7747
4777
6653
9243
2700
7767
6898
11211
10507
6628
7407
5522
8460
3813
10572
6295
3861
552
6646
10016
7050
1664
10978
4989
5497
11371
1359
8473
422
3003
7349
10256
4980
128
8581
3053
991
8475
3966
7768
11129
1341
1132
2716
1276
11270
9254
6882
5186
3436
9575
9884
488
1258
5030
5570
4482
3246
5234
10571
10809
839
8167
1994
7646
6161
5077
751
1545
3155
3837
266
9546
7231
11324
4824
7967
8405
5136
6596
3166
7064
4318
960
11103
2972
7764
9332
6731
6893
9185
9703
8296
8055
10115
490
7133
3134
6695
9267
8858
7245
5466
10879
11179
6359
2492
3204
10958
7280
4773
9916
3281
9141
326
298
3403
132
11190
4256
351
985
8435
11117
631
7075
11016
891
8902
4837
9354
5507
10884
6164
5556
8922
1732
6777
2371
5060
9889
1038
10130
3217
8012
3385
5784
8484
10273
8109
1772
1000
8223
3757
5226
8800
8920
10142
9390
6106
6068
10963
6527
1505
8482
9149
7856
555
2924
7695
8709
2058
8984
564
4821
8461
8008
8592
7729
10866
10721
453
400
5713
4834
7727
4096
8624
9773
9772
6474
2942
2897
7278
10261
4529
8285
9146
2045
4704
5819
3380
4872
6796
5025
7041
8301
5237
7392
8137
6478
3020
1982
11223
7316
6543
5753
4740
10914
7144
10000
7370
7655
2645
5812
1032
11208
2514
3037
197
5493
3171
9121
10243
11366
5955
3673
2921
970
2787
6982
5155
3353
7864
5738
2500
2703
9355
9504
6303
7632
7088
5183
5229
4382
5095
456
5484
1155
6356
1252
11300
3826
9921
4298
1308
9293
253
305
3335
7485
2667
10117
6846
8747
3185
11048
2873
4551
3180
9922
9225
2625
693
6102
4843
717
10037
770
77
5538
8486
6421
5711
6097
11289
8672
1932
7786
9685
11008
3449
4369
8552
5432
7467
2759
9486
6077
2569
401
9184
1941
410
6863
3282
7882
9725
10977
8347
7420
4265
8783
1959
3574
7351
4050
9450
2951
5832
6790
10892
7345
3732
1824
9580
3433
10812
2138
11011
328
9298
8787
7042
3996
1445
5793
5811
1271
331
3311
7068
317
4844
9507
7466
642
4626
5529
91
3470
3684
3675
11118
3716
7849
450
1235
4887
1502
10583
1413
10026
9807
614
10191
2911
302
8028
4601
8589
7713
323
8283
765
6508
10759
1354
2811
4239
11347
7090
3129
10162
11136
5435
9200
6957
4538
4749
3603
5097
7664
935
5698
3234
4587
3971
4757
3140
6528
2354
4083
1330
1985
8907
10939
9639
327
4670
2649
426
2640
5667
727
1972
6334
7532
5726
1612
6104
10011
6836
3465
1152
8674
6554
2602
6591
10881
95
5966
10601
9082
3980
7427
2726
11193
4321
9156
5716
4995
10240
1883
9923
5369
6728
8586
2215
526
3400
147
8807
11075
5047
2964
6029
2922
3607
8613
8080
2237
10231
5827
10863
1358
1571
7597
3104
7915
7155
9842
5165
5250
5759
8158
5011
939
274
9431
6817
3240
6585
1727
10190
6984
1225
1459
5236
5171
11010
3143
1639
1163
3917
4994
5806
3639
7975
1511
2229
3858
9599
11242
342
8530
10919
1122
5998
6015
5550
2196
7707
9645
9045
5502
375
6944
6631
5362
8785
5752
420
5590
10989
497
9637
3562
3691
6538
2047
6013
5831
5911
9675
2939
4504
5604
1947
6284
5262
9266
5651
1153
6201
10481
2885
6096
8450
29
3333
8706
9882
9
10479
11105
9195
7852
2222
9614
1456
9940
291
7870
7758
3750
11365
1088
9513
9730
2142
10334
3208
1381
11013
8860
9359
670
2176
4854
2493
669
6195
8582
5912
6977
3063
9496
7386
1423
832
4755
5858
8640
10848
3873
4498
3756
6609
5930
6416
9686
7791
6603
4203
8849
4559
3651
10207
8400
7823
1696
10765
7772
7455
7520
2773
6050
1387
7780
928
976
1533
4874
11009
427
3938
3032
658
7947
1866
101
6101
6149
1561
8345
10106
7066
4620
10021
2427
504
8765
10959
2647
3344
8356
10497
747
4643
7970
6639
8555
2233
6210
5835
2610
1842
8567
6078
6870
8512
377
9521
917
9276
1709
655
5107
6626
6189
10902
3343
1712
10466
9621
11123
10899
10197
11189
8695
1123
10215
7652
897
9748
5888
5083
2456
7035
6711
46
10170
6958
4117
5043
3225
7437
7712
10551
9300
4154
4565
1351
8143
173
3740
4479
4904
5606
8442
457
293
6851
8
8134
10535
7837
9749
9828
7305
8810
168
7737
214
10046
10678
9517
5377
2458
6288
10050
5737
1016
1371
5595
10521
3878
1828
3176
1281
7119
3446
1792
5161
6555
6414
3855
9039
6732
4238
10544
5915
10079
1451
2646
3206
9805
2212
56
1107
1160
4927
6027
444
9403
7093
1496
4403
8505
5800
953
3193
10705
6696
10849
3928
3118
853
8115
10713
3259
1490
2020
5111
124
6783
6874
3853
4658
7946
1852
7264
4805
2606
1452
1380
3489
2704
7501
9954
4582
9866
332
8919
3432
7801
10194
1648
7107
11257
4363
6872
3814
1969
1154
8193
4996
5785
9227
4644
7384
4007
2418
1096
10792
1051
6314
4711
1802
11203
2746
2251
1266
8723
8309
9395
3151
4180
6207
11002
1782
3039
7900
7339
286
7742
3604
10961
5465
6033
7703
10004
4491
2626
10634
680
1391
8509
819
7653
2567
1733
9187
4437
4705
2054
608
762
9414
5491
159
164
2888
7224
4286
7842
857
10421
1661
10260
6058
5924
3736
10300
705
11122
6039
8340
9890
5125
4038
9452
1320
1812
8474
7514
9035
603
524
4250
1977
4982
1775
10311
4138
10658
5524
11052
8562
2174
6739
11329
1455
2782
656
9934
3538
288
6443
3006
2001
11317
5418
6821
2950
1144
8178
6423
2181
2346
6755
1938
2878
943
3638
9967
10303
4922
2593
409
5530
1006
6069
531
2967
10146
6410
2656
5958
9461
3897
4281
8037
8410
4964
9115
10596
9090
4891
3715
2309
10149
11026
395
8061
6741
7253
4177
9427
10156
3210
11159
4209
5212
4768
1518
5468
235
3758
3786
3027
10612
6093
2079
5023
6228
3357
4833
6941
6147
6894
804
8981
9824
6383
3464
5013
1303
4591
9625
1197
6455
1027
2444
4116
6819
6840
4066
6326
6123
7784
3327
6850
7524
3460
2541
8363
7571
3817
5609
9898
7650
280
6079
5355
10510
10143
319
4049
184
6679
7630
7372
6367
4387
10684
6864
10912
7473
5431
2629
9532
9747
9914
4
7320
2190
9553
3153
4662
1464
6575
922
1036
4823
1390
2394
2445
10597
2947
513
1993
2823
5560
5255
10085
6923
1601
7334
6807
2869
1293
9554
2874
6718
7154
6087
1908
7560
3827
2532
7577
8568
7814
4810
8090
7787
4532
6170
24
10858
2425
4835
8001
4496
10394
542
1224
9537
2697
10002
931
9813
4732
10749
4090
2945
1187
8790
1147
5657
254
10161
10205
3356
3088
4373
8067
4579
3854
9331
484
8548
8319
7828
4925
7834
3029
8133
9074
6092
212
4396
6263
1090
9136
11145
6540
3325
5889
412
3531
2352
972
9408
3900
7935
1500
9264
11325
6936
10666
10617
8200
9008
309
6086
4778
6067
6154
359
10272
3299
4767
7639
5762
1030
9740
5035
7218
1832
4125
7388
9224
9729
1877
1
1578
5503
5201
4196
3393
4675
4211
8091
6281
1176
7277
673
3555
6810
737
1702
9475
7580
8184
3007
5947
5036
8854
5589
5086
2099
5339
7251
3490
6748
5309
9582
2391
3517
5062
10141
4105
3642
7535
7621
7968
7204
8413
10226
2172
3241
6685
6045
2070
8884
11021
7851
3214
4548
9558
10250
11231
4224
5349
9717
3609
7039
4187
6665
8720
520
2658
4573
9145
5786
462
8329
10852
7635
8293
4747
1944
3899
8852
5776
10615
4294
5055
2599
2140
978
8353
5287
5040
4430
6340
10699
9271
9221
10124
8136
9412
9128
1092
1556
3671
7062
848
11313
5531
10675
1124
4172
8702
9987
9943
1264
7701
10641
8467
7541
7551
9755
3700
5994
9638
8739
9372
582
8050
6246
10248
6806
5483
3717
2362
963
485
7187
2835
5434
6937
2836
689
7940
3266
4735
8057
8490
6862
11374
9706
8422
9054
9527
4473
1940
195
2995
549
7056
7565
7436
7685
8696
10483
3696
2484
1050
9808
11177
6197
4284
4944
2887
11128
3036
10284
2105
8388
7691
9321
4413
11014
1161
8084
3703
2735
664
4432
6458
4236
1609
1678
1700
76
873
58
472
7705
4456
979
7993
7206
8625
5705
7153
6366
2209
7190
11098
10119
7527
10940
5528
2681
5942
7961
8207
4785
11260
7693
6886
2134
9650
2156
10815
651
1273
474
1925
7936
2431
2305
117
6844
3877
341
8578
10692
10760
2708
1467
5581
2615
7890
4525
4244
6641
5135
3275
8818
1057
10781
121
6451
4946
481
11051
1560
10104
2751
11132
5857
8890
5420
5346
11356
5732
2340
1831
9665
10751
10458
407
10727
6926
2720
4867
8419
1768
6351
2228
11160
200
771
7227
712
7670
423
10918
3865
2434
6702
6692
1509
5682
9126
5428
5596
6291
2356
4652
7556
649
4200
2635
10501
4647
6566
10529
6227
10720
7732
3455
8973
8898
4221
7615
5316
9229
10768
7389
3852
6405
965
6943
10335
6682
784
9335
10864
10097
8868
9021
6089
10440
2217
10855
5997
1703
10668
9448
1525
21
2429
6467
3137
8145
8549
3109
4449
2946
6599
8953
4547
9401
909
4794
3522
2712
2468
810
7965
4442
8157
5680
2651
5626
10241
7450
10110
3929
575
3752
7952
11265
8585
5900
7991
2204
6868
9041
1762
9563
9130
2992
8278
9883
8016
10599
4015
916
1530
9404
7869
3119
10375
2631
281
8833
6743
9950
4014
8971
2971
7654
8865
2614
3729
894
74
8875
6394
2914
4853
7323
6163
6036
10247
11252
874
7700
10532
6277
3043
6465
10969
7366
3395
87
6570
4716
2457
4776
9092
6716
6985
7588
11273
2810
11337
574
343
10269
536
4478
1547
3068
818
2841
10874
1426
8343
3950
5232
9854
3710
596
1820
7464
5735
4905
7918
2868
4901
258
761
9562
9777
5845
8132
6843
9143
4855
519
2315
3387
10455
923
1411
1460
6070
7905
4323
2666
10561
8838
4386
8952
9949
7792
9389
6952
2709
4340
1763
8221
9262
7214
10801
9868
8014
2603
3991
1080
4653
8051
8863
9861
7182
2711
5289
416
8777
813
3747
10707
6395
5148
2147
7356
8923
798
1963
5873
8350
3483
718
2674
5296
10631
8572
4710
910
10432
10828
3580
10232
4676
482
6708
7471
2906
1363
4433
324
1974
2519
134
4828
5442
9968
8941
4692
9681
7665
6519
9451
9061
4405
8584
9397
5333
5543
4270
10441
2540
10362
3550
2594
9426
126
9937
10528
6440
4509
2772
5247
5910
8891
5829
1375
8690
6155
8297
11141
2415
6497
5424
1799
10056
2068
6470
2916
3061
19
10647
4668
986
2585
8958
7358
7205
169
7957
4775
3602
5601
10657
4399
7906
1757
1680
10484
9733
5799
10832
2679
11303
3427
4059
9855
6775
5403
4241
3690
5766
2086
10927
1008
7980
1694
4552
9835
7047
7257
805
11004
9192
5274
3021
5501
7629
10196
4682
8626
9907
948
1336
2049
7775
10109
3294
6031
9440
2432
3787
7123
5892
6398
10779
1470
10635
12
10370
9688
2154
73
3148
8386
799
8039
10854
6797
3702
4025
3780
3245
3707
3579
10698
11192
5689
3388
1295
10153
9905
4101
11330
9886
6950
90
9073
3948
2304
3862
37
10293
7019
3630
8135
2577
2627
10135
9157
9358
3985
9436
5145
8966
4247
4523
8789
5
10838
5179
1177
1737
7289
2122
10607
9392
2476
3988
176
6592
9272
7219
10032
6773
1884
7156
750
1296
11222
4499
61
671
2827
1262
11114
5449
3254
5818
6761
11074
354
2550
11336
6661
11277
2197
10988
8716
277
3632
1952
3653
8437
9840
10680
8501
5245
7081
7806
9806
6754
4127
1454
7822
9870
4067
10947
1881
4765
10813
11236
10216
5661
10916
8591
2665
2793
3614
2370
9147
3126
2504
7195
4784
9719
4029
8035
1520
330
11050
3046
5075
7074
3680
1596
9050
5411
4469
3537
6236
6016
2460
5886
697
5046
9308
5794
3348
619
7059
3584
4129
4178
3509
11239
8943
6381
11108
349
6972
3367
11338
8947
6293
5182
1900
2348
10714
11025
4533
7605
318
7406
5387
9203
2361
1394
4508
7162
4671
5891
1469
5264
5718
4392
8142
10259
8464
6567
5872
4251
1854
4877
11101
300
5169
8846
8262
9394
261
9894
3371
749
2145
2322
7924
8967
10346
3292
1840
3819
10708
10445
3931
297
4135
8056
8546
3212
10493
9270
9571
4425
1663
10605
4091
1716
10258
6000
3101
5976
1839
11334
6321
9778
10265
11119
2019
11210
6409
6310
5398
9991
1127
8318
11301
7537
11328
9222
11071
9664
2630
5057
7290
9502
11218
4618
6437
10396
8169
7868
10052
9920
864
1261
8392
6560
9662
10100
3570
11263
5540
10166
1034
9598
7745
8433
2041
3362
8705
10540
10134
8029
6211
2582
2193
5240
2350
1672
2622
5747
5130
8871
9786
9751
10778
3354
3554
5488
8063
7458
216
5927
10063
7499
6615
8186
3461
5520
4630
10745
4543
388
8426
7118
2469
4686
10830
7793
8554
11372
6906
7637
2135
9347
4544
4603
3809
10653
1179
8093
10731
3751
8792
4355
4423
3925
4693
4951
3025
1871
3227
7193
6406
311
11234
8753
8447
8395
8817
6586
1971
15
4614
684
6048
5294
3693
8290
1267
2163
6331
8698
2536
2016
6545
9295
7350
2551
3320
2857
2221
6146
7023
2471
8615
4629
4975
4044
2002
8835
225
2846
7858
204
199
7415
10598
3846
4859
2729
10186
3345
6889
7871
9990
3767
579
3620
7884
5094
213
10151
6793
7177
4762
9519
5243
10578
11079
6709
3850
8228
4032
4583
3252
10463
539
5286
2275
7522
39
1928
9148
2980
113
8661
4892
8897
9500
3779
347
6292
3033
5151
2073
8500
5271
6379
7944
3272
4656
8834
7592
8731
4782
687
3312
6847
10053
5092
3739
10841
2718
10
2702
1031
1569
7633
182
7908
2424
8040
835
8139
3943
6933
7360
8683
4584
9791
350
191
6466
9482
7821
8883
6004
9268
8227
10906
4813
3524
1723
11133
4926
8216
898
6120
8767
2256
9116
2485
9043
1879
5672
8344
295
5360
9534
4578
6608
8738
6118
4770
4756
1078
424
2608
7481
8230
154
7232
4042
5448
3792
7361
2120
7010
10934
3969
4381
8741
1234
501
1405
10695
3085
4598
6859
6266
2587
1140
9951
3323
10594
7036
3337
3255
3263
4412
8876
2927
2863
6160
273
3413
7332
667
6046
10932
3297
1279
4819
8579
1568
4521
4563
1816
7750
8982
1186
10301
6729
912
10469
6878
5981
5315
9998
6376
2100
7325
1650
3951
2298
5312
9101
4474
5467
9543
2274
875
1714
4158
4175
4856
2764
9917
1911
8049
11109
1692
2276
3407
5978
2808
1417
5109
1095
3077
1145
440
4262
7894
5147
241
1377
5417
1817
139
5586
7510
6606
6447
8869
1986
399
9629
3486
3976
7140
150
10983
8328
6374
2004
5104
8201
475
6557
1898
4162
8087
4969
726
7992
2588
6407
5436
10336
9171
4309
5938
4875
8268
8352
7902
3730
8506
7272
5629
3177
7265
6115
5765
3595
10214
8603
10005
9129
10165
7230
6925
8313
2851
1904
5653
7549
2623
4907
7126
4451
8881
2816
11078
8780
3587
9606
10209
6339
2060
3668
10228
151
8836
7433
678
4570
1231
2695
4304
3939
2766
5508
10352
2659
5553
8727
5941
7502
259
7004
10697
826
10419
5061
5749
1278
5413
5675
3670
3973
7794
2183
1028
7720
3012
4266
10525
4332
10019
2219
2399
3377
1779
10576
201
6075
2214
854
5828
5208
1697
10883
3778
3510
8280
10239
4842
10536
6462
8962
2744
11154
9739
9850
9370
9330
4047
7512
869
9701
2705
6858
2763
6689
5133
6791
5563
6900
1206
4847
4465
7430
3481
9566
9341
3318
7446
10702
6388
8023
5499
3662
1151
2420
5948
18
9137
4259
9102
393
8991
8514
6483
3426
8740
10718
6721
11076
906
5950
5016
3914
5393
8472
142
9454
10399
1807
11046
7818
10672
83
4470
4803
3082
6955
7319
7623
237
10693
3183
3110
7879
8642
7293
9416
4674
2032
7008
2483
794
3986
2382
7835
9256
4099
1199
11068
9019
7674
5441
3860
9168
10478
1443
11020
2516
5167
3247
5650
6877
9908
1156
1305
4064
10158
10970
11364
3959
9248
7860
5917
2849
5295
11280
8778
927
10267
8832
521
6833
2386
8935
3733
6492
2789
8937
1829
643
10443
6194
7544
2194
10221
9830
10499
10654
10602
4216
6544
143
3236
1754
1472
4139
4429
3548
4204
1958
6804
4435
10332
995
11157
3178
1415
9047
2115
955
5763
9337
4288
884
2373
1001
3307
9787
11247
2241
6587
7057
10638
9788
3450
5757
6399
1996
3097
86
638
8544
11144
1592
8829
8602
2220
7680
8522
4890
1902
6536
5224
10533
2081
5288
1888
4416
10505
646
421
7642
3652
167
5018
7999
8277
6463
1319
1949
7901
4004
7668
4586
7146
8655
9640
5282
205
9122
9814
820
3055
4990
2076
4155
10358
2758
5546
1485
9984
9473
5867
1337
8128
4388
7955
187
3534
10070
8989
8322
9601
10094
8300
6956
6699
5640
6691
10766
3663
9212
10921
9038
10392
10930
2794
7667
578
2953
6638
3262
11238
2747
8456
289
10148
2150
1595
4254
9205
2901
998
4793
3200
3056
1221
1992
4483
1097
2169
190
9286
9024
2242
1195
662
6269
852
8795
6384
2106
4325
8231
3810
10789
30
1263
4475
2684
6931
9290
9208
836
10152
2087
5394
8574
721
8127
4900
11185
4454
3601
6719
11000
8502
8880
9531
7920
9323
5760
5158
7874
4932
11110
10098
1246
6767
8553
9812
7584
11245
7212
9202
11060
6035
2592
10701
8073
3479
4848
10034
3429
9453
6066
9618
9432
5986
1418
2798
11285
1516
4597
950
3111
4287
11196
7395
31
265
8082
438
753
9515
8357
8191
4542
404
3444
5907
9648
271
6589
7194
3078
2113
9689
242
7628
6235
7286
1987
2408
5279
148
10962
9610
8418
2033
4829
11165
10587
11084
10552
1759
6733
1430
468
872
7546
6970
3888
4772
7069
458
7802
9211
6521
4089
686
4764
2524
9352
1515
5300
493
1316
9594
5743
7300
4654
7626
1431
10251
759
11378
6520
795
11293
2757
2828
6597
2731
8844
4555
5962
5378
149
5028
1021
3926
11254
2997
9804
4350
11237
6785
512
10783
9578
7783
5921
5815
489
7210
5631
8391
2780
3776
5647
7800
8755
2546
8190
7704
9020
7778
5089
1212
2247
833
7847
8098
9816
1882
3596
8560
8639
10953
5490
2480
7932
10960
1168
5860
1517
4447
4585
6873
8770
8686
7249
7796
5084
4069
6256
4841
3480
2149
381
5625
8524
7434
3526
11279
6904
5899
2998
9616
11359
4792
9587
3411
2760
2560
892
3304
6826
1914
1362
6714
9042
709
7470
4058
7101
6574
303
2513
14
9217
7808
8827
828
4707
5433
4003
8746
1139
605
10313
365
1025
10154
10103
8533
6113
8861
2570
6593
8915
5239
10428
2108
6019
5146
10274
4720
8189
4690
1162
4546
9860
5189
2117
3370
7102
3305
9826
10155
3161
1988
1540
7435
6854
2012
1917
4885
4197
207
637
268
1589
8587
3848
2605
8680
6768
9273
6032
10715
1498
8968
1314
1717
8092
5879
6663
6425
3516
1604
1442
249
7070
10233
1641
8909
5566
1758
8606
11241
1599
2328
3435
3641
9974
3105
5687
567
9834
8210
4895
7376
11178
2343
5037
5067
8194
9071
8543
2806
473
4043
11295
7598
10118
2933
1617
6838
4998
1565
9477
5515
5017
10360
7228
3228
4723
10073
10992
10027
8670
256
3843
10996
8046
1149
8879
8859
1809
5166
8944
7698
3127
5605
9624
7660
287
10468
1339
5142
3010
7097
5973
3708
4897
6044
9757
563
1480
1513
1559
2968
8979
10592
455
7413
10573
2294
10405
6404
1725
2324
6949
8030
2745
1551
1501
4351
7403
283
6635
731
7490
4876
7131
3872
6569
2657
6181
1823
7347
6647
4378
6789
6778
8769
7011
551
6193
9173
7288
3261
7170
10710
7974
716
11268
6707
706
4027
5390
3822
8521
5936
10867
9125
461
7055
299
1204
3418
2486
3000
1867
5457
2844
758
8997
4492
6344
5919
11168
2313
1605
2046
7306
5480
8217
6169
624
6091
6633
4293
9731
3515
7136
2574
2101
4487
3611
467
68
10318
3659
3608
6830
5024
8264
1039
11200
146
10850
8641
8259
8130
8593
7872
881
5561
921
4305
7699
517
8666
7779
9970
2509
7201
9829
4370
6122
6986
1745
6023
6082
9430
10454
8376
1984
10464
5771
7515
8180
7731
5396
3251
2151
8043
888
6148
3420
9344
10622
10772
2994
7641
7390
1512
7114
8570
4956
227
616
6680
1148
9941
10320
10625
4255
5203
11039
6623
2210
2339
6273
1004
9036
1788
5613
4799
7566
9178
1927
397
7221
3361
1146
6051
368
3139
3004
1935
11255
1728
8417
9753
1668
1376
8901
10001
9697
2892
10591
1851
2329
4359
2179
6588
7397
11250
1833
8070
10943
7647
8762
2260
5846
1922
4303
5755
1849
5157
5163
1352
2621
1131
405
5926
10372
8197
4431
6445
6320
915
7457
4733
509
990
5406
6099
4285
2018
7531
8097
171
650
8822
1878
1265
8384
3769
11342
10744
3999
5197
7261
9123
8062
3018
10147
3285
10869
8420
3573
4861
11174
9572
2103
7826
7100
7009
9399
9626
8722
9716
2439
1730
10735
3793
4931
346
6919
9348
7158
4863
4645
2503
8160
5733
4397
4769
7034
6583
7493
10937
8088
10966
49
9096
2725
6476
5628
8101
5144
6037
1584
7648
7048
4445
6666
2842
9088
1868
9060
8424
1995
3009
6254
5770
10107
9837
5865
10685
8903
1655
4426
7336
570
7830
9765
477
10361
4832
4463
8529
7539
1835
1635
10773
2388
7087
1610
5361
10952
5777
4317
1510
9468
6996
6330
8412
1013
9059
4240
114
4202
4119
6057
6553
3556
11249
1242
3026
2463
585
10868
5641
386
6613
3298
5781
9380
8226
10072
8232
4391
3142
5297
4034
5920
815
6809
2491
7873
4011
1133
5193
198
9328
781
5701
2063
3076
6860
2398
3912
5392
1402
185
1420
1165
1783
4024
7910
2895
4476
11040
1653
925
10378
7352
4501
9961
7919
1046
9198
7795
7722
1683
2323
5972
10386
5115
1471
10931
6368
3417
11212
7279
1061
8015
9072
1752
2078
8269
2597
6139
856
5974
5671
123
3566
7990
5068
8368
11163
4807
3644
208
2689
1400
4130
2141
8957
6095
320
9752
962
7281
4915
3330
7576
1774
703
2956
5552
8595
3664
9595
1457
6482
4701
8443
10630
1637
5473
5990
2158
7838
5896
6507
496
8536
6722
1923
7692
6282
5087
1226
1119
5807
2628
4191
3547
796
9710
5729
4390
6683
6655
3962
9253
10462
8774
11022
9385
3365
5619
10908
977
6712
5123
508
2776
3201
7486
10894
9230
3997
26
4519
2910
9696
8060
10586
406
593
32
4252
1781
9393
4787
8294
2734
5335
4140
2660
3559
10048
10689
11121
5967
7611
6349
4801
336
7943
8000
5527
7978
2556
6126
8729
9565
7440
11111
2527
4094
6175
1283
8094
5681
269
4949
449
7587
3657
9220
876
8665
9048
10382
958
10690
6396
7094
8394
2208
4631
4160
4134
11034
8614
4973
5678
230
9901
3474
4481
10771
1822
9028
4311
10642
10737
6248
7928
8425
1035
8511
10423
11057
3136
10006
10211
9058
8664
3896
1257
3954
2564
6308
7053
4938
9605
3095
1929
6815
1260
3277
4869
8927
8939
8651
553
1384
6766
10575
6325
9119
9017
5906
8017
1071
1255
5022
11054
11142
2812
5275
306
11358
5486
9070
2186
4786
3439
6130
6825
2561
3952
8379
7536
3452
10873
576
1070
10246
10547
4831
5351
6834
2989
3258
5576
2459
10825
1719
1033
4779
11143
1364
4903
193
3540
10353
10898
4098
7913
9809
11276
5421
947
8950
1491
8258
5510
1208
10145
8203
9973
10007
5357
10733
3989
5574
5033
8691
2288
633
8256
7911
9499
5385
9817
3428
1731
7037
8267
4277
4997
11095
9646
10973
8365
6506
6171
7022
5049
11115
3360
4981
7367
789
2958
2584
5012
5591
6418
1594
5722
5516
3150
6179
10857
10683
1885
5408
3488
9769
4444
6820
9369
3364
4404
9977
2334
3189
5772
5669
3190
8949
10268
4341
2039
2021
1118
8181
2243
2533
1043
10185
7805
4965
8236
865
3188
763
8123
11290
5668
4123
11253
8583
9936
2331
7196
480
1689
10309
8804
1183
8021
809
2761
6841
5127
5304
715
11248
3336
1167
1588
6737
1755
8931
9470
3347
6192
483
10629
728
3002
4718
2376
7927
4520
9864
7294
7326
6701
2413
932
6998
7186
8751
11281
10042
9338
2545
8204
3376
645
587
4195
3922
1682
8214
756
8540
8877
3518
5932
11314
3358
6720
10935
414
5352
2332
2723
7311
2059
10488
6832
3622
11215
982
5194
11323
7857
10176
2907
8076
3741
6217
3238
4232
1102
2466
9494
1040
797
7431
5200
1945
8749
1403
10401
8182
1724
236
5285
9896
2925
9673
