1362
7489
1470
6821
4252
6790
7130
10384
4543
1484
10018
8268
3812
4142
1632
10619
817
6434
5792
9021
5625
2024
7801
11019
10213
9346
8982
8474
7429
10334
1261
2456
2921
5289
1624
8620
3864
4757
6292
9660
10131
5613
9772
1709
1343
9943
4709
3632
8467
2653
8433
676
543
10144
8177
5457
7750
10168
804
3887
5765
4295
8038
4946
9626
3977
4379
10060
2160
7191
6354
6469
4073
6059
4191
7843
922
2247
989
4615
1657
5212
9422
2406
5338
11024
10611
4422
1483
5815
4018
10550
1908
7529
7478
11020
6318
3665
5280
1528
10080
8579
4065
8399
3181
10439
9082
8199
350
7500
646
6136
7214
9157
10563
1268
3392
9501
7353
1011
4855
642
9034
2983
8173
732
8627
7057
9556
1730
944
3891
6820
1553
3266
1371
8161
9440
6656
10544
1171
7648
8660
7557
7898
3275
10391
11298
4331
2311
5697
5418
3195
2754
8031
11251
6349
5583
6339
336
3019
7303
4067
1933
376
5587
5186
3298
7114
591
8527
4872
2327
7718
9717
7915
1306
745
5639
11050
8023
3561
4948
1142
11375
2362
6454
9946
6527
8251
427
2316
9605
6410
1424
10451
6261
9283
3011
1021
5783
11018
5237
8039
8024
6194
9073
1055
8864
4988
349
8172
8961
2940
9638
3318
7326
11223
5985
1906
5490
474
6068
4392
1069
688
3070
3315
5837
3044
1962
3659
10690
823
9161
6540
1490
5245
10626
2061
9407
3464
2499
3012
6022
6725
3933
1426
3100
10377
5977
2862
1480
842
10316
11249
1209
3153
9583
7242
7132
5179
9229
8569
7998
