1923
924
9464
9956
369
1285
5115
2191
5793
5797
8809
6136
6383
11361
1389
1203
11051
1624
10252
6855
349
7147
10297
1442
7118
10063
8873
2182
10823
784
1538
10820
642
1051
8987
7062
527
6089
9191
8228
5121
8309
2512
563
11058
9558
4418
2195
8919
2656
2650
9304
3768
5783
1083
7414
7036
9623
2836
1684
10571
5384
878
6645
495
7901
10600
1363
8247
1790
2819
8961
2412
10736
6022
3209
5194
11230
5228
10689
4623
3661
9494
2860
9927
7524
2900
8182
5179
7165
9921
3864
4568
7518
7389
5127
10566
2890
10219
3536
4604
1315
4463
9850
8253
7191
8205
1047
9113
2558
4245
4615
3854
10747
11289
10040
9459
545
7188
8708
2431
7780
10013
8367
2754
8281
2877
4512
9993
10086
9186
11187
5029
2907
8108
3238
1671
3624
6112
3580
2325
9070
6194
557
1903
11373
930
11331
1189
6044
3452
4706
1897
1280
8937
8528
8882
6976
1591
9252
7731
3507
922
954
1529
8037
839
1144
7799
4020
9021
11088
3243
11019
10347
11147
1398
6358
2636
9496
8175
2901
10000
2985
4272
2924
1223
11015
1202
11341
9556
5974
8241
5095
6600
9896
9515
776
4075
8486
8775
2436
3095
4692
1396
364
1607
6569
538
5673
1306
9946
8859
2730
6146
2506
3939
2059
8433
8748
2330
5429
1106
4838
3388
8535
4376
2670
1176
4534
8455
9310
770
11326
1843
9650
4988
4109
6562
7267
7222
9689
2680
9889
6572
3025
4945
8268
2485
9407
911
10900
2048
11349
9629
1972
9002
3671
10336
9582
1834
2336
5334
6508
4074
8597
7038
10014
11181
7449
10764
7573
1770
8306
1080
4796
2094
332
6890
6809
6977
9750
7702
8896
10295
8055
1830
3361
11131
6917
11318
4441
1484
9093
4464
9204
10896
2748
421
4572
10231
1082
4744
5221
3151
3110
4317
10532
2731
5478
5362
5358
6822
2539
9826
3282
4307
3342
5849
10377
2147
8965
9432
11173
969
3584
6707
8660
10327
5206
7484
979
9466
3146
5237
1069
3246
3043
9768
10619
1021
9923
8750
8672
11017
1519
7579
7376
1582
3866
6683
4383
3451
7740
6296
5213
3463
4864
4603
7932
5027
1994
4084
9264
7011
11301
5136
1358
8457
2303
3534
10263
2719
980
8893
9717
4159
4182
1913
7207
1659
9897
10539
7626
11038
5515
7465
10937
1426
7112
10794
5450
731
1738
10346
10478
8149
9501
2458
1454
9541
5445
10289
11025
11197
7193
11157
1999
11123
3102
8442
1092
2262
555
10824
6992
2188
1855
8895
1892
1962
11338
11228
6947
5413
3461
9958
3470
1631
5824
4034
2369
4877
10399
9519
10795
11299
9788
3985
2910
9441
8088
6937
5454
11329
8702
8100
1906
8062
4777
6204
2061
3948
3113
5836
11210
2966
7303
7134
6630
2480
8161
1023
3394
1241
8243
10991
9076
10283
10288
4416
11325
8637
6334
9187
3447
8349
10544
10869
6259
1457
5464
8166
3295
3769
7544
8232
8974
9374
2210
9607
6406
1563
11300
2362
1400
2157
847
1895
2714
2459
7557
2176
6158
8215
9855
5550
5777
5812
6843
8889
4432
1995
2737
3786
7539
1086
10934
3949
3670
2484
8951
5533
1388
7135
10617
4286
5570
3686
9469
1401
7294
7148
1785
1593
7402
2371
8599
3450
11368
677
1682
5491
5798
11063
8172
5053
622
5031
7436
7712
5651
640
5519
7938
3502
2115
7634
2575
2653
5052
712
10559
7849
5078
3998
6221
458
7101
3561
10585
4321
4700
7033
3812
10710
347
7968
9581
9639
6143
10169
5734
8380
5387
9939
11261
6262
10941
2260
2361
1883
727
1608
6376
11190
7151
504
6227
5568
2348
825
3707
9346
9107
7603
2712
4709
9794
7197
4857
4854
8548
977
1734
7994
10027
2862
4295
8543
3680
6601
1175
10814
7789
2466
9443
9119
1094
6385
6375
1757
9013
3318
8727
6025
9137
1149
2609
8234
2295
9632
6448
10857
9419
10162
5946
5898
1648
9337
2473
7462
10611
7944
8492
10952
4026
7018
2164
10599
10436
8982
1976
4710
3672
3347
1875
7633
4004
3063
1318
8968
2824
10340
10111
5985
9538
5840
6029
7753
434
6995
6443
8578
4134
9246
10999
4379
356
2977
2647
9785
3546
5225
5781
6539
7552
5415
8378
6318
10259
3207
2028
10452
8635
6637
7292
10808
8527
1437
5731
10723
2577
8784
10211
2806
10030
5079
981
1229
5697
1297
8595
4173
3427
8346
6009
5911
4374
10780
3364
2470
7592
11337
7648
10366
4340
9609
10412
4702
11323
5404
9387
3988
1800
11055
6588
5468
9612
1890
9179
829
4993
2659
1485
3875
8842
9209
10349
6996
3555
7587
7338
6267
3070
2685
10212
6116
2338
7695
2000
9842
1274
1142
10201
5599
6864
10739
4324
11364
10536
10386
2370
9383
9565
8104
10942
6083
5302
5770
345
10319
4904
8668
8070
6671
5402
8237
8034
2393
10741
10287
9798
8142
10391
11049
7591
5944
2991
8780
8416
1666
10178
9882
6473
4069
2302
7998
1984
4701
3300
3762
3280
6551
483
1027
7512
7514
6225
11107
4331
713
377
11066
392
3569
10626
4429
413
3094
8157
4812
4967
4118
4658
9795
3480
9500
10553
5800
4187
4462
10253
4809
10407
11315
3642
4879
8755
3641
591
1974
6151
7925
3275
8220
5788
10986
10854
8917
7521
4729
5197
6690
3101
9866
6469
10746
3788
2600
9695
7089
6727
1656
718
2556
6454
2045
2228
8583
7629
7891
3041
2528
7761
5069
11288
10261
4620
9480
7982
4597
7923
2162
4835
3331
376
7813
9456
5118
9998
2651
11374
1982
2247
2627
1136
4873
11008
9867
9907
3093
8267
3589
5854
6994
1809
2108
4264
11024
871
2605
10082
1819
3011
2776
2916
10981
11296
714
3516
4353
7882
4949
10802
4486
7725
9415
2183
4880
6096
7984
10804
725
575
7291
4085
9778
4087
1380
1011
686
660
7184
7364
9077
2298
1668
4768
6834
4639
4688
7556
4112
474
4445
3879
5608
9656
2724
7027
4913
5058
6301
8707
1268
1592
8610
5444
9708
4280
1687
6235
3891
4285
7021
1496
2328
2508
8305
9700
9033
3286
1777
7964
6728
5555
2041
7418
2543
8634
8719
3829
3272
2425
11035
3725
9699
3761
5851
1173
9267
8270
2019
7516
4170
542
8321
3708
8427
694
2032
8976
9253
3630
10070
10144
11149
3326
8031
3982
5900
961
3986
9238
5154
1502
2946
9837
4142
5479
11314
2309
4090
4446
5367
9219
10812
3801
6790
3751
1676
3841
1320
2316
1513
3700
10062
10192
11077
5994
6141
6081
7677
7990
1905
1407
4185
10897
9019
7861
7371
8538
5941
11221
3615
6326
6185
10011
1931
7406
3627
1462
11375
8720
1105
4625
7916
2971
11029
1152
7951
2413
3221
2741
8704
5428
1722
7209
1275
4492
2442
6018
464
11041
9870
9358
494
5874
10415
960
3208
8673
1342
10044
6750
5845
543
5671
2829
944
7718
804
7326
10874
6410
8972
5597
5023
9583
7075
7824
5929
5748
5418
11054
3493
6851
9495
1526
734
11026
940
6692
2662
8261
11042
2122
5968
6756
7770
10647
7724
8511
10076
7178
6651
8804
10018
10803
3594
1017
5458
9376
6784
3088
7253
9847
1632
1125
333
10648
7513
875
9380
6281
4535
8983
11298
9082
1856
4377
2519
9285
4584
11014
7429
8210
2833
3577
8711
6077
3960
5110
6382
5245
578
11130
1050
4548
9117
6475
1553
8798
9747
4785
6039
5921
7645
4545
9183
9969
5649
7870
9547
3727
5005
4035
2024
6298
10939
2236
9157
9104
9160
8805
1164
7385
9243
3760
427
1181
1609
4450
9080
8102
4188
6129
3050
913
8664
869
2562
1393
8096
3666
11194
8880
5646
9657
3704
3131
1673
9192
6880
8945
435
10533
823
4077
11113
7581
766
10334
11177
4555
3004
6474
3525
999
6920
6027
1660
2549
2940
9669
1010
6525
8990
6810
8472
3156
4747
11371
3067
8489
10037
8485
10853
10418
10839
2133
2513
10754
4130
1857
9237
3870
2185
2494
2377
9085
5528
989
10519
1801
8604
9182
3231
10023
7542
10469
992
3940
6527
2787
6165
10581
7306
9167
6261
11195
1572
3930
1977
2253
2434
617
8689
2865
6457
3633
772
10719
4273
6757
4960
7347
5476
357
4696
3787
9091
9651
2694
1057
2180
3662
6560
6169
1295
2917
6065
6203
7110
8701
2713
5440
8002
5704
9618
1730
7804
1085
8437
10210
2062
599
1643
2106
6292
2406
3798
5794
535
2454
10704
2502
7749
6341
9131
414
11086
3818
9928
5931
10195
4787
10216
10354
8999
7476
10213
7367
381
7959
4504
2333
10186
1693
2932
6108
7263
6090
3141
4600
9434
5289
4703
6100
3737
1901
8229
3171
8221
7492
10832
7241
6464
6305
9115
1763
4056
2070
9691
9784
5796
4261
8134
2327
5451
11324
1113
3926
11020
1209
5644
6558
1775
4078
7419
4135
6435
912
9549
9763
9761
9492
7668
533
8898
867
8212
6625
9904
8998
10138
3453
10128
6752
1979
2296
2386
5662
6061
2644
672
11330
2311
4748
8864
7836
1651
541
6566
5972
4176
6821
10074
11162
10603
6759
3716
3832
3543
5133
2667
7709
4478
5732
10429
9325
7176
6836
2845
5504
8286
8802
2199
8710
6114
7727
9437
10926
7307
8616
1709
4514
10703
1528
7340
3713
3696
8930
5186
6926
6002
1343
5977
10501
3925
6495
8579
3603
9728
6911
6079
5708
350
2503
4997
1126
11225
2887
4322
7812
6535
8444
4585
6950
4171
10493
5229
9649
9440
9986
5393
4195
8024
5892
6266
2468
9652
8556
9169
11133
3111
6031
10606
4346
7140
7242
8095
609
7405
8235
8259
3302
8256
4369
5172
1436
10667
4039
8008
8181
10185
8682
2031
4720
7541
11005
8741
4475
6838
2301
8927
6491
1111
9545
3933
1056
5571
4172
1510
7639
9645
8652
6310
5815
5018
5457
4659
8452
10339
4931
3266
610
4326
5224
5263
6361
1583
10927
6983
817
9278
4388
2103
1012
709
3467
10286
8466
6543
5928
9951
5532
10292
4676
8932
2169
9283
1042
1544
3843
3819
9611
5282
7729
3748
7534
8517
2042
4649
10819
2339
4602
7377
5765
4301
10226
8307
6131
9638
10131
10439
6987
10446
6556
8025
655
2818
5268
10416
10621
10411
5438
9404
5827
2173
9006
10433
10972
11156
9120
2099
7020
6861
7205
6659
8788
5688
1134
4122
6529
8671
6091
10462
1498
745
9601
10861
5729
11178
8310
7774
1845
10973
9580
7572
2186
9298
8549
2159
2125
7225
10850
558
8410
647
7329
2496
5785
8964
9926
4392
8463
5184
6811
5227
7334
6819
7201
7767
386
603
4640
8555
7551
7966
806
9774
10643
3380
4455
7664
4969
853
4006
7272
11235
1690
6676
5889
7417
2285
9455
2219
6885
9399
9684
4008
876
9490
3508
9046
2663
4733
8206
7776
6927
9184
4351
4853
6068
8278
9108
5388
8199
5408
3332
8909
4874
2155
2547
2324
831
9862
5564
1339
7762
9327
1392
6840
1689
883
10090
11287
7254
1350
6699
4246
646
661
3901
2456
8039
4789
9200
8291
10312
6339
10357
10499
2160
4063
8663
8170
8132
2522
8696
5807
8716
3219
9229
6837
8887
3732
2897
3033
4065
2137
4668
8867
914
4470
6503
11034
7490
3656
3758
6542
6964
9513
2608
2616
1487
10364
1384
1846
10551
3499
4520
1266
1858
5784
4422
1480
3084
2403
10618
881
7214
9654
7970
7905
5587
1447
5351
4202
8027
11283
6656
11106
10314
3763
1387
6772
6871
6497
5622
6124
3597
698
4517
398
10994
2815
401
3456
5196
485
7392
9105
5410
11224
3530
8958
1177
5336
2718
7458
1832
4151
10511
5527
5320
5767
4656
10249
10526
8523
6425
6825
4252
1555
8777
872
3874
11246
2709
819
5535
7529
1948
3807
6538
2810
7080
10620
8421
4047
2196
9627
7352
3213
1397
1589
6985
2417
11303
5733
629
6458
8109
8949
9484
8732
1908
6891
518
4830
9159
8717
4041
6082
9214
5275
9621
5914
4667
8636
9386
1060
5819
781
9815
4953
9353
10985
9251
998
10322
3523
1071
697
2455
5837
6860
7909
9524
2077
11204
3328
10557
6078
6721
3175
5761
2639
10660
8979
4086
4289
10855
2850
3658
895
6315
11045
4757
6968
810
8173
10148
10833
1172
6461
6704
6331
10479
3733
4859
2766
1657
9255
5328
8219
4964
6845
7818
6991
2637
10345
2220
6150
11098
7898
5412
3927
2374
10483
5471
5134
10798
1765
4607
885
2245
9111
4358
8035
6278
1840
11121
9373
4003
4025
3448
439
8430
4160
2172
2808
7948
4558
9507
9793
8396
10787
1246
1104
11249
9843
5198
1242
8250
5420
8090
3465
4194
4276
855
7884
8678
2426
4336
8516
5882
10528
9534
5166
2404
9257
479
2849
475
10558
1059
6174
2146
4806
4147
7002
9263
10365
2603
9061
7362
7597
9236
4183
6842
1489
7261
4637
7489
443
9477
5378
1511
1119
11277
3032
7958
7671
7493
4543
962
5838
3118
4243
7843
3728
2437
2516
1771
10307
3734
5007
2564
6591
1139
8680
1556
738
3632
8287
7475
8836
2873
2520
2984
1704
7678
3745
3022
11191
3038
5223
9510
1008
10119
3951
9231
4191
7679
11250
1451
8569
1791
1232
4934
1220
814
3581
5635
812
1362
9813
2921
10466
3717
886
8718
9943
8358
11079
8487
3934
10034
7357
10556
9636
7996
1521
9125
7526
9122
5842
6468
7132
9626
9422
5666
5612
751
5035
8364
9309
6283
6064
7942
687
10008
7723
3097
7054
9574
9814
6893
5212
1171
9072
7571
6485
3777
3012
5322
5658
2499
8320
4226
1952
4028
5312
5086
8277
732
4923
6460
7113
7892
836
1824
3227
6118
2192
1483
10168
8639
5910
2292
4920
8374
2956
10045
6019
7322
1153
10080
1000
8953
6866
336
5853
3554
9562
8122
10748
1373
4662
9796
2054
7034
6958
3723
4180
7290
995
7053
676
2224
5353
1364
8097
11189
10355
9710
10071
2409
5001
4675
8526
1255
3362
4423
1352
11172
9259
6041
6504
9394
7173
391
7404
2490
795
11091
4753
4654
4228
10572
8376
9685
9381
7746
8086
8944
3355
10724
8399
6540
8679
522
5810
1128
2883
2727
4867
2626
2283
7897
3078
7655
4027
8868
331
1893
2541
2782
1470
5104
1781
6353
2660
10918
6571
2322
9667
6413
6944
6411
9385
5908
2373
5669
9343
9271
9949
9361
11100
7583
4506
8251
8099
8703
4871
4966
2341
3377
6223
9384
9364
7893
6277
9953
3392
9587
5715
10659
8304
10801
5878
2852
6352
3147
4573
5624
4943
10129
4062
9948
10690
8057
892
2838
6607
7057
1099
1186
9044
1371
342
404
6698
1432
10432
9900
1838
9485
3195
9092
7482
8572
10928
874
4636
10720
8524
7006
11135
4303
10078
10410
6470
5542
3013
4983
3406
3183
9701
337
6208
1717
3153
10806
5142
10835
842
2090
10414
2511
4817
8048
3403
5699
9465
8471
10550
7699
3522
2705
8941
8776
5480
8782
4108
5749
6359
2848
5625
6196
9694
11213
4473
10922
10458
918
10464
6603
3315
934
3160
10461
5723
7005
3065
11144
7896
10949
7264
9287
10032
8362
7547
5205
8023
6431
10995
10397
8754
2187
8136
7590
2652
9671
1896
5203
7815
5503
1323
5835
6314
3669
7172
8641
7758
6820
4411
5636
5979
4814
7700
10791
5613
8611
2708
1847
4204
1749
9916
3918
9445
2742
6787
1596
6231
1621
5352
9962
2079
2047
9222
9050
849
844
10425
4205
9282
9959
4947
6229
2001
5338
7114
1303
7459
8778
7499
2165
5879
2997
6907
4730
8502
9605
5153
1797
8233
466
5233
7059
4055
4444
11044
8403
728
2255
1419
3588
3112
3490
2851
10911
1827
1959
4005
11251
6881
5791
8308
2775
4391
3921
7607
5395
1370
6923
2439
6132
6398
9045
3150
8627
10725
3201
8331
10272
4365
3836
9977
5381
5510
7538
8498
2954
1441
10537
8117
5663
10495
8940
5456
6568
3181
1117
3350
1490
9772
11013
4018
5633
6613
7133
10779
3659
8665
7129
8393
4067
5616
3172
7048
3082
453
11378
3903
3273
7991
2672
9375
10137
4984
3873
7273
3109
11295
2928
10116
10841
5541
2088
2580
7070
5846
6544
