3499
1839
11315
6906
9494
3930
10451
10724
10090
2404
2508
6940
10553
4838
4411
11187
10883
4187
5435
8092
2465
4608
4969
4744
9605
11042
9259
4109
7386
6924
1704
7473
8071
1513
1175
5464
9085
7671
1010
5224
9328
10962
7413
5882
11346
9627
8181
7897
8868
541
10674
10071
5133
10619
10856
3525
1388
1876
3544
8675
9377
8535
6539
9440
7020
563
10696
10070
10913
8175
9927
1159
3561
2685
10316
349
9993
3350
8027
1085
1730
5212
3201
10104
8878
11325
7325
6977
4984
2122
1538
2971
5849
10835
6529
10138
2516
2806
10973
2754
1572
9671
10879
543
10420
3801
1008
3032
9104
1213
6601
11364
10533
4812
11098
6118
6944
10393
1815
3707
9195
11195
7367
8100
4273
421
2659
3065
3594
2520
4055
640
6827
9701
8718
9997
7409
1984
3392
11326
9044
2876
6598
9763
6811
2412
8072
8641
1406
8374
5813
7389
8259
7070
9105
7043
8673
4470
10216
9534
6540
8951
3100
2860
8599
7288
5733
8562
8444
7346
7135
2458
1451
6266
4517
9231
591
676
6091
7966
1144
2580
2826
7758
6937
6434
9923
10000
4830
10185
7622
3554
7902
10384
2603
4706
9623
2877
5146
9885
1134
4182
6864
10436
8572
7257
11035
1343
3011
812
7753
2459
2147
8930
8689
1529
10833
10327
3041
4872
3530
5842
2916
9822
4228
8764
781
5261
9903
6470
5692
2539
7101
10469
8867
9422
7849
1905
3063
7998
8111
9609
10195
9953
10820
2341
1956
4034
2708
10809
9399
3589
8308
2262
5900
5910
4041
10210
3903
1609
10806
6464
1995
1072
6114
6292
7750
770
6756
2172
4492
6314
2411
6061
2782
10466
5639
8862
10685
2077
1721
11019
4864
9554
10323
2485
3733
2848
3502
9013
8953
10044
10537
1790
9209
1318
1082
1387
7439
7021
3476
8889
8471
1463
3266
6926
5785
3557
4659
5791
7459
4047
8523
5367
4326
10839
9160
11224
8037
391
7544
11100
1843
10801
9361
10479
1760
10080
2824
2981
7264
11099
5974
4644
2972
2192
11300
6374
10536
806
3949
2932
9926
7436
9618
8543
8511
485
7534
4749
2467
728
8777
4090
3939
5454
8857
9814
1450
7405
9916
9072
660
4087
5415
3832
3461
9788
9163
1071
911
6927
4245
2191
11054
7493
10736
9309
3110
8782
4747
7462
2174
10824
6475
1819
4303
1660
10186
8270
9391
4640
6435
2502
7291
901
2787
10009
2598
1596
9477
7633
7062
4418
2079
3728
8148
2099
4226
9867
1171
10830
8778
7695
3082
9380
9137
575
549
1709
9900
3239
2348
10679
6890
9447
7476
7129
3038
9772
4702
11336
2568
7006
1982
427
847
6018
2513
1186
5669
6604
9325
8437
2045
5013
5761
2727
4463
10656
7727
3951
6301
4259
2815
8306
9484
8215
4796
6488
8321
1241
439
3798
2080
10617
9798
5491
4535
9327
1726
1510
6261
1431
7685
5968
1847
11312
7113
7780
2431
2186
1511
8710
6165
2552
8516
5450
732
9006
3160
8780
2901
10589
10780
460
9837
3786
1285
10414
4943
8715
4322
1407
825
6787
6229
5217
9632
10642
8937
1976
10148
687
6366
9826
9638
2260
1735
2547
4504
5353
7786
5704
11121
9267
9904
599
7140
9122
1933
10062
8668
5320
4795
2873
3210
1307
11135
3783
6995
4543
831
7005
7147
5649
8880
3907
5237
8941
8264
6964
3441
8707
11292
1011
8119
4636
9320
7165
9949
5583
5866
4160
8726
9070
538
4353
2694
7385
8410
4877
6825
3451
3507
1717
3275
10192
4600
1069
4854
5197
4448
3605
936
944
2283
2327
7172
2137
4351
1526
5095
7572
9639
10985
9183
1770
8892
1080
3434
2940
7870
8526
4301
8463
1424
4584
11066
2425
1380
11189
3151
10119
7059
3723
332
1229
5781
10791
7990
10439
7678
3326
5362
3117
2924
4421
2316
1202
9700
5697
6443
10525
4478
2370
9490
8498
4323
7458
7465
9928
10667
5699
9263
10832
5380
3934
1924
6569
8893
6259
2113
5213
1828
883
11185
10027
7521
4757
4520
5069
1017
3429
9651
11357
814
3630
3318
8442
2900
3732
2833
7718
6108
10086
7915
11225
9480
6102
10690
3227
3751
3195
4446
5929
3529
1631
4202
2890
11337
5403
2068
9257
6267
10322
7518
7804
2115
8084
413
5282
5203
8364
3219
8132
9358
7799
10999
7392
924
2662
6078
3696
7322
1268
4983
6595
7130
3921
7742
8475
5412
2338
1083
10618
2637
6950
10725
6891
6770
4147
10416
3662
2737
9945
9650
1504
4639
5438
5228
10261
3991
1099
8386
3093
10643
9962
6991
8090
3819
3272
3912
6382
345
5570
9192
3332
9492
8367
4857
4534
9541
9774
2996
2600
2997
979
8896
10676
5824
9108
3777
1892
1697
8501
9111
3300
9406
5439
8515
518
9161
2577
844
3236
6947
6871
7145
3534
3708
2713
10110
1252
8849
1502
9400
2042
1775
5555
542
5018
5612
6820
10841
9685
1165
914
1830
3770
7273
10041
10144
2362
2776
3577
8057
5671
4923
963
6772
1104
8639
712
5931
5732
1668
9061
2117
1979
1996
3755
7089
7575
9708
7746
2187
1592
5708
8142
1879
2849
8898
2627
2001
5153
6041
2494
2714
7176
2887
8134
11044
4188
2861
7151
11025
698
4388
6784
8228
8720
5624
9574
1563
969
2373
10958
7364
3094
6853
1023
2439
9717
6923
663
5187
10952
5413
7693
6413
3467
1092
10502
6040
2608
10927
6014
6203
4637
10928
1112
1684
2917
2920
7891
5480
6659
1855
3523
2558
5979
8241
6252
4416
5351
10289
3546
10831
8965
10407
7034
5269
10312
3843
9549
11015
6082
1785
2024
1498
10068
1521
8245
646
8098
11130
1624
3221
11338
4880
9187
7414
10922
9958
4289
6031
2333
11249
6221
7353
3019
11026
8268
6460
8979
10131
7271
8307
7526
922
2070
6781
2255
9889
5972
9221
9346
4548
7224
4621
10076
9649
7991
3078
7778
1600
10123
4313
7205
3043
7724
1593
6845
7281
4123
1481
3873
3172
4966
8583
9034
5052
524
7740
10850
8917
2128
2361
9441
2028
11051
7010
5749
5471
7813
7668
7591
5613
10452
7892
9385
10556
718
2069
7919
4703
10368
7193
8280
2983
5858
6645
1693
1272
6725
1643
9287
1426
2185
6527
9710
6096
709
6278
381
9716
9073
5836
2336
11288
9273
5206
7175
10726
7488
10272
9952
10357
1042
9956
3946
4871
8927
912
7636
885
9050
10611
5964
1397
4428
8038
11173
10391
5608
11031
9386
642
2865
5602
5794
7207
5221
10739
11235
10078
4085
6671
1173
6525
2245
3661
9977
3836
6353
7836
11133
1841
4084
6844
2781
8636
9796
5914
9850
10600
7551
9345
6009
466
3925
7382
2285
9483
7311
4261
483
10288
2409
7112
3074
4934
7964
8031
1895
8399
8378
398
3394
2660
10146
10287
5503
4003
4205
4965
1401
6244
4243
5651
5541
6100
10137
3879
5358
8080
9765
10286
10377
9136
8391
11260
8663
8485
1656
751
3584
1087
8310
2928
7583
9093
4682
4422
9607
4221
6044
10178
2233
2551
11296
557
10124
2303
10438
3874
917
9237
8149
2775
2851
11088
961
8403
8634
9214
7492
4308
2047
9295
6560
8798
8548
6002
6504
6664
7334
7222
402
1500
5166
819
3319
6878
9907
1977
1854
1127
8964
9815
8237
7484
5459
8277
1021
4134
2541
3641
2954
9179
2862
9515
7233
9969
10018
8969
7482
6223
3948
11005
11330
6757
3153
1128
5977
981
1490
4861
8304
5729
7419
7571
11172
5502
4142
10991
11324
5233
4080
2850
1457
2376
4444
9186
11204
8595
2090
10063
10461
4675
1903
4195
5812
10033
1123
9109
10483
6309
11113
7573
7294
6657
4171
3665
2247
11210
11177
9252
1342
6129
2264
4311
8767
6185
9583
7882
9652
999
10082
6452
10270
3403
8062
4855
8748
9547
6836
3927
7523
10937
9896
8672
9081
579
4075
10493
8556
5728
1261
2434
10577
8309
1274
1897
9200
4073
4086
3763
6059
4305
5814
4735
10314
10896
3891
10213
4432
4264
2670
6289
8993
918
10986
10495
3003
9002
4948
5846
2236
4321
5505
10259
4063
10612
8754
3356
9633
10319
8219
954
9203
7723
7818
8848
7843
9404
5192
7362
4997
9167
853
9373
6985
960
11347
1398
6398
2298
1295
9813
1568
7932
5625
9445
2838
5851
6469
7699
3216
5510
9353
9933
3344
1442
10723
6064
2442
9523
10140
7923
2224
2339
366
10169
2325
2041
6461
4975
5958
8023
10158
9684
2417
9759
11298
1306
6022
8652
5444
4173
1142
6994
6613
1774
3680
9046
6610
4218
5798
1602
9970
4575
7201
2913
8755
2253
11014
1496
6721
4615
4067
9232
1384
10340
6339
9986
3719
8467
697
11246
6880
7893
6535
8199
4475
9645
1440
7340
7357
8758
7114
4191
1901
9695
8727
7637
4603
7478
3380
3480
9519
8421
1136
2966
7242
9264
6359
3637
9784
10710
5314
3627
3516
545
3097
5440
6968
842
1242
874
4945
10432
3456
5007
4374
2977
8234
7054
8597
8719
5908
10808
11086
8331
10354
1994
6341
456
8235
2543
9489
9699
6298
5338
2651
1012
2927
8650
1883
1106
2386
4246
6474
6600
3670
10464
5409
4122
3918
7261
8177
677
10037
4949
7504
10897
1800
3349
7027
1266
3569
9229
4623
876
5121
4985
10581
9285
6556
6068
10023
6885
7762
5479
11341
6992
4194
369
9905
1454
1621
6235
1255
8276
10784
10116
11191
2697
1400
4607
2731
6345
9507
5100
8732
5792
11075
1111
571
10364
11116
766
6607
7339
4252
810
10528
8776
8025
8859
3465
6174
4785
1371
869
4078
533
1931
8229
6821
336
7767
7910
5223
3427
6834
4204
7700
10938
5532
910
2265
1049
9082
6025
10263
4180
10446
953
6034
2883
3970
8524
5644
8703
10853
9271
2455
7490
4118
1594
7909
4065
8210
9255
5268
7241
2719
10566
5874
10687
3624
10458
11091
5941
4620
1482
10418
10621
4625
7861
3761
7246
2133
11368
974
5765
5418
6089
2393
5442
7132
4709
2499
3788
7628
10603
7550
8944
4450
5079
5364
4060
1875
2437
10754
6237
1913
10014
8743
7579
4325
9205
1105
9131
4523
6822
5838
8750
9841
4514
7677
9394
3112
7942
10972
3633
2512
7538
4832
1823
2180
1172
3067
4901
9157
3870
3213
9691
3887
5763
7290
3829
8232
892
3758
10787
8665
1777
3050
6268
8046
10557
7811
3739
10994
11231
1086
4298
1044
7513
4946
10478
1177
4690
867
731
7539
2605
5234
8717
5263
11221
1659
8861
5134
6072
5468
11009
5225
5028
8173
1589
8416
6383
9793
10511
672
10254
3295
2845
2496
5877
1591
10501
10040
1766
4379
11213
9951
1908
5921
2734
1834
3745
7984
8487
1531
504
3013
1962
4789
7048
8161
9091
10032
6369
6571
4006
2421
987
8637
1797
4307
8704
5115
10857
4853
9452
4889
376
2808
10212
7749
10720
3671
8035
8452
2188
5214
7512
2765
6837
5928
3632
5679
4656
3878
9172
6719
4960
10802
2549
10031
2818
578
10599
1782
10074
6327
2819
10532
2374
7326
3727
11038
3555
3444
2519
1000
7712
836
3841
5767
8651
8775
5538
2616
5796
6996
5946
2369
3988
8362
9277
5994
3361
475
4346
8117
4562
7184
10692
3183
7815
6495
1708
794
11230
2897
8492
4392
8483
6079
8610
4021
7328
1528
7869
1974
4998
2810
8091
6983
5323
6588
9020
1582
9501
11071
693
1896
1220
11013
934
3580
6676
3118
7396
5515
2931
8346
9217
2454
2985
3875
2556
8606
2030
4108
8085
7483
2841
2210
7944
9246
8699
6485
9375
5788
7500
8095
2741
7597
3054
11250
2486
10620
11018
6857
5074
7188
3298
4135
9343
2094
6143
5622
6275
5035
2019
5731
11194
4365
3208
1027
817
10060
404
7757
7607
11310
3181
4185
5784
6761
11374
9110
9790
10571
6283
11375
1765
10252
9585
9276
10105
5854
6925
11223
7648
5519
4649
2433
6916
1687
10128
9870
10795
7505
2155
11239
8787
7110
6112
4331
8096
11378
3968
4741
2962
7045
6151
3686
4947
2644
8945
3964
1738
8172
5797
4891
8099
8616
443
7038
9120
10855
9491
9290
1275
8788
1100
9562
8486
1019
7968
6750
1585
3592
3207
8136
6762
4151
6717
7951
9660
9080
4920
1671
6729
1358
9379
9434
1209
494
6425
4806
6832
8247
10900
11002
4597
9667
995
1422
10981
7679
6077
9611
6375
6790
2847
7590
4688
1051
10764
10606
6315
11232
5430
9669
3448
6132
7557
1315
5258
6139
10747
5860
4039
4701
9464
10229
6538
5571
10162
5290
688
8278
4768
8430
1223
3364
2533
9076
5172
7086
6881
2709
8987
1362
10177
8538
10283
3768
7605
8281
7938
2718
4817
1747
4276
7197
10034
9747
10180
8864
7801
3291
5194
8919
1373
9487
2169
998
3597
7075
7254
10499
9824
2164
1682
8682
9510
7123
4788
4814
4391
4667
8396
9337
4462
5154
8182
1369
6225
9253
5229
2653
10719
1553
3450
6169
9283
10127
5552
9222
2724
6855
7372
2907
7329
11361
4913
11050
9432
3631
617
7959
1126
495
4904
2031
8805
6131
1963
7731
4296
9107
3737
9795
647
2816
3522
8963
9329
4358
10013
7524
2160
9159
3012
9466
2219
9077
9092
1838
1544
2406
1824
8320
3615
1657
3794
886
629
2506
2511
2646
3022
7126
872
4777
1139
9455
7012
1651
9794
5023
1952
4445
3384
9374
3115
9500
6544
5597
414
9298
2872
7451
8034
11063
2677
7728
7529
11123
603
377
10408
6067
8291
386
11369
5646
6914
4164
2609
1607
6674
9865
5437
5693
3803
9012
6277
3453
374
776
6027
10918
2480
7587
734
7173
5879
9384
5533
3040
9636
1417
5312
10746
855
9998
1119
5667
4281
7214
4018
2426
2330
795
8474
10942
6310
1771
1125
5793
8735
11307
8221
558
4317
4355
3986
6453
3282
7404
609
8976
11371
4867
9376
8457
804
1906
6491
2059
5393
4297
989
587
5456
9023
10812
5595
4506
9045
1893
4423
659
6349
4967
5569
784
8243
3659
10869
10741
3543
5676
7709
8472
8968
8287
686
9278
5110
1612
3209
10861
8716
7763
6083
4720
10168
2377
5837
8836
8958
10295
3452
8455
4545
4112
7639
1634
7018
9593
11373
4733
3362
5451
1149
1389
10255
4987
8502
10716
1567
1140
6172
1470
2322
2939
5889
453
8671
9033
6543
962
5633
3808
11289
4056
10107
6958
6354
5724
6793
9629
11277
8620
7729
4114
8104
3044
3673
8289
2048
2436
1056
3111
10030
2276
4980
5410
9694
10345
9581
6116
11077
8527
5458
8528
10703
4874
3901
6938
2256
3102
2000
7118
5658
7629
1055
7655
10660
9115
8358
6210
5086
8983
5636
3406
1744
10539
1648
9456
7371
6506
10415
2103
8002
4964
5565
5027
10347
9656
7634
5167
10297
2328
6838
2946
8702
8097
10129
11079
6840
3888
6281
10563
6591
6124
3370
3131
4128
2165
6566
1432
6019
6802
6454
6326
9897
1781
610
8290
6468
6851
3084
1655
6202
6860
11349
7307
3933
6917
8895
9689
8251
3315
2196
9443
10219
9182
8376
3464
6636
725
1757
2032
9513
8019
6038
5815
3877
6170
5827
1436
7516
4025
4074
5118
2705
2836
10995
8660
1462
940
6312
2671
8380
1689
2639
6557
7474
1232
10253
6065
7417
10823
9843
2656
2864
11261
3171
7376
9959
8982
4129
3704
7134
1094
342
683
5227
8909
6406
6551
3787
11181
1858
11178
9537
9887
10386
2234
4244
3280
9847
6141
6410
4340
5911
3243
464
10307
6338
4062
8961
7761
3977
6562
4236
2522
4383
1943
9778
2647
7475
2470
10399
7702
5635
1320
5387
5136
6146
5616
8579
4183
2652
8679
4280
1960
6194
4748
9545
10366
9612
6358
1437
4380
7883
8256
1857
3245
3246
9485
10969
9113
4692
9842
10011
10873
5395
2991
6727
7002
3328
1764
980
8578
5490
8598
2309
5542
10659
3961
11058
3331
5662
3004
7624
10766
1339
8122
4077
6482
5832
1487
7812
10670
4676
4327
2563
3508
4696
2159
2984
7338
2748
2672
10045
3558
4803
3113
10786
7499
2564
3138
1827
8064
1323
6572
7352
7033
6918
4159
1485
10704
9657
7191
1556
4286
1447
10211
5280
2317
829
6814
7514
9146
