6090
4818
4205
1523
5690
10927
10953
9865
3395
6916
2545
7799
1984
10528
673
6035
5531
5154
5234
7293
5593
1293
6732
2605
7872
4240
6273
10509
4754
9454
8995
9020
3219
3504
5017
8863
5527
8445
4103
339
10240
2741
2049
5430
6081
1410
6513
2333
4516
8222
5318
1306
10288
10366
3562
4377
10074
4038
9761
6475
7689
1473
9268
4088
4292
333
1582
5853
2943
6189
8390
5939
5686
10119
4827
9358
4603
1907
7038
696
4644
5800
2907
1851
3523
449
5097
9635
2047
6717
7175
9287
5375
8141
2178
2634
504
10677
1358
3176
6358
11372
7028
4649
8993
5435
1897
6975
4144
5202
8066
1946
1071
9507
3770
8349
11298
4927
4904
9488
2033
8314
3661
2795
447
4298
11190
397
4728
6406
5779
10541
4330
8483
8064
7002
843
7929
3017
4615
2726
1223
10676
7334
7405
1551
5167
1285
9313
4108
7267
10130
10662
6434
2380
6610
9997
379
2831
7512
8327
2292
4557
7597
10617
8922
5587
7303
357
1638
7386
10758
11230
2181
2196
7784
4524
8796
4920
5749
6237
1218
5515
7113
10132
9740
4313
9788
1282
8837
9558
9591
10874
6216
2005
7542
7777
4753
8057
10023
1913
2783
6791
10466
2467
4772
10910
2059
10696
4496
6937
3223
2182
5764
1771
4848
2240
9928
2404
11054
4650
3004
2057
8740
7199
4593
10981
8156
6112
6407
5622
10090
2920
3970
8861
5877
2312
8434
9652
9187
8276
5635
2872
9095
3314
7811
6500
10384
7962
8653
6266
9186
10630
3059
7126
9039
4129
1303
9400
7077
11110
1614
8726
1384
2437
10143
10190
9566
2915
9798
3156
10397
640
5024
9656
4879
5777
4974
1274
4170
693
7362
7910
6165
9972
699
6910
11147
4455
3802
2588
6944
10338
2370
3980
6804
6998
8994
10382
7384
3088
6690
11295
11337
3820
2188
5388
10002
9607
5211
8166
9758
10034
4651
7003
2457
11281
2222
6659
6699
7963
7165
10204
4714
9583
2368
11051
5873
9370
1470
6401
1744
7080
5929
8519
7410
2850
8572
7257
6790
3239
3509
10464
1097
1057
4750
5168
9251
9014
4978
3533
7099
3207
1737
6192
5376
5652
3927
2768
7506
11020
7599
10733
11346
7179
8650
1190
825
2320
7588
9796
9537
10230
2233
5193
10900
1931
9387
2711
935
1117
1529
8525
6339
1847
905
10270
3213
4606
404
3982
393
2798
1461
7010
8236
10611
5348
9950
9769
6578
10779
7825
10161
7036
5073
6093
8815
6312
3275
1348
4413
8308
5284
3558
2767
1790
6448
9932
4617
4160
2416
9508
1331
1390
2105
6450
2623
5464
7046
6267
5216
10251
4295
9504
3934
2701
2963
1680
7659
5275
3835
4711
9002
5478
6011
3033
4428
9559
9871
10232
3075
8930
10171
633
9777
1994
9515
932
10005
350
5475
6377
8125
9970
9960
6367
4011
4485
2713
3456
2511
2348
8091
3376
3309
4383
7724
9328
443
8528
8652
3801
7991
2955
6173
3636
4729
9533
9377
458
694
5908
8096
7699
10485
878
10008
6318
10823
9885
2339
7360
2680
856
4322
6008
7346
10563
5639
7552
2627
2660
3332
10423
6508
1610
8885
2599
7485
6361
9710
390
4675
8731
4047
5624
4111
1140
8798
2406
1695
3074
6067
10901
6677
3367
9386
2137
4600
8352
1127
2373
10917
5651
10905
6349
4311
1876
4882
10037
3319
9827
7266
399
3148
5151
1440
7196
6881
8779
1848
3975
9378
10419
1493
3245
569
4404
7045
5231
552
2295
10725
456
8989
9738
4918
3198
10282
3419
6277
3617
6601
3836
11028
9497
10582
10498
8310
2748
7379
3092
2017
11043
8505
7190
7218
2036
10911
11324
1707
1153
8128
2765
9308
8004
9179
6851
3056
3673
4539
1797
9198
8868
8022
5991
5996
5217
771
2336
10373
6342
7746
1021
2548
549
11003
1721
3153
9946
1741
2716
3885
11282
9789
4778
5835
7340
579
6131
9647
3794
6503
5865
4264
4583
3783
9913
5429
3737
4838
7033
6413
714
6811
1716
10516
9567
2552
1323
10519
2774
2259
8538
4533
9944
3434
7776
9197
1554
3346
6721
1839
8664
3756
7440
5510
8281
5674
737
5212
9023
7222
8460
9406
7290
3227
9205
1480
5206
8918
9339
4427
887
6499
9244
9052
2819
692
1342
3866
1350
10360
854
10014
5053
8212
9595
4686
9957
7296
3824
8534
2697
7188
10176
4388
10681
3291
899
8936
11086
6535
10855
3211
813
4333
10086
6092
9550
7594
6252
6931
10925
602
5537
9081
10292
749
2646
8019
3011
2586
1768
9636
4232
5791
4973
6961
1622
5380
9064
2956
8523
2338
8010
9514
10369
8388
9085
10140
1050
9373
9541
4481
3046
8946
2609
810
2420
8576
655
1183
875
7912
1607
5796
3546
10462
5549
6772
10539
3364
886
751
8663
10351
6132
4289
10815
10724
11015
1051
4953
1129
1131
2403
10612
6136
10048
11338
7593
4403
6091
1960
10153
10602
2702
7676
6055
962
11217
1689
5803
7510
11014
6692
2952
5474
1759
3682
5210
4656
9889
4678
2560
1920
9589
7830
3729
10259
8354
5186
1069
5839
4063
7288
5492
10108
9870
9441
9662
8840
3597
2003
8259
1875
6220
8095
8666
6246
10275
9721
2518
6911
4353
7760
6978
5966
9209
2265
4086
9745
4265
10550
1682
9876
1086
3852
2675
6873
7759
3582
9847
9045
1059
3317
2516
7495
1379
8062
7729
7518
6781
7757
2377
3638
2125
4323
6014
3499
10156
7522
7268
2389
7105
8720
5658
11121
8253
2611
7744
11344
8444
2846
7847
6396
2262
4562
1624
8439
6728
10546
11227
734
1941
2883
9119
7581
3146
10415
4975
2450
5636
1042
8165
7932
7914
11200
3847
7618
10632
1462
3762
1957
5440
10122
5554
7615
2823
8286
1082
7140
2799
4856
3750
7765
1224
10217
4073
543
3625
7091
10195
2199
1868
7402
8687
11023
1457
586
9993
6484
10783
5952
10141
10577
3043
2267
8466
9447
6490
3592
3903
3539
437
8550
929
2733
5224
7762
6190
1950
9572
5452
9369
1478
6671
9780
4628
1486
6341
1747
7351
7815
722
6546
1961
5733
7999
6868
3728
5172
2045
8640
1011
9191
7668
9072
5437
8171
1612
4504
7470
2129
4589
5528
9837
1892
383
7720
9160
11274
7855
1634
10789
8100
9826
4931
4844
7933
736
7968
11361
10764
3452
3880
11191
2578
2489
10937
7292
5370
1152
7984
5799
4478
6491
10024
5390
4421
11341
4734
10991
5439
1065
6637
10629
4860
5462
8369
2913
992
6126
10399
4107
3101
9948
2696
3700
1216
3986
4491
8743
8315
7733
5648
4635
1878
5061
6330
2270
10185
1830
1455
2001
9622
6065
4055
414
7600
4865
2684
606
11329
3313
2423
855
8502
5413
10447
4415
5710
4467
7716
2191
1774
8906
8565
9141
2413
3494
3254
6572
7772
8583
10984
5458
7282
5443
3554
1189
1271
7172
5837
8579
6629
8405
10657
6506
2659
1563
7700
732
8881
8969
2543
8665
2097
5503
1045
6622
5724
6540
7474
1437
3930
9764
3939
5314
2932
1286
922
5160
4132
8320
7456
7399
8638
7299
866
6124
1924
3349
7951
1708
1118
7149
5343
10747
7434
2904
5398
4476
7481
4854
8919
2563
2128
10931
1080
1142
8140
2903
6053
5269
9231
3751
1177
4228
4133
6891
7901
2122
10720
597
5533
11038
4318
5798
10750
6170
2721
8808
1949
8866
2722
6941
4072
7779
8139
2672
1681
7248
937
9542
6792
4008
6603
6784
6584
2174
424
2328
8600
1948
931
759
2288
10933
8138
5379
4659
7767
8451
2311
7889
1336
5884
378
5671
2575
1395
7432
7771
9320
5382
1844
8268
3116
3796
8811
11166
9195
9288
3524
2705
1252
9556
7200
1161
9455
1980
3031
1418
8556
5432
1968
3914
11141
2276
2503
9422
4141
10201
1094
2061
7262
2331
3936
2782
3145
9629
10672
3102
10053
7423
10730
2325
711
11248
1100
2997
4584
706
539
7526
4817
6110
7271
9237
10792
9806
6593
11366
10299
9327
8862
8290
9933
1902
10811
9850
3398
1227
6027
8639
8741
3725
8477
9523
9843
530
5049
2046
9281
8326
7118
4351
3695
1398
8974
7328
2951
5159
8158
368
470
7107
8783
4965
9469
1905
6914
953
2115
6029
10478
5115
2727
5570
4690
6497
11099
8416
1838
8172
10341
4293
4134
4966
8042
4998
7923
10138
10407
3587
10280
5802
6684
1356
6336
8400
1995
1422
5118
3022
10502
3345
8235
5041
2103
5892
2568
1181
9643
6698
9663
806
1933
3111
6948
6641
6048
8633
5824
8008
9650
1809
3961
432
7085
1485
4969
9524
9221
2809
5765
3658
4717
5320
5977
8142
10054
8493
9267
11283
6678
5285
3570
4602
4665
2776
636
6782
6289
4245
6161
10691
9038
2555
1241
9199
9900
9103
6100
2335
524
11305
10757
5543
5955
10995
2794
5427
5841
591
4374
11197
3388
6239
2014
5715
6976
8530
6613
1170
6454
11189
1743
8417
2193
4945
2011
10444
426
3878
6687
9743
10904
6383
3155
7154
3257
11187
3748
800
10652
9412
6812
8321
8979
8758
2041
466
6002
4180
2730
10168
2395
4696
11351
6538
10524
1239
9496
4988
7344
7655
7347
6983
474
11263
9476
7289
11131
4502
4872
4376
4475
3402
421
5629
7942
5363
8210
5095
10705
1353
4164
9707
6571
6169
11231
4095
3646
9792
5082
5188
3991
745
9729
9107
10621
5125
1823
6857
1361
9285
6482
4416
5076
8073
6140
4786
5812
1039
9673
8976
4390
3298
2861
9125
4169
7937
10646
6369
1831
7554
6620
3326
668
599
6777
3717
2564
5931
9132
4682
5190
6453
2506
5911
4338
9464
10571
10202
1724
5985
1393
3123
10021
8471
9632
8085
7253
9920
2146
10794
2926
1158
8060
2940
1172
6321
1328
3763
10634
1154
8291
2603
5138
5137
3723
6268
5602
9835
11209
7816
3323
1063
1258
4445
9708
3192
3720
8985
6904
10101
10556
4807
7706
5910
7261
4109
8486
5057
1449
9697
8421
9892
3221
8098
3233
2197
5886
6487
10041
804
8176
5761
1730
7628
5501
10252
4518
1625
2502
4889
1895
3581
9605
10972
6558
797
4474
6798
9790
9586
5441
11080
786
9182
4171
2661
3447
377
10422
9639
10551
8630
1684
3538
7981
9842
493
9263
2983
6354
7813
3460
2024
11194
8780
5353
5878
3941
5935
2264
7451
4996
2494
10538
9376
2226
9880
9768
5013
3957
1027
1745
6102
8382
6154
4937
6655
775
5627
3308
10885
4366
903
10416
5361
1363
776
2067
4096
6939
2541
2766
10569
6752
7499
2077
5128
4639
1213
2706
770
1760
9162
4244
4506
10841
5840
3095
7902
6813
9681
5678
6387
4273
5843
2884
1538
4006
5459
1820
4949
6436
10314
1900
3671
6212
7272
2464
555
535
686
6814
6194
8562
8418
8713
10592
9545
4568
5599
10009
8704
2201
6913
3532
9250
10070
3029
8560
1677
8814
6309
8070
919
10938
4884
5058
10110
2434
1010
6964
7168
8578
9284
1800
8821
9621
4267
10487
4935
3086
2478
7138
1812
6179
5550
4492
1451
6051
6202
1531
2549
8334
5914
10018
1791
9813
11371
9531
7770
3352
5559
6247
9321
442
5921
3950
4536
6992
1481
6820
603
3825
9220
6818
1842
6223
1720
2849
10231
5872
5418
6588
6061
2090
10746
872
10804
3611
4514
4285
11238
6221
8569
7893
11155
2040
5145
5011
1532
7801
1242
1396
10078
2179
4283
4801
2309
6652
4757
5322
6906
11182
5035
11116
8459
1937
1073
5625
3324
6724
8668
9574
11192
6810
10304
1322
11146
5414
1546
2096
7302
6658
4402
6529
4044
4422
7448
4340
1990
10253
8610
7806
10355
8223
8782
10784
9086
11340
853
2108
9510
9117
11323
497
10690
8963
8036
9295
4612
1417
4068
10919
5928
3082
4263
5104
8420
6853
1503
7634
944
4896
8378
3490
3415
5695
2996
1930
6954
7529
10688
7551
9773
4354
3094
3850
3819
1725
1115
6863
1608
661
4424
435
10944
9238
4401
844
8427
8899
5127
7903
1549
10973
1763
6458
11118
10601
1209
4788
6019
10537
4039
5689
3143
3686
10737
790
10797
9174
427
10331
980
9703
6310
10605
7447
5565
8048
9070
6435
8983
6849
5883
9882
5341
997
9334
9969
8767
5846
3232
4306
2938
11109
9066
5228
11247
10038
7110
7534
7749
3529
7245
10226
6141
3711
10810
4735
4089
2962
7532
9941
787
522
10062
3196
11096
9489
4400
11156
5358
2439
9547
9927
2972
1441
7173
9538
5400
772
9146
3699
571
8184
7104
3657
11250
8054
5276
7337
1769
9593
1397
9012
4035
3262
3595
3502
6855
2848
11315
10644
8593
7496
10704
1000
10493
2796
5098
7438
7703
2810
8940
9529
5836
5235
5213
7076
8805
11179
2775
2984
6570
8501
7311
8298
10950
8049
2544
7424
1378
994
1352
4983
7004
4448
6366
5940
2947
7008
8353
7629
9415
8789
883
5426
4597
639
4797
5666
10924
10675
369
9864
1528
6391
1490
6088
9442
4454
4237
4172
6960
5203
4389
5399
917
7197
8888
5282
11218
6021
2330
8450
8555
11234
1317
7758
8275
9208
5825
4489
3129
5541
10254
1935
6160
4423
5747
4551
3003
2073
2886
10535
11325
4534
1890
10766
4719
8738
6633
2055
3084
3665
8949
5505
9765
1406
5780
7243
499
9007
1580
2396
3472
1567
10097
5734
868
8449
2362
7531
7074
8595
2969
6996
6429
8136
10788
6631
3027
3828
11364
2816
9448
6866
1669
2433
5905
5052
9797
4495
8961
5615
942
3662
3688
3527
10712
8839
5479
5079
7326
7919
1959
2509
8637
9859
4853
6480
1883
1555
480
2294
5729
2054
8234
5187
1264
8859
9118
9123
4227
6709
7489
2238
3307
864
4558
6137
9253
9309
7591
8917
4297
6604
610
5066
10999
5291
3041
1273
6712
9822
10441
1517
10967
5004
6504
5819
981
3282
10116
7572
9759
8689
2597
8294
4824
5828
6283
8135
2556
9846
10197
11173
6656
6471
1594
9356
9016
6109
6674
10659
4082
5469
6822
5461
5372
11135
3542
9278
2250
9952
3269
11170
9277
7278
8280
2293
1139
8153
7633
3761
1443
6605
8686
10117
977
8163
5381
6249
8602
6623
3370
4163
1640
6907
6083
3476
10333
11019
8670
10793
1927
6509
8997
8216
10436
5107
4122
2787
3879
4720
9255
6231
2173
3588
9481
10511
10873
11267
10459
10241
4777
7382
5410
1297
8481
2747
9228
3627
1091
8111
2694
4392
10158
11339
6372
6467
5034
6898
7086
2470
667
2600
3066
11041
3718
5897
3760
7780
7441
9565
8715
3394
1993
2066
2147
6256
2939
8245
1229
3183
2863
6874
3243
11018
3124
683
3949
4364
4346
5404
8267
6121
8309
3788
6599
5716
1577
11128
4176
2425
4766
3036
9349
3841
1917
5750
11029
9325
1557
1087
9033
5249
9041
10208
4901
9232
10216
5302
3420
9399
7950
2027
10032
8071
9719
10011
3044
5831
10237
4631
2247
10576
7460
5254
3810
3721
10835
11016
8966
9597
8195
1056
7409
3522
765
10525
1906
4946
5569
8864
10893
4955
9116
10762
4795
337
777
7683
2700
5860
1911
6049
6526
9923
2443
11070
10850
7136
3994
10071
10871
8524
8842
830
6691
7571
7022
6213
8616
2643
6028
2208
1320
3316
7741
6232
2995
361
1592
6587
6689
4090
6785
9049
9584
1662
1814
10888
2954
5833
6078
8910
1007
4661
5321
2827
4303
8679
9910
2815
10616
4577
6834
3325
8177
2117
5968
3347
11026
3405
9747
2030
9430
7216
697
10985
5792
763
1220
6398
11378
9342
11256
4195
462
4018
4490
7486
3432
6064
10244
9035
2149
6946
9767
10554
2498
3967
2463
607
8873
2418
2641
4393
4673
9830
10187
2521
3065
2946
2297
2133
5603
3264
10495
8376
1351
2456
2076
478
2301
3925
10064
928
1012
4277
5595
2219
2923
7693
8675
611
8241
10287
10679
4128
7790
2873
2836
998
8132
9848
8833
3602
4893
7916
6297
4787
3397
6977
10751
7131
7051
10798
798
3229
6557
9264
3713
8035
10236
4373
11067
3951
1313
8151
11320
4836
897
11301
1560
5608
8660
7672
3707
9346
7768
2958
3510
2870
4897
5048
3408
6281
1096
741
9169
7308
2734
416
7109
884
3140
961
1103
5476
9236
3670
1738
3100
3390
11002
3912
9167
7635
9841
5192
6561
9638
1134
6607
2218
7037
5953
7082
3470
7124
837
4331
4549
3758
2410
4033
4874
7466
8013
9815
3563
10839
8897
10831
9649
6005
9345
5255
4667
10020
445
6981
1556
8708
9555
5352
4543
3362
7990
2058
2528
11076
5438
5308
4921
5258
1702
6521
5903
4895
6968
9005
5415
939
1903
5752
6787
9648
862
7795
10763
10961
7414
9419
7607
6116
8045
5973
3377
642
1889
5180
6382
8181
7573
9532
10589
7376
4425
849
6638
7639
7516
6636
4789
1450
9677
3712
6736
8894
2118
2667
10401
1163
6457
9374
7658
4841
9271
2811
4992
9411
2285
10869
2841
5583
10322
3421
9465
3356
5621
5646
7027
4770
1392
3241
10878
2860
10682
479
1354
9240
1157
7948
4050
7823
2084
5979
1589
5102
8830
1872
5268
4355
778
4933
9213
4569
8397
4820
5131
3708
6445
4004
7669
2736
11286
10449
8497
7870
9246
11208
5880
4944
7436
1307
10028
4508
9799
10745
3430
9675
1804
2900
10147
6301
1001
10093
3392
7310
6615
1766
2253
10711
5431
11103
750
10770
4537
5518
8490
10941
7422
5898
2361
7112
7039
1408
10966
10044
7997
7256
2479
6152
7225
9172
8122
2576
7385
11292
8485
2744
3167
2653
4809
1385
1777
5225
5582
5027
8399
1575
6646
6235
9029
10455
5090
349
5891
5406
9905
6139
11314
3013
4702
5133
9982
1510
6437
3722
1668
11277
3200
4168
7691
1055
10928
10439
541
5932
11222
5403
10238
6803
9959
545
1636
9131
9691
1092
7184
3808
373
10626
6551
5123
10307
785
6848
9902
7714
8699
4547
6847
10897
7322
4531
3355
8462
5732
8385
5844
10281
4317
340
7523
2971
10345
4114
3680
512
10169
8564
9953
3755
8517
1364
2636
10199
3495
8426
5245
9204
1360
5941
7793
11326
10574
7075
5692
3525
3380
7761
4130
6433
6821
11167
1123
6261
3798
9362
4332
644
8303
3719
4396
8146
7921
5031
5781
4116
8778
3238
6360
1114
8515
467
3988
9453
584
473
9762
8183
1362
9921
1475
2944
9393
6345
11261
2551
8597
7490
3028
11224
2652
1762
3068
1544
8680
5763
7209
6296
1302
1561
6385
11104
2986
3318
8261
3393
11313
9618
3493
8404
3426
5078
10939
10340
713
5707
6938
6135
8238
391
4737
5944
11123
6240
5191
6177
4709
8729
5984
4219
2628
4007
5384
6591
5815
1105
6443
8063
6071
8463
826
1434
8791
4859
5047
3514
4314
784
2417
6009
8913
418
5383
7605
5387
1383
907
8651
10452
4579
8809
9302
10803
6950
3246
7191
2021
3295
718
4684
2316
1496
3545
4785
1426
10886
6483
11336
6672
5969
8658
1495
1432
5502
1424
2577
6047
4545
2010
7239
8078
11079
10297
1268
6146
6444
10847
11328
3612
1204
6685
505
8433
5029
4429
1631
1200
6466
3403
5731
10136
10080
10902
1781
5350
5252
9136
2639
4744
10549
2347
2256
3131
7021
10499
10438
6182
4272
614
4968
2000
617
10460
10906
663
7472
6951
1723
7254
1583
8336
10111
7430
5364
2781
1808
9737
4284
7718
3501
5290
4067
11354
9013
1593
10536
1643
5456
3209
2738
9156
6831
8707
4692
8649
5633
4281
747
9015
10353
2019
7233
2411
4223
3786
566
9926
10349
10489
4061
8430
10131
9577
7509
10926
4037
8818
6359
5103
6426
2806
4362
10082
6871
11232
2324
4183
10604
5139
1031
2561
7996
10988
8718
4003
1507
11174
10501
2818
2216
5436
7324
3342
1591
10761
3406
5344
4125
6608
988
9494
9668
2473
8357
7976
6711
2236
7892
3171
7603
7377
8892
4669
5233
11049
7471
5563
4668
8598
6598
6836
9161
7068
10934
4972
647
4218
9907
9343
6525
9129
5338
9051
7025
5126
9851
4426
2829
5823
9684
10660
5207
392
11310
8627
10512
336
2231
1519
1819
11072
10433
10787
3110
7147
4326
9410
2132
7043
11013
5697
3637
9305
4291
7176
5967
8882
10491
6225
4418
5001
1173
408
1119
10710
3516
4236
6477
6947
7685
10881
8001
5998
5662
1095
4153
7891
2127
744
10814
10510
10818
831
10809
3464
3530
1735
1246
10209
8939
1017
7865
5723
6031
8065
6890
10186
9261
1727
3113
2012
11228
11059
913
748
1085
10752
7465
11203
2618
376
1491
8255
657
8896
3559
366
9061
2106
9853
2346
471
7096
533
11268
7488
7774
1401
10754
10218
8465
483
3471
1411
8082
6733
5010
677
11114
8002
3482
6012
6181
4700
9273
10637
5468
4749
577
1511
7688
10530
5770
5794
9093
1445
2172
6842
10152
3109
3063
11210
6934
4399
3547
8293
3624
8764
2369
10703
2866
11075
6827
1359
7544
10334
7404
9490
835
9459
4486
3026
9071
6762
9772
6645
10150
6959
2897
604
11287
8975
590
5673
9329
6667
10816
3231
4084
9966
7007
4080
4688
2519
11249
8671
5136
1722
9337
2981
7439
1997
5261
11045
1962
1431
2459
8161
2501
1627
6617
10393
8622
10475
3633
5018
2820
4280
6567
3383
7246
8080
11034
10133
7372
5506
9452
5198
3769
7419
1615
7120
4555
2606
8733
10680
822
4587
8345
4430
2892
3790
10600
4654
3381
6640
8380
7297
7338
3960
7052
8929
5679
10671
3214
508
10570
439
6885
2080
2924
6421
9074
1749
1240
2906
10896
7079
5851
5653
2050
5874
4623
6767
6845
9280
3785
8981
4182
5933
9601
11031
10027
4220
9878
10146
3584
767
10298
4943
10567
3433
9394
5743
2099
7504
9501
1537
2642
2662
5509
7407
9434
2352
4146
3272
3260
9110
5879
5816
5419
2249
7549
7521
1280
1447
2409
7183
8838
1693
1407
9688
11153
9486
10865
7818
6763
11039
2871
6275
10557
7215
2852
1802
5786
1870
5142
6516
1112
7897
538
5669
9828
1074
5795
5814
5309
10643
3354
5702
3875
8364
6657
10347
9671
9437
10479
7905
5365
8678
6351
6269
11356
3144
10913
4986
4266
1588
2602
6082
3253
10739
5959
7392
1879
4908
10144
10016
2948
7975
6340
6496
8968
7641
963
2791
7057
7224
10759
4721
8488
6414
11058
4938
8494
3809
6663
9664
10856
1483
367
5916
812
9022
1775
7294
10013
3147
9914
8343
5449
11088
4438
8702
629
1304
10559
4852
5325
8249
10714
5281
4052
11007
6713
8570
8522
6541
3517
9554
9138
9164
9087
8119
1932
10390
5616
3051
1482
842
11132
3535
1025
7998
2622
2703
4575
9562
8324
4286
495
1691
8588
3093
2490
7737
3201
2186
658
5827
6016
8644
7450
10069
2442
7821
2405
9219
3448
8109
9795
3189
7329
4186
3702
5158
9108
10261
8867
9525
10474
3078
365
10283
8107
7651
2474
4570
7740
4074
9134
5092
10922
4075
712
6835
1275
3812
10295
3833
8926
9962
10182
3817
6582
9113
688
7280
2557
2088
4290
10610
4890
10278
7214
9692
9006
4187
6793
8027
4087
5020
9581
2155
4365
4987
975
5672
10148
2421
2638
2468
1692
4301
7648
2677
8777
7664
5351
10544
2877
1278
6468
829
4419
3363
6226
6327
4748
8455
816
7232
9886
4190
3216
7812
1041
5466
7313
8037
9646
6229
11370
10820
5717
10272
6474
453
4185
1572
9855
9690
7742
10461
9512
4173
9964
2985
6255
766
5263
8889
2402
6294
11144
7198
7971
6459
1234
5540
4573
7468
5757
1386
876
1663
5420
8987
8409
10068
455
11369
5720
5642
8516
954
7059
8175
10107
4861
3118
6756
5144
5270
8251
3830
5442
6833
1815
11127
2251
5532
7877
2834
3782
11288
11017
9192
8108
3163
2134
9654
3019
1846
8793
9303
3933
9720
5660
8754
4934
821
8937
3115
4315
1646
7505
3350
596
7160
5153
6697
6134
1343
6495
9201
7053
3632
7753
4833
9977
9402
7367
6485
1329
3429
7920
3757
3603
8606
3854
3202
1005
10483
10327
10844
1116
5257
386
9897
7359
9896
9109
11160
3008
2069
5007
398
4464
434
7944
4056
978
3453
4005
8311
4832
646
9722
7349
983
7723
2558
10572
4256
5613
1863
9867
1318
8498
9398
10354
1645
7840
11278
1089
4676
11044
11246
8374
794
4179
9491
7119
3666
3321
2121
8304
11307
3649
1597
9260
4871
2157
10812
5739
8492
5229
2042
7383
4699
5472
6479
2647
6771
4441
1896
8047
3888
8998
7582
9954
8221
9157
11149
2864
3732
4948
8972
5178
9939
6569
7535
7483
4034
9480
1666
7055
3803
3038
11201
7649
2520
8024
3901
5574
10982
5958
4324
3389
2165
4790
4733
4361
10296
7016
6196
8092
10879
7702
2094
3795
10958
2458
5451
1256
8958
594
8173
1355
8496
3451
11172
836
7180
10969
4447
7228
2919
3773
6176
2669
2158
10414
2035
10661
417
1824
1433
10418
8849
5155
9222
10723
8020
3924
8951
1821
2343
10883
4913
2374
6044
680
10748
6282
3568
1845
8469
7139
1717
3606
8358
3862
4278
7727
10129
2192
1013
1400
1060
11168
9098
5568
10178
4023
7809
1287
974
9785
4002
10778
10316
5046
10192
2953
2497
5701
4803
8725
698
2583
7093
9019
1770
3660
8206
1489
5737
4177
9858
6040
5650
8046
4026
2429
2303
1310
9899
9916
6675
3851
8967
5483
9407
8084
2359
10728
10279
9475
8628
1272
2524
3615
5797
3117
8944
4031
8182
7671
3348
5060
10527
4822
4811
8015
5497
6727
8307
2719
2029
8927
1540
5262
7849
5548
8924
9753
542
838
620
5813
3995
7463
6962
5801
6148
8207
3815
3544
10597
6985
1232
8703
7128
10860
1429
1709
2229
3466
1979
982
8535
1058
2435
7524
6425
972
6106
6498
2786
11357
1780
7982
2928
2910
6245
8714
5267
6430
7511
4703
2203
8941
1128
3822
4877
7108
10936
8277
9800
895
10359
5402
5117
3486
918
6018
3467
5868
4586
5086
8828
8543
2388
924
4959
1545
3012
888
5197
3284
2707
7275
11152
10123
5832
9685
5845
9471
9150
7462
695
881
1347
879
2999
7012
6353
2539
527
8123
901
7247
814
989
10805
4607
9403
9519
4461
9026
8786
557
9627
1656
9235
3905
8055
871
7178
2862
6819
6470
2322
11081
4608
10796
8180
1176
11280
10515
10081
7207
374
1125
6704
5248
7242
8359
7579
3557
8673
8272
9751
3283
10864
3302
6037
9495
7459
1687
717
8342
7453
6808
9594
2298
8260
8878
8748
2496
7539
1171
10312
1655
6072
10267
332
1690
2977
1321
7443
2916
3916
1226
10320
11112
1858
10523
2485
7965
5080
7973
595
4296
2991
4371
7909
4932
5450
8218
6895
7291
10033
8250
4009
1269
4517
2821
2371
10247
4077
1585
10420
1642
11113
8361
1454
4713
5564
7875
936
2400
8775
9166
1394
4898
2758
10929
8722
3613
10188
8772
10268
10213
11078
8457
7127
4112
5992
5946
892
10948
8402
3300
11242
3774
9544
2973
10974
8475
9602
2232
9763
5858
7049
7604
3512
3704
1466
11009
5221
3508
4674
9612
4194
839
7632
5223
11206
1956
5016
5490
7826
3069
10740
6114
1326
3696
6300
413
660
1827
8807
2593
1014
4806
2440
10348
7265
7853
3962
5555
8964
4961
6338
9082
8710
2245
5185
3480
10365
9163
4027
3331
10379
3739
4835
3286
8757
10357
3175
3160
3818
5240
6888
6278
7264
11262
5682
6832
1164
7752
9381
10063
8503
1834
608
342
6204
9678
10819
3631
4049
2048
485
1857
2635
6452
622
6379
2650
8801
9836
8943
1951
7018
6187
7624
9027
5857
5999
1147
10830
9750
9996
6041
947
6203
8389
11355
11183
5774
10647
8467
10167
3829
3444
10848
3125
2604
3583
10749
7141
2975
1854
9021
9304
4528
7089
10031
4149
3248
7731
2107
574
8362
6600
10716
1526
2729
885
7415
641
3328
9683
6034
2610
1852
9217
10854
11185
5578
9203
6757
5889
8697
1436
10350
6334
1965
9004
4470
2651
10428
3418
4188
3477
6305
1266
9112
2159
1380
8288
6880
10219
11312
8157
999
5311
3112
1671
11350
4658
6761
8147
10121
6118
10319
6886
1452
8682
8104
2833
6352
5773
6746
8279
4512
6926
2580
3441
6840
7896
651
995
6590
11137
2685
4741
1639
1023
2890
4321
3846
2658
10492
4473
5146
4196
7492
9487
973
1772
9340
9585
4630
3552
11330
10620
7263
6234
9257
10346
8701
8233
5783
1936
11107
9466
9034
1674
8266
9676
9458
3119
10174
8386
9258
9096
8069
5362
8685
1609
4166
7005
9242
3334
9084
6825
9456
4592
4450
3191
10311
6542
2714
9895
6208
6368
10575
9810
2260
1019
8464
7295
6431
5184
795
10412
8097
6463
8947
2754
6129
1098
10173
11257
9200
4525
2436
5552
4446
4060
3968
532
6864
4019
7133
1003
2742
2856
9931
4540
10249
11365
2302
2978
930
914
986
10256
8437
10403
5793
8410
6686
7009
969
9353
10212
10952
5982
6174
9445
4984
7123
7418
11260
5657
10791
10410
9816
6163
11077
7736
10235
10670
2068
2587
10699
1596
1887
7620
5389
847
4204
1752
2364
8750
8150
8270
11349
5538
5040
10529
10566
1765
7988
9949
5428
6876
6630
5875
1375
2317
8038
2793
3413
3656
3766
11177
4030
1632
3987
9298
2679
6326
6809
8836
8804
3536
2656
5818
6469
4439
9178
11035
11373
8841
1515
576
8215
1746
10453
2187
8965
10853
3023
9155
5342
9183
5196
10091
4576
5463
6625
6924
11042
8526
5246
10165
4618
11213
10467
4910
6025
7034
6427
9324
7231
2655
7557
1492
10942
7343
6589
464
9259
967
4830
10760
6768
8848
3896
3734
6344
8129
7959
5111
6642
11025
1155
10437
6869
3895
5976
1083
5730
10368
10124
6200
9609
11214
1295
5900
9383
5918
7281
6022
7054
7273
1952
1840
7820
11303
10039
5444
6796
3337
1751
11296
5183
690
8672
6920
4348
6323
10674
347
4243
2571
911
2887
823
8476
8735
6718
570
8674
1888
3643
4857
8727
10918
8753
9961
5699
7467
6892
7353
1776
10036
362
3050
7157
7006
3114
3754
1222
9379
6838
10994
5755
720
521
1049
8953
8208
4147
1914
5157
4718
7048
1787
4505
6927
10584
10772
7879
5788
1619
520
5328
2486
1370
9401
9252
7562
2718
526
909
5069
9275
518
3427
10808
7331
3745
9073
9943
6447
11073
8230
4542
11091
7824
4432
9989
11251
10391
4796
681
3864
10189
6562
9077
7395
4083
5649
7878
1832
709
4048
2682
1484
10263
3358
4523
8533
10211
11225
10777
10330
7575
6096
10857
9716
5457
1337
9234
3897
7679
7130
6544
5101
1901
3280
9856
8289
1654
10308
7413
2153
6683
5676
6488
7148
5081
5179
5612
475
5708
1144
8921
7081
9053
4051
9050
8487
2441
7145
10310
9549
3868
2428
808
11318
7645
8243
1963
2921
819
6059
1539
8237
6244
7135
1602
10692
9616
6097
9667
9942
1801
1982
4142
5355
3964
3141
2826
11221
7822
4535
7827
9214
8408
1165
6789
8563
10372
4123
2542
958
9578
3928
8755
10142
1788
1785
9857
4967
2023
1077
7426
10624
7792
3926
10887
4716
2180
3589
5480
11212
10442
1261
8788
4730
4985
4065
1052
11098
3569
10993
10233
7381
9048
10635
2465
5810
6788
4745
3893
1757
494
3807
9513
6411
3273
9669
7734
9986
824
8432
4620
9443
9283
4270
10154
7396
9184
11289
4637
2929
8246
2091
3940
9104
8219
5738
5201
8346
1215
704
10619
8472
5766
6995
1923
9037
8621
7429
7938
5784
6543
7319
10959
4307
7636
1110
8199
2101
9660
4151
4761
10971
5378
11157
2663
10323
1159
10210
7325
10120
5005
4069
575
2901
7763
7548
10533
6573
10417
3891
4452
1853
3780
2909
7884
2825
7129
738
8090
5280
8391
9417
10736
9711
7473
1855
2927
9626
5227
7883
8117
6193
6157
3564
3150
4572
6648
5336
7970
7964
3672
3630
4336
4864
4029
4079
1202
563
2683
2990
4246
10826
7369
10337
11061
3097
1500
8719
403
3188
2013
4078
3697
2483
2131
11216
7583
4907
7994
5110
6552
6227
5882
2235
2426
6828
8717
10726
4923
6870
528
10229
9137
389
1513
3733
10618
2034
3172
1996
1207
2272
5519
9818
5393
708
8077
4886
5972
10335
5644
9043
11071
3138
5748
8149
5148
10877
3969
3305
7378
9633
8604
