303
93
251
92
11
15
184
290
168
239
260
87
172
173
28
111
228
215
319
311
57
156
266
257
186
147
94
330
144
245
189
211
70
162
206
42
22
38
18
134
275
124
181
82
33
200
104
187
60
297
301
286
307
128
19
285
180
125
167
263
277
300
143
16
154
265
295
61
182
312
304
238
69
192
276
322
197
103
155
62
321
219
250
203
37
41
30
175
315
75
106
217
221
229
292
32
199
101
160
270
58
74
54
214
123
20
136
327
262
326
24
194
2
12
316
213
325
191
196
68
223
306
117
99
63
4
232
35
78
289
248
294
170
224
171
220
218
77
205
52
48
255
178
225
119
259
127
190
282
59
0
55
314
309
268
159
71
212
163
141
288
216
185
264
176
100
110
126
88
233
36
89
109
310
3
44
138
129
8
274
47
242
204
244
10
269
152
202
116
256
112
299
139
313
280
222
72
145
183
287
95
23
122
284
296
81
258
27
56
1
91
39
226
146
153
188
174
97
53
46
201
207
50
166
6
40
120
118
84
86
142
31
308
64
115
133
246
279
43
230
317
67
14
249
9
231
76
291
102
236
132
51
121
26
169
165
17
13
247
65
193
328
98
157
