84
693
4069
2890
734
2838
6756
1962
5697
5908
2847
2637
5323
322
3879
527
4065
2862
839
1730
6027
6926
226
6591
2499
8098
5468
10399
8232
56
2000
8715
11337
4308
4874
6572
10804
11121
7951
2199
6506
258
325
5724
8433
2436
5403
9882
3141
7513
8758
10550
913
6762
3210
5491
7883
6920
10354
4326
6283
10558
79
9385
8100
7801
10034
697
9943
292
4720
5234
1072
5136
1583
1447
2484
610
5587
69
439
3561
2182
1261
1824
7898
112
6871
1840
4280
162
7695
147
10030
10536
1830
9701
4087
4164
10129
242
323
3246
9329
7571
4948
10249
6721
922
3665
9788
55
255
253
9257
8048
104
7982
6354
9070
11249
6089
11277
7762
5748
5197
1082
9492
187
4084
3201
11130
6352
9246
10528
9507
4644
316
4047
7538
15
7207
8245
7429
10252
2775
10704
10439
5186
6968
1607
3700
2841
13
7552
3117
8025
2924
143
6349
9073
7222
9534
4615
2712
10186
4859
3332
3760
6562
989
2921
4346
1621
264
2983
1069
3318
8636
97
52
6717
6557
6059
5810
2113
50
962
1544
7036
10537
6203
2
1125
2887
320
1220
6002
5328
474
1657
8604
10551
2782
113
2316
2191
7504
6840
2850
6434
3581
4983
2480
48
218
11018
6604
2253
205
5289
130
9081
3102
1673
9903
5599
3453
4855
99
109
6761
74
7700
1177
7664
177
8215
10802
6338
11225
6772
6019
6235
1785
4817
1905
1432
7034
3447
10319
1781
4073
2939
1735
9580
7145
10696
9928
9237
518
8743
10972
3907
4228
10429
4063
29
234
37
219
6827
3043
4735
2605
148
5334
642
591
2032
7896
3758
10958
11013
1585
11298
120
3605
9387
10270
2872
9309
3377
5480
9977
3094
8421
3239
9921
3516
6124
8710
3012
8972
9699
122
1181
7718
7328
4379
10748
1297
5052
9583
6725
5624
979
4004
4585
278
6237
961
7329
7534
10720
5237
1186
272
9545
3502
1306
9632
5569
201
3988
2458
10679
4872
5409
2054
11326
7884
65
6820
8517
5612
6298
4191
2502
1358
188
208
9785
9343
10927
139
3050
2667
1343
173
183
3450
7524
1913
557
4128
2157
8951
121
2188
6690
174
3388
11232
1827
7753
9381
6410
6289
872
11349
5836
10499
3219
7699
5608
4369
1846
374
54
182
3642
1424
1441
1538
7172
236
8598
10896
10703
8071
103
5552
1071
39
5564
10787
9441
7998
1668
10009
212
5221
7583
1126
2164
7173
10365
5765
7353
9282
10045
9795
3536
9778
3160
8046
8549
6790
770
8234
3490
6090
918
7214
10451
8859
7932
3041
254
4034
1417
0
10913
2061
336
132
4696
1596
11289
8489
6880
7581
8535
5206
8031
195
337
30
4003
1117
9304
94
9490
160
8455
1722
6503
4901
8307
2917
4943
10008
10080
10648
3019
4934
7436
118
6129
2972
1059
6613
5968
1766
9582
4514
28
2256
2369
2927
2616
2262
295
9728
10969
3529
6358
8149
11149
5644
3632
386
2403
9163
2815
315
2298
8374
2090
349
3082
302
3829
7500
1489
2490
5792
7603
6014
332
9184
31
49
8702
4975
8310
3818
10941
279
2810
8399
6683
7338
6469
9179
1370
1553
8524
286
10937
8251
2808
1498
9495
3476
10850
10213
7045
11213
10229
3315
7385
5815
4422
119
1010
3594
10808
345
124
7685
5280
10347
11009
6474
9815
8304
274
6018
688
7804
70
1142
5964
10621
271
5528
224
6664
3597
158
7033
1709
3569
5625
599
4871
9549
4295
8122
10766
3633
4853
9159
2374
163
7478
5058
4667
239
6866
6838
3658
230
175
5800
206
9510
6114
2115
9626
3968
11288
5187
2048
310
59
7123
23
100
6259
3298
3768
7409
108
8671
9952
1828
3755
1660
1371
10525
11325
1175
209
4920
8719
11312
6468
2024
6728
73
8861
9605
2516
6278
1749
7086
9137
10180
7597
6318
220
6334
306
140
9394
8961
694
9618
1996
7290
8229
5217
2650
1963
301
9585
10832
11041
5785
2180
2503
9364
1972
9948
223
4462
76
3195
7
1060
2836
5977
8650
11374
2639
3302
4261
7386
1149
7205
766
5212
6938
287
3864
9287
4176
2069
5807
3181
3728
7281
1
8976
3544
4709
5658
172
7382
250
5842
6022
7547
5849
136
317
1407
7758
10855
11050
11371
10674
299
8940
1384
4854
5053
5846
6165
5005
7636
9452
10719
4997
240
6475
4597
6385
221
5029
8516
6112
5358
2047
10201
6556
269
6067
1268
8136
6131
5854
9772
3716
895
8862
5783
6707
7193
2147
1976
9593
8132
277
5676
8321
8548
10519
4688
4446
10611
5770
3406
10981
1519
3748
3172
1901
6947
8096
8595
291
4159
3216
1979
1693
969
3686
1734
8039
2456
11008
9092
2373
14
10659
111
7892
330
1364
303
10986
1815
11045
3275
9407
3762
10090
9538
8707
6158
8267
8467
728
3843
9161
10794
11318
5027
4236
5837
7893
4534
7010
7557
1252
911
6169
3070
1490
8784
6374
7241
10502
1094
2609
2228
2718
192
4028
7059
1023
1457
4985
8895
6454
5595
8161
11014
8396
9923
8072
10253
11323
165
4960
10952
11025
327
1042
883
8711
4470
11135
10140
2247
153
6301
10606
9865
8993
11026
217
10346
12
404
427
11361
9623
6508
4749
1602
4729
1892
10060
1823
4311
180
4264
713
9763
233
9609
4025
10446
6244
4741
6704
4953
3786
5223
5408
7709
10436
8930
8627
196
5565
2765
5819
191
683
3841
4067
8944
1223
10416
9515
25
2371
3111
10618
4455
3470
16
10803
8999
64
4336
256
297
3812
10626
5258
8346
20
4331
1119
6194
10724
72
2411
311
7303
11373
11049
1855
1440
314
2558
1839
214
80
8597
290
305
1858
5418
10869
8088
4325
7746
2146
268
1113
6991
308
142
8172
10131
5013
9419
87
9660
199
10195
4668
6588
8787
9997
4077
2296
202
7521
170
10014
6699
9717
2754
1451
51
11230
9252
2556
1612
9440
3074
5835
8527
10942
44
2864
284
1303
7292
60
319
2865
7891
7648
95
1875
10384
2160
10283
9
9491
8250
2317
261
11210
8620
6535
6542
7488
11224
2528
5352
7944
8562
4967
4857
4445
7020
200
9191
8798
7905
34
3507
57
6637
6296
7915
7483
4573
4130
26
11228
7677
6315
6893
260
3266
3659
4543
9229
11019
1854
11331
150
4535
262
1362
5763
8097
169
27
9115
3745
543
11099
7901
7925
9186
116
11123
11
9843
61
8177
110
1908
6891
10357
4205
1744
282
10297
8502
9750
9956
2442
5555
10747
7587
10078
2192
9889
3592
4252
587
9021
8457
7518
7843
5734
5813
10124
138
2551
10501
1528
7919
8181
376
11156
9076
3733
1608
9002
10323
304
4988
3245
5245
2088
184
10856
294
164
5673
7474
6
58
8416
2426
321
38
1352
7011
8919
732
10287
2106
126
2907
3118
10168
4702
329
3763
3349
203
3624
5527
1857
11024
246
10144
842
4272
7271
1843
3727
6261
157
267
9192
8974
216
2468
8696
4945
159
1760
9657
266
3097
8732
296
4700
3836
8104
1127
33
6361
6038
312
86
68
2276
981
10000
10231
9556
228
8579
5731
6431
9325
7556
3038
794
8349
8726
7702
1876
9109
3877
4675
89
2309
6976
3878
4297
5078
293
9904
356
11029
5302
8268
243
2539
3328
5946
6327
127
4796
2236
3331
8864
102
5457
4947
9373
10557
8276
9105
7458
8675
8173
8611
2433
35
2900
5688
2265
4966
8199
8678
9157
7254
5035
5440
22
185
460
2663
235
307
2196
4322
844
5225
2671
3530
7712
4473
8741
210
222
229
197
9384
270
10336
5282
4374
10074
4296
3464
2362
8256
194
7027
237
8515
1209
6853
82
3656
2485
276
3770
8241
90
2386
11221
1791
10619
7080
5798
7334
1771
8038
4492
7770
6656
10391
2876
6196
9203
1933
9639
8237
7151
5974
3926
3434
4151
1202
3888
128
2494
7451
7130
7140
5777
9200
1777
1676
85
81
5388
5362
176
677
4787
6339
77
930
1400
11301
101
3109
5194
8410
1568
6659
8764
2185
300
5393
10466
5827
11020
24
7529
8572
18
280
5121
1454
9113
289
8437
676
9489
9708
9691
9885
91
3003
1790
2019
6083
2264
252
6136
11283
10393
215
7750
8290
3
4636
9209
7322
7352
1128
6064
2496
285
2393
1948
1484
3946
4392
10461
106
10600
1242
10780
784
6987
7057
9900
6151
10839
8085
2041
6944
3751
7371
10853
67
2165
75
11375
4160
3891
4108
4475
9082
5018
281
4730
804
3734
6034
6814
3499
8873
3355
8487
4142
11235
2694
145
8386
107
5794
227
6996
8024
1689
7849
4018
288
10544
5290
1396
6225
7175
1369
96
5666
2210
7590
5571
1152
225
4747
5532
5944
9346
11310
1092
2155
125
6923
1624
11324
9033
3723
275
10158
4757
646
1055
40
2845
4301
6044
2928
9916
6625
11191
11330
6268
154
83
6473
1380
910
2564
151
9072
141
7869
7679
43
1099
7340
5074
8055
1159
7948
115
36
8023
4913
9380
7075
4243
4946
4980
3866
2861
47
251
4676
244
8035
66
8953
7861
3044
6143
6031
6185
9283
9183
3146
5616
10483
4545
7489
817
9019
9513
98
1171
204
3669
19
2330
849
7836
2547
8498
3673
4122
10690
4074
193
190
1567
135
2361
3798
11195
326
6040
4086
7176
10408
7966
8062
3807
2940
9986
144
1011
4520
8982
6825
751
9649
9172
189
1531
1049
3347
