9837
6225
4504
7225
9998
5649
2939
10178
7222
1956
3275
19
1855
7637
1164
6568
563
9694
1057
6893
3866
8410
9214
2348
4787
231
5879
8378
9993
7478
7465
11194
4934
5732
3286
8961
4188
9562
5708
10724
8599
5535
8064
6202
876
161
4838
999
259
4658
2260
3094
2245
8892
5715
5035
7897
10466
4340
5100
11077
5564
4993
180
10746
233
2191
6651
1441
4795
1152
1972
246
10809
3536
9013
9422
4675
9708
8909
7027
5724
8035
1843
495
152
145
4034
8652
5599
11187
7214
9484
4859
6361
247
7767
9951
1303
9609
8287
3982
4603
5612
9927
3361
3960
1202
7089
10127
2115
1246
2183
9847
2234
8940
2600
10148
99
4668
5420
5832
3499
222
5570
1841
4005
2562
347
11368
8610
734
1086
9443
5527
9945
7818
8754
7966
2276
183
6557
6491
7942
8569
849
4901
225
9865
1791
5734
4090
6729
7571
8276
9700
3302
6082
1785
6025
5810
26
3843
11287
5503
3666
5338
6301
5490
6987
7253
5079
1846
3949
9896
1012
6598
6283
3452
11066
4867
9184
7968
323
6413
9728
14
2609
456
7597
3282
10685
149
6406
413
9002
8639
10676
1797
27
3243
1049
41
1704
1984
2417
6707
5541
3097
11135
9160
886
150
1485
7233
8085
8206
11338
1318
10670
642
8555
10140
3581
4703
7919
8099
3347
1306
7294
11337
2603
7165
687
6645
10551
2403
1905
3131
8718
5964
11210
8219
8267
9380
6698
10008
6840
4947
7512
6410
9763
7290
8932
10835
4874
9959
3227
301
7476
9
9381
772
9172
25
3723
1648
4803
1481
1526
5471
2196
2646
5699
10710
8233
5439
8024
3836
132
9104
7070
6926
3985
3940
5733
303
9125
8250
9943
2125
3447
10861
7130
46
11099
2054
10393
2436
4604
579
130
1136
6460
7353
9649
8433
3171
3864
981
3630
8873
9105
10739
6039
8237
9229
9605
9111
174
10532
7718
1017
1747
2480
8764
8758
869
7352
7605
7780
9434
7272
3109
1080
2484
3388
3700
5849
2106
7575
9928
1498
2330
10647
6398
9921
11299
1660
7129
281
434
1490
6497
3662
327
5836
10556
8489
2927
3172
366
289
10874
7140
1709
5454
992
11013
6018
173
5878
8349
1419
953
1838
253
3201
6376
10314
123
8097
7763
10981
5457
10999
9618
10557
198
1943
1010
6784
3003
9117
10034
10911
8708
2199
3364
3300
3580
6572
7757
9466
8305
1631
9480
5515
3665
7524
10558
5198
4543
7209
10027
6866
1440
5931
10462
5979
110
4872
5853
8951
3110
5403
10110
333
4170
2059
1763
9656
6837
9491
4221
4709
1059
5639
4729
6630
1051
8727
979
9387
342
11042
998
4069
5898
3095
9638
9120
4236
290
10855
8679
5410
10600
11298
3394
9651
814
8102
299
4377
2815
3522
10478
10566
320
3456
2833
8604
1976
8091
3812
3763
901
5728
3877
2808
4259
6562
4202
3207
7514
160
1177
7655
317
9537
9374
9183
7896
2712
4636
8346
10934
4744
101
10080
9205
2468
9273
1462
8486
4987
5023
6065
29
4573
5428
1592
1895
9953
78
10812
3783
307
10249
2406
5479
3183
1176
8421
954
7639
73
10436
7499
4455
6091
11130
2917
917
8247
10854
1996
543
5223
4383
11300
5892
7677
3427
11231
9085
137
5633
2393
8664
1504
7801
9257
1585
4478
9327
9080
4135
8031
5688
191
1933
2677
10941
6560
10144
10253
9383
485
3082
10572
1960
8660
3631
7709
8290
6558
2776
265
7882
1280
324
11177
1708
5206
2873
197
7048
11190
292
282
7948
9607
7184
9905
2887
356
6861
812
7475
8023
1721
8595
7492
5666
3246
8893
9842
4830
6298
8466
1876
1450
3704
913
10550
6464
6811
9295
4078
244
6312
1397
1457
4983
10397
5192
10063
1424
5845
10068
4336
104
3115
4128
309
4608
6885
9091
16
4640
10720
6305
8308
9346
5731
2724
286
83
1948
8635
9761
2431
5877
6089
6124
4062
3927
4353
9093
4114
5184
6752
6539
1840
1127
924
2068
7761
6158
2439
4392
7080
129
119
1632
11346
11178
316
7292
9455
2195
8673
2932
3794
2283
6143
6473
6836
2174
4444
178
4835
11049
6349
226
8092
6761
10539
11373
10553
3
8270
10111
784
3088
10433
4730
1697
6208
1426
6535
8437
6339
2467
4416
7339
10292
2900
1994
5693
4923
79
8280
3803
4056
7998
479
6657
7526
6470
8868
5234
714
9337
1857
3291
647
9217
10479
5245
8726
5502
37
6027
3870
10833
8071
332
3788
54
10831
2849
7534
5946
208
725
8703
1339
3150
238
11330
10823
5352
6690
2361
9962
9889
4063
306
9685
1827
1350
8427
2781
3948
6538
2024
381
6821
4615
6906
3592
10985
7288
3719
693
8516
2048
7386
7541
84
6072
3597
6683
2575
8243
7951
5001
6656
1128
8651
2984
6009
9554
9587
5029
794
5765
3465
6996
10806
7774
6920
1556
6927
9556
5908
10926
1819
9933
7883
5667
7552
4585
8562
4980
4735
7626
10704
8367
2370
8205
7413
262
59
3238
5322
10808
10603
1315
8471
6244
42
6488
609
831
114
9862
6704
9841
5381
273
10
7392
1307
8965
6411
1213
10626
6341
11326
1008
9538
5519
453
6757
3013
6277
11197
3111
5781
9798
10336
9907
1923
1113
6457
9795
21
2456
766
9593
201
7591
4075
82
5438
5364
7086
7547
6543
8157
5835
9900
4880
483
1666
302
10410
6267
8002
5476
5459
4243
4931
535
5435
187
11071
9885
9855
1893
2455
7021
9146
7018
235
7728
8716
3818
97
2697
672
3707
4584
6793
328
1483
2644
4879
4296
10357
10391
1370
5914
8452
250
3557
8974
10082
6375
9691
2580
727
4688
7193
7758
6762
9298
5442
312
5121
9072
7242
10995
93
2737
6917
10824
3725
7523
3832
2113
7804
4796
8776
8702
3444
4949
4028
10195
5874
4817
10000
995
3074
8391
7338
2864
3117
2826
2650
5269
10131
1384
4854
5415
1790
181
9611
829
4809
575
8416
3887
3879
883
4118
9023
2913
5203
7893
2042
6170
8457
3362
7778
2236
4376
24
8556
11106
8109
9377
443
6916
9500
9200
10177
2877
7500
11144
8104
10617
7762
5819
7671
8699
3078
6604
4246
5504
5367
69
18
5761
855
587
9131
7982
402
10252
9050
2298
5418
8386
2552
7362
2376
5031
2708
4331
10748
11058
4432
8972
770
10090
2983
8175
3210
4984
5115
731
6976
3964
1775
2972
1352
6881
8524
1364
1044
10349
4264
2731
7905
7636
6756
2228
8256
8181
11098
8393
8286
4639
8278
1596
70
2508
2099
1521
7148
10511
7303
6022
7664
9583
10009
3181
1189
7254
4129
1528
257
40
466
11232
1373
2637
8485
10107
2186
6453
8927
4365
9046
8680
6864
8100
194
2962
1255
11029
4720
4733
8944
7012
11008
11026
4358
1274
6728
1297
45
9717
10972
3216
6296
3151
2094
11086
1828
10044
1774
2890
1123
6431
9870
6890
10779
9432
5053
38
9238
5172
8034
9252
2433
6353
10411
138
1760
6569
6151
8055
2680
1995
2077
2872
1371
11195
8882
4470
5404
10062
3490
5380
7429
5229
3118
9977
11025
4788
243
1879
3156
10612
1407
6878
10354
6112
819
10432
2876
9136
10076
6338
10879
147
4035
89
7776
207
10643
7493
10841
5928
8862
9006
2169
11260
11055
2045
10801
5
2285
10346
4861
9633
7712
10226
1589
2551
9290
3219
6995
8715
6385
8320
1800
8949
6855
8919
3101
10263
8086
10425
47
7451
1858
6454
2302
8472
3874
2862
1083
4073
6019
6354
7723
251
4273
5429
7176
6252
8743
9660
2787
90
1734
1343
6359
7053
5028
9276
8264
5840
694
10973
1181
1529
8848
10544
1203
8119
10213
43
5807
6842
31
9328
4985
5676
5860
11050
7133
4597
8809
239
7396
6358
277
4307
9232
3112
3344
11283
9867
3434
9669
8132
7633
5889
10366
9329
10322
9251
6625
4324
3043
6814
421
11292
4272
3063
2192
8704
1011
5290
8084
4621
9750
7006
9271
11289
8515
10192
3829
3584
1323
1906
698
8777
8444
9492
6029
6556
8048
10255
11044
34
2719
6983
4323
5005
5838
1159
10559
1730
3448
5571
555
7996
4777
5797
853
8331
10696
5812
6227
6169
9794
10856
3603
661
2128
2255
8134
2928
3734
203
10070
7628
5595
8399
2442
6172
8170
7629
2852
4747
8199
4904
63
10900
5289
4855
8234
7923
3384
603
5796
9768
2910
11307
124
284
11133
5583
112
48
9519
4473
7414
3777
1401
7483
7271
2660
242
3084
5858
4997
2741
3044
646
5569
3554
3878
10606
8549
177
10146
287
2322
1502
2713
11116
2672
2220
5602
3266
10754
5166
3669
6458
2819
3588
8993
7544
10216
8095
386
6077
11100
1153
3891
1042
364
7419
3467
6822
8983
5387
9419
3525
1690
1496
2916
7693
6425
9986
1482
10692
91
9887
1634
3801
7699
2165
11288
2409
249
5225
663
7870
6832
7325
1023
7328
2865
9459
6221
2652
322
8672
5402
6352
1854
2996
9283
9236
1480
117
6231
2301
5491
10011
4623
1388
6676
5268
10499
9115
94
9243
9843
3543
7490
5110
2
7695
11295
2503
10786
1801
3441
10429
4252
6141
1000
9447
3461
369
11017
3160
2421
2362
6278
294
8930
10138
7075
3680
3641
6772
11277
6968
304
176
3934
357
8859
4008
839
275
10364
3951
1099
9386
5228
4245
127
345
10528
9394
522
391
8958
6950
7668
8999
2541
1612
5824
6083
11301
2564
6940
11336
1
475
10803
5142
9406
7173
9759
10078
2920
7406
7151
4620
111
2108
3280
6235
5568
8108
5555
255
5027
4123
2061
460
4607
3093
3925
2829
6210
930
10850
8535
10949
11251
3355
2466
7329
10922
75
2608
6259
6334
6369
10795
1056
718
1071
2568
10307
989
10802
9510
8070
350
2182
1489
9582
7306
10254
9259
2295
252
223
2292
9187
3716
10365
337
9209
11054
7573
10667
7884
2316
5851
10589
8037
10599
10736
8526
2512
142
3319
2981
8867
1764
1668
9793
10116
168
2901
4289
640
3751
5792
5550
6374
5528
4768
6031
205
1744
1431
3429
261
8780
8968
3717
6853
3231
817
4006
4512
1092
98
6061
5697
8046
9946
9882
10186
6229
10407
3727
7034
5770
2224
1572
2838
3968
8161
9186
5018
1140
125
10937
8039
8261
10764
214
6907
1875
10231
8878
1232
7054
10384
9772
10334
6958
6310
6452
4964
2841
1656
6527
10687
9948
3392
11323
102
9716
3213
1823
4160
3713
4297
4301
3113
3403
10501
2533
9558
8177
3070
2977
5785
8802
1903
8701
11341
6482
285
9897
7281
4877
2369
6468
10689
9019
5196
9122
4464
6671
5480
4602
2413
4295
11312
2966
11357
377
5456
8245
4946
2956
6827
3033
8864
7382
4047
64
5104
7869
11369
4159
7291
2765
9485
10458
5793
1268
9264
2465
4558
9407
7458
195
74
9384
159
7459
1676
7742
1600
7311
10446
6857
558
9287
5723
3748
2556
5437
245
3141
713
524
10927
1749
1673
3380
8668
1845
9545
7011
7990
5985
193
867
439
8008
804
11045
683
8149
1134
2651
240
3903
7624
116
6542
100
11149
4327
10869
9169
8080
2374
3733
5013
172
4355
7958
7449
9033
5320
5767
7746
6034
3873
8941
541
2997
32
8671
686
10794
10642
6314
8836
6860
140
11204
2810
1117
192
10873
4749
5186
7178
6040
8717
200
3272
7404
10495
5968
8220
80
3022
1735
4085
35
875
8953
8682
10648
5052
28
1019
5608
5263
10045
7740
1111
2727
9179
8
4388
6759
2647
10942
260
11
4080
9061
1320
9997
5213
6717
329
4891
1060
9534
162
3195
4004
4171
4060
6851
3921
7581
836
6664
6067
3633
3065
6699
1470
591
4998
6566
7843
7474
2496
4943
2176
4662
1100
11225
4130
10312
3901
4191
2836
4173
4785
527
9012
4889
1510
3658
3762
4702
8215
5458
8741
5692
3295
6600
6331
6845
11213
8720
677
392
2816
1722
4185
7118
6809
8987
6196
4520
10726
1982
776
10438
910
3672
6964
2386
7377
1609
5221
9182
11296
5214
4205
6595
10023
8976
6947
9109
108
2991
5994
10674
10452
1621
2247
5353
10820
10581
155
6607
1781
3605
2336
9107
11246
6262
1890
1106
11002
2031
44
4109
10033
12
81
962
2659
6844
1085
3961
578
7750
11034
7892
7590
10577
4018
8173
126
751
109
2459
7340
9524
6911
336
7191
2146
330
22
1342
77
4321
1847
3768
7101
936
5662
86
8620
11009
10585
3926
6318
10031
122
5837
4423
7925
6068
8111
1962
7753
7603
11349
3555
7417
10533
2490
6727
10451
4572
267
4696
9219
2653
8917
264
1126
9082
7062
9814
2847
1883
4806
11371
3569
4462
9282
4086
872
6659
4969
8251
8455
8583
268
5587
5866
4027
688
7043
3589
5187
10939
1924
5302
10212
8474
823
9277
3769
270
3946
4351
8636
1896
76
2748
3661
9073
1717
157
6819
11324
4182
8148
10798
11249
224
9626
11173
3476
1050
1815
1977
4568
2549
11228
8430
659
9850
9574
6448
3208
3332
2458
10502
5958
885
10830
10286
2373
217
4659
5069
3686
4441
1266
165
9826
8787
3463
11157
3349
310
6461
8463
153
6613
4286
2485
6991
6382
6750
2921
9549
7994
1171
11063
9376
8038
2502
6038
5393
6136
11318
1568
5777
9267
8543
5704
7135
230
9222
10804
4667
6326
3147
88
5408
2848
9203
131
4
221
2714
7010
7036
9034
50
58
3939
6
5565
5444
944
2311
3807
6825
55
8887
10725
3998
2159
248
3331
202
7836
6475
1400
11230
62
617
10339
1087
414
9191
3209
9167
5900
2233
5328
4151
4134
2172
8025
7505
518
1643
847
10897
871
3326
4535
8805
2264
10327
3146
11331
5280
10986
87
7418
3038
10563
3102
4757
4180
10679
10014
7799
8964
8307
163
1974
10703
5074
9701
2434
3041
9021
4692
914
960
1125
151
11015
7959
10229
4600
427
2663
8719
6504
5362
4676
3493
376
3755
95
6292
6937
2522
190
8403
2730
8627
6131
9285
311
6880
2371
7376
6944
5651
934
4305
4871
5179
7326
331
1442
134
2563
4575
1393
8136
7334
7482
11131
2079
1220
8880
10316
118
9710
5813
1398
5153
3745
8259
9076
8678
5941
9364
4218
7484
8310
9157
709
10719
8755
11024
2041
7110
8937
9309
435
9415
10415
8487
6721
2734
5464
2164
3656
2088
5533
4534
3175
5505
9523
3854
7932
10418
6100
3236
8358
5078
212
8616
4953
10162
2543
1555
6185
71
7489
17
10032
557
10991
3787
8711
9671
1119
5086
10526
5794
374
5136
65
10958
154
5974
7645
4176
7002
3637
2954
9939
1484
1583
4988
300
9949
8675
9813
5644
10537
5205
5412
2069
3516
7556
8804
6495
5749
4967
52
271
6838
7901
3451
11020
3350
10962
2028
7964
2694
256
9231
1513
68
806
6790
2187
6204
10345
4475
10319
10071
9441
892
7587
4656
3760
6810
3245
9237
6503
7197
2303
3888
1380
1362
7322
9778
3739
8998
895
4523
113
23
6925
2122
11051
3986
10420
9916
5118
9159
8309
629
9774
11075
8572
5510
9969
918
4303
3004
974
4555
7513
8517
7020
11181
1519
57
571
8748
1172
1069
51
8634
922
4228
7402
8096
6914
184
9325
9580
7592
1766
7915
8057
325
10857
4429
272
2605
5395
1252
3770
5451
213
7749
293
8750
2317
4857
8229
474
2157
56
5814
4637
2883
10853
2473
5671
4450
8732
4832
6508
9375
7891
8253
9495
4025
10295
7812
2032
8088
963
6637
10168
298
9204
2265
11314
9785
10272
458
3577
10355
5334
1959
8396
1809
4753
9373
8117
2931
2705
9400
7439
106
2188
9253
6725
6529
6781
3758
6787
6044
9903
2670
6194
9695
7264
4369
6150
2528
5944
1072
7347
1693
10747
4108
5127
6719
1624
105
8861
9452
2685
3534
1186
7770
7685
30
3670
11235
2173
7678
4682
4285
5921
1295
1363
10784
5224
5977
10819
5854
7504
3991
10180
5351
8857
8784
1082
9629
2437
2667
7114
143
10037
7916
9246
53
6108
206
11038
3298
4492
5430
7126
7902
401
4463
10399
10270
5673
8990
9866
5450
9923
844
2639
7811
291
7273
6041
5409
3819
9667
1396
9952
4020
7307
8019
7539
9515
2411
10913
8578
9765
7648
1892
9581
7824
5748
6992
11221
11303
215
5445
4814
9081
9490
10297
3728
7175
8842
8376
10347
655
11041
8467
326
3450
2256
164
237
5261
1832
3544
9970
2333
7112
10158
8291
9161
3050
549
987
4421
2426
5378
1436
5616
1487
4748
7542
5388
11107
274
1659
7261
1824
5788
4003
8228
10129
166
745
2766
1608
10483
7224
4690
10137
7033
5783
4448
2341
5237
8374
7725
11014
7727
4313
1897
2133
7813
4374
10412
8696
4486
6551
3377
3642
7436
7267
288
210
11156
3470
2425
4700
912
10611
254
296
297
169
6223
279
3708
10414
542
8321
120
6692
5800
10340
6315
2742
3370
6366
3318
10323
7057
3970
4654
313
1771
7572
969
9278
4948
2296
10287
6174
8166
5146
5646
6261
9513
6891
4562
4422
1594
9399
4428
2470
2971
186
4514
4789
9926
229
182
72
318
7898
10787
6090
8898
9304
10408
1454
5624
3875
3529
599
4506
9489
1511
10060
2327
8665
1229
2494
2818
8895
236
3508
10519
2516
2325
2000
7405
1047
8528
9113
2404
5784
146
676
4960
7786
4308
10780
2627
8502
1369
6802
7607
1241
2598
5217
3040
1144
5058
738
5669
2851
10716
8277
2616
1223
4084
10104
0
7145
8511
