1470
9191
8268
6762
1450
3716
9580
6354
4084
1843
155
2765
7883
4392
8882
6861
8682
5977
4733
4874
2283
7591
10180
4086
9159
10347
5053
296
259
356
8517
7898
7386
6475
9585
1770
199
5819
1370
6158
3525
9172
2927
10704
10780
186
10408
4859
4543
298
10502
192
1119
248
253
4073
427
1730
922
876
731
2088
252
6208
9137
2939
10626
6482
7552
1252
4301
37
3507
189
1790
86
6637
3447
10856
123
2490
1440
5167
4747
6756
2782
3434
7699
8256
7132
1602
1432
5552
2361
7086
5827
3631
10138
10323
9376
2090
8944
5836
161
223
6527
9480
962
11225
5785
1303
10201
5221
7045
5777
6503
8895
171
217
8172
1744
96
9660
3763
9969
1781
8031
1735
10606
111
11251
7603
4470
8304
1082
911
1490
229
3734
10830
3216
8758
3671
5564
10855
10941
2311
4980
2810
3388
8555
5571
3988
10140
10
172
4391
3592
2876
6136
112
8999
3302
6089
4473
6560
1424
9115
4191
7824
69
8134
5
6938
246
1722
10857
5849
2516
7334
1830
8234
2639
3380
184
1457
5480
8025
295
8039
8637
804
2188
4730
5748
6454
92
557
1149
4475
11283
23
8055
2369
6469
10676
270
4947
4180
1480
3209
336
4545
81
11300
6457
8349
10937
6871
7916
10086
6090
435
9490
3581
7499
1858
1553
11288
1854
7724
5192
5835
4322
8098
10648
3219
8215
2826
6261
10295
166
518
1791
9638
6923
6244
5613
9373
9252
6838
5258
10725
303
6298
7575
3151
10563
10399
3111
4243
10808
9795
9092
5194
10195
91
7982
10169
5290
4176
6914
10791
3946
8071
164
5134
11195
7340
2256
93
173
133
4857
1531
3392
54
9257
8741
1676
1764
2564
39
8305
8396
2887
8919
5946
5115
9489
2253
2539
9
5666
8873
33
1186
226
10354
58
2921
42
1529
4946
306
6707
4656
6613
7587
56
168
5765
8732
9953
5639
3470
1632
7695
269
2406
7145
8276
10074
10618
5402
230
1673
2106
9632
7893
5974
5599
10802
1125
9364
3246
10571
10461
6844
8251
10689
151
8433
3347
686
610
9070
2210
989
5797
5027
6143
262
5649
4018
6926
3102
6289
6683
10670
234
7478
4675
4817
1834
839
8951
8096
1489
78
5186
2159
3100
4709
8748
1996
7573
2228
219
11223
3656
265
5118
8229
2653
4185
3499
2302
3807
11373
2872
7958
7801
11326
220
7849
9582
6704
6339
11232
3632
4943
65
268
10030
11024
207
204
4067
5408
5457
1362
67
297
6132
9161
5532
7622
77
872
2845
2155
4649
11228
5866
2917
2850
240
1855
318
237
6772
7884
6334
8953
728
8410
2393
7774
2425
7984
7521
4735
5673
282
7572
11235
954
68
55
6659
10416
9507
5223
301
11361
153
3377
3275
63
26
3642
11221
6259
7500
6591
95
2847
4025
1596
3669
4108
4003
8290
9609
8374
232
9691
94
9556
6068
1307
147
3097
7583
279
8057
4985
9952
1261
9379
105
5224
84
8364
179
9986
6268
7504
2061
274
2499
4122
1901
2455
8104
257
9346
4636
7529
141
3887
7201
213
6044
8261
205
8548
9282
6572
9287
8604
4295
10466
697
1709
243
9061
10550
3888
10804
5688
8024
2247
4142
3298
5608
357
313
8572
319
7966
7173
11019
2808
8457
10018
4336
2562
10128
7843
1117
3094
9491
7140
9384
188
52
3041
2815
8062
11194
1567
599
2182
4060
10124
0
2672
1948
6034
8707
7191
2199
1974
414
7702
1209
7371
6595
278
11277
9034
190
3818
5289
9200
11298
28
9033
9387
87
10229
7718
9441
11375
131
7070
5908
9271
5840
7075
5587
8386
4871
7222
6318
4285
7101
6067
8776
4128
143
236
1055
5503
8549
1734
376
4135
263
5815
3406
1242
5245
812
5800
969
5810
2262
7818
46
3733
9538
211
5798
8650
11018
2403
7172
4988
71
83
7020
5583
10493
8310
2558
9623
1498
9440
1963
2000
7449
6604
10231
1113
3476
6488
177
3451
2298
4388
7709
5358
79
8308
134
22
337
5837
7396
102
10532
4757
9157
212
3172
194
10720
4261
3633
3728
182
10129
4562
5612
4455
5418
2245
4688
5035
11099
7770
944
9217
3762
713
8474
1042
2024
11210
883
6374
8149
7861
9381
9788
5187
10213
326
6194
3658
3011
5490
712
3760
6411
7151
323
2494
291
109
7458
32
4183
53
7291
6124
30
88
5479
308
8038
479
8867
9113
10794
5362
5542
8993
7948
174
11050
5384
41
8091
10927
9283
258
284
10621
10839
5555
4658
8399
1800
4923
4637
1059
11325
4331
9926
6301
9618
7556
200
6588
1857
329
8940
11349
3812
4573
10850
1012
4252
5052
191
5676
6410
5763
9107
1417
13
160
315
7538
8097
7547
10045
1582
4323
10254
100
7524
36
6225
6825
9921
9593
5074
1128
3033
3745
8636
314
8136
7712
2605
235
4597
12
7951
2806
11250
2671
2147
4244
6474
299
2069
224
7762
328
11249
7905
1175
3286
5624
7474
7700
196
11034
6557
6169
3038
8949
113
4534
47
10544
9501
3594
10696
242
3968
8048
2954
2547
7679
6038
10501
181
9110
140
10551
10533
8562
1011
2192
3951
287
178
9882
281
7011
10896
9073
277
2362
3788
3516
842
11121
9445
1621
4
3786
5364
5136
203
8237
7811
6752
11156
4741
10346
3160
10557
2940
751
11130
4997
10014
1463
6460
8117
2327
11009
874
7329
10483
3605
2991
9237
1972
8132
1021
2442
3727
2609
9309
238
642
309
7036
244
4074
11123
2436
2864
11107
10336
8595
3758
10168
8569
5914
156
4280
17
10747
16
5078
3502
183
2173
3315
1171
10928
8862
1352
8391
7130
3877
125
2838
7419
2966
6891
2616
7488
7685
310
10144
6352
5625
5651
4625
1023
6690
1766
6196
1268
10076
8035
5430
2907
3171
961
10078
5931
138
201
5767
9905
4830
5770
116
5388
4047
5724
198
4720
6991
167
3141
3841
5440
1840
6468
2663
10812
4422
10972
1094
6820
7991
7634
5814
8660
316
350
10981
20
3933
2520
72
73
677
3755
7636
4667
4228
256
7571
3723
1181
3210
98
5569
9072
150
6027
218
283
4346
1127
6452
11330
1933
7306
129
9246
1815
9997
3878
4160
1
4205
4130
9422
5409
1839
11315
2983
6556
7436
11029
11371
5968
7668
10787
62
2317
6721
260
4855
979
6151
555
4087
5838
10008
5595
6664
5013
66
227
918
6235
9186
21
280
1823
6784
6940
7080
817
10869
4446
9394
82
9492
10833
3450
1977
3768
10741
629
9747
1363
7241
11008
3751
275
5234
3195
99
1657
6029
10803
3748
5565
11135
1519
6315
3019
5784
254
9229
8787
10806
5644
1343
10619
3508
6112
10451
5794
5338
6811
2712
3266
5527
2417
5334
8527
8232
8611
6535
6728
5393
7281
1177
4374
4311
7677
11231
4077
1538
3836
8927
271
5658
8307
9125
1380
60
6431
5280
6540
1908
7483
6625
5854
10316
3153
4005
1906
1152
10779
2667
293
9232
4729
10784
3355
2325
2371
5214
9380
9515
3665
2264
2484
7385
2174
2737
7804
3332
5352
5058
119
1689
11318
676
115
6185
327
10719
11331
4379
10710
11106
9923
6014
7590
7261
9495
10377
10572
7518
241
6203
3659
1568
1400
312
3603
3977
122
10391
209
215
3673
9163
4164
3732
8100
7896
527
2972
2900
300
5807
4463
10690
285
24
5708
1931
2836
7010
2054
1426
5792
149
6434
374
304
146
89
9343
2910
15
4964
579
9117
3939
404
117
7758
7409
3829
3985
2019
10942
7292
4004
10724
7557
8085
250
4462
8080
165
2775
6361
745
4296
4264
8778
333
3798
4063
7242
228
9545
10703
11026
11324
6022
7353
391
5444
163
3147
1396
8861
6296
8437
7757
317
3490
276
6893
7057
6508
8489
8976
2718
10766
4975
44
1104
3770
8034
1092
2819
247
8487
11049
7489
2276
535
11295
823
4920
4259
8088
127
3686
8321
6292
197
8
6761
8023
6995
9699
5731
2157
8743
5197
2458
9865
6656
1828
1846
7347
7
10952
9778
2165
5510
9885
9419
8046
913
5206
5268
10393
3843
11191
10319
324
4584
1139
225
2411
8502
9076
7451
1771
1608
249
1126
208
9728
148
9510
75
5237
9946
6947
43
349
2928
294
5302
1827
1159
4901
10060
11374
107
7114
9044
9537
3245
7753
320
7944
1585
10853
11213
8245
273
6968
8715
2047
1607
3569
3082
10537
9768
4854
7513
290
7750
1060
8859
8515
9415
8467
136
4535
8711
2890
231
11312
3349
10832
3003
5842
144
6906
9108
5121
9763
10252
9916
57
1995
10414
9708
9494
2924
2459
245
5179
6385
61
4034
7033
18
11020
80
6283
27
7746
10186
3239
70
2503
3529
4966
10334
3050
10913
7123
3832
794
8930
693
3891
5086
7389
11230
1371
4796
3
45
5985
202
6920
1441
3328
10969
7054
4891
6
11323
9636
1220
5005
460
157
1913
3012
4514
8598
1019
930
8864
8416
2374
8072
6349
10131
847
4585
325
6814
35
9513
1483
8241
9785
9667
1521
2296
9192
137
1388
135
8616
4644
1892
2694
2265
11041
6059
5616
6821
4520
6083
4369
3236
187
5568
3146
7915
7761
2
2485
6845
7271
10499
9385
1976
6630
732
4159
8579
9019
10611
169
522
9081
3561
321
4948
126
2549
85
5212
6880
10270
10674
114
170
59
152
7326
4151
264
6996
64
5846
1049
3201
2236
5104
10577
221
10958
