4073
8982
7489
4948
9407
4331
1011
4422
10213
1735
5490
847
4988
6327
922
1843
1730
5418
10334
10544
7801
7353
8758
10391
1624
2245
9346
817
10287
3758
3298
9946
1484
9501
4702
4573
4757
7191
2910
1343
9513
8719
6358
8660
2499
5587
11009
646
2983
3153
2327
9583
1424
1824
6527
5842
4142
7326
5765
6434
10231
10563
2316
6825
535
6349
1770
4374
3453
3470
11375
1490
6540
3977
2653
8391
6814
6261
2247
3044
7718
2296
944
1069
3275
3011
1480
10384
8927
7429
9772
3315
6840
5837
6059
3561
2406
6339
427
376
8172
6136
10316
5338
5977
3318
349
11249
1553
7130
3392
7648
7132
4535
10030
7849
3788
3012
8467
10451
8527
961
2876
6991
8023
9440
5328
1426
9545
337
3926
10128
6820
7057
3632
10690
2188
8399
8562
1839
2808
10080
8433
1261
591
7500
3355
5815
2362
2061
5985
11050
10571
7114
5457
2264
6454
3887
1709
6068
9638
11020
3665
4709
732
8024
5179
8251
9161
4191
4151
9556
2484
4855
7919
9082
4615
1906
3070
6022
2782
9422
10131
3181
7214
3891
6725
4817
3751
9605
8474
9626
4065
8161
8268
10611
2174
4872
6947
350
1362
2921
7998
10619
9229
11298
804
1657
8038
3019
745
8199
6656
5289
2069
7303
2940
1306
11018
4067
11024
8620
823
642
2024
4379
5237
9283
6194
5136
5613
9252
10550
5186
4473
3100
5245
1933
1962
4295
8627
1544
10168
543
11019
7242
5583
688
4735
3812
9157
842
10018
9926
9304
1470
3266
9441
6790
5212
2157
8031
7557
2311
