6820
5837
3266
5280
7557
10619
8961
7843
2456
4191
4065
11018
535
5338
3464
8391
3659
10377
4948
10563
6136
10544
7915
8562
9021
6469
1624
6790
6292
8719
8579
9660
11050
7489
2876
8023
4872
5842
4543
7130
3153
5587
2754
1142
9946
6991
1483
8039
6825
7478
4988
2296
10144
7429
9229
4573
2910
10287
7500
676
4817
10231
1055
2921
10334
642
6059
6261
688
8758
8927
11020
1371
5179
10384
3070
3470
9073
2188
9513
3977
7242
9252
543
842
1962
1770
11024
8177
5783
817
8038
5136
4392
961
8569
10550
3933
10213
4946
3453
3195
3012
4702
11375
3926
8627
7998
9926
1632
11223
6434
6349
745
9157
2808
4473
1426
7898
4535
2362
8620
5625
4295
3751
6540
9717
9422
6947
9605
6327
11009
7849
1470
3019
10030
989
8433
944
6725
10690
4018
9638
3864
9440
9772
337
3100
8251
9943
4615
9034
8268
350
3632
1839
4379
4331
8527
7718
4073
2061
6068
1528
3315
10571
5639
10018
1268
2484
6318
7214
8031
4855
4374
9441
2174
10168
847
9501
1843
1544
1933
1011
1908
6410
7919
1021
2782
2940
1657
7750
1824
2245
7648
9583
8660
7303
6194
4252
3355
6821
5328
10451
3887
5289
11251
10611
8024
1735
10128
7057
1209
7114
1480
10131
2316
5815
5697
3788
3011
8864
4151
1730
5583
9304
9283
5186
7132
6814
9082
10626
336
5792
474
10439
2862
6840
7529
1171
6339
9545
6656
5613
3758
2069
2160
2157
6358
5490
2311
10060
10391
4422
8172
1553
6527
8173
3392
8199
804
6354
4735
8161
2264
