6827
411
5581
5724
5104
10153
4535
3358
4501
3859
9439
8003
8664
7719
9340
2802
1714
3196
9471
7447
9635
9314
1228
10828
2562
841
6324
4333
8595
7398
9249
7151
7306
5539
10743
6559
3258
2398
6716
3315
5059
5081
1154
4271
2019
2878
4641
579
6734
478
610
2942
10561
5001
3456
1578
2113
1704
5092
2749
364
8145
10010
6203
4730
771
5828
724
5942
5338
9069
3363
2983
7362
7534
2591
6465
6641
5228
10014
505
7932
2442
7749
10210
8216
10445
2598
825
8534
3010
6326
3597
9695
10370
6278
8731
11376
4890
5308
3566
9544
5871
4083
3868
1873
7270
10395
7252
6230
4524
3278
10013
796
9761
3864
8117
9104
9049
4132
6989
6485
9474
7755
9518
10223
8357
3861
1383
6896
1728
5536
452
8642
7090
7428
6509
7468
1868
6851
10107
10525
5301
1768
10243
8286
1040
6674
3792
348
3027
4517
6213
8983
8865
3488
9554
2669
373
8949
7224
3259
6917
668
777
6145
4081
3867
4640
1802
10123
9578
4367
2078
1854
1371
5626
6611
4793
3783
6065
6961
3825
11074
10742
1846
4939
10406
4253
5952
7560
4749
11059
8001
6435
2620
612
9534
3758
10660
4052
4318
1867
8447
1440
3458
3595
8244
1103
4817
4760
8867
10500
5588
8936
3080
3750
607
9835
1392
2300
4616
5210
1000
1126
11256
8706
6904
11082
1125
8332
9573
9524
10643
4923
3676
9838
10916
7864
2567
1603
4720
6411
2602
8196
3220
469
807
6642
5649
8021
3824
7370
6854
9164
7485
2843
9939
417
8933
3250
8181
8540
943
7778
1529
7980
11299
11164
6793
3999
11054
7484
6081
11013
9937
1191
784
7285
3687
10754
5438
8305
804
10688
9148
10112
2338
9539
11055
2328
7065
2074
1080
2633
4995
2513
2454
6544
4074
1259
9098
2427
2127
10934
5583
2596
10639
7602
1111
423
11128
7188
7263
6514
7135
8522
9039
1205
8536
4190
7007
3311
11222
10021
10128
1921
6689
2470
10771
10273
8784
806
8564
9481
4974
462
9292
3324
7693
8779
2478
4668
9569
5445
6967
7380
2572
4845
375
1081
3767
10087
6234
10576
10523
7679
5723
7460
10388
3472
7529
1208
4346
4455
2115
2915
6682
437
693
6319
9630
1524
4336
6882
5509
583
1117
996
3240
9984
2424
8161
9882
2179
8326
2652
6090
5869
1617
1815
3965
6908
8048
6678
3532
6029
4457
4787
9366
8474
2131
7646
4550
9179
3136
4098
8064
2216
6608
4460
1137
4269
6534
5870
8379
7168
11077
6746
9219
3460
7372
7109
1602
5507
9565
1797
8185
11189
2471
11377
6158
10876
10809
10757
1370
8868
3615
7258
2229
2691
7332
9322
2313
6459
9276
3661
5309
10208
11232
3519
611
990
3830
8976
3925
4236
9167
6991
862
5085
8105
9045
811
1110
2235
11309
8579
2643
3923
8042
8904
11160
8130
9135
491
4937
10799
9721
3628
1923
5565
3672
8722
7987
10164
5045
1989
1043
800
9193
5808
2522
7930
6385
553
8667
2981
8425
6373
2221
9418
5676
5322
4750
2368
11040
10924
7772
5861
1408
9089
8813
1872
3475
10794
333
10796
8116
8825
8782
1267
9443
6866
5528
8243
10644
8908
1930
6115
710
5271
2554
6390
3870
4222
7592
2963
9913
10850
4017
5971
449
8598
10775
3129
864
1236
4538
10672
7402
2067
2200
2449
7031
10449
9769
2271
1417
4635
10841
8853
6323
2117
5527
2469
2649
4794
3063
6570
7124
598
7214
5132
7921
6944
5346
3673
954
3843
5110
6845
8261
9756
5137
5229
2523
1946
8295
9119
3998
4066
6483
8319
1163
1428
2678
10998
3490
10199
3570
9427
10007
7159
9272
10780
11144
10048
4955
9184
10450
11354
8941
3768
5495
6905
6147
7474
1606
2362
9840
3424
9003
7798
6590
5592
4430
6657
10953
11245
468
9740
10405
8458
5696
2425
1547
7632
9909
7010
9309
4684
4217
3336
10681
8940
1462
2155
6304
2747
917
3577
7615
10512
827
482
2156
3288
6607
4075
600
9879
5655
10912
7036
10939
6188
9846
813
8387
3365
10269
7198
5783
6766
2805
1358
8239
8852
8571
6032
1263
9334
632
2272
7374
8013
10673
3701
2335
10066
1372
4199
6423
11050
9597
4566
7026
4302
8142
2518
1777
6000
6174
1009
4593
7207
9203
2970
3274
5057
1092
898
1422
11335
1783
10585
5822
9082
10288
2568
10838
5265
4158
11206
876
1104
3723
9233
7596
481
3591
8109
9897
8899
7766
10790
4650
8340
5090
4973
7187
6370
9285
5949
8058
5264
4490
4129
955
4610
8405
10764
5681
4906
11223
10355
10376
8997
11134
7795
5732
3963
4400
9845
368
9844
2301
7071
9588
3994
9994
2014
9542
2543
541
3957
10517
2194
10741
8992
4798
572
9130
5589
4696
3899
7686
8919
9674
6329
6912
549
548
2977
11233
3367
11141
6071
4764
2344
10412
8831
6703
7634
1680
5631
4415
7209
792
8847
1608
496
2084
4725
6844
5972
11185
4511
7087
8443
9997
7482
11326
1956
8875
1737
1015
9036
11315
2846
7152
999
10586
3067
2305
5727
2422
8367
4855
10319
2796
10738
8951
2376
1258
9333
11368
10710
9750
4459
10569
7951
1541
6618
6043
1809
5063
5069
2118
840
6005
8609
1994
8460
5102
1475
4659
8205
3391
10218
9299
6415
5665
11071
4250
3895
2460
1775
2880
7363
4770
9644
695
4528
2535
8952
3656
2384
4861
8416
788
1427
1739
10873
4467
2277
9158
2784
9538
9687
7111
7764
10270
8575
6044
560
5386
2565
8038
3793
6137
4433
2203
1778
641
10147
6210
9020
1135
1039
4504
7576
2683
4483
9243
1482
8389
8124
9914
2070
6809
835
5117
4093
4159
10329
9237
5779
7940
6406
9965
3777
9791
6659
2524
8964
7455
6371
5810
2703
9506
9247
10549
5866
5078
7421
10455
4658
4382
7045
1696
9888
2896
4743
10359
10656
10237
5729
10393
6038
2455
8199
2040
5012
7368
8356
1188
754
8188
10289
4830
10895
2062
9183
3235
9987
8079
10624
5900
2323
7792
9242
3636
9047
9338
3528
2618
2349
8566
3408
6365
5881
9425
11203
2264
7250
5340
10793
3213
8078
5644
9516
3601
1920
3854
5990
6988
10413
10722
7585
4272
10597
5404
8009
7223
5488
7781
8554
3385
401
2003
2143
11265
9205
10175
5074
5622
4157
10902
9579
5773
3079
2233
11156
5440
4476
683
7710
2258
1859
10634
8360
9096
1176
1755
8218
11018
9549
860
9197
2794
10894
7762
7904
5241
5910
4783
9407
10225
9800
8224
10092
9958
8412
2842
3521
1377
3593
5206
10871
5630
474
463
5245
5255
1918
1183
8350
640
6583
3559
2877
4761
4762
3527
4792
8621
531
3143
10437
9517
8538
4453
9996
4282
3273
4513
9368
9880
7494
2832
5427
3581
8790
10039
388
8724
7311
778
7219
10863
879
4414
6320
3592
11006
7685
10967
6481
8758
5977
7600
7552
2052
2225
2359
1655
6723
6316
6209
9511
8728
6450
2092
4010
6557
1899
10330
4245
10579
5424
10435
7841
3096
6460
1357
5237
10325
6377
8331
3155
10018
8246
8888
9624
2487
2024
5397
6214
10382
6306
6432
1548
6223
6016
3807
2759
1122
7617
7571
6995
1223
8747
1507
10402
3556
542
8052
9124
10817
1304
5818
10414
1824
6013
1473
4742
7176
2744
4276
7752
3588
9833
5554
8333
6374
8139
8208
7726
11089
1344
9037
3504
11171
5615
7750
10990
4898
5714
5360
6694
1433
8709
4137
10864
4781
1530
10731
2954
4095
7687
3225
2257
6106
9331
4281
11311
4001
4721
9792
9732
2532
5680
7862
2388
7856
9172
10387
9932
7022
3562
9799
9430
11021
6554
6276
7264
4727
3091
1744
5920
8100
2767
9510
8068
6936
8250
11204
2577
10247
3884
10152
9301
6864
7601
6959
7879
10187
4509
883
4295
5089
899
5749
11167
3537
8308
1515
1550
11288
10659
3036
5120
9825
1398
7089
7769
4832
2841
2227
6650
5841
8699
9335
936
11078
3322
10430
5555
7695
5164
727
11029
2100
5490
6671
10057
11285
2403
4886
4959
5980
741
8106
5735
1275
9134
4643
9248
9120
2291
1852
2665
4866
9778
5095
5944
6677
4055
1108
6183
3809
3318
7008
1077
1270
3757
3602
3698
11310
9140
5498
8573
2345
2914
10169
2879
6237
1312
7759
5207
7508
3224
10720
6911
3732
3749
6086
2511
2716
6021
966
6190
5442
9820
9580
5298
7390
7635
4564
4790
10978
1674
6633
10911
976
1652
10682
6256
5544
7237
5176
8229
964
8846
1706
7754
2948
4409
1404
10923
3262
1210
9230
4709
5991
4092
1269
6968
10805
8348
1292
3032
11330
9005
10256
6181
2722
4521
1382
9065
7075
4960
820
1353
7787
11324
2281
8569
7912
9875
5780
7633
3024
10548
6888
5891
10347
767
10698
1702
9023
963
10238
8572
2213
10191
340
5292
4136
7881
3907
5945
8247
1268
10321
8056
4500
6658
2405
2196
4194
4632
2642
6993
7648
3787
7968
7273
10900
4484
8503
1008
2872
4686
9661
2894
10739
8245
5933
10903
6077
7385
4309
8955
6442
11280
7163
10177
7834
3317
3585
8281
1890
485
9528
446
5336
956
10431
7599
4328
6119
5500
5517
10748
1993
2295
1708
3806
10713
9515
1251
8938
11132
4986
8315
2619
6211
1046
3282
3103
4503
334
6301
6702
3642
8558
3326
10429
6596
8080
10770
11087
10296
1379
832
6638
7454
10699
6166
1166
2768
4143
2292
1779
10458
6738
2540
5557
3442
7861
2296
6111
6846
2378
1826
3988
7661
1497
10441
11147
3680
4894
2676
1543
3574
1784
3857
5844
3375
6394
10964
9417
6772
6927
6429
11181
5036
628
2021
8000
9999
2187
10800
7836
715
8873
4660
8914
3501
1114
1489
3406
11023
7990
5766
9303
2606
1042
8560
10127
8930
7960
6986
4265
689
2584
4646
4985
6487
6965
7429
7649
7243
4121
4193
8453
1521
10135
4841
10136
7859
6743
2447
6693
3938
5018
6488
8795
10101
8514
8346
6412
7574
5785
7394
8501
11025
5326
10695
4156
3901
3085
8767
10155
9295
9142
3976
11187
9722
7516
588
4356
8685
7577
3115
11312
4582
4856
9199
3692
3633
8972
2400
8175
7354
6656
3855
7345
7034
7157
7072
6601
7791
4833
7058
3847
7136
10193
3711
8585
3911
6624
838
6915
4895
4491
7796
8510
7483
1199
6719
10737
1711
8851
11238
422
3815
5173
11201
10144
10736
1147
1762
10353
10028
5256
1765
9713
9042
9599
6820
430
1947
7690
9422
5912
2208
10697
1254
11154
8159
2911
5446
3451
8093
8877
5419
4180
11076
1419
2852
7614
5432
8472
10919
8998
11159
11091
657
1634
4456
9121
9814
2473
6811
8401
8146
4961
352
7215
3927
2840
6249
2855
3696
7866
8074
3632
8641
8975
9505
5975
8890
6363
4905
5221
5181
991
10913
11321
4232
9447
8083
1157
1594
1556
1522
9938
6479
1128
6589
2640
664
403
10470
4023
8439
6729
2902
8456
4310
2173
1916
4248
4044
1197
1536
5054
7618
4780
4713
7246
4842
6360
7957
4969
11339
5042
5573
10662
2921
2177
2516
6073
9629
9705
5414
6715
9626
6753
501
7133
10072
8605
4315
5963
10813
1211
6241
8183
10765
1411
4123
5706
7745
6773
5794
4426
7107
11227
3686
5624
11102
4604
10272
786
5379
9369
6245
10122
4820
3014
9952
7954
6612
366
546
5331
5469
9377
3162
6800
10159
3889
5374
3046
2899
6730
8168
11173
10469
7386
2734
2667
10604
10573
8793
11003
1449
6952
4523
5279
3041
3509
4144
1153
8515
7056
9105
5329
2822
5189
8414
10034
5154
745
940
7955
7269
11374
9450
5258
4557
9465
5671
3265
4372
8386
5898
8170
1393
2993
762
9811
3145
5894
10814
4512
9637
3482
7271
9780
5056
3289
1805
2663
8978
2616
1403
776
457
2653
4341
855
2799
6833
7523
6790
10556
9563
6744
475
8494
3621
5016
971
3735
7887
1569
1666
2873
4147
1909
432
888
3449
9222
1004
5234
3205
6815
2658
623
8925
9519
2451
9823
6870
7445
11176
4031
7222
9775
358
8027
4863
4637
4996
11140
2548
5722
4138
4731
5695
7734
1196
9473
8111
6215
9849
4393
10324
8690
5344
775
6573
11193
3478
1443
8729
4625
3933
3439
5809
9268
6386
529
5741
10158
3801
10397
10898
10052
3230
3624
11069
7395
2355
10571
7875
2917
4056
2214
663
1231
10492
10417
5758
9805
6475
8120
1724
6330
11126
3983
10505
7452
8369
6935
9302
6116
11319
7426
3990
3207
2823
11139
6470
9453
9442
3858
9482
1830
1491
7698
4165
11291
7848
1230
9900
6352
1677
2604
4348
2254
706
8828
809
9133
3382
4063
3463
1663
5985
8317
3761
3275
10084
2030
489
4878
2613
5003
843
10416
867
9765
9977
8545
4466
6644
4383
9911
6726
5981
9920
8734
3248
11122
8661
6251
2000
2144
3909
8619
7992
6713
10293
7928
1400
3500
8541
2853
1718
970
3384
2197
8413
10315
3410
3755
10065
9479
4693
11022
2304
11318
7280
9752
4631
10083
9701
8905
9472
3722
1604
4877
6764
5246
5266
9751
10645
9461
8219
1597
3982
7100
2365
5559
7765
8493
5666
1318
9592
3362
880
4377
10201
10721
5361
7051
8711
1683
2582
7033
819
5930
8291
870
4102
10630
1067
2859
4850
9038
7587
705
6591
2038
5133
2438
5223
10577
9202
11229
10570
1817
6754
7466
7546
10859
9010
7205
6966
5510
10638
8402
3409
2402
6255
9673
3512
3934
7112
2472
5034
8565
8608
10340
9946
9748
6939
868
8958
6340
10944
6229
2136
9741
7895
2312
7210
1395
10313
9025
5040
4558
465
8428
939
11123
5909
11096
7307
10079
2686
1631
4293
10687
3163
2417
6262
2869
9982
6994
9736
3053
5499
2026
3218
5937
7640
6048
3263
10797
7019
6629
4704
5568
444
2461
9034
5512
10234
9885
11045
2705
7636
8636
1070
1667
1266
8065
10925
6722
6182
6639
6177
9072
11331
6142
6001
11079
4080
438
6100
1063
5927
8153
391
7670
11195
9926
926
545
1315
7885
9663
1186
8594
11295
2106
2111
5787
5439
7341
6543
2279
4889
10977
11135
3339
5334
2876
3489
644
6551
3000
3662
8307
11175
1575
11209
2326
4473
4753
7535
3544
3233
11020
390
11081
9575
11202
2494
7641
1285
4016
1984
9345
7998
7093
10004
8980
2868
3845
8496
8778
1483
9684
8279
6828
3471
8440
9214
10465
2617
8622
5823
5462
8075
10299
9022
5327
4716
421
351
6497
6083
3016
2800
6666
7663
6397
9343
1112
570
5829
2393
5307
8634
4912
4313
6054
10239
2075
7348
7911
10212
4330
5782
3567
9360
2382
4525
2590
3658
3951
5982
5923
6762
3376
2997
1294
10849
532
5656
5793
5855
581
1886
4175
906
3523
3321
5458
8329
4389
3851
4368
4824
7581
919
2443
4204
3918
7829
4304
985
10833
5629
3002
1026
6539
10202
6956
2563
10351
2053
5663
8864
9189
6969
9777
7277
5800
1007
7751
5486
7512
2174
3407
1703
728
1025
686
7591
2397
10260
8719
8273
10649
5792
8095
2736
4352
6975
5484
10284
5118
1592
7023
9893
6421
9725
1917
5422
6758
5465
11262
2939
10257
8148
1838
7261
5747
6505
8022
10578
6171
5260
8656
1214
8713
3524
3991
1290
3422
5219
514
10255
5842
11005
5448
10475
897
1639
1756
1843
9099
6541
4331
10526
8421
8691
645
7973
4223
574
9159
9470
11026
1549
10176
9929
1927
3309
8606
3398
4312
4881
4843
6224
5872
4594
8583
720
369
4834
6580
9477
425
824
2950
10012
1669
1055
7758
1999
4887
8047
6778
1813
8776
7359
4140
3244
3209
9921
3608
6362
10531
3114
10381
5567
839
4208
1300
6899
7893
10418
1297
8533
7511
1229
4871
3345
3846
2445
7079
4406
7114
1960
11157
4534
9187
1877
3328
4990
1073
5518
461
10658
6200
9610
1749
3005
8803
367
2592
2714
3304
9264
4270
3476
4734
10068
503
10314
3721
6149
7937
6843
8858
2581
11172
2694
2862
4161
8804
4359
910
8495
6983
3779
3125
6196
1283
1500
7116
10180
5712
927
5182
10607
5153
2419
9319
3183
721
8343
4571
2011
3620
8837
8763
2420
7181
9244
6867
1791
4763
1850
8469
5951
10502
8169
9669
9421
1425
6972
4670
723
10584
5628
4462
7658
9046
2610
4181
3668
11057
10165
1123
2325
3066
4391
8815
722
6698
9152
10567
5603
9478
6499
7583
10506
11053
11085
9415
10632
4189
7337
11275
2152
4620
3388
4508
2910
6996
9878
7953
3573
6133
5480
7040
4938
9108
6962
4329
7684
7982
10663
6376
649
8347
2149
957
4813
8432
1037
11228
4174
9730
8697
10130
5895
5491
9665
10995
7873
5875
10398
9679
8551
9877
1983
8749
9400
605
8459
7631
4825
10752
679
9979
8646
7097
5984
6146
10740
1337
8562
7061
7127
3966
1591
2498
5410
2375
8918
4552
6331
2946
4965
1066
5435
1527
6973
1414
7286
7588
3075
8363
2982
9508
10869
2114
3811
4791
5407
8674
7542
8968
8316
1506
10884
2711
9328
11244
10832
5674
11100
3004
7189
5155
6519
4226
5103
2943
938
3164
9274
2655
9876
4151
6405
1753
8732
6366
3203
10060
2404
1682
4872
10471
8258
791
656
7435
6502
10422
4118
1241
8635
9633
3956
8848
3165
7444
10972
6036
2439
4116
6274
4461
7352
1276
6840
10947
9712
2579
362
7002
6918
10760
3182
8195
8894
3495
4450
3594
4814
10646
2816
1271
4559
5058
5240
7935
8328
5892
6337
6273
6835
9944
8818
4051
5415
7965
11094
10791
10342
10473
8237
1723
3149
4025
3943
5300
7448
10806
4754
1466
2838
7391
5473
5467
10946
5530
1962
10054
8990
10446
2926
11178
4062
7975
5126
3293
5017
10625
1376
7349
5194
5171
713
1595
9444
7126
1910
5597
3572
6598
2501
10712
2059
932
7440
2336
795
10545
3195
3377
5619
1170
965
5391
6520
7343
7956
4751
1845
2333
8833
7900
1798
1684
11162
4681
4387
4570
420
6357
10853
7235
11279
4131
10948
9014
5152
6774
2310
10533
365
10837
6289
9488
8498
6523
6322
6108
3775
9757
4230
8362
2107
6998
6706
9174
5728
6472
4589
11375
925
11056
3883
8380
782
10844
2605
7289
10703
4837
2246
3133
2226
6929
6506
8798
744
435
958
4262
9981
4748
5961
5683
2756
1819
473
6287
2314
6476
6037
3320
2502
3061
7449
4210
11333
4399
6938
1335
3706
6697
9747
10102
1926
9265
10985
6875
3920
2367
8334
7283
3813
3666
11239
10811
10411
3522
6384
10424
9329
2507
9150
7621
5082
4139
6064
10815
9867
5899
6553
3931
10067
4844
5497
8031
3467
1986
978
8081
4257
10641
1248
3659
3669
3045
9767
11075
5578
1911
8213
3731
10961
9085
6770
10906
7305
682
9177
1776
6556
4929
10510
6822
4091
863
1234
10707
8355
5805
6856
8718
3949
5974
1493
10908
3689
10664
7801
2959
9742
4657
4198
9685
7623
8352
666
903
1975
10109
10822
922
10753
4273
8049
3625
3306
3892
7350
6344
9011
3412
5826
9983
9577
750
757
4094
9146
2409
9196
3025
1613
7721
708
7315
5032
9953
429
1525
455
2517
8568
8826
9067
672
1502
5296
2845
9383
9540
8761
5523
9467
9476
1200
381
2965
5320
1902
2828
5190
707
10310
9215
8484
8160
4337
10332
10205
4812
3340
9117
10852
3190
6050
8478
7924
4278
11348
6865
5936
7417
2025
7278
10929
7060
2482
659
4729
4057
4227
2837
4655
10551
341
10106
5243
7977
2789
3040
10245
1820
11208
3229
9325
5485
2550
3863
9576
2356
1581
592
4839
8953
7063
2446
3997
7604
969
4506
9543
6461
2706
1319
9225
9315
2945
2004
3785
8650
8956
1474
8436
9735
10851
9436
4413
1308
1810
5252
6104
7672
2457
3484
5614
2097
4386
5917
10553
5384
2623
7438
1302
1552
1002
10282
1437
3047
2096
4804
10137
1773
11098
2076
536
2657
10383
2739
1306
9548
895
7475
3729
5073
3878
5121
7326
9806
2163
2071
3828
3411
3343
8452
7021
3310
6997
10956
11259
8275
3347
7908
3788
1282
511
11211
7748
6364
8629
399
6309
5380
8617
11151
9327
7128
9520
1681
5821
5037
1969
6826
1961
11365
2324
1957
4305
7179
2480
5343
4209
2803
6940
3202
10456
1545
692
7130
5709
2808
3795
5031
5470
1827
3584
5345
7403
10701
7437
3950
10432
6068
5701
8665
1005
6848
4662
8123
439
6632
690
11274
10425
3541
7199
5184
7827
9310
6517
8913
10002
7202
4962
2824
2780
5562
6571
7595
6498
6449
9591
3048
1260
6662
7501
8812
9843
4012
3508
10901
9040
6627
9063
5179
11004
11241
6062
7713
2962
526
10501
5642
10830
3231
1731
2496
3533
3582
7344
4231
10483
1697
8570
8070
3569
3246
2696
1178
2036
2105
2817
2236
8203
2654
9212
6725
9056
1385
6566
1880
2672
4880
5452
10192
11340
2205
6695
6170
10614
5699
11090
10651
7810
1075
9211
10037
2157
10975
9469
4481
5324
9201
9647
4452
10706
5563
6511
5492
4099
8845
7422
8271
2932
3905
7312
10302
11248
7711
9445
10171
8155
4736
8490
9513
347
9627
344
5590
2018
7206
6718
6712
6428
697
10861
8094
8019
8391
3433
10599
10999
1345
7253
7974
7388
5993
9090
4502
1636
7842
8344
7896
9829
4591
1699
5187
6816
3510
7503
10131
8040
9061
10094
3619
9287
1190
4403
2041
11250
618
10451
10971
6334
4053
2938
3126
1825
8772
9256
10559
8615
6974
397
5623
1352
1141
11047
4904
7080
8639
4024
8796
3261
1255
6529
2188
502
8426
2710
10163
4581
4398
2985
3866
7997
10160
6231
3473
5088
10246
11024
1179
7628
4711
3307
7400
10489
5233
8354
6408
7949
3011
5284
4546
7450
4339
3887
4527
1423
11120
2337
6616
10251
3984
7788
5433
6441
3291
9432
9590
8197
11177
6217
9572
2320
8190
3837
6522
6675
9950
3891
9558
8300
4277
7952
2051
9112
2334
10149
8637
3369
593
4585
9571
1952
8455
4630
8464
2016
8512
9525
6382
4715
10652
3238
2951
4168
11136
5050
10619
3174
8842
7408
11334
8268
2865
9241
6260
7171
8770
8232
4412
4606
493
7418
4191
4026
9375
6024
6172
8816
3172
3552
1938
11064
6609
5837
11137
11343
7384
5802
6765
1216
7441
6812
9181
5550
3087
3587
9582
596
5896
2529
1614
9652
8649
10667
9386
4162
8716
2820
6801
2793
7553
7117
7247
7559
1625
3819
5123
6011
5946
8584
3681
9456
10331
9852
2029
5357
10727
833
10291
10401
9066
4897
6924
10095
3082
3751
5430
7110
3945
10557
9927
9710
520
5569
5148
9708
9676
8610
3694
9807
2005
1089
11113
10126
9980
4699
6419
6254
2556
7611
4592
5757
2998
8985
10620
9411
8775
3268
5411
3529
4247
389
3518
1941
5596
1412
650
1531
1204
4565
11014
5750
1495
9714
7433
4577
9595
2723
10595
7519
10776
10642
5306
1997
891
4364
9602
11092
6156
1584
8010
4611
10297
6173
6999
1121
7150
4900
2569
5425
7050
7907
5508
6756
8915
942
6253
10221
2028
7173
2570
7338
2752
2321
3277
4505
2893
9204
5636
9019
3440
3499
2350
6493
7979
8035
5455
6198
3098
6749
3435
10648
2975
1806
8251
6804
6269
7032
3631
10498
2904
7125
11060
9426
7162
3498
6327
10560
450
3110
10617
9116
11328
7078
3818
8839
9972
8737
8840
472
8157
9127
1083
4196
5918
4948
3279
2987
5710
4279
6550
7811
3017
1444
599
8104
10436
2774
7042
1741
6799
8759
519
9176
9834
1029
5217
6819
7664
8376
10059
2358
4146
5291
3823
6436
5426
11355
4992
9428
9227
10798
395
11276
9899
1782
5169
2259
5227
1082
4800
4930
9413
9155
4077
5087
1362
9839
9697
1540
10209
3979
6914
1560
5004
5398
8787
3622
5832
2045
11044
10300
10860
1811
464
3719
2466
10896
7915
5608
8119
10438
404
10356
5247
10033
5916
7970
2414
6688
1862
7742
6055
9611
4197
8108
6150
6017
9625
1563
1892
447
7813
5222
4714
5850
4067
3942
3497
5847
6486
3269
7122
7047
1713
7154
11218
3860
7569
10716
1439
1951
5111
6280
678
6160
5325
4458
4251
10303
7575
4846
9496
10019
5381
6537
8879
8431
6683
1174
4038
5124
8807
1198
9613
7770
1772
7108
7650
7593
1987
2788
4621
7586
10709
4011
8603
396
9052
10240
8668
768
5777
2140
4747
3023
2677
3649
11378
2549
1600
4211
4860
3105
1490
1138
9772
4663
9696
3975
3921
4719
7850
6787
1094
2015
8143
4732
9866
9258
8869
3647
854
7323
11296
8433
2539
3216
6930
10723
2937
8675
10266
3939
1841
10819
3580
4981
8041
5131
3695
3959
3286
602
7506
5125
6431
7361
6101
9906
920
2988
7878
11282
9385
8703
2503
3688
1679
10996
1035
1546
7934
7630
6236
654
3160
6310
7049
9169
5390
7619
3896
4779
8486
944
8926
8537
7526
3981
2790
9318
4421
6387
10228
10504
7671
6107
3462
527
7884
4316
6622
8844
8422
2433
10992
2761
3548
5648
4705
8466
5020
658
3717
7196
5075
6308
5962
1011
703
4343
9830
3618
10647
5703
8648
10035
11105
3613
460
1712
6218
11150
7832
3130
7531
7659
11317
11179
5531
8121
9297
5638
9970
4326
2908
3684
4369
1209
9355
6663
1478
7275
10232
11286
3651
1068
3685
5647
3139
2319
540
3037
2929
2925
6877
9925
4126
2679
2807
10308
9605
8881
9890
7809
8461
4626
2614
5919
3121
10527
11332
8652
5409
7057
9532
10023
9497
9986
7025
8559
354
10622
9109
2352
9993
3560
1399
6272
7038
4241
1109
8187
4439
1249
5224
8255
1394
10885
9615
9821
6264
9536
8128
11369
10536
4072
6879
4243
8871
8212
5319
4073
8962
8046
8122
6613
7101
5846
2095
1630
8091
7797
7983
1047
2170
5280
5660
6400
1019
3294
4829
1459
5000
9059
3086
9908
7401
662
2856
3181
3117
3941
10419
10042
2366
5287
972
11146
1494
5915
9075
4580
2351
5449
6562
2725
11320
6358
4759
7647
10521
7328
1281
10341
4153
4108
1801
8928
2167
1621
2712
987
9628
2363
1860
2583
4274
2928
10616
2138
504
6277
10702
684
6039
7533
3742
2545
3020
11188
7436
6825
9459
7382
7803
3644
4707
9081
823
10937
6464
4957
8390
3546
4201
3713
9208
1742
8855
5986
8644
4977
9810
1213
8856
4060
6298
10427
3351
10290
6660
9485
8682
1851
7165
1159
2916
1649
3153
9498
6561
8539
10113
4492
787
2421
3610
2783
7942
1155
3821
4941
8517
6022
3179
8338
11186
6526
10989
10047
2297
790
6739
7543
6392
4911
3616
5270
5396
5579
5459
8616
8587
9431
4567
5180
4598
3078
6454
10070
905
9870
4518
1195
9376
6199
4335
5005
5013
7357
5922
8158
7517
10513
3973
2688
2083
2263
2632
8696
10080
2256
1874
8184
4283
9373
9392
3184
9323
3069
5460
714
3707
10250
3492
6525
1131
8895
9648
9815
9305
8150
1332
10494
10836
1041
6444
1369
7376
6953
2440
10481
6176
4155
7174
6448
4932
1010
10692
1441
10394
1416
1710
1115
8050
370
11258
4164
4831
3142
8102
7760
2098
7720
10141
9210
6860
3987
7825
1837
3313
8090
4463
5691
4819
6524
1646
1913
569
9455
5231
8785
2720
805
7143
3654
7558
11363
498
6880
675
5505
3773
5781
10118
7847
7257
4448
7892
6777
8177
4739
3609
10515
6197
3917
10671
5198
8492
3670
1069
2081
2287
10317
4059
6020
8692
2285
3871
7931
6885
3913
5907
4373
4667
8544
9678
3059
9300
6407
7324
8418
5913
5157
2341
6630
1036
2508
10170
4907
1264
10166
8198
8375
5978
7918
6453
5242
2717
9545
1076
2576
6794
6139
10904
8974
6049
1553
7656
4671
6094
3525
6701
6457
8179
2266
6602
3986
3352
5166
9957
7835
10248
9348
3502
1985
9557
5611
9737
8883
1384
2387
11316
3539
5170
1689
3405
6620
7544
8434
9915
6669
10448
9856
4338
2944
7055
10050
951
10899
3924
8946
4909
3123
1935
4644
5038
10263
10373
5753
4148
10745
2544
5651
5444
2564
6533
3835
8468
9499
6297
4320
9564
8678
8330
8766
7029
2968
3485
10767
2001
10316
3450
6165
10375
5317
5149
1964
4235
10338
1277
3513
8325
2955
2223
5546
2493
949
10490
4934
3374
5122
3599
8136
2671
10485
2395
10337
1721
7351
8801
8210
2034
5128
10204
3936
1618
4801
3239
10839
2831
2732
1912
9567
2479
2551
8542
7894
7141
2273
4242
4470
7515
4252
6767
3760
7245
4917
9763
1243
3872
3639
635
8504
9892
2046
5010
2754
1185
7976
8082
5740
7184
7675
7467
1678
5827
6742
1720
11313
7081
7146
3886
5259
8773
3128
4013
8628
2017
1050
5416
10236
1980
9858
1891
10843
653
11342
9931
5670
3206
10484
10763
2611
4765
8370
8547
8069
8470
7123
1942
7703
7789
6343
2738
10154
10219
2066
9013
10287
1481
5677
3817
3029
2357
2920
3677
6955
9641
10974
550
7903
4601
4177
764
670
7520
7148
2922
8683
3869
10694
4018
1925
6979
9342
8994
8618
4858
4799
10881
1225
10254
8900
2731
10244
6552
5316
10930
877
6751
889
5879
1896
9490
6655
6548
5778
5378
5934
4951
5418
3104
2766
10110
7052
5817
10935
8961
7897
2199
10190
9990
3441
6906
9874
1857
5704
2027
6361
5679
1313
960
3897
3434
10086
4218
5175
7211
3312
4070
1971
8193
2130
2080
1339
6863
10264
9894
6494
7673
10307
7820
2452
5813
6155
7855
6937
1330
4499
3457
5347
11088
9664
4944
4735
1931
9863
5197
9755
9907
5784
9250
4065
7849
7004
9312
4471
7568
9419
5883
9170
6247
6761
9504
8186
1574
7259
2299
7697
10350
5541
4205
6318
8419
5797
10097
2348
6439
3968
10452
9574
9601
2284
10058
1871
10000
11254
5009
8741
11217
2086
6341
2483
7572
10181
9956
8266
7638
1158
9526
7416
5599
426
590
622
10914
5475
9670
7092
11263
2687
9341
2881
5437
7818
9541
1898
10566
8254
1914
2960
6536
6782
2538
5178
11107
8601
3890
6089
3944
6347
7229
2755
7505
8942
10724
9087
4797
3754
1839
3378
7153
2407
2566
9160
2835
5192
967
2595
8341
11210
5897
7099
1829
5106
1465
3678
9774
9753
5339
7927
9374
1518
709
7645
5420
1577
1701
594
8017
11360
4256
4826
6066
815
9562
7808
9493
3814
4351
10909
3073
5878
2124
10756
6750
1177
4741
799
2151
8260
4317
5865
11268
4085
1240
1858
5147
733
5669
9015
7238
10552
1113
604
10391
1060
2206
7744
3493
7814
7434
3214
3468
4949
6427
4993
9446
10346
2476
2586
565
3738
8714
346
5538
6093
556
617
4665
8263
2475
10167
6679
1278
2209
5251
9166
8062
2648
7011
4489
10439
2094
8597
9483
419
10343
7537
9279
6640
4989
9923
9847
10759
10594
9961
6227
2526
10629
1516
1143
4772
5285
4321
9484
11104
9393
6178
2055
5791
2578
4101
2695
8971
10143
2267
499
3653
7481
1034
11099
7369
4370
9024
5201
6015
10766
1429
5890
10690
10161
2169
5464
5884
916
4680
8233
8385
5682
8507
3579
8371
1056
3763
5289
1116
3180
10926
9125
9296
10491
3530
3727
9057
4771
1787
3802
7342
6031
9429
7267
2593
10053
6184
6893
3514
4362
5903
5831
2342
2999
6982
1406
9129
3272
10334
9337
5143
5887
7105
7504
2353
2022
7993
3784
393
4940
9717
6169
2280
2201
7901
9236
9738
9367
2411
2647
8430
1172
9111
6586
3168
4718
9147
4852
1087
665
9030
5406
1730
4958
11298
7353
5807
7018
7920
7169
5230
3147
763
11253
7037
7780
5023
7156
3915
1582
2903
6035
4551
10140
6645
1796
9955
1610
2860
3033
5525
9332
7714
633
5987
10407
1879
10426
11032
9143
1435
11065
2765
6259
2276
8604
11182
1031
4669
9693
4381
4109
7396
6985
8278
9724
10746
1316
10777
5769
7509
3043
562
1450
887
567
11119
4666
5091
1044
9000
4821
1253
9928
4673
10088
9976
8827
4629
7442
5605
3958
2043
7605
517
3332
7620
9733
1484
10295
3459
6051
4661
8746
524
3008
4652
3134
1150
3088
1833
2698
1222
8060
3283
5824
11305
2900
8982
10415
10285
11235
2035
10333
6535
8589
6626
9638
9583
8917
1738
6389
1665
5637
9304
2781
5272
1526
10870
398
4773
1028
1866
6605
1088
6167
6636
3549
4214
8044
6714
1622
1726
3325
8409
11200
8296
1998
5995
9423
1102
11153
5955
1743
10344
11114
2675
7074
5094
4854
1919
9612
7364
4885
3381
7334
5476
9395
11220
8101
2607
11084
10249
4700
3448
456
7096
8096
1658
3766
5635
3797
4774
1224
6300
3660
7381
7240
5376
10824
2332
719
8874
8465
7331
5097
1729
7914
1807
7525
7589
6711
9660
6990
7346
4789
5988
4495
5697
8294
8717
10783
5914
1688
8710
680
1945
10603
10188
4617
3296
7296
2436
4285
10421
2995
2940
9623
9547
7423
7972
6193
6163
2006
2408
7186
4002
6545
1402
3357
2231
2413
10963
552
1752
10189
7208
10016
10447
6578
4758
2099
6123
4803
2758
3794
11329
9378
7389
10111
5158
3996
8911
2477
8192
6667
8113
11237
5348
4259
11007
1431
8838
2814
2108
8625
6402
5297
4264
7254
3745
6027
9706
3065
8204
4355
8222
10410
9523
7201
10360
7524
5142
1151
6418
8755
7547
1627
2340
2827
11273
4493
11272
11149
5532
3799
5135
4967
416
1090
6776
6752
10563
5076
1571
5873
9694
11194
2821
3772
7731
10206
6731
10982
6187
9668
2232
9420
5188
756
338
2154
3118
10258
5863
8002
3371
8061
6238
2701
661
410
1373
5496
355
2042
4300
8259
7909
5365
4104
3280
5504
10865
2316
9404
6333
2559
4991
5745
2580
4064
8471
3159
9387
1287
2588
11028
7059
10077
4623
4134
2372
11261
3140
9239
6869
2289
9401
7260
506
10298
5212
10910
11278
10400
4441
1272
2626
6072
8524
1142
10304
1436
508
6285
6964
10030
753
11086
3124
5580
9043
8311
3479
2032
5066
11226
4586
2847
10516
3197
9729
1981
6416
4280
5423
2555
7297
1012
6824
1460
5739
2967
6291
10139
11231
6813
8809
8694
5039
8647
2980
1656
5487
11067
10857
9192
8860
3598
4514
9622
615
3558
5627
6508
4982
7607
2661
339
2182
9570
3929
4350
4672
5811
6532
6704
2818
606
6099
3947
4828
3187
6887
584
2180
10554
2050
10361
2401
6699
1059
10627
10547
6263
7822
1901
1014
5618
8670
7883
6004
7858
1528
6634
3470
5506
3844
3156
6220
9559
9726
6202
10267
3926
1642
1968
781
8751
4292
4379
11345
6078
1343
4402
1967
11041
8970
5193
10090
2103
10509
3955
11037
8984
10719
11165
5022
2850
5864
11115
10099
1559
7041
5814
4404
5966
9758
2504
4545
7730
10615
5654
3697
6112
7017
11351
5851
861
3564
4206
6538
1861
7190
10404
6084
10125
9886
8004
3534
10802
11293
7938
7740
434
539
10538
10306
4142
1244
4408
2317
11314
4599
7817
4050
10601
4255
2488
6348
7218
9683
4914
7183
738
5968
10195
4915
7365
4212
6026
6784
10074
2410
11353
1140
4297
6189
4299
2104
1883
11073
2462
5214
9206
11322
11362
4464
7667
2489
6791
9064
5363
10772
11070
3655
1148
6002
11304
2969
10040
6175
4003
1018
4423
2775
2718
3839
4634
8309
3356
7427
3663
4115
11215
2601
1064
10349
7347
3158
4694
2183
3571
1793
886
9388
6311
5577
5992
9872
725
9723
4874
1638
646
6495
1203
10457
7066
7413
10626
5564
1242
3838
1261
11266
5594
1973
10396
6095
803
3403
3946
9509
4529
8084
3058
4756
6892
6635
3249
5468
3578
3042
9734
9609
7446
2819
9901
4690
6047
4290
10786
10115
7322
6977
7624
8051
5030
3748
3803
11015
9905
4141
7082
6891
4009
9593
10408
9600
5761
1822
4308
7457
10230
10726
10718
5730
8725
9113
534
3747
1365
8206
1246
9033
3222
9006
8220
2748
6353
3954
10008
4522
580
6466
3271
2888
4556
911
5239
6179
11103
1265
6747
6971
4615
846
7919
2585
9773
3302
7005
9784
8272
3169
6271
4678
442
3710
10888
4767
8189
2844
2485
1097
8505
9720
6114
6281
6949
9584
9207
982
8789
9424
2664
1661
9566
6932
4869
8173
2294
869
8989
7432
4526
10877
10848
5019
5156
6067
9533
1215
1995
8843
8012
9016
9466
9514
3193
8730
1022
8947
6759
4220
5958
1785
6219
8477
6138
5673
7013
9363
5372
9408
7016
5299
8705
6061
4516
7046
1609
11061
4424
5726
7265
5607
3281
2211
10459
3001
2575
5928
7729
871
5456
9809
6631
6565
9054
2286
4936
6240
7642
4477
8822
10049
2007
7613
7076
10063
3038
2666
10182
8993
8165
9832
7425
1812
9257
3072
5205
9692
1396
4353
3254
6931
6003
4851
8020
8283
9785
2891
414
9298
3161
1235
3392
573
11367
4975
4857
2423
9898
8110
801
1298
9689
9002
3260
4006
8318
6775
4447
5845
3790
2112
7741
1130
7378
5720
2125
2810
8215
7480
9441
10854
10835
5652
3185
4870
3703
509
11301
4947
4445
691
11170
7555
6258
5600
5825
11180
1356
10196
10611
8802
9680
993
10003
4702
10185
7197
4360
9182
5585
5238
1409
852
4030
5025
7043
1359
8950
7870
2230
6521
2343
1187
5762
1590
6628
8085
9382
10227
7917
9464
1619
630
975
6575
8006
735
3399
3431
10132
3108
10755
3346
5657
4228
4182
620
8126
5620
4200
8141
9603
7564
3744
3022
6164
10589
6895
948
1803
3741
4384
467
10129
2941
4179
6903
2464
9971
7557
5163
1758
2689
10778
10897
10399
4698
9076
530
3491
7891
2709
11002
1978
486
6312
4225
8973
7301
9284
5060
3555
2976
10433
6092
6161
7412
7995
1628
1333
3359
8238
8965
9719
5765
10787
1761
10378
10142
681
3050
1673
8028
8862
5806
2435
3270
3657
7314
6945
3540
11125
1937
1889
3175
5086
2120
9967
7627
3303
9007
10979
5935
10369
5472
10792
8623
7298
7360
11129
4375
1280
6025
6923
6369
2431
2275
4896
9449
6109
3427
8567
1780
10683
6721
9238
1865
3402
5383
8092
10371
4420
5708
8313
3295
671
3641
2222
8180
3953
7158
7609
5048
2708
1314
2741
1336
9749
10038
7239
9115
908
2991
4113
9671
3465
5479
11169
5332
6960
379
9618
8388
4449
2519
9759
8132
2949
7077
1307
4654
3714
6140
4469
986
1633
6572
8248
9097
5746
8406
1091
2740
6265
10286
808
10976
8811
8007
896
3992
10116
2168
9841
10278
8415
4229
1948
1675
1250
8284
9649
3550
729
8693
9123
11174
11011
2247
973
5373
2673
10846
5545
6916
7889
3635
1051
4752
11230
10875
9859
10224
6625
5835
9581
2490
10602
9462
6121
4037
2537
4988
4849
6261
7694
5441
9887
7411
5959
6947
7948
7674
4005
1038
8016
10612
357
6810
4325
10674
3157
1842
6873
5290
4345
448
6684
10168
6372
8114
8450
9048
10029
8799
2020
8535
844
5141
4135
8423
1273
6413
8995
5196
5715
6568
5852
10478
1611
6482
3511
4105
3177
6852
10784
4868
8916
1485
11269
1171
3044
1722
9240
10997
10214
7439
3432
1588
5921
10105
4836
9988
5965
6871
8549
3094
676
2093
7790
6233
9869
10596
2757
349
11249
4946
2801
8015
648
2527
3437
1707
5311
2990
7358
2742
9216
7106
8018
7069
11251
1856
6621
2219
9245
1605
8008
2121
5880
11138
9246
5570
9009
8624
3894
3421
6686
1347
1106
4674
2381
2600
2428
6303
11236
9139
1192
3971
9149
575
4049
11191
3875
9636
6252
4114
2434
9884
6127
345
6275
8444
5684
2241
6135
1415
4261
11033
5321
11267
5115
2491
8252
8055
6250
1849
7340
1001
1331
3724
10693
6185
10242
6847
2128
2812
10831
1698
4234
7292
11131
2733
387
8632
7232
7860
9326
10788
9842
8129
4334
5389
9101
3337
5551
8754
10915
3331
9995
9062
9992
7453
5789
4130
1508
1152
3617
343
10941
2697
687
1311
3904
5834
10098
5520
9083
3284
4058
8437
3881
7689
5062
907
6085
11283
9221
7565
7584
6130
6294
9707
9527
8651
3627
7655
6681
9307
10987
10253
5096
6368
1836
4287
8099
6284
5100
6446
443
5235
2534
10708
3611
7839
8480
9677
5136
8163
1488
8655
11148
6528
2978
5209
10222
1430
9620
1818
5350
10380
2159
8561
6040
6420
2961
3383
5857
8033
494
8880
1220
4416
3368
3796
9827
4124
5370
7451
9796
8395
8373
6124
8289
7550
8889
1533
9409
6728
9568
1023
5901
1567
8025
3344
6063
1790
4022
4913
1736
8235
6102
10281
1580
6157
2638
7701
4840
10011
1144
6834
3413
11127
1750
2909
6154
8321
7200
8739
4952
7681
2875
3805
3107
3856
7964
4703
10868
8726
9812
7737
1139
7718
515
10907
9358
1587
5049
7616
4788
3454
10096
1643
4039
8721
4298
2866
8740
5976
7799
2515
10156
4873
6267
1274
9157
1405
3361
9028
3876
9092
7570
3018
8631
6673
5359
4695
4347
716
8324
4613
685
9682
4296
8059
7815
10226
3097
7244
9330
8996
3429
3447
6469
8511
6941
6617
4942
9371
11257
1924
3808
412
11158
6992
3782
2261
2719
7936
7554
2753
5046
6410
6014
10928
865
1226
5195
9654
3765
7962
6606
1717
878
9616
3516
7854
4306
9051
4966
8043
8870
2685
7062
5305
7510
9361
10677
7213
8372
9058
9198
616
1561
9968
1959
1929
5926
8525
9711
7828
6379
3906
3893
4943
8299
1173
8518
2935
9286
7053
5882
3829
9078
10593
7030
7014
1366
10973
2743
3176
7319
4901
8396
6558
1212
7486
2836
2087
8378
1469
8384
3423
7747
1888
9502
9350
8857
2243
5549
11307
2919
488
6921
4185
3693
10259
3348
9818
11031
11036
7837
8596
7379
6603
1848
6338
5833
1875
7805
9745
772
9704
6212
8392
6091
2037
8374
10891
7984
5150
4021
9643
8144
6560
8960
6191
4192
8399
7707
4539
1452
2986
4438
7256
746
5725
9316
4553
831
5584
6925
7406
4246
1653
1988
8115
4795
834
2546
9895
8393
10320
8906
9291
822
3111
9727
1612
6850
8823
875
1564
7521
934
7424
8211
3083
6074
4486
10655
7164
4536
1378
2627
5956
5218
9457
4465
6919
6796
8887
10495
9503
8819
7145
9480
5471
6907
10789
3780
8066
2745
5140
6351
739
6426
4530
8788
2245
1940
3057
9868
9617
945
5685
3903
10749
7241
476
4706
3606
10009
8112
995
5044
8577
10089
3013
4999
7756
6691
6709
5408
3122
8762
1908
522
8910
3031
6531
2374
2220
11152
9501
6317
5293
7131
9817
2715
2573
1381
3012
6012
4446
6126
9188
9165
2609
894
1413
4723
3520
10969
9223
3056
4910
8228
5225
3503
1288
2839
5943
9589
2380
7812
9655
3665
8750
10715
3290
1808
7472
8599
8290
383
559
1734
9269
1922
11372
1659
6221
1934
2023
10621
7104
9634
8885
9760
10294
4275
10600
3349
10735
829
11166
5116
7465
8398
10847
8353
2791
3152
7138
1654
10883
350
7840
2699
595
10486
5571
9587
9963
3138
961
2871
8138
1095
11052
10157
6467
10669
1895
8269
1099
1657
6913
10339
8806
3264
9797
2512
360
5315
2371
7470
4363
558
7622
7227
547
5503
1284
3989
4976
8834
363
9662
8209
7251
8891
1727
718
9881
5902
1052
2385
5634
9998
7392
2597
10162
2311
10231
3853
8403
5540
597
5249
10640
8301
4542
3219
3974
7994
9553
1781
6336
6779
5330
8267
913
10354
4682
2769
4612
6136
4953
5853
1635
7677
4397
6897
4390
7800
4688
980
7846
1085
3341
1725
2505
6393
3753
5996
5481
1944
1233
8743
4796
6745
9873
11264
8681
6577
566
10271
4027
11072
6288
4541
4806
7295
7282
6757
9699
3329
7236
1771
10958
6471
8909
543
1020
11308
6019
8679
3199
1835
5849
717
5174
6313
5770
3210
1386
8774
10679
1671
4609
3102
7579
6226
3682
1676
3916
7015
859
8024
8666
8640
5790
1072
6946
8304
4020
2639
5402
3960
7567
2139
10036
5643
8448
5606
9280
7981
3978
335
7233
8742
2364
9231
1751
7857
1227
1438
5388
643
765
9270
6564
7913
5093
7947
4079
2158
4945
3596
5254
2521
6708
3480
2782
10568
3908
2189
8592
6455
5689
11010
9754
3882
3009
4561
10691
4560
9017
8454
8257
1329
4169
10041
3287
5859
3252
9522
1160
4818
8626
6125
1257
1093
3077
2142
577
3051
892
6798
1992
8893
1161
984
4128
7578
9394
3469
7967
9266
9731
828
11252
2249
7054
9053
1193
5114
7293
6795
512
851
9357
1770
10962
6512
8794
9851
6186
3393
9026
2989
3674
780
7775
9585
5893
11062
2890
11205
2175
6724
7134
10821
5908
7833
10280
8898
7625
4588
3127
7137
8999
5387
5443
6131
8098
669
5220
4888
9786
1821
9234
9681
4454
901
9836
2068
2406
2315
856
2778
7302
2147
10528
6103
8361
6268
4816
11198
7329
2293
1501
7527
10386
3071
1164
8147
2704
6349
627
6375
2077
2262
2495
5213
4717
7502
7178
10580
3068
10803
6290
1360
6692
7318
9154
10194
4084
7767
7456
10015
1194
5756
9802
4597
10428
10665
6438
7377
1426
7768
6144
1048
5053
9919
3276
8030
8929
7782
4152
3664
8073
5447
9607
9435
8491
7288
637
10684
10744
8808
1322
8748
2594
7044
3603
4574
8876
1165
7367
6980
3228
7819
409
11357
1310
4392
10503
8745
4365
4407
5904
7284
510
2542
4268
6242
6901
10466
2913
3150
7203
1456
1949
5953
8765
3667
10807
5717
477
9004
11306
3515
1715
7683
7678
9960
3827
9770
3551
3395
981
5080
11093
2858
2069
11212
631
2244
5354
10366
8531
10761
6128
5587
9282
1568
5428
10825
1855
4239
11240
6463
8752
7871
7771
5382
4048
8927
4184
893
1535
3726
4675
5027
7493
4224
2622
7287
7666
2060
10810
8194
4078
8407
11219
10461
10582
6302
3746
4726
7415
4149
11106
1565
8574
4649
10842
4103
7463
2354
7761
10986
11373
4710
10657
10733
3425
7308
6584
495
7580
8231
2854
9251
5185
7180
2520
3101
3131
5191
10032
7497
5960
4076
7603
9261
7320
10592
6445
8753
3977
10229
2102
10392
2547
10650
7473
4221
9746
7172
4046
7242
3995
4418
5748
1884
9103
9561
8462
2857
1847
2089
3734
4807
2145
10328
4532
10522
9162
8707
4902
1585
5760
1645
3543
7225
8695
4537
8922
3081
8912
5772
3446
8345
6401
4494
2346
7651
9106
10454
10220
3586
5906
9460
7662
2713
9321
1084
696
6987
9954
5335
3188
10540
4097
1990
621
1487
10075
1876
8264
2123
1295
4323
7735
2898
10729
6588
9353
4254
9783
1027
6807
10779
7356
1933
5698
1694
6803
2885
9308
4778
9141
11039
4596
1719
802
2135
6201
5006
5267
9951
1979
1786
7404
7310
7867
3019
950
5738
9653
1119
8764
2330
8103
3396
3948
361
4440
1537
1309
10874
3648
7027
10686
6643
11017
11048
2730
10283
9458
8277
5667
3545
7088
11214
10886
5055
2456
2936
10623
3028
4311
2255
5064
10539
1939
3752
4998
521
528
5070
7831
7874
7461
3932
2867
9639
6018
2670
1644
2132
6222
4685
9857
4047
10514
3826
6206
5759
4600
10856
5658
6818
5613
10550
6516
9128
7476
3426
8057
7644
7193
1058
10587
6585
6042
10636
4202
2453
5453
10980
8207
3151
5167
8817
10565
1321
2923
9824
8700
2116
4970
2553
4082
2918
8630
8036
7939
2160
3257
3614
4428
9137
7478
5403
9437
9790
609
371
6484
5337
3267
9782
7950
5417
4394
4722
533
11117
1519
761
1700
2514
9132
8708
4628
4607
10262
4697
7194
11207
7708
5664
3810
5400
2964
3443
1201
3967
10840
5764
6654
8174
2009
9381
554
2044
8673
8702
8451
7802
9864
8133
1327
5774
3778
5736
7629
4291
3430
7941
10917
9642
7877
2101
1162
9195
4924
5742
10730
6434
5522
7743
10728
5556
4853
1207
1690
5244
11284
1326
5295
2558
3241
2763
6232
8943
5431
6838
2721
6328
1601
8521
5226
8234
2458
3879
10606
5457
7610
4568
890
2178
8366
3702
10327
6452
7139
7738
9055
8005
10150
7723
7959
11095
4444
6814
2681
6821
7149
4111
458
7276
10460
9959
2234
5932
1338
4358
3477
5421
6194
5429
8526
740
4219
751
3873
7528
7573
6414
4380
10496
4244
1897
2506
7852
4782
9107
3683
10714
454
6354
7407
8944
8364
7665
9974
5204
2680
7119
5183
5688
2834
3536
11112
1693
6876
4928
10609
9853
6829
6614
2429
3308
11271
3039
11116
1167
7507
9798
6132
5702
1458
3089
785
6192
1932
10301
4007
2392
4520
5186
5065
2785
4288
4034
2318
4122
8404
1864
2776
923
9021
9253
8077
5911
6648
6700
10535
11130
9860
6346
5574
2339
6489
7715
3355
8137
10700
1374
2146
4608
2360
11049
4125
7094
9102
6076
853
3494
8581
2510
6468
4769
9191
6282
6404
2650
6041
7003
10983
742
1016
4488
6395
5885
1146
7898
3226
8882
9018
1181
6978
11145
5767
9144
10970
11294
9691
2329
10804
10653
5318
5109
6398
10564
3538
3865
4651
11027
2682
10062
6780
10476
7335
2463
5043
8071
3699
4971
6110
1894
1799
10984
5275
4653
6623
2905
4590
4284
1991
10610
10862
11110
10279
2002
1596
4708
3299
4434
10174
8221
10618
8178
1342
601
4745
6785
4956
3438
1769
10462
7083
8127
5558
4587
8701
6129
1732
773
7393
3700
7899
997
7978
2851
2907
8553
4482
8327
6680
3969
5385
769
9391
8487
4768
6168
9718
9889
8866
5232
7086
4019
8829
4691
7739
6604
6951
563
9947
479
7958
9933
5263
9136
1305
8280
885
2322
4294
8200
8417
5461
8500
4263
918
2308
5274
5257
568
5719
5482
7170
8063
10530
5493
3833
6637
11197
10440
5358
7906
3333
9831
7594
1915
2933
1589
5948
9118
937
2830
10519
2762
8152
10670
857
732
1221
3764
4014
10197
5874
5561
10808
7923
2779
8963
4096
10818
5084
9985
5041
9918
5843
8937
7608
8282
1748
5700
7551
10826
2444
2897
5653
6926
1127
1289
8140
3940
6491
10133
3831
626
9848
5011
701
8582
8236
9281
6216
3547
6134
2191
2303
2238
1512
5598
1054
10544
8653
10276
2707
2631
5061
3428
7366
8859
3316
10200
4374
11255
6080
4614
7144
7688
5860
9948
10474
3834
1551
6549
5129
8981
11347
2010
6342
7933
9935
5836
11192
7845
9263
4935
8303
8627
8932
1509
480
1650
7724
8377
1754
7700
7682
2459
3372
1124
1049
9379
3221
9468
10952
1632
5526
8323
4000
9349
758
1286
4979
1470
5067
11246
4008
6088
10785
8552
6477
9352
3211
5302
8645
9658
10326
8381
5645
9027
4578
4864
5028
9168
10374
3730
884
1576
6257
3373
6792
7073
7217
1301
4622
8497
1030
7988
9031
1074
6599
5511
774
8777
9220
2662
2497
9762
2530
3052
2082
4385
5349
591
2984
5310
5282
10769
3561
4859
4435
1974
11356
1686
7753
1885
5501
6687
11051
2608
8351
4847
8593
1747
7024
9044
9365
935
2290
2541
9278
10235
1145
8292
10887
382
8684
4036
6672
2195
8987
7538
2190
4822
10323
4376
10117
5035
699
10046
378
8171
8342
1844
5177
2048
9560
1129
3486
1303
6451
497
7491
2531
6339
5989
7598
9354
5721
766
2166
1670
2777
6006
1217
6868
1053
11124
5047
5138
6474
743
7851
5399
9781
638
6058
10878
4260
415
6872
11225
4187
3227
1954
6802
1881
4972
7216
8508
3305
6053
8934
523
6547
5436
7333
4043
2150
11101
3575
4879
7464
4918
816
10705
3612
10055
9100
5351
9093
9910
6239
5168
8358
3836
1239
10091
8991
10880
5755
380
6141
9200
3070
737
6567
4876
5313
1562
6503
9293
8149
5083
9228
8442
8274
10108
4127
7431
418
3762
7409
9217
2369
8359
5202
5261
6831
6207
1651
8287
770
7006
7676
10482
3718
9803
9452
9716
7249
5112
2224
8481
904
9495
8814
6976
7234
3781
5646
3640
6862
1538
793
734
500
2693
10479
5412
7383
7091
8643
921
5744
5947
7824
3192
2637
5014
8967
2119
6817
8897
7606
8850
10061
10076
3418
7371
2240
8687
6122
9074
8485
3638
7175
8241
3049
3935
6593
7736
3167
544
6314
4411
8397
3675
4677
5819
10184
2148
8032
576
7115
10782
5160
4233
4823
4167
9924
9978
1492
988
7268
3232
9416
3436
3386
2430
9080
10277
4173
7530
2500
7922
4576
3208
2690
5466
9794
652
3112
3715
8475
7397
7643
5108
11341
6105
6153
4035
1134
2373
5566
6383
5693
4327
10532
7722
4344
10758
9666
10613
962
11327
5815
9041
7291
2450
3505
6842
5395
6546
677
6788
10487
6696
3832
3791
9672
700
9271
8435
4395
3737
1966
3842
9632
8832
1832
1061
1607
7414
7880
4410
9922
9621
3535
6008
4289
6056
4882
10950
3804
7272
1804
6148
10812
4303
2864
2133
9546
5139
2039
1795
564
2056
1078
7776
7582
8314
8089
7702
2192
4808
4133
1410
5051
7757
9657
5848
10685
11184
2625
5314
2361
4639
9771
3173
9339
3964
9552
10524
9399
10367
1105
3370
8125
1735
9050
1132
3116
10590
858
4163
445
5098
9940
471
10213
4089
8591
3394
4361
4744
9813
5812
3119
9259
5371
1523
10922
8756
3709
6858
1903
9646
10762
9110
2931
4427
7668
1472
2085
10829
3902
3076
8563
3297
1033
5876
1840
5451
405
7916
6490
5877
3568
1325
4371
9235
4240
4572
5905
4733
5733
1136
7945
557
11216
6898
11287
7492
8276
1900
7085
7496
10069
848
7266
2536
9764
3035
6480
688
1448
7888
5672
7660
8335
5474
7477
2848
6515
8556
9656
7120
2079
2416
5283
1691
3705
5734
3095
3733
5707
3712
10866
5024
6797
8394
1936
8659
8368
619
929
4636
4266
10654
6195
1517
7696
5312
4994
4835
8733
915
10389
8337
5353
4950
535
9397
10858
5513
8580
1340
8663
2265
11359
3816
8483
9949
4838
9186
5007
9529
3401
453
1434
5763
11344
6861
10463
