2653
4073
5977
8597
10131
4151
3732
5280
6761
849
1855
7750
6527
6358
9926
10550
7636
7326
10533
2245
9772
2861
3392
4757
3751
3536
3094
8173
7382
2069
1441
10741
5542
4543
9997
5005
5613
11289
9900
11194
2113
6327
2836
6349
10532
11251
11283
6354
6707
9034
5234
1908
3003
4067
1962
3723
4142
7770
8748
8437
391
2247
2494
3516
1744
2236
10571
4422
2456
688
8172
6752
10558
2188
1209
5842
6431
1735
3476
1202
8215
5136
8307
10144
3266
2411
10648
4709
7151
6289
6278
10696
7429
642
5792
1128
1268
5639
8199
10030
2562
10169
1454
5555
8498
2485
2041
1055
10710
7191
6064
8598
4545
9768
3632
1933
9605
3768
4205
5289
2808
6976
10446
6136
4702
4535
4562
4636
1875
10347
6434
5418
535
4967
9304
10229
2940
1730
4455
7080
10357
7901
6185
9885
8555
8304
5179
7489
8611
1470
7499
2024
2174
5192
6151
8719
5364
9157
9660
8671
8031
10213
1261
3499
11249
5186
5115
3298
823
11223
5078
7597
1632
7869
7130
2160
2876
7915
6410
6059
4960
591
9179
9072
4735
2865
1830
8161
11298
10128
3275
713
6068
3019
9217
6725
3011
518
5510
8562
2264
6664
5457
1362
4855
2468
6938
9384
10060
2019
4946
8548
5765
6821
7241
4374
6871
2262
3926
1689
989
7622
4369
11019
2910
10439
3450
3464
3044
10287
11375
9161
9583
922
5587
5490
7306
10377
3100
7353
4331
1011
3665
6947
10986
944
1370
2106
7483
10611
6625
2667
5528
1977
4379
2499
9701
7849
4656
3642
4615
8758
10124
8620
7500
10493
6338
8861
4311
8391
8374
4295
842
3318
9717
1709
6503
3470
11374
7513
1976
10779
7123
8864
6475
6339
5676
1490
10316
543
4028
8953
2182
10168
10626
6114
5290
6352
4392
5985
8071
10034
3878
4920
10536
7951
677
8660
7193
9815
3933
8974
11224
2718
8549
9441
4729
9501
817
7347
1483
1440
1553
7529
8627
5221
7057
8234
3592
5968
7114
6595
847
349
961
1657
5625
1142
7338
1528
3798
9639
9778
1152
5569
1974
4872
2433
3673
876
10334
4983
804
7571
1544
3977
4462
3758
4018
7581
4676
4191
646
2845
2061
8177
1484
1012
732
9257
2054
4853
10606
2754
4573
5777
4585
1371
1082
10780
8579
745
5815
4473
2146
2311
8132
2921
981
9545
10563
3887
10619
10850
7843
3181
9203
8982
2484
10354
5352
7478
6454
2503
9407
4301
8245
11024
527
7898
11020
7861
5583
5212
2637
376
2850
6194
8100
9946
1840
1424
2864
3561
10981
10014
2671
7538
2327
1839
9021
9618
3603
3891
10690
8961
1624
8251
7677
5245
7261
11050
8346
8261
1693
3951
2983
3581
8572
7242
8467
8096
1343
10704
8433
4830
3770
10249
4336
9283
10806
3195
1770
4597
1828
9626
2539
1824
4964
4874
10090
337
5783
6790
4086
7371
2159
5237
6540
11330
7905
2907
3355
8024
5134
7101
7556
6469
10180
1021
1426
9440
9186
8527
11156
5430
1823
8867
9109
7932
6840
6991
3788
8091
3239
4047
7718
3864
3843
5835
9082
9609
5328
5946
5388
7998
7524
6261
8569
3453
9422
2782
11034
5837
9115
9073
6659
7214
350
