3946
7818
6434
2309
6840
1568
191
4185
7175
2253
460
6683
116
297
1071
43
3977
10129
3508
629
9545
105
2667
212
1908
7982
4757
6473
3751
5214
6067
555
143
2468
10201
9184
9019
5457
106
7176
70
5510
7
10000
4854
2455
8245
10719
231
5403
10577
4934
2459
11331
93
2090
3788
137
5836
5479
697
1142
3318
1358
694
847
92
11050
3686
6318
1171
8595
2928
204
10779
2847
114
7291
8122
104
2155
4988
5944
8349
1470
8579
174
2503
8149
3631
11025
3502
9701
1072
164
6976
10131
10969
10231
4872
6452
173
9186
3406
5613
200
2325
7070
969
7884
9491
1612
8421
2
4005
4301
10537
2191
10606
5734
8
6535
284
5280
66
72
7027
9948
557
222
23
9582
5914
784
4295
1858
8215
9956
6595
10550
3476
11099
9905
5568
171
9329
6289
8719
2782
6029
10703
2436
3624
8173
4243
7057
3603
3658
2983
646
2900
4130
7132
9445
120
337
5968
5527
10741
281
7811
2836
10158
1976
298
849
7241
261
79
8234
1567
3151
2361
9534
6352
6811
7718
3160
2180
312
9639
1632
4853
3118
78
333
10502
11318
11289
3286
168
10519
4520
4264
8862
1962
35
5384
4047
3181
2426
5835
11374
5840
823
8555
688
307
9217
11020
2862
5409
7214
922
323
543
3755
9997
1843
6923
6143
7679
5352
9593
11283
62
7575
10283
10429
10533
315
7534
10287
2826
2048
260
306
9657
6165
1343
1744
5225
11026
3245
6225
5167
872
4983
11194
40
2199
1531
11019
4422
5334
27
4796
1977
3209
7429
9609
9304
8268
299
1426
9921
522
2327
4463
1693
1607
6488
2159
6327
7892
10229
10853
7114
4964
9157
7861
3877
1834
214
146
28
3451
9394
7695
1490
185
3829
21
3907
794
77
4700
3097
5468
117
2456
33
2516
3763
305
308
197
10648
1839
10
5179
7948
6338
5115
336
4205
5027
4966
220
5323
10076
5053
7205
189
8346
3011
8498
4830
5290
248
910
9110
196
10060
7801
11014
1019
804
9044
109
6540
162
2403
8046
129
5783
5197
4729
7636
4943
10074
6431
7500
10436
4445
7449
4857
8181
7896
7034
1139
7020
3141
125
2754
326
6503
130
4004
10659
6728
1092
7883
257
52
10942
272
178
142
683
2562
8023
321
5931
6707
3117
3332
1432
9747
9490
2806
1854
7762
2485
2887
9556
2991
1388
3044
4311
7556
8161
150
4164
1186
195
7075
19
10186
1519
6630
5186
4668
350
6002
9203
5639
8611
5074
745
1021
1369
7059
6560
8748
209
10501
1781
8535
1735
4702
7919
9109
201
2775
11210
2373
10536
3951
87
1450
7603
4545
161
8861
6068
8517
7774
9649
10941
9107
11121
291
290
145
2549
259
8267
518
1104
10446
10833
4649
74
6022
1307
8953
5528
4297
5964
65
2927
10466
1963
123
6339
292
4913
10725
414
1252
944
6185
4960
275
8637
10253
9061
4625
579
3985
2386
2810
3033
6914
5697
391
1777
11029
7998
9183
677
474
25
1974
8474
3109
911
8982
2247
4923
8976
8516
6557
6506
6296
2502
8048
10558
2940
10018
5224
10347
97
10857
7901
9452
2458
9172
3
8097
6460
2718
239
223
2551
207
6556
1177
7581
6268
6358
6124
7513
3723
9422
9889
9441
156
7587
4160
1463
4656
81
9904
285
4280
7572
930
5402
5748
218
73
5810
11008
2966
3219
8199
1125
4183
7338
7869
9115
229
269
10937
9583
9237
7757
5583
295
7389
7746
265
4379
9108
9379
234
3298
3331
2433
2556
7409
587
357
286
9073
10408
2157
1583
9163
9788
8457
404
317
2256
8671
844
10249
2041
10803
287
4077
9667
3864
9882
3597
9772
5245
6361
9381
8290
101
9623
158
7891
1785
11231
2890
8974
2528
1827
10710
3070
2496
8467
8515
328
6664
2737
5192
10794
10571
124
5444
6562
3392
5770
4733
7340
6129
5797
4028
6469
5058
4658
37
5078
8437
1483
1544
8710
188
187
6083
1441
2442
7242
289
3544
5136
10780
4749
6089
4308
5838
3450
9257
11288
110
6844
270
10034
9900
10830
8251
5430
11277
8502
5555
7347
199
11106
7322
4859
10483
9161
8524
2302
2283
108
7329
1800
7524
8256
9636
6637
8232
2088
10493
5644
2165
10169
8919
3195
11
6474
3659
7905
3933
2819
2864
45
8930
10319
9125
10958
10621
5608
5767
7290
6
278
283
22
85
9795
1770
9105
9969
94
10839
5814
1202
3926
6944
8250
6031
1306
217
50
11045
3887
11300
302
6588
11349
1223
170
6995
128
9021
7396
11250
3786
5763
8784
9092
215
3516
9815
29
6821
2228
139
5490
4636
10525
6853
34
7303
7761
193
1010
3041
3732
6572
4236
3812
1261
5564
728
4122
7591
6527
2236
10704
9768
11107
9283
6762
3464
2494
527
8741
11225
7699
7419
4331
6158
8636
88
11018
9699
2838
113
8057
3878
8177
9034
4975
5223
2393
8895
247
7836
176
1521
895
5118
1771
1553
2924
8569
159
5649
183
2876
7893
9072
8949
3201
4446
2650
7254
10213
11373
5866
6131
7984
10791
5819
3807
4562
6542
817
10928
8308
734
1023
9033
10414
8024
5217
1498
9538
7386
9501
535
3003
1538
186
2808
6411
11195
1689
5800
1791
245
5104
236
18
10357
7326
7499
8951
53
2115
71
8627
9943
4228
11041
7529
1730
1830
6454
2311
11135
82
9325
6136
330
324
1440
10532
5827
6457
8660
8261
216
9407
4535
10676
4259
102
3525
8229
1297
100
2921
11298
4514
3939
7172
11326
179
8527
227
55
345
6235
591
1370
4945
180
874
9373
47
3171
10802
10544
63
10009
14
1480
313
2000
7597
6064
6292
6591
2276
686
267
8410
435
11034
4180
732
238
8455
10180
10168
192
3094
9192
1451
3315
5569
10252
3153
68
2547
9113
266
10689
8764
9885
31
9916
8961
3569
5731
7538
7261
8993
64
59
1099
1905
11228
237
262
2371
314
232
3236
6132
8548
32
8682
9343
8678
1060
132
6987
6027
9489
9415
160
2164
7552
7504
9480
7668
10679
3671
8864
9728
2330
8433
11224
1159
7804
4534
7824
6090
26
7191
5854
7489
1875
6278
3074
46
5282
5362
2245
8374
7101
4374
2106
386
80
6893
1876
4871
8859
4967
2637
961
208
5018
6385
3146
5612
4272
7011
6508
1855
4261
2861
5121
9549
103
8489
6820
11295
6482
10696
211
172
6752
5
599
7123
4637
5542
318
9708
11337
9229
6861
2520
11235
3453
10045
3082
8399
9926
271
989
4067
9953
7054
8572
4
9537
1149
4696
2841
3434
883
9494
6169
10365
10090
3147
7944
8598
2182
8944
3832
76
8650
4388
5134
10377
1457
5946
2653
4985
8758
240
11301
9843
11013
5086
10986
6699
5480
7193
7634
5212
10784
8882
8787
713
11024
7925
6717
1979
274
5358
8304
9691
51
8597
5837
1528
3727
3700
1624
2972
1454
6613
61
210
9376
10316
8080
10670
10674
5813
7648
151
6725
7712
3111
5599
5765
5784
913
9660
2316
8487
11312
4946
7958
1995
4492
5625
9492
6112
10600
154
1660
7664
6866
4073
8134
7573
7458
6906
8711
1766
133
41
9082
8098
1384
5258
4980
303
6349
10896
3633
300
10354
166
2160
5651
10384
10008
10080
8091
8088
301
3172
4953
5440
95
3380
9763
153
6704
7702
246
7371
8117
48
5491
4159
1242
5338
7207
253
7306
2185
311
7281
10254
3490
6044
2425
9605
8867
5503
8562
3841
10297
8310
2146
3038
7521
979
8241
6196
7991
9117
5676
2196
10806
10528
152
175
7483
1676
9750
812
268
75
4069
1824
121
9070
2672
751
1363
1760
2032
11310
7201
1181
4322
144
8726
3102
3275
4325
3355
3043
4787
7292
8732
7758
9287
5985
376
3100
4644
7474
3377
8034
9200
9209
205
9903
6237
273
4615
4891
6203
288
6940
6114
10086
11009
1484
233
9946
4584
1529
263
439
10812
1582
4326
11251
4018
3988
10334
1823
10927
6475
249
203
8927
6018
309
2265
6410
167
155
112
1906
4065
322
1585
8707
1117
8386
2147
10138
10128
5794
1749
4676
9785
7033
1364
5328
4060
8396
6814
2113
2174
3632
5849
255
5418
3758
842
3728
9952
4285
84
134
8035
5364
4391
1931
1012
7352
38
4735
4817
9440
6845
8104
8776
3349
7382
4063
7271
5708
7583
4244
4369
6991
1892
293
17
3836
3388
3866
9928
2910
8702
11315
1489
10563
9271
163
6038
1407
4597
1152
8604
1049
332
42
9179
96
2865
1668
5268
2609
9638
8972
10913
693
1268
839
479
2616
4034
2019
10124
2845
8675
181
1069
1128
10439
147
8307
10572
2298
3605
3536
1380
1972
7045
4108
1371
5388
119
9977
3891
8132
712
9232
10451
6784
251
1396
7916
98
10336
1447
6938
2173
2954
1657
8616
8305
8778
7353
5029
981
198
2417
8391
6374
2369
169
9626
83
10140
9282
7080
10346
4675
7966
8798
213
2406
3745
8696
228
90
3216
10461
241
1608
954
57
4128
10748
6208
8940
226
5237
3879
3656
149
3673
118
8620
7557
11149
10626
4323
1400
3246
325
244
4462
6827
5846
131
4709
10832
4392
30
6040
11049
9002
9717
10416
49
15
4470
206
2480
4855
9081
6790
1303
6019
2694
11156
4741
1764
141
8715
4135
766
3530
11223
10295
6880
876
7590
731
54
3592
7622
6825
8364
91
7724
7932
5724
7328
770
3843
