3770
6821
225
10571
3464
2485
4108
4018
6454
4545
4853
7303
307
7648
4028
7151
349
7483
300
44
10131
46
8555
247
211
216
8999
7429
279
7478
2264
243
52
3878
198
195
10287
6431
50
23
3094
5192
6820
104
109
2327
427
10913
8627
6991
8091
1069
91
236
6814
5212
11020
7905
10558
4252
7191
11156
10231
302
2484
6625
9605
51
10563
1689
274
82
5528
77
10986
2558
154
5186
287
11018
45
227
8
11
646
5221
3592
1440
181
4573
90
7
5837
234
5078
312
244
1855
180
207
3798
11019
3723
6064
10249
125
92
4855
9252
10080
7529
8062
3450
6947
248
9772
1908
5409
4047
137
295
7347
5765
10391
9073
9545
10384
176
28
3603
7145
6358
8569
2146
5777
9157
1875
1451
5587
2456
21
260
8974
161
591
3843
8719
315
278
6560
7843
4392
0
7869
2539
6292
337
228
18
2
9639
8261
11034
114
6289
239
7770
3147
6761
7636
10533
257
9768
9445
10060
55
1202
7932
3788
166
270
1608
7919
1977
262
3266
68
69
6527
10144
2024
8234
5542
9660
326
40
325
1363
9081
4
5418
5968
7101
111
9346
3951
3926
5800
249
218
8597
6022
745
8173
286
6752
8251
4473
170
153
9618
175
171
3355
4735
10780
5510
2876
118
87
11024
6327
224
88
5402
36
5639
10180
5234
6825
895
1962
7242
11283
5457
155
172
276
3864
15
7892
9583
31
10169
2754
732
319
3887
6352
1426
1544
178
6194
265
9795
6656
6
8038
7353
64
288
4336
220
8391
7898
4830
116
8474
102
58
642
7597
151
210
1906
8867
10090
876
7261
301
11374
6410
5569
8572
7281
266
7241
5503
1974
2819
6475
1071
5616
6542
310
4455
8758
1012
110
35
10076
215
10377
321
22
1657
6707
1824
2864
10710
5697
1470
6354
5658
283
47
139
34
194
6664
132
61
100
3318
113
2653
1709
1823
95
27
9556
4369
281
7556
261
10168
89
9203
1933
330
1021
246
7057
1976
693
1209
6976
196
174
2503
6185
10446
3153
6315
10334
8245
250
39
290
7338
1082
9082
107
14
6871
5328
817
11107
4191
5352
1693
222
1424
4205
6278
221
1
5289
2865
1830
6136
136
3019
8071
303
311
7132
6151
145
9717
173
8548
4702
7382
1538
72
3673
126
4535
201
922
3239
2106
518
1624
535
11194
3
4676
8671
7489
73
4379
106
62
7951
9638
6261
3751
9441
117
849
2808
9593
6339
5613
130
152
391
1480
308
230
10014
93
267
289
11298
324
3536
190
2411
75
268
7524
10347
9283
7668
30
804
474
213
179
320
209
156
8268
237
10779
11330
2845
103
8039
2316
10626
8864
7679
4857
11251
231
7500
7750
12
160
277
3581
10981
168
6508
298
112
269
8741
327
10034
10544
842
2311
1730
9926
8549
6540
2921
140
2019
8100
4391
25
232
944
10802
70
7114
142
4585
1744
233
8861
7499
7581
9626
8132
162
8498
989
713
543
3561
4874
676
5490
7513
9186
2069
202
5005
10690
4729
252
9440
3070
5136
149
8595
5625
316
124
4757
37
10493
5835
1306
10030
158
163
9900
7571
6338
306
1735
253
7677
200
193
3012
314
2247
8437
1261
10648
8953
192
8199
138
2910
5
304
3659
255
823
7326
3044
115
10439
9021
8024
7901
688
2174
6068
7193
10229
258
2671
8611
3977
49
5644
2836
7915
981
293
1370
318
182
1171
32
291
6659
79
9943
7849
11289
8031
71
205
219
2054
240
9701
847
245
108
254
4086
8177
5179
4597
7334
9885
272
4988
8346
9407
2983
9072
2637
4374
4967
48
135
187
3003
294
212
263
189
5792
78
271
3632
296
259
10611
1528
3453
6019
7371
9623
24
144
5532
2861
4142
241
962
188
3812
1011
6938
6725
134
67
10124
9034
8433
4636
4543
9217
2296
9501
10696
8096
74
3298
2041
2406
280
3665
159
101
4615
7322
1128
6840
10128
264
1343
8579
3516
313
65
10354
11375
10525
177
4920
5338
123
5115
4067
4948
10357
8620
6434
8748
323
6923
251
146
165
10451
11249
1441
2907
83
4964
5810
2433
1553
6891
8364
6469
43
204
2362
4295
1152
11009
8023
3181
53
13
2113
26
4422
336
5815
105
7123
1839
10532
9384
5029
282
10550
9304
85
299
2663
119
435
20
143
8527
3490
1142
2061
1632
5840
150
8927
1371
206
309
1484
54
4709
376
148
9946
9609
6349
8307
10606
5280
223
273
2157
5583
7080
2468
19
1055
2940
