1500
2656
1735
1876
3522
10519
11310
2927
9465
2609
7587
10913
4039
9763
5879
2712
7334
6937
3003
5031
7753
7893
3280
4322
1959
7622
728
8983
3558
9434
7521
347
3569
10216
6468
483
1828
847
5430
4355
4757
953
9072
7948
7523
8718
7325
7409
8716
9699
3631
10124
10690
7505
7758
5053
6719
8463
1186
5402
7118
3461
766
6310
1165
3094
10033
6374
6728
6757
3665
9487
6832
3141
5633
6987
8416
1531
3516
11283
8232
3529
11005
1055
6431
2650
8780
7892
9125
10034
6495
2647
7080
3175
10138
9157
10779
6470
6452
3982
2371
6141
7478
10270
9161
9383
7089
875
930
6339
10162
6067
1315
9276
9387
7264
4965
7742
413
2465
694
8787
8442
2826
9605
9377
6457
7902
10937
2872
2847
2276
5206
3949
6810
3960
655
3476
9609
913
2032
9562
8247
7465
8024
6314
3716
1890
9002
4690
1600
2808
1528
7685
1042
6315
1431
4623
6861
8290
2660
5781
2434
5840
4026
9404
4558
1057
7882
9243
9870
10532
1660
7377
1087
3219
8515
8711
5569
8805
3615
3273
5910
10458
2490
7514
8220
3686
3554
9277
8764
4340
1856
9694
7728
6359
9952
2077
4118
5458
7544
5666
2849
7010
5289
9273
5568
5104
4194
4317
9236
4108
8157
4114
4055
9376
5767
4988
11042
795
7386
9796
10766
5001
5798
9023
10814
10972
8210
9264
9794
5734
9495
10704
7176
11075
7761
9916
3434
11230
3907
5651
542
4658
5697
1994
4475
912
7916
7556
11301
2324
4006
2233
3295
10572
6926
5845
1189
5669
7968
6917
3146
6890
7473
804
2816
8243
7492
9255
5205
5860
404
8320
4853
6924
5263
1596
9231
4464
7045
9649
7780
9866
9549
10297
5280
3603
872
940
709
3642
6267
9295
3040
7419
10854
2146
10226
6840
6657
9364
3794
7970
8972
6906
10023
5866
10452
7311
2062
1059
11049
9033
3887
1112
10009
5788
4259
4720
4272
9361
10068
9747
11246
6262
11091
6676
4688
10969
9232
3384
1484
9422
1572
10045
9464
7207
9459
6880
7006
1229
4289
8136
8173
8719
3888
9795
3933
8627
9229
6345
4073
4421
10873
5058
4889
10803
1142
3118
10408
5214
7054
998
9343
2115
6009
7140
5167
6535
10739
10736
6842
7036
6698
5384
8710
9921
10013
8887
2946
4358
1843
992
11289
9660
4236
9926
8498
7982
697
9432
11371
7184
1422
6704
9484
6453
7059
8161
2088
8177
1159
2731
4245
4696
3210
9483
7261
5898
1504
1352
4432
2199
7372
5362
10556
9538
1295
1760
5941
1815
7490
3115
5086
9657
1567
1181
1800
2971
6068
8071
9391
11024
5538
5914
4733
3150
4180
5353
844
6327
7224
4987
784
2236
8862
6838
4621
3464
731
3022
9184
3266
10433
4607
2047
8755
1389
9419
869
9209
4573
453
5837
3044
11050
1984
1875
7905
4534
2162
6907
3970
8993
6090
1125
6281
1398
4514
10874
4411
1841
6227
4078
3624
10384
3769
9656
3762
3662
7762
4520
4960
1083
1893
8717
8652
6089
5029
11298
7884
2253
6038
9612
10726
8455
9353
578
2155
9328
8963
2484
337
10656
1879
4478
6920
10850
8895
5320
5699
3998
8741
7693
7172
2556
10787
9587
10839
5800
9997
9519
9793
10585
7869
9085
2466
11323
6136
4543
4640
10798
2637
1857
10747
10008
9358
6275
11017
1080
4572
10469
7749
3727
2256
2983
11357
7043
10327
5964
10253
3082
3019
4997
1924
6604
5456
4003
7896
6557
4555
4069
7075
3925
10985
6759
10806
1846
5878
9633
4172
7778
1697
11287
1441
5836
4080
3213
1136
8396
10994
1764
9163
6278
3961
563
2068
6475
9939
4575
6659
3447
10833
4077
2924
1220
9298
1977
686
10856
8949
11044
5435
3392
7288
4336
10031
4901
4812
9375
1824
6630
9897
2838
3171
8427
5832
10212
8475
6503
9900
3160
10674
10319
6914
6725
6132
7263
6202
7636
9187
8111
6790
11231
3760
9943
4787
713
10446
9953
5824
8951
4123
5110
8675
435
3536
4183
1153
9933
8104
7353
3078
8701
4285
8142
6203
9455
2677
4441
4741
738
2069
2195
1297
9012
660
7086
11113
9109
4084
6434
7489
3843
6819
10131
8569
4946
10415
4129
6497
2860
1440
1480
883
3282
3110
4656
1000
2742
4462
7114
7257
901
1905
1213
5403
7123
2264
1451
6911
5187
8134
8735
6568
333
1510
1306
5464
8898
2836
6837
1819
5502
11277
7923
5490
4321
5763
2485
4934
10526
5334
2386
9558
9469
5118
2563
2598
3356
7959
5282
9020
4422
8234
3658
5412
5224
5616
3680
8277
4854
5667
8306
1744
5728
10192
9445
8253
7151
460
1380
10027
10364
2549
8511
10577
979
434
7898
2714
6976
6244
10399
7668
3700
2325
8784
2298
1602
6506
10786
8119
2627
9237
8367
10148
2782
9708
7919
345
7291
5519
2653
3546
4855
7322
11015
6225
11232
2765
3403
1933
549
8421
5565
3737
9219
8362
1781
3275
5555
9146
8305
10425
8953
8358
6170
10451
5663
1285
3641
3097
1834
9329
2316
10949
6482
6893
5186
9524
10365
8108
8039
3054
1757
4768
4789
5928
9627
9903
10420
10418
642
10368
3032
2913
1342
3985
2819
1272
7725
10679
1777
1457
545
9386
3238
4682
9822
7628
4273
8072
5693
11292
4753
7011
2991
2459
1011
9601
8433
2508
6077
839
2028
5532
1666
9172
4867
11107
8205
1400
1556
8501
4859
9136
2552
2186
11303
4418
7130
1960
9582
8750
3344
6029
9837
1419
7209
6683
5673
5853
1023
2781
9515
7592
693
8219
6853
9728
1726
5261
10346
10397
5457
7964
4710
9120
6411
6458
10000
3991
3523
10823
3291
1246
7329
1056
1901
3088
2030
5723
9287
3659
9110
10144
1242
7449
8699
9998
3388
2042
5074
11307
11296
5142
9491
10973
2506
9050
8466
1498
8100
10941
8046
381
10687
936
1709
6871
6385
2522
2503
5229
9774
2528
6674
5338
6448
1785
8836
10566
5911
11260
2787
7273
7328
8708
8096
9962
7382
977
9345
5172
6425
987
2533
4134
4020
8310
6538
8092
7516
1766
6866
8878
3349
9958
1071
1999
9259
3499
3879
8170
9179
4028
8099
1369
4324
6544
7648
9381
11223
4244
1274
9784
5095
8474
2972
10942
9798
10340
2292
366
3874
6864
4654
1513
2502
2417
8767
661
2810
11338
7597
9304
5459
9669
1690
494
885
9765
4444
6143
7188
3627
5428
8964
944
3946
1982
3507
7524
11213
8287
3328
1847
3901
7242
8974
7849
4568
9905
4931
2697
8861
5505
6338
7126
7406
3673
524
4662
6369
527
2659
5336
6114
659
11347
8098
9716
8264
1782
5946
3630
4788
4730
2176
5587
8857
8664
5676
9494
1730
1252
3138
8280
7396
3195
3934
9400
3739
11239
2939
10855
7129
5196
9214
9384
8555
4795
5783
8309
8665
8583
10879
1956
8578
8097
11034
9510
2865
1684
5792
7843
9537
3977
9534
11058
3013
3183
7551
3111
6707
2080
3508
3812
3670
3669
3429
1362
3656
1797
474
4948
1117
3633
7070
9091
7547
7145
6305
609
2302
4353
1021
9441
11098
10438
4376
1734
4637
4584
7475
10642
7290
11099
5813
7750
7757
8634
10861
2106
10411
963
7994
391
9824
7958
2580
4308
11008
386
1632
5468
579
11329
974
369
11195
9593
5478
7307
1668
831
4063
2426
8386
11346
4067
2370
1832
2876
8070
1738
10558
10869
5810
3733
535
6022
4301
8893
5027
3988
6855
8976
3350
11121
11189
9191
9379
3717
3713
7637
1655
9081
1722
3172
5233
7664
2932
3112
3732
4603
9927
4173
5023
6312
4803
9456
8148
6488
2164
3117
3319
8998
10104
8276
4446
4945
7572
1774
5979
4857
8166
10127
7233
5115
3581
8378
1106
1482
5791
8549
4388
5608
1454
8961
5715
6543
10544
2048
6252
9654
6210
11038
8084
8250
5931
1481
11228
8091
3725
2247
6651
364
3326
6231
7147
8999
2172
2864
2455
7541
2369
7132
8873
10429
6464
10366
3286
10716
9119
1450
3231
10078
11295
6857
11144
6061
6836
3577
8008
1823
376
4562
9611
3302
1594
7005
10322
2196
7571
6603
7718
2070
1113
10689
11331
10080
6398
3245
8598
6527
7824
2433
5203
10559
4817
421
3207
6040
10754
7709
3912
9855
3594
3918
4281
4346
10660
1892
3441
4993
10185
8673
3836
10611
6671
1693
2662
3761
1280
7915
10070
591
1489
5437
10110
1396
458
7746
10288
7526
10292
2917
1436
10723
4130
2564
9948
1126
2670
2182
1012
3637
8444
4873
2174
9373
1049
11326
4943
4814
7225
2045
8726
11373
3592
10180
3878
1838
5269
7191
10986
7033
7629
5849
5388
11131
10414
3050
2403
10011
2327
11020
5213
8732
11378
8809
4709
871
8802
9841
5198
9887
5671
3100
10962
1350
4326
6645
10412
9554
647
11063
2877
892
5503
4226
11364
5184
4392
10347
8031
688
485
2910
2713
439
5968
10617
10416
3666
8543
1119
7590
9447
922
2956
7542
7811
9632
9374
3216
4176
4025
6292
8270
10410
10116
9192
2547
8678
4879
1152
10927
6729
8038
11249
8758
1708
4327
7413
8940
1483
4286
4018
8635
1171
7294
10357
7281
7346
2169
3246
2456
1583
3719
5439
11235
6031
10938
1962
6096
6298
2054
8212
10076
4985
7272
11147
2404
9862
2413
6083
8776
6150
7740
1406
9437
4377
5985
466
9205
3829
4428
8668
4160
10934
3763
1897
9251
10158
10177
4523
9865
7493
6044
11116
10922
7020
9271
2031
954
10063
6221
7712
10511
2296
1175
9452
2562
7786
1008
8048
9945
3818
10044
4749
7101
7404
6139
3033
10336
5748
3227
4112
3758
7910
9541
5892
1763
663
6825
4644
745
6100
1903
8025
10355
1203
2981
8064
4369
6318
2411
3361
7645
5100
4455
1659
1164
10289
5409
6196
10958
5420
7303
4085
5858
2806
6204
3065
9788
3525
7925
4305
10252
4700
10830
6301
1854
6560
910
8487
6235
1963
7476
5217
3939
1747
6259
1111
4191
4295
1318
6809
8599
6014
9104
1363
2734
1388
8896
1923
5438
11051
3364
8636
8483
11190
5192
3968
10168
4021
7488
1643
10146
4062
10186
9904
7512
7484
1232
10911
6598
9380
357
3854
8245
5378
5121
1809
2301
6151
8088
10809
2603
5018
8019
7575
1673
11330
886
1749
10804
8775
2873
2295
1631
504
7376
6925
10286
7418
4913
2663
1519
2220
3470
7173
10345
5510
1593
1563
10213
5602
11300
7818
817
2341
6562
2541
2228
2041
1608
9310
7436
8882
8132
1268
5234
2421
5958
5223
1721
5595
9204
4313
9480
6354
8374
10334
11299
9019
4980
10528
2393
2470
7991
6081
677
6473
10676
402
7504
3467
3672
8251
7362
2551
8562
4692
8430
7909
3012
332
5314
9399
2173
7891
3589
2719
2061
2437
6569
7429
6834
622
1717
6918
5679
401
6996
11261
2165
6366
1320
6237
7034
5078
5527
7812
7633
3661
10928
9021
8704
8281
9896
4164
11197
4486
8932
2486
4035
4608
11071
5275
10263
5564
1589
10724
10670
969
8391
2737
1943
7626
2317
10041
4004
6352
8606
11194
2954
4701
6625
7581
6964
4221
9626
2672
2931
2709
11324
6382
3597
9406
9195
878
9238
1462
6881
7338
3903
6637
4429
819
3463
2916
7148
1634
2117
4748
1624
6039
823
11336
6770
9951
11187
7483
1490
10600
10612
7340
8848
1407
2639
1392
3921
11041
1177
3864
3808
8639
349
6938
9638
8641
5005
11018
8261
3745
1082
10748
2977
8002
6781
2180
962
3588
8610
2511
11337
8393
10393
8117
1555
836
9320
7552
10991
10201
3819
2376
7770
8788
8035
6814
9574
5290
6750
6091
3243
9759
3147
2685
7815
10939
10349
4027
4086
10229
6065
5624
4473
2636
10550
7901
3502
4170
4264
1437
5724
1906
10231
7763
6289
6124
9309
8919
3109
8399
10551
1019
5599
981
8528
5153
10123
6331
8057
1241
7474
4747
6358
3803
8256
6656
1401
11172
5583
8937
6717
4047
5639
7392
10883
10249
8556
5977
2766
5688
11349
5732
6947
10571
4445
725
2920
1952
6610
5069
3093
7500
1105
7057
7534
3451
7729
6821
6027
4649
6762
1995
6229
814
5352
7801
4185
10824
599
6992
4171
9885
9585
8471
6309
9282
770
443
4205
2829
10339
2680
5528
7402
812
8122
2108
4135
11369
10703
7002
2730
4675
8679
7306
3113
6072
10316
3370
8237
2996
3221
9695
4600
5882
4492
9761
5504
6112
8965
8307
8321
5644
3557
7246
4365
7883
427
5429
8080
8548
3748
3964
10581
3450
3239
5972
5444
1502
3866
6692
751
2094
6600
6827
4060
6410
10553
8782
7012
9285
9970
3707
6851
1621
7271
629
4891
4187
7836
6891
8062
5835
7364
4204
4325
4953
10014
5245
8720
6802
4872
10255
7573
2373
8228
11318
10105
9667
9252
1648
6843
8572
5451
732
3755
1149
10999
6116
2862
3783
9523
9082
1775
5814
10323
10835
7347
2147
10801
895
5900
1140
1585
8969
4463
4311
8267
10307
8086
646
8492
7254
4880
2234
8485
9183
4380
3807
6383
4512
10981
6376
11031
11009
7655
8034
7776
1568
7439
7326
9182
7550
10377
6131
676
1223
4964
11162
5179
5013
4636
6326
10060
6025
6485
876
7789
10589
683
11079
9122
1487
3347
960
2861
3544
4967
5731
10599
4296
4832
479
914
2125
11156
9221
6034
5819
5404
11314
2966
2652
5154
1094
8457
6491
1426
3734
1303
698
3891
10563
9159
6636
1123
2997
10082
9750
4548
7133
10696
10539
8109
4416
9607
6721
3444
4147
6940
3101
5408
11055
3927
11029
8804
5552
8538
4391
8680
10784
6508
5237
4904
8102
4448
9169
9565
9986
9923
5815
6761
4864
2255
4005
1463
1072
6172
9556
8620
1521
9790
9928
934
3723
5322
3877
4947
9034
603
11130
8524
10407
1050
8616
10030
8215
1801
3070
11251
4861
1840
7951
6158
10626
8517
10111
3452
4090
6591
9327
4975
11106
10802
1417
5974
10557
1364
5646
3696
794
1931
2159
10283
2984
10354
11288
11149
8892
4188
9278
2192
11002
1086
10648
4806
1387
9946
11045
4796
4423
7677
3377
3875
4969
8604
7624
2339
8696
8376
4735
6102
3605
10685
331
11135
9843
10808
8707
557
4923
5445
5535
1839
11173
3801
1100
9639
8660
917
9621
9222
3770
6664
989
7178
3355
6208
1845
7027
2962
1612
772
10259
2568
336
2616
5777
4668
10479
2467
3394
1424
10819
9246
9652
1791
5846
11157
1972
2852
9117
10140
10794
2113
1996
5597
7197
7938
4331
2362
2644
575
9045
4470
8703
5227
4984
2897
1974
6174
5515
7605
2442
2626
377
734
4835
6793
9113
11312
8842
5770
7339
10137
9076
8095
9073
5692
9496
587
3584
5028
464
1370
4276
9580
10606
9889
4998
10462
1393
6844
8502
9217
1047
8941
6268
2157
7253
5874
6296
4008
5921
6443
5807
2183
3342
2818
1676
1687
10499
10647
10791
5418
714
10525
8403
6194
5146
11210
1496
4777
4298
881
356
2099
8930
4202
6542
1529
392
4729
8233
6787
5635
4602
3948
7804
9061
6991
8090
7214
7695
350
456
5380
2436
3926
6334
8849
4615
7603
1044
2671
571
9623
4218
8743
7292
2473
3493
9415
9785
5550
5533
9500
5258
1651
1176
9671
4983
7451
1307
8611
849
7267
3209
2667
3151
5854
2883
3832
8286
1255
11225
11066
6927
2468
1261
6595
8715
1442
10254
1591
7193
3751
6460
6752
4809
1128
3768
2841
9407
3298
8349
8181
10926
3870
1485
1202
5323
8467
555
9768
4585
7513
3940
398
6435
2577
8206
5328
374
7774
8651
9772
9203
2815
4323
810
7053
2245
3490
7175
3095
9826
6690
1948
8868
4604
924
6361
10502
8486
495
999
10107
2128
3074
6916
6059
8489
5625
5570
776
8278
6878
5410
11185
522
5381
7021
6558
9993
4297
1051
6699
3236
2575
2921
8909
2412
5127
3930
9882
8055
6266
9290
4128
5541
3777
9778
5704
9283
6349
9618
10211
2191
1127
4280
8990
5302
610
9267
3788
9969
10831
9489
7996
2513
3025
9092
3406
4159
2219
2646
10780
8085
5944
3156
5877
5476
727
2265
6169
5364
8650
5442
1060
9013
10692
518
4597
10533
8289
2311
8437
