1526
10495
2176
11121
1027
4621
6911
9496
9277
9093
6657
6595
6983
10178
6453
4170
6683
6374
3101
1809
9921
7655
8264
3918
10619
9387
3100
6820
7909
2552
11162
4317
3557
9383
8095
2088
9774
1697
5352
3642
9222
5835
4656
7233
646
2719
7728
8802
10780
5898
8804
8149
4659
8245
8256
9131
3982
4573
4325
5134
772
10418
2285
2972
4838
1544
6542
6385
11066
3444
10832
2160
10316
5533
479
7062
10408
6338
2734
8990
7897
1134
10853
9842
11213
5860
3110
7377
7483
439
9761
3907
7224
9907
6296
10110
4796
7272
11014
2775
8386
4749
5624
9012
7101
4874
8727
7898
6114
6761
6781
7664
1660
11228
3476
2260
4703
427
9203
1791
10030
9391
4993
1556
4060
10000
5001
886
8944
7550
7271
911
10253
10685
11005
4450
5550
4668
11008
8148
8235
1126
5479
974
6572
3441
4985
6326
2605
1841
4075
8309
9320
1933
558
7925
2522
9238
5027
10169
6503
9962
7113
2549
9282
3040
8862
3239
4830
8999
8889
7339
6690
1255
6208
3362
3153
2199
3788
5053
640
8229
9993
5104
3627
4880
4873
3686
1592
2562
5570
6843
7459
4785
10969
1153
474
10433
2680
10855
11369
688
2563
2106
9669
10766
1976
1417
9684
8119
9290
6354
1531
1315
687
10748
3318
11330
2054
2376
1396
7080
9928
2001
349
1498
5671
3406
8084
4535
4159
10918
1104
8620
1318
1419
3109
1962
11020
9400
7776
7905
3025
1838
3361
8867
3331
7572
3988
7685
9558
622
2709
10559
2996
1827
981
8037
5268
2705
4744
8157
1441
10571
8433
10355
9997
5568
9013
10425
7165
9119
6146
8562
1823
7801
10090
3777
7372
6067
961
1099
825
381
10031
7605
11038
5275
5734
2253
1123
9110
2103
8039
4662
3758
712
5408
1612
1127
5362
9593
9343
1223
6435
9587
1044
9184
4380
7679
5663
3633
2180
10779
11315
9866
7225
10414
3529
7709
5018
6558
4948
9386
6406
5322
6656
9585
1847
3998
1538
6772
8716
7151
1373
3704
3739
8784
8578
9986
5312
8606
11231
10295
2264
6366
7932
1181
2079
4128
7504
875
3208
10429
3067
1781
8472
9656
7241
7382
8304
8498
1572
8501
2694
7133
5928
11312
8172
3022
6987
10346
1567
8136
6907
5384
8122
3977
8511
443
6495
5651
6525
5541
3762
10620
1977
7036
7757
5613
9623
10270
8088
4835
9541
10307
2437
8599
10833
2362
1397
6601
727
10439
9784
11232
9136
2829
4272
2921
6044
5732
6793
1963
6210
1593
10585
2939
3097
11013
5367
9443
5302
2439
4020
7763
6556
4891
3812
4336
9345
8663
4462
5118
3801
4608
4700
4949
5788
2128
8228
8170
6352
7970
6853
3737
2316
1087
10937
2568
7811
6802
3094
10314
869
5794
5437
7205
5381
6825
8555
5877
5478
6194
2718
3783
814
6064
6977
7512
10062
5800
5290
4228
6551
2520
6143
5812
2984
2174
2256
4164
770
3138
9609
3141
6591
8212
9456
435
4388
350
8175
11075
912
3131
1173
7542
5505
3727
6855
8471
728
5874
924
10999
999
9763
543
1165
1457
7915
3946
7836
4448
2295
4809
5031
2824
6361
4988
1144
2336
8233
10830
642
4298
5770
1690
10557
11054
5490
5639
4710
4004
4946
7419
1060
10824
2000
10972
10501
5415
8598
4812
5420
2371
7326
5314
10896
3447
5378
8798
8025
7193
5538
672
5187
1519
5428
2883
9581
10458
4543
8882
11135
2255
9243
10794
9956
8702
9115
3038
2496
7404
4753
4303
9217
6827
2954
2816
9582
9137
3748
8221
7306
1057
3658
2636
8595
10985
655
10716
1149
4864
5196
8968
10803
5622
7263
6031
1392
8064
4832
4109
8483
9945
8024
5393
2309
10861
9251
3084
6864
4859
342
3808
6506
6604
8399
1801
10410
1722
10124
6938
7910
2712
10377
6289
11035
11024
3117
9073
8878
1651
4478
2741
7750
2473
1834
8416
11303
2512
4369
9795
914
8569
1553
11100
10676
6339
6924
3070
8583
8696
10146
1760
3344
9657
7439
3291
3490
10786
8887
11045
4486
9897
3377
10874
7307
1913
6434
11325
7334
10076
3761
8710
10033
6985
3544
2322
10229
3581
4383
829
3794
4964
4667
5878
4321
9221
7053
7948
5851
8668
4322
8277
3630
3970
7607
6129
7012
7389
6235
2301
4504
9186
3074
10420
8548
5792
4055
7405
1072
7484
9583
4067
7267
2714
6473
2262
10621
6464
1924
6244
10104
5450
1689
1023
8660
9556
8715
8664
2019
9419
4877
10018
953
4123
6102
3370
5203
2928
1511
6707
6281
9163
2672
10719
2030
9006
1083
4151
10391
1047
6375
6588
3082
3063
1407
10667
9896
7994
2977
6065
9491
9998
6411
5263
4432
11144
9477
10249
2626
3951
3656
8949
1996
3175
6018
8161
10795
8097
9905
7538
10357
5827
9671
1142
9867
3231
11326
2182
7057
2191
2575
831
8142
8220
10819
5985
10526
7556
11019
1440
8611
3569
7281
5729
3680
10962
9750
8320
6082
836
3300
8466
2433
2196
4134
2403
2234
7500
3755
4243
6425
9765
11181
3201
5807
2887
7089
10411
6787
3470
2872
2647
2276
732
11077
6223
4130
8048
5667
7409
1657
10660
1824
10812
7178
331
8427
7257
1339
2311
8261
1484
5127
2916
4118
3866
7322
718
10723
3888
8046
3745
2031
8306
8219
1726
1266
2324
8070
10850
4376
4428
4346
901
8961
1303
6878
10687
2045
11017
6752
3236
5625
1406
1596
3798
9385
6991
5035
6081
6079
5212
5206
9381
1384
1563
5198
8689
910
2708
8378
6727
1125
4236
8637
7222
8880
3961
10071
9943
3011
11002
2302
7951
6136
10432
5052
8080
10263
4062
10334
1085
8680
6947
7418
10696
4658
6227
9716
1342
4379
4026
6237
7246
10883
5192
8524
10589
5269
10739
844
663
8487
10086
1442
2303
2185
10741
3480
8474
2920
7386
7191
4709
3719
2580
1119
4463
9191
930
9515
2983
8993
6759
2616
8002
9882
5731
3985
2932
7325
9822
5911
9304
5468
5666
11221
3577
4872
7038
4901
6914
6719
7371
4997
6266
5403
4365
4748
9310
3181
10746
2697
3227
3282
9850
11329
3355
3534
944
9229
11049
1765
6231
5599
1422
3807
4221
3499
9900
9466
11357
8281
4172
10287
6090
4173
2283
5528
1393
2024
4069
4308
4252
5069
3874
9708
995
10339
7473
4077
6917
2413
1708
1883
4311
7725
11191
3003
2406
9346
9580
3384
11337
1747
3728
2848
1261
5662
8038
10060
5636
3818
812
8523
1879
4475
3948
3588
7214
1858
5289
11307
5748
4296
1830
1676
7291
7018
10536
3364
8099
10407
10689
5749
9364
6448
8290
10368
3786
7518
10643
8778
11223
10226
2466
2247
11331
8241
7774
5798
9169
9082
10725
6172
5336
4455
776
555
8976
4129
10438
8892
6692
8965
5491
8758
1774
3273
987
5796
2608
8072
9298
6927
8267
7033
9485
9161
2068
5595
839
9146
7581
11156
2865
6607
6630
8767
4087
9452
5565
4512
5258
7172
1186
6944
9044
8098
2125
10349
6469
1246
7547
401
5921
9465
7731
4295
4620
6968
4649
6118
659
3380
963
1845
7770
5358
1602
6170
1734
549
6645
5858
3662
1272
1019
10572
8836
2296
10180
2099
10873
4676
527
1431
7958
7557
5845
10934
5832
11197
5679
936
4473
6488
4562
9959
6334
4706
823
3605
3631
1721
9500
7429
4391
4411
4331
6568
8270
2486
1055
7292
9494
6040
9373
5838
2228
5688
6613
3732
11341
10162
1436
3246
5535
1931
7288
578
6475
1176
7462
977
4441
3717
8516
7893
9651
7996
4005
8927
1876
3673
8515
9689
8034
8307
5133
5958
8092
4307
7329
10479
4575
7571
6698
6468
8346
9855
5552
8849
8748
1632
8678
10710
1634
7130
5724
2810
4795
7636
1172
9252
7402
7671
8604
6353
3597
6571
3221
3238
8754
6544
7134
11189
10364
11323
8486
2333
2195
10674
3700
10195
9122
7524
2862
8023
4313
4514
9329
1959
1159
7132
3558
1771
7740
6844
456
8597
5649
6202
10804
7253
6995
11194
7818
5402
895
8682
10119
5430
6002
9759
10900
7499
3787
6275
1585
7622
4074
5225
4803
8276
5013
7505
7896
8102
3209
2467
4063
5892
10942
3672
5454
5597
6822
7789
2962
5783
7045
11029
5994
10082
10618
5146
2341
3434
8719
6784
1470
7982
2146
11292
7539
11051
9167
9626
7583
5708
5564
10949
5602
11187
2117
8291
3150
849
7357
8455
5323
10148
4340
6728
8711
10483
3939
5733
6861
8958
4065
2533
4285
8091
7020
10856
7541
6165
5840
11178
10913
9328
1717
2069
9407
10336
10823
4871
11310
2133
5464
7869
5910
5791
4953
8909
10869
9554
3733
2188
6221
2815
9325
3349
686
7579
10469
6940
9092
2660
2850
2502
10261
9172
5395
9109
1682
1568
1139
3603
6014
4041
10879
9601
1203
6842
5444
10365
9447
9785
10451
3388
6452
1117
2516
2841
8485
8979
392
4983
7043
3350
7493
5793
2724
9081
1854
8086
5334
8268
6637
9337
4923
4035
8679
11347
853
11018
2508
8199
7123
6482
2600
7849
6699
9885
10692
4768
4185
5765
9612
5213
5328
1668
11277
10857
2458
3146
9107
5445
10128
5442
6916
9487
5889
3525
7129
4027
2048
1252
402
9952
7385
2484
6059
10991
7626
7884
3286
7966
2172
10297
10809
2877
10272
2094
7575
7529
1152
2499
8232
4056
7148
1655
3160
8699
7436
2374
3493
7482
3926
3708
10798
4259
4654
1059
9949
980
10231
1896
10040
1782
4176
10659
3522
5504
8027
2361
6034
3760
10938
3769
8864
5715
10177
7347
5693
6814
3147
11050
8391
5853
6885
7048
1424
3940
9489
4861
11346
11042
3669
5502
522
6717
3873
3713
10462
8538
3912
9926
6112
5320
9870
6762
9790
2411
1999
4692
3841
9406
3332
356
5646
8111
2348
1994
2108
10412
579
7812
9948
9862
3584
2183
7054
10041
7110
414
7786
3216
2077
10319
8393
4747
2730
4625
10323
3012
2864
11287
7126
2742
1890
10558
6923
1764
10952
10252
11177
11116
6725
7702
404
4558
3041
2421
11260
3508
3555
7458
10037
2609
5476
5261
11210
10726
2454
1960
8166
6881
9253
1490
2465
3516
7490
7628
8442
9768
10519
8308
5388
8951
2826
10754
9257
10201
5673
2890
9501
10312
9537
1092
8489
10140
8672
10478
4690
1358
3266
5418
2677
1609
1555
10690
9183
5964
2442
10259
4429
10129
7678
1749
3356
1350
9437
6268
5078
3986
3004
2210
6756
7603
571
2851
2490
5723
7916
11375
9654
1111
9699
10393
434
7758
7824
9105
7634
8735
10107
11336
1369
7624
9547
2080
3854
11025
7353
7328
4218
10111
9837
6019
10034
6810
587
9645
7919
7718
1011
10045
5136
3536
9815
11301
11026
6557
1790
3925
10009
10612
694
1010
9710
2468
7406
6458
5929
4244
8857
7352
5029
9565
9513
4585
541
337
6327
2685
7201
5234
8259
5166
6838
1956
2426
11224
10941
8650
4205
10158
4353
6497
2539
1594
5763
5005
6918
10603
7396
3078
3878
9970
4787
8755
2913
7475
10466
5142
8250
6108
11106
2220
2876
5658
4080
9621
5280
5583
2656
7059
10926
5457
9639
7998
377
3043
10808
5459
3864
7761
7552
3666
5815
10384
6262
4572
3448
4523
9903
9824
9273
7778
5542
11131
7135
9694
5186
9490
10986
9187
7010
5413
10502
683
4147
10127
1483
2192
2330
9562
5692
8177
533
1343
1297
3659
4326
347
4806
6925
697
10647
6508
10347
1763
992
4246
2667
11251
3172
7592
3632
6540
1856
3464
855
1607
10210
3213
2924
1280
6566
6529
9887
1209
5194
10911
4464
2528
5797
10599
1496
8963
10386
6950
5612
1069
4639
1364
7724
3115
1583
8206
10255
6457
5946
4545
5854
8502
2409
1432
5587
7514
6674
5728
9125
2431
5095
8286
6893
7591
7749
2219
5217
5777
8182
9939
5458
6636
11374
5380
6704
7700
698
3671
4730
8671
8982
4281
3342
8917
3319
6413
3328
913
7451
11295
7516
2456
5429
8941
10787
5074
9691
357
9019
9117
7021
3843
11283
1100
617
2748
1656
6349
8743
6072
11086
7474
6305
693
2985
9933
2173
4555
11204
10897
3210
1984
3725
6920
11318
4182
7727
1285
8707
4305
738
10461
6341
3272
8321
5480
5944
6811
1972
7629
8535
10656
8764
9492
10995
9847
8205
2991
9549
4980
4114
709
4777
806
9231
1398
4377
4623
4264
6664
4142
4351
1815
6527
4517
8380
9077
8109
3877
7311
10720
6029
6038
8280
9377
3088
10464
7590
2503
4122
3665
4920
2059
2224
5439
2838
8289
9469
9483
7639
11147
11055
8085
9538
9379
1380
5866
3716
2997
9157
7991
9080
6860
4604
2646
6821
3968
2927
1905
8675
8708
6141
4931
7112
6840
9889
3637
10131
1770
2113
5784
8998
8305
2981
9376
6958
10801
11361
751
4421
11349
3427
9650
524
9440
6819
1050
10551
6610
9841
9160
4644
6331
5532
4073
7861
7870
11157
9459
9023
535
7414
1648
6150
1450
6461
3102
4327
874
6204
3615
9200
9633
2901
878
10216
8777
6039
2833
11031
2639
6431
1735
6196
475
5974
10436
3156
9495
7883
6124
7188
5221
2494
3933
6009
10292
2598
960
8945
1021
881
2603
10105
1839
8253
10027
6857
10784
3054
3580
10254
4324
5814
9545
9295
3298
4034
5058
1094
8701
5908
1846
1113
10544
5167
3019
7346
7901
10958
8108
5197
9611
1128
4008
2663
9076
10854
1086
6312
9445
11071
1819
4261
1908
1489
2042
2480
2558
1049
940
781
2041
10397
1582
9523
7984
8741
8008
8579
4355
5404
2754
4889
8842
3429
1855
9814
2265
2651
5810
10841
9070
2847
9108
9259
6310
1232
8062
6151
4879
4741
10679
10831
6277
11009
391
9276
3561
4289
1982
3452
5435
6871
6267
9794
9717
5571
7011
3803
10008
6757
6832
842
9111
11123
7413
5179
4276
784
1704
6504
9946
1481
3113
1766
4021
6252
9700
2900
9843
5471
11299
3315
6729
7942
7145
9507
2032
2910
2062
5931
5819
9219
1840
7742
1463
5813
2328
1105
7488
8673
8475
2650
7902
5184
1000
7637
10670
1370
918
7303
5842
2819
9205
4602
1371
6651
1387
3453
3465
1504
11133
7086
11107
5028
4112
610
5351
3592
8987
2165
2782
6474
2861
794
563
9432
6096
5914
9728
8410
1213
366
4682
7799
1177
5205
8349
3594
1482
8932
1589
1451
1671
9951
8331
10556
9204
8972
4006
2971
1502
9685
3530
6996
1352
5079
9813
2873
4506
867
9232
8861
714
10446
2845
7526
9865
9404
1828
7209
9195
3463
2852
4998
10820
10068
4947
8517
1307
6598
2727
3033
2061
5409
8809
3960
7990
6185
3171
6041
2425
1189
660
5007
5364
7449
4788
2236
10074
1895
11041
4966
7813
7478
10764
7197
9236
5644
5761
7723
8930
5353
4965
7767
5676
4702
11079
6139
11088
3403
1744
8364
1608
3456
1892
1320
5387
4374
2137
4323
8651
7944
3044
2157
2543
6345
460
6292
6025
6625
4194
2233
1112
5527
8787
364
9977
1480
2766
917
6845
2436
6866
332
3670
7489
10626
4729
333
9046
2187
1777
5569
4975
3451
9629
9021
2653
8055
11239
5228
4701
2671
2519
8071
10123
2162
676
5100
6770
10525
10550
1832
7492
3734
4637
9636
1447
3392
8543
374
4853
1948
7465
8726
3245
2090
2292
2940
7367
1164
7693
9020
8859
9660
1487
6078
3661
11314
4987
1140
3302
2377
8467
8527
10577
4855
6283
2122
8526
458
8452
3543
3523
6376
11099
10493
1500
8374
5785
6309
3991
9263
3347
2781
11364
6369
3770
9510
10563
2393
10537
4273
2956
6261
9524
7140
6603
10219
1017
6906
7523
2776
7175
2338
4568
1923
871
4195
11250
6994
8940
10032
10553
3832
7699
2765
1363
1943
6318
5451
5245
7645
2907
8549
4418
10642
9415
11034
7417
10063
661
1979
2551
5214
9159
5555
5237
9209
745
5972
3964
1738
11149
6539
10814
11190
11368
4028
8635
4078
8848
10939
6169
6454
11130
11185
4180
9701
3095
1275
8627
7521
8969
453
4297
10994
10648
1323
538
4967
8873
1673
9394
713
2931
4735
2169
8665
6809
3887
345
4470
8974
6158
8019
1666
5440
10080
6976
2317
9034
1600
