8072
9373
5624
6756
222
2455
5854
2456
812
9380
8524
9082
10138
10080
220
2196
3603
2862
121
4004
1012
9246
5490
6131
9580
5815
207
7173
5194
11251
2900
10981
9109
2551
7991
2316
9076
1568
1019
5564
954
3888
36
1931
8455
277
8999
3686
3866
10086
8972
8748
5835
159
6906
120
4069
3236
7757
6068
10952
732
2188
5528
3594
1369
206
10676
683
5323
3392
1094
4730
5814
3507
4667
10532
116
8437
6457
8726
8096
79
6844
8031
10297
3111
9952
5542
11191
5217
145
6
4280
1484
5468
7724
9510
5364
345
4637
9179
6283
1621
129
5974
3209
216
9490
311
3985
4676
7685
3151
2147
6699
10316
10483
7036
6659
10719
293
10254
7070
288
4191
9107
8682
9163
38
1152
5784
5819
1113
229
11025
6595
10784
325
7057
1209
6124
5384
85
2041
194
10577
2236
5444
249
9639
58
2146
173
3946
2417
198
8787
31
8627
243
7140
4749
90
1202
168
2433
4920
5338
9605
166
6014
9583
9750
7712
5569
6604
43
883
1668
9108
3453
5587
1962
1126
1364
842
6358
1480
10169
962
10621
34
3633
9556
7552
7222
7843
6656
1913
298
62
5052
9926
322
4308
7130
5658
5005
6374
275
7
1815
3210
6411
10536
1544
7547
4470
1749
5595
6968
6761
41
9491
5393
283
9325
73
4311
10436
5268
3624
5179
118
10550
2861
10659
10416
89
4272
4025
40
1159
911
7172
7451
1424
74
2327
280
5666
9002
5282
232
238
6475
11289
5612
1042
4236
9183
9593
9217
4729
258
190
2539
5328
9507
3172
3561
59
9021
1933
5688
1142
10557
4331
3109
5352
8953
5583
1948
2442
1447
178
587
1099
6194
10213
677
2298
10078
3665
9582
4953
11324
1388
1358
10528
9343
5616
3038
8862
5724
10558
10927
7386
4285
9904
10551
7478
5104
2765
7101
4859
162
7429
6944
9905
9660
320
148
1268
4656
1454
138
193
1011
6591
2047
3977
4520
6452
11034
10928
6040
2317
9969
1657
135
230
133
7893
3117
1528
1908
7556
96
5118
39
10140
4018
54
6473
6728
8927
10195
5358
27
11213
213
4296
1995
4003
4180
4183
6315
131
2637
3907
337
5224
8232
2155
9900
1553
3812
8098
9452
6278
1709
1470
11323
5649
686
1722
2373
11026
9513
9501
6468
5136
2496
5234
305
969
319
6690
9545
4264
1781
240
2311
1139
152
6158
8421
2547
11221
11312
9072
3723
11013
817
3043
3302
1777
71
2564
107
1092
11224
3656
6721
4960
5838
7753
11041
9923
6301
11230
6460
766
2815
7998
4573
6185
5302
256
5
9137
5810
745
2113
4346
10499
154
3074
2712
126
147
251
7059
10295
9441
7010
981
3807
4649
4060
2174
7338
849
279
10856
3033
8864
9440
944
3318
8321
6926
7700
8250
11024
9480
7114
7241
7290
4787
6506
3153
391
265
2115
10249
1521
1489
4063
7207
155
2671
8710
7145
9489
2164
2872
1261
223
6064
4747
3019
474
357
3239
9795
3864
9110
10690
5800
7982
4475
136
4074
1905
4709
7326
163
7898
3700
10377
9044
8579
1417
214
25
239
3266
8535
1693
9081
3760
10128
386
9422
7205
111
14
2185
5797
10600
7334
9585
6976
11295
7488
5013
2502
3530
518
7132
4422
6995
7634
48
6707
1834
7919
11325
7869
11277
6132
324
7538
3349
7984
688
6261
2864
9701
2966
7958
2245
7281
10009
9953
642
5673
6717
2940
10766
7668
2403
8671
6208
1612
68
4980
3951
1730
7242
10446
7622
7352
6196
8048
8597
8396
5639
8172
1529
8660
19
156
7557
3788
5192
9309
4997
259
7419
374
7801
2069
8085
6940
6165
13
3476
105
1069
2256
333
5613
9618
11249
1760
2516
3879
8039
87
1906
6454
3597
3328
5708
267
140
1596
1407
6938
784
175
56
6002
7679
9977
1059
6259
11099
3275
139
11156
10806
8276
4688
1827
3011
2806
7504
8732
53
4934
7080
7896
17
2157
5840
5289
9538
4615
5651
9903
2173
8149
1790
5237
5258
9415
9385
1785
161
2160
1567
10720
11315
3100
844
10533
2819
10855
9638
9772
103
5187
1104
4891
122
329
5798
142
86
5842
10670
9717
1843
734
2048
7664
10334
4326
9232
2653
4325
5403
6225
114
1901
7214
318
8743
294
172
3658
7322
5837
330
1766
10076
44
1306
1384
5827
4108
186
5697
88
8080
2296
11194
10074
6169
7597
5408
9657
10619
1223
5946
7020
101
10703
8798
5290
9125
10850
16
535
1362
8719
8487
7191
5836
7449
6508
8057
219
3525
2192
11210
10408
7534
6853
5225
10201
10779
3770
1
257
9384
104
8873
6790
6038
5334
11
9632
289
10571
7677
10794
10253
11300
6845
10461
7571
10323
6630
5777
4948
5767
5571
3508
9376
8071
8678
9117
4176
8261
309
4757
286
0
4901
7529
300
35
3355
555
4625
4817
4853
2468
127
295
165
6562
2939
8616
6034
9667
9364
2459
2262
1426
11123
6482
10018
4872
1972
8549
7396
10000
8034
1735
7849
876
4983
7581
6151
2556
9495
51
4130
6556
6022
149
237
4323
6292
4065
63
751
4696
117
1307
435
24
9105
247
1846
3762
10439
2520
2411
92
153
8088
77
5167
4964
49
6893
8895
2850
8764
11375
11121
7905
9229
6947
7518
8055
212
6725
2090
263
8961
7291
7932
1689
2549
1734
10969
2841
930
176
5785
9252
8349
8177
9768
349
11225
10787
1583
158
6354
2406
4492
108
200
8308
6488
7347
205
4028
5027
8062
4244
9921
5214
4562
6683
3102
1632
847
171
9728
9534
11310
276
2605
5734
255
2907
9885
9304
8267
3836
2694
2865
9186
1242
2667
241
5964
6019
9209
179
7818
6540
7027
272
10611
10525
5491
2024
5985
10618
4720
2210
7636
4923
3671
1976
4702
6031
8778
9
224
1876
6811
1010
5503
20
8776
10034
124
2425
2302
1660
10384
2
203
712
5532
8161
5115
1744
7572
6560
9419
5134
157
4252
3631
5018
10830
8364
3380
1463
3933
2088
4228
11130
5223
6891
3012
8474
76
2061
7382
3044
7499
8498
10972
10808
1800
125
6298
5086
9537
3529
9203
9184
6410
3536
10168
326
5362
2180
6542
132
2276
197
3758
9943
8100
7436
254
10679
2325
8702
306
11231
9191
4086
8391
2826
130
245
8024
9747
7966
231
6871
9271
1764
8517
2032
4164
9916
11149
7591
4543
3716
11250
7034
439
4913
4584
6996
1450
4135
1996
7261
10748
10231
30
7054
4005
804
1771
177
4336
9948
7836
9394
910
7306
3470
301
5552
2054
6821
6664
10563
80
10648
9865
4034
3748
2718
11337
376
2737
174
5510
8974
3094
8675
7709
9889
2426
8
3331
7328
8993
312
2480
8305
2910
6338
350
7901
5479
5813
9843
2361
6385
11009
292
9061
7762
2283
3050
1127
2374
10802
7804
1021
1483
8237
10741
8122
1451
10357
872
182
10986
6987
4295
2562
3832
11050
8861
10365
69
2253
3171
1857
7925
5792
6129
6880
2264
5908
7648
9494
6244
11045
9778
5206
414
6203
10429
302
1072
1055
4585
10572
167
9379
7521
5457
2309
11049
3926
4830
2991
304
4985
3447
8784
3988
1828
8136
10287
7123
11361
5914
1823
8569
5430
7951
9626
3673
23
11330
5866
296
99
7303
4388
4374
1490
4946
4297
317
3315
5765
11371
134
233
3728
4455
6920
3887
11232
10030
2972
4185
2650
28
123
9649
10186
10399
4668
8527
7389
6784
9070
8173
150
2330
4142
185
1582
7151
6827
9986
10710
2954
8181
6136
4151
10606
3642
3605
731
234
115
8637
4473
8025
2182
6625
6296
313
6838
7193
208
7573
1602
10896
8949
5565
6044
3070
10537
112
579
244
10626
1119
50
202
543
6112
7892
629
8555
3768
1175
8696
728
4644
874
7916
10501
10393
250
8215
7175
479
1220
1363
10791
3246
3450
7824
10414
261
1186
6029
427
646
10869
8346
1824
3147
10493
6861
9946
8882
282
42
3
7891
3877
264
10913
3181
2000
9387
4967
9346
10090
180
9407
1071
3732
770
2558
2191
3968
6114
15
4259
315
211
8374
1974
895
3544
7201
5783
2639
10060
2362
1297
5807
4205
5944
188
5212
61
5402
10014
1875
2019
3451
6431
110
3569
3734
4446
2917
10270
6474
8117
3388
694
269
32
10158
676
3146
327
3669
6018
9492
9815
2528
591
8620
2159
21
10131
4391
1979
6237
11301
10804
10229
10451
100
248
4945
5197
1082
4658
7811
2386
1977
6327
4087
11106
1023
4733
6840
97
5221
7385
10283
8867
11373
8199
143
3733
78
146
9034
3818
1049
4379
109
181
8982
5931
10
8038
45
11107
242
2754
3939
3499
10857
9997
12
195
7176
10696
7750
6059
5058
11020
7915
307
332
10704
60
1352
522
2265
5029
9515
1770
10833
4261
9636
2484
7575
8516
918
2609
8134
9033
67
9609
10689
8416
6914
221
6527
1181
2371
7254
2663
1840
10519
9329
989
356
1624
137
3751
10812
184
5035
3592
4700
9549
10124
210
266
5977
1171
3118
4084
10466
9928
252
6762
310
281
4874
7774
6866
316
5608
6752
823
5568
46
5599
4122
3798
9159
106
10724
3581
235
29
11223
328
4445
3347
8091
11014
7761
6334
3464
93
10346
1676
128
1673
3286
217
10144
2499
9445
6772
610
5849
10391
7086
4947
22
7770
9956
291
10747
225
2490
278
4463
10725
8489
4
2672
273
8457
260
