134
71
39
823
8
9501
202
2876
113
306
5697
6540
3758
1624
221
5583
223
117
9638
6527
6790
6358
163
104
250
10626
169
17
7214
336
2808
922
92
76
10377
1906
43
817
1484
73
10619
257
3044
9441
7648
228
6136
77
8927
314
28
107
130
5842
20
5587
5136
171
2910
5815
7
300
66
313
308
109
6022
10384
3275
7489
144
1426
114
13
10060
3659
162
93
3464
44
302
989
4374
185
11375
161
22
10080
6318
8023
7898
269
11018
1055
11024
9605
5179
160
42
8579
3318
9545
215
4379
4331
9034
53
9021
8173
3933
176
246
304
745
9082
153
34
82
238
106
2499
305
7132
297
2296
1209
6410
152
1962
209
19
10131
11009
198
194
5837
212
4392
7130
2247
10334
217
310
11249
11019
6820
271
68
265
5418
6825
299
2406
3665
289
3153
9583
8474
30
8620
121
36
1261
247
133
74
4018
135
311
8527
27
319
143
193
5
2024
7429
204
316
139
10213
154
9556
8627
2862
58
261
4065
80
8177
78
1371
181
2754
200
186
3887
79
9943
260
233
3298
4142
4988
91
6840
9946
1470
7353
3070
67
10451
70
7801
10571
259
6327
1843
295
6292
157
11050
10018
10550
1483
5792
191
116
65
2362
4709
83
57
267
277
1657
205
2061
5625
159
14
18
8251
220
190
6261
1306
291
24
280
10144
5328
10563
72
25
9304
5237
1171
232
149
255
2782
262
147
323
6
86
1011
8038
230
16
274
6194
253
3012
8031
327
2
146
7557
224
2157
847
5289
218
1021
8199
7919
2264
1933
120
1730
50
249
89
37
52
45
3195
15
141
244
279
3632
6725
47
178
248
4946
8864
3453
11
8758
2245
226
251
3266
4
26
7843
2311
3891
9252
1770
282
7500
4573
1
9926
4067
5639
10391
9772
1735
3100
201
8719
6947
243
231
195
286
174
7529
100
35
132
6469
290
8467
5186
219
7057
266
206
145
3
196
349
4151
10287
5613
4473
6814
3470
9229
182
122
3977
3812
1268
115
41
5338
1544
105
136
10030
427
2940
216
8399
227
10231
4543
170
732
7114
1553
175
4702
54
242
296
88
6349
33
102
9422
188
288
236
3181
84
10
124
180
273
256
90
9
125
8391
543
151
21
211
56
3355
40
119
328
61
309
7750
9407
1632
9513
4757
474
6821
177
6656
281
140
62
6991
60
214
137
6068
165
5765
183
64
155
252
804
2983
75
6434
240
535
5245
294
129
9717
3788
31
9346
317
4422
10690
2921
9157
229
158
293
3019
284
2327
2456
3315
8268
8039
6354
166
1343
263
179
63
307
8569
329
148
94
7915
3751
168
7998
2174
4872
4252
4817
4615
98
278
7242
6059
12
5280
11298
10544
350
4948
268
150
112
676
7303
324
4191
5457
69
298
322
315
101
128
1069
222
167
3392
164
245
7191
234
6339
207
59
