8132
6203
10973
7114
5533
1730
831
2860
9916
8212
11246
3673
7257
2824
3968
6603
3597
8788
2829
292
11338
5692
10364
10297
11331
7328
3878
3970
8367
5671
347
9896
4374
9997
3272
11020
3318
2609
413
6914
3829
3040
2558
4675
7966
120
3961
93
11121
4795
3118
3558
3171
184
10124
8071
1689
4445
4817
6170
6527
9495
5413
10812
7059
168
6009
1010
7499
2775
4243
10589
8142
9465
4204
11088
5813
229
9494
187
11349
7637
159
7571
6116
10656
10577
7639
3044
2185
2406
3841
5212
7034
6827
9491
2776
7762
10377
1879
3508
6283
3588
18
255
7573
2838
123
8880
4041
6061
2737
9649
1905
647
6916
8172
4877
6375
2247
9632
3146
3798
8889
7367
4814
39
10720
5206
7753
7729
7557
242
6822
2336
7901
10883
8887
1051
3879
11106
5166
7372
2647
3172
4135
7462
10857
8309
3544
1274
130
8867
1589
5403
1255
1398
1019
5289
4160
3101
6382
153
4187
9900
9013
10566
9487
9905
6469
9842
330
8748
2125
9866
9044
9310
1094
9605
5409
7776
10499
3589
9184
1738
172
5323
1123
1666
8598
4701
6431
5269
1777
2325
2921
10972
9685
6996
8364
296
17
3502
5964
2946
5428
5334
6994
10856
7261
2437
200
7645
6165
7685
3074
20
247
9862
6560
4164
1392
8958
10502
1972
135
1757
3441
917
126
6781
11172
1482
6002
297
7727
6729
9691
7780
7514
6136
1342
6757
10319
3280
6790
3557
7505
981
6542
3444
527
9221
7592
4280
6598
231
6821
4748
4202
8161
4987
1838
3627
7534
21
5258
1943
99
9815
5877
3111
8569
4636
2541
10219
4142
342
6845
7910
1544
1621
312
6353
4444
10736
9380
8119
169
136
7197
2864
2069
4983
10349
2373
10754
6194
9638
8572
9510
8917
6540
377
1513
4600
138
745
995
7712
9374
8247
2577
6950
10952
10703
12
414
1451
10618
9850
6221
8727
7241
7173
5023
8716
1417
1979
3295
68
7778
11361
1142
9399
4039
8250
5275
4244
5167
1651
7628
11303
158
10461
9556
3011
6958
9337
5812
5133
2765
3025
3603
3745
2656
2328
5480
2977
6727
3452
10041
10137
10724
2851
2920
9033
10339
10393
7086
10928
274
524
6756
280
5118
10537
308
10438
4923
6787
4109
1856
2639
3534
196
9285
6539
113
2376
10719
545
24
9824
453
4558
7147
693
3094
5946
1656
2810
1099
277
9717
5697
10033
6871
5921
10556
7
1012
10764
4205
118
8527
855
8927
8516
4075
6315
9626
11185
3522
65
5570
8084
8636
1841
185
9513
6452
7786
9237
11025
8270
4667
8675
4034
6383
4730
1526
5430
2322
1785
11054
9694
732
8523
6091
2494
4180
210
4090
3216
5491
8034
42
4948
1229
10557
4602
7959
9928
9778
10741
179
8641
22
9870
8517
4603
912
9549
7303
3786
7045
842
10312
6992
1295
3067
6278
71
66
2900
2927
7702
2897
3207
960
4311
305
10314
2719
3476
9946
1380
8287
5203
11260
6169
6940
243
11310
259
7362
9795
2709
11162
2236
263
1632
3012
10086
295
1876
14
8611
3117
8610
10416
6129
11288
4188
8104
7539
9203
3717
3707
1760
6141
2113
3930
781
10726
5338
6473
40
1306
10386
2062
2826
9466
603
3530
4358
718
2913
6358
4194
4259
190
41
8442
8717
8893
4949
10177
3434
8117
872
4264
7205
404
264
5854
4322
4517
9558
1496
9271
9419
8543
9814
3748
2547
104
9295
3499
3361
9669
4080
2465
7915
6259
10334
1071
11035
9650
10941
6064
3480
2309
10186
62
4857
9277
9695
2916
9243
6475
11228
5459
804
4056
1437
4085
1593
3221
10452
5415
9440
5192
319
1454
8798
6413
6844
1671
6366
8122
10539
663
7524
8046
1320
206
1883
2637
9232
1242
7478
9483
75
543
9496
9660
3138
5781
2180
7419
6853
9107
8097
8501
165
1791
6857
7002
1000
2122
7201
2543
460
2983
9534
3291
2931
1594
6341
6406
7575
6338
3554
2966
10458
2409
6562
1134
4861
107
10802
10536
3331
2651
9358
5794
204
8080
1450
1624
10553
9464
6067
3273
10808
6096
189
869
402
1223
9784
3960
3584
10746
4710
4422
311
5
8485
11325
1241
4639
9377
483
2068
7526
3041
3637
299
1697
4535
10648
6926
5565
1582
249
3761
8100
6495
8430
1406
3362
10511
1400
9081
7110
2605
5320
4891
9772
9110
8304
10439
4785
111
3370
709
10347
9328
1585
4416
6268
4768
1596
7763
4191
7396
7629
1176
4063
9167
4286
1339
4873
6985
36
3912
7500
140
727
8091
2861
5395
2458
7883
7012
5234
2731
2115
2575
5110
2377
1744
8241
5458
9119
8595
2991
6089
8848
5679
1845
2147
9219
293
9072
4984
7329
6112
2220
7135
4025
5268
219
1800
4183
11
2348
10127
10316
9115
3788
155
2339
6535
4637
8868
794
10670
3115
9373
642
7869
1175
731
5729
8072
10107
535
5217
1106
8346
6719
7290
8702
2442
1209
3095
7636
11300
7990
4448
5669
7579
9798
8268
194
4084
3388
7919
3891
810
5535
4853
233
2876
2901
5214
9391
5837
10322
1963
145
11005
8206
2169
218
2502
2981
1790
8664
7386
9061
9689
8136
6911
6604
5633
9447
1307
847
8652
10981
6235
7145
4573
1362
7070
7789
7242
9236
4796
205
7449
11058
5622
4621
103
3633
2454
2833
6538
6261
8944
4696
2626
6503
2508
4353
5510
9855
4428
9581
11249
629
1021
3580
5468
316
4809
2285
5968
289
9456
2677
7188
4988
6838
10806
610
5444
1528
2562
8951
8035
9455
712
1896
1933
4486
6460
8281
3727
8396
256
6079
5312
3239
4195
11019
11330
6040
4323
3464
3948
5013
8085
7581
1908
10676
5437
8483
121
3102
1924
7587
6354
4078
2734
2001
7742
936
4607
4543
38
6081
8215
5849
5136
4008
10462
10368
5503
87
4308
5616
215
8720
1049
11051
688
8362
10643
11324
7799
208
7214
8251
2316
7033
4492
6345
324
11232
5454
10533
910
4421
10606
11014
1203
4545
4182
67
9547
1140
7414
992
3112
8148
307
6717
11173
1272
4321
345
5972
5860
1275
4676
11210
0
8707
1901
11123
640
37
8703
7474
2019
7882
10747
9384
6968
9684
199
5541
9186
2434
8857
7264
1125
332
6880
7273
3751
9093
2362
3964
8463
2512
357
11289
1766
6082
6038
6202
9082
3982
9361
9231
7172
10927
7027
6610
211
9161
3561
8498
5471
4003
2436
1315
1136
11116
7338
198
3737
10831
7246
5519
9092
11213
456
391
3356
2155
4423
6018
84
4411
1487
7605
11044
90
10820
5624
4020
9612
2219
105
1139
250
7165
1485
9822
326
9796
3875
3918
6334
4947
6225
6944
1770
1149
5597
5095
3723
1591
8606
8780
10723
1568
10211
2162
265
8639
10779
9273
4506
1655
9923
3696
331
1553
11189
5479
4446
4644
276
8767
7801
8892
6398
571
6474
6543
6657
4874
3819
9437
2652
10412
8715
8421
4325
609
10939
8487
4147
2718
3739
11346
7968
57
8787
8862
2160
1432
5602
3110
3070
298
7668
2192
2694
9945
5223
6651
9867
3732
1092
3238
1659
8932
819
10201
132
421
9629
495
8743
3873
549
1592
10128
5836
969
2972
8307
117
940
7417
5280
2653
2724
7371
5035
302
149
183
10685
5824
10493
3038
6326
9012
10528
134
954
1104
5571
10210
2956
9394
5732
2549
538
6977
5542
11018
4620
86
270
3210
3208
6059
3394
7413
7292
78
1424
5412
3450
979
2088
8964
4904
8027
5393
186
2516
1117
9163
5127
6659
314
8149
11312
3686
2386
245
7633
11373
6676
226
7693
6595
7339
494
3832
9958
676
9585
5121
6569
9768
8277
6100
1892
374
7550
2262
8732
10391
1602
4021
10074
1173
5636
2103
1027
8181
225
4690
5784
806
8873
6482
386
7101
1984
5227
918
6645
2847
2196
5478
2486
212
10146
6327
2644
1567
7998
1087
2276
885
7253
4980
4392
9657
4568
2506
10295
8764
4261
1857
7951
9956
9076
3998
7572
5708
2818
1369
9287
11357
3986
4305
4108
16
563
3465
11261
1177
50
7523
4464
1747
4027
9432
7233
2522
7942
9264
8987
5724
8719
7723
7389
236
911
10213
9441
7521
3451
4969
4296
7010
3300
73
5842
3100
10659
6309
9192
1538
10642
10259
4709
1704
1999
9621
7897
11015
10603
143
7731
4441
269
1693
9654
7385
7938
8492
4604
9484
7504
10384
275
5154
8972
10283
6918
8057
4228
3054
3078
7473
238
5194
3384
8775
4706
1839
8898
1426
672
10784
2245
8098
11130
475
10178
4246
284
11178
9034
883
167
15
427
6809
4173
10030
10446
6435
3592
3708
4934
7439
8627
7923
122
8515
2742
825
201
3050
1684
5858
19
2393
1709
1159
10766
1017
5835
3461
4854
9716
193
7271
6139
9788
5410
2539
2907
141
1500
3569
11194
4018
1401
9325
2556
10009
1952
2741
9847
4077
156
6488
977
4523
10168
7634
2883
8199
5979
2404
10451
142
1660
9583
7178
844
8278
4289
7112
9159
9172
6185
4520
5490
4307
9400
10469
1823
5187
9137
980
7451
6077
8556
6699
102
6671
892
8859
1008
232
6281
6468
182
92
9267
2327
4575
11371
7804
137
4889
5866
72
8671
1855
6174
1388
2188
7476
9903
2117
914
9283
2228
4351
9993
3403
2128
812
4625
5651
279
7207
8474
4365
7409
11378
8961
7761
2371
3349
1819
4838
1734
7263
7671
3523
11225
9195
10687
376
5028
5245
3641
8909
4735
7353
220
8205
9747
7677
924
4960
2646
8472
3728
5882
4584
9255
3803
901
10255
9515
11013
216
3988
5146
54
9246
698
4855
10692
10798
2024
5228
3801
466
11091
9927
8358
1510
7994
714
4252
3768
9492
10195
962
8229
2047
5384
8548
11369
7113
3926
4789
6636
4608
687
10180
4281
2165
9977
1440
9489
1721
11187
1261
8555
3670
9541
10850
1960
8953
874
2940
1165
148
6820
5635
10999
98
10839
4864
622
3887
4418
8245
9309
6864
55
9562
10011
9885
4749
7849
9422
5336
10018
3151
6470
5456
1782
4006
3939
5439
286
5052
4997
150
9507
262
6784
7132
5846
5673
9790
5555
8427
4832
4946
10716
7518
5583
4273
11221
6267
881
7861
1875
237
127
11133
3877
10078
9774
5224
1771
5314
2568
4548
11250
10111
6497
3888
2705
1959
47
9904
7583
321
3003
3949
2032
2186
4313
10824
9519
10158
660
9652
725
8672
10429
3282
2413
7404
8524
8002
166
1690
5815
6034
3927
8650
6506
10062
5197
3315
772
5792
2598
171
2233
9327
10040
734
5438
46
7352
9998
1815
178
1072
533
10853
867
4965
8096
7678
5908
7529
3934
1280
6461
1436
7224
4478
4920
5676
1323
5408
2551
5793
9953
1128
575
587
7624
10896
7489
10408
7757
8444
8620
6793
310
1490
2108
258
8173
10911
1682
106
4087
74
9501
2850
8805
4562
2045
11045
1144
504
10830
5418
1083
2600
91
5184
7597
10140
11298
9962
4985
8579
5502
1781
6995
3940
6027
7607
1082
9179
11329
3713
4803
1828
9111
3665
10249
10104
10410
10037
10185
2317
751
8562
9406
6041
2174
5900
9607
2819
2841
2361
1504
4285
3097
266
3004
10070
3951
7176
2782
3275
2816
7036
7405
10254
6102
5929
9136
1897
2059
7679
10270
8090
2848
3770
303
6014
1854
6339
246
7909
10090
4688
6464
8221
9020
5104
9002
2338
10922
7547
5728
3630
5351
11347
2417
1673
8711
1371
6108
2806
5748
8062
6819
7843
9200
2513
4470
8308
10986
10229
6762
5367
8235
1609
8663
7018
1498
7811
10501
2511
328
7151
4379
4226
4913
10129
4720
6369
8538
541
1563
9897
44
2283
1011
10464
2159
6349
9537
6252
10327
6374
6410
1521
3406
9346
4998
3843
2048
3577
677
5785
6266
953
8945
5911
2939
10261
10600
3594
4777
85
10144
2872
6811
10994
4747
7075
9765
1893
10934
5564
2932
2650
1171
2079
7728
5791
8896
11099
8599
9933
281
3243
8234
6607
10407
6131
2369
2708
9667
11050
1847
10479
8331
6834
8386
3662
5221
4086
3704
3342
147
2496
6019
8701
2028
8861
11235
3326
10411
8264
5261
11231
8134
9699
3977
4074
7996
2264
5749
9469
9907
7648
9636
2455
2787
9109
3332
5435
133
114
8998
7984
1923
401
224
1266
8416
10323
7222
6068
1431
6244
8535
2480
3
8704
1996
3245
8993
2667
1982
4297
6065
4128
9375
9601
3183
10823
6725
4060
9761
8
5974
11374
8457
9122
188
8024
59
8673
2808
6031
8182
8982
999
3467
5532
10286
8878
6558
10027
5388
4151
7043
9574
115
7699
9794
2671
3808
3392
5027
5851
8726
4702
7544
3219
322
4534
5767
817
10791
7513
2836
9623
6443
4303
7483
4753
8782
8467
1055
8660
260
8983
2766
1462
7815
3631
5569
6557
1634
1080
557
485
4236
1612
7340
6881
2748
6132
3448
4055
6275
306
10014
10879
7591
11224
4122
1220
1708
5457
11292
9304
9204
3065
11098
4615
4346
10572
61
9524
3084
10466
2106
1172
10192
2890
2845
6118
8232
10696
578
30
1956
8305
989
2253
5263
10835
11075
11063
8289
3156
7492
10123
6151
6625
157
1774
10873
10704
7392
7225
8210
1827
1765
7551
8919
3615
7364
878
9639
4504
1457
7382
1775
1285
5282
5928
11031
5358
5704
2781
1797
10031
8849
8679
11071
8637
3763
6964
144
2636
8228
5733
4067
110
6434
6566
7902
3113
9969
4118
2996
6359
2298
11315
1657
1153
3181
9611
9970
8219
10913
11147
5879
268
11341
6885
3546
64
4326
10611
10962
11296
3082
10307
8475
659
1607
6843
2412
2041
5763
2563
5797
6525
1343
987
323
5237
5196
1832
152
683
8038
10354
273
518
10525
3328
3659
1069
4788
2080
96
11375
6761
23
7970
290
10786
81
5892
3901
9404
10532
10571
248
9257
9477
278
795
579
11364
697
766
9490
6613
6425
304
8259
10032
10690
11135
922
6312
4301
4682
5985
2425
9353
1531
241
974
8974
542
9183
1085
1252
97
1105
2713
11002
2754
3377
2910
6683
9593
8689
9276
5889
5352
10710
11191
8864
7746
10660
439
8999
1384
9070
1976
27
4741
7193
2030
8776
5625
3543
5153
7357
10355
1202
4114
9445
6674
6229
9343
6664
3525
3344
60
244
4733
9609
7749
3153
728
10599
655
3201
10013
770
4975
3787
3453
599
301
4129
10287
8735
4640
814
1044
6692
6906
8233
7346
4597
6814
2520
3755
2662
8170
7724
6571
6491
283
9618
6454
7134
6925
6601
2954
336
8963
2670
4649
1358
11038
4047
4112
6237
8682
8778
2031
10288
7516
2265
10795
11239
164
8526
1995
176
10169
2519
381
5658
5450
8023
197
329
7725
3456
287
7944
6927
5827
2172
9656
4757
1389
4298
6591
6891
3925
7288
2070
4276
11307
9
315
6878
1511
6298
116
11026
776
2627
1906
4245
181
5608
7254
7892
1668
2456
175
4331
9263
7148
7482
5699
10969
2985
4943
2256
151
10415
10105
8437
5213
8157
49
6289
8471
6772
2697
11177
1419
10841
10832
8842
8177
3019
2503
4317
33
4391
5018
11079
10340
6072
617
11086
9006
8099
2137
300
228
10814
2433
5538
2330
9645
9443
871
10289
8391
1268
227
9209
7038
7622
3380
9708
234
9452
1042
9080
1687
3946
3195
7813
101
8452
9385
5612
251
8710
1726
10958
1764
5550
356
829
8310
5364
8718
5639
8410
11368
9545
9887
76
8754
8777
5910
4901
10679
9160
1387
1913
7281
8528
6083
95
6938
6385
1735
9278
9633
8019
5931
6588
9320
10991
180
2580
5796
784
2564
5440
9329
1447
661
10000
8306
5225
5074
2094
876
3605
10617
5552
3733
2499
1858
8166
5832
9952
9565
4871
7893
6770
1600
8895
10725
7700
5613
2133
961
2090
7541
7812
32
7991
173
5115
6544
5442
9045
2374
7488
2467
4123
10780
9214
8502
6143
5233
6810
2426
1463
1111
366
8937
1643
2164
10667
6485
3013
7758
1572
5814
209
10063
11009
10478
7891
1974
9480
2077
9253
4065
10495
458
3624
9986
998
11113
3907
4744
1422
7964
3555
4380
5663
3093
7294
9843
1834
10563
5595
2928
398
8237
6022
9146
5977
3632
4872
11314
51
1529
2199
119
8321
7184
10272
6529
4
4073
3043
2054
7175
9951
10674
3921
128
11230
9120
2887
350
10082
9259
9763
4812
3298
9627
6556
3874
6917
3700
1931
240
4945
10345
6114
6656
29
8979
10938
10801
5941
3507
2552
13
1903
5693
8378
3769
9710
2917
6920
203
1843
8965
5290
10252
11077
11326
8290
349
3836
6855
3671
2459
1112
3236
9023
8276
5086
10436
2324
9434
4172
8969
6078
6837
1127
7005
10110
4867
9217
9073
9500
6923
2924
6832
2042
9077
10918
5649
5798
8070
6721
2210
2411
5134
7695
10
2439
9021
2303
285
1397
5378
8486
6937
4729
6983
10995
4026
591
8037
70
10942
2485
4830
291
5761
3319
5007
9554
3063
6924
3933
11195
5387
294
7750
7123
9865
9700
10620
320
8616
5765
8758
2333
10060
125
4377
10897
8031
6210
3032
7406
6600
10138
7458
10621
10420
207
7126
3529
9701
9091
8095
11066
7932
5001
10483
1830
4336
1470
6277
7538
9523
4966
8930
9345
34
7130
479
7767
6146
9485
139
7774
5515
4462
6572
9113
5838
10399
2421
10148
9108
11223
6223
10253
288
6301
464
170
80
8750
77
10619
8380
8597
9841
2000
9379
5853
4967
7021
5353
9105
6453
10119
2862
1213
