6725
4311
8860
4860
9806
1373
1868
2219
647
606
10447
5883
1738
940
7882
790
4302
703
4203
10455
4318
7321
3830
5000
6010
9344
2873
3755
11116
11055
5157
9051
6898
10275
6092
10985
6521
2997
9050
3245
7592
9480
8122
924
10910
5831
11325
6832
8099
5570
8001
10922
5967
1418
3211
4084
6425
4159
8393
6962
8881
3695
3967
838
7830
8777
5856
2990
11102
642
11031
1923
10120
3727
684
7070
3394
391
4486
9314
1352
10844
8588
672
7752
7624
9252
9537
10117
5016
4038
8604
2651
5537
7248
5526
1351
434
3179
9335
1800
2149
7082
7168
7225
4062
8696
2355
1430
7714
1200
7641
6074
10040
2627
6655
1085
3264
3092
6367
821
9305
3248
3907
7344
3490
10493
6840
6793
6210
2662
6642
8224
9023
4987
1614
2107
10182
8451
7561
6247
11114
3859
9229
1226
5363
2384
9011
10169
7504
2545
9933
7811
4004
4805
8828
11250
2076
11254
2868
7815
11316
3762
7449
2277
1297
9029
437
2032
6580
10772
8474
9830
6724
639
7999
8325
2294
1690
1557
4600
1128
4452
10199
6606
10244
5004
3877
6630
4221
3557
4289
4474
6689
9117
11041
5505
1762
9045
7976
8195
2628
1302
5282
5041
7052
8876
9591
10327
8091
2580
3006
3930
1242
1776
5343
8203
5657
5933
2985
3562
10805
3669
10973
587
843
2429
3992
10570
6811
4112
580
10642
6904
3515
4346
3778
10449
2457
5756
1887
947
1092
4317
7242
5897
8228
4327
4325
9699
3155
6853
6031
4129
4041
8128
2703
1791
4362
8464
5445
10911
5868
9048
2897
10549
4904
11201
8742
2228
1027
6377
4351
1575
11144
1380
1089
9611
5372
10247
11110
4204
4144
8639
9705
1149
8014
11315
9440
5341
9878
6314
781
8113
7861
10360
9593
644
9649
8146
8153
3318
3198
6467
4938
3998
10906
8277
8674
3589
10740
4439
5192
2340
5046
5413
4932
10148
3645
1008
2563
909
3317
7743
7314
3236
2474
9886
7215
3112
3835
6866
607
6366
1656
7338
3688
2528
8909
4991
9766
6810
4609
8650
814
3451
6750
3419
4786
418
9701
2644
5474
8622
3903
6102
10639
11051
8138
1883
5197
4390
8402
6076
1532
579
4656
2051
994
1765
9586
1318
2348
9454
1890
7551
2230
10848
3147
5941
8102
5857
6623
10340
2421
11222
5693
7458
5509
3284
8665
8779
2068
3129
8190
731
4617
5407
7454
954
6152
10644
8455
8857
6790
10101
3829
1745
11263
987
7790
4729
2172
7951
10111
5626
3113
4575
5037
4880
2996
3558
5948
9559
2220
5535
1790
10177
3522
6411
4964
9750
4402
1513
10139
2442
10415
7562
3521
9464
5236
11155
3482
5475
9899
1828
7575
9609
6453
9629
9073
5764
2106
4107
11286
10231
2513
1659
6298
9005
3745
1797
10241
1634
9792
8172
1583
7268
3125
9690
8863
917
3148
7456
1957
9490
4923
7875
1261
6849
4296
4111
8151
7140
4264
8060
8878
8634
3911
5853
2637
3864
3470
1553
3013
5187
5755
1597
9146
7020
520
9397
10379
3638
5739
875
7415
2909
2133
10581
9735
6011
1198
11170
6242
8479
8397
9120
6917
6153
6182
3659
9717
1052
9745
1039
9624
1749
6277
8444
7678
10949
2359
10053
1100
960
7547
480
8030
10133
11140
10736
4163
8840
8123
6985
884
7475
599
3673
2653
3176
6836
3384
7303
7432
4478
2021
9021
6376
11262
4875
6008
3559
8237
5605
1241
4030
3022
7231
9251
8367
8147
3345
568
6053
9651
7132
771
1961
5190
10537
10969
1264
11278
5292
9862
2855
2420
8678
830
8208
3532
10372
5766
1153
6886
8664
10213
5497
3613
4122
10541
4585
6327
6151
738
10365
8394
6342
8522
4421
6527
4331
7637
9513
5379
3003
6759
9969
3032
2940
475
6697
6452
5138
9345
3952
2597
6448
9349
1572
4336
8822
10806
4462
3950
2713
3354
6174
7097
10794
3408
9954
4548
8109
4125
6185
871
3495
8442
5320
8538
2977
7053
2011
10519
2062
6025
4418
2478
1963
8150
3476
1031
5732
910
5528
10630
661
1007
6016
7759
9923
7948
4621
8219
2199
491
7932
3815
2845
11181
6976
4051
7291
6051
1810
4551
10538
1896
881
6683
4170
9541
2045
5127
673
2984
1907
4009
8910
5991
2413
6880
9824
4807
9794
2160
8364
1370
5034
8593
8206
3231
4245
10044
2618
1023
1639
2951
10556
9285
2288
1775
7897
6431
8899
7765
6068
8472
6837
3008
2374
7542
8867
1483
7843
2695
2134
370
6975
6791
5825
10416
2409
11020
4975
3188
6561
471
3210
9456
8790
8682
6565
10905
6749
6937
7933
4100
6468
10509
1347
6640
4709
365
6501
6828
7157
9092
1559
7632
3820
6454
2327
7255
4082
6233
1759
6035
3986
9466
7818
1182
3649
1214
3905
1110
9404
6885
1716
9727
5210
10616
2088
4364
7938
7760
4997
10143
10771
10314
8281
10368
11192
5960
8842
6137
4573
2137
10528
3760
9452
5237
5415
8462
2226
5866
2080
2955
3801
7509
6345
9828
5131
8290
8879
8990
6222
2323
736
10259
10462
5159
10869
10353
10873
8718
6719
8862
8036
8974
978
1627
7512
6330
8999
10062
2838
2848
9465
7048
1315
786
9556
9487
3828
9441
6570
2473
11064
9864
2380
3615
4061
7691
1099
1732
7925
11312
3381
10544
2483
10366
4768
5560
584
6234
3054
3721
5607
9187
6100
9662
5672
6269
8975
787
11131
5533
6603
5023
8045
5918
7725
10064
6822
4718
4545
10766
805
8403
8652
5823
5431
8024
8898
3079
7737
10236
6475
399
2919
6294
4910
5673
9365
6864
7197
8997
2454
8430
4332
3525
5302
2035
961
10792
4967
9199
11152
5787
5976
3739
1587
2157
340
4943
9358
1563
1074
4969
2255
6262
10941
694
9532
4164
8177
8961
4889
3960
3043
7127
2524
9774
8599
8527
10408
9815
2466
2583
7190
5111
1063
10037
1748
4261
8135
10232
1304
2679
377
10086
1863
2188
8031
3862
7499
9929
1461
5734
8346
1203
1980
4661
4252
7966
1287
10918
4292
4540
646
3163
11280
2978
6591
8802
4077
8156
8157
6029
10105
5491
7033
8399
1173
3587
10466
401
831
478
4819
7648
3962
4492
2010
6982
5437
949
6781
11104
3696
6021
9867
1106
2677
345
4324
6920
1906
2798
8700
1954
6798
6645
1419
3689
2005
6022
4285
9673
5281
8966
11354
7191
3987
7525
2272
9601
717
3044
7552
2922
4002
1697
2193
7729
550
5648
2183
5300
2626
7950
2522
8873
11077
9818
7555
2556
5854
804
4380
1833
7253
4920
3718
1447
5388
6906
2128
4469
745
3968
5178
7622
6940
2508
4348
4535
1827
1280
11185
3794
5849
1645
6292
7134
4992
10657
8063
11301
9320
1600
9492
10752
361
10893
6464
5353
3313
11361
11162
5661
8598
456
9946
4006
5958
6427
350
1248
10124
5593
7247
3160
7655
4662
8714
424
6281
6567
5395
6977
10355
8048
5290
8434
7849
7022
5639
497
4141
5382
10685
1044
416
9613
9214
11049
3819
9310
10825
5510
862
1841
3846
7942
10074
7128
9688
11061
1443
1752
5081
816
6633
1450
7352
2576
11350
10971
7787
8089
4219
6088
11017
9892
2182
695
9708
10712
4505
6595
794
10739
7915
10396
8524
2406
9174
5128
2793
10078
1675
3501
7909
3260
10012
9638
4312
8064
7518
6443
10296
10132
2737
9531
11300
8410
8251
3026
5228
1215
911
3975
1893
8886
7677
6082
2144
10210
3534
6257
7207
10927
3463
7473
7151
7505
9074
9198
1654
8914
10453
8471
10627
7600
8789
4946
849
3303
9282
6266
4549
10901
1753
953
10617
4182
521
5097
1960
2986
6916
3494
5903
10532
4179
10737
4795
342
2028
6479
2507
4025
522
7369
11210
6241
7685
1781
1823
6526
1543
11373
10691
10154
2425
914
8166
8968
3241
5459
8112
10823
3876
7229
8071
8408
3434
489
6960
3302
8995
10660
6929
2773
2863
4130
8887
7538
8928
10879
10202
1577
8378
3956
11349
8937
3183
2073
11015
1473
5819
1178
1908
1558
583
9748
8200
1058
9523
6216
10619
5966
7492
3388
6775
6033
2480
8932
6091
7193
3795
2721
9433
5765
6203
3995
2061
7541
7636
7792
8861
6698
11018
9318
3825
9430
4848
9943
5992
3918
10986
1232
9685
1176
1741
10672
5666
6064
9290
558
2827
11251
3300
4820
6305
1556
8926
6877
6470
2696
5699
3196
3895
10909
6396
9758
11098
4692
11173
9210
1746
726
6925
1498
3914
2765
6321
2833
9331
4658
5629
2682
3367
2638
6820
4678
6059
6150
6232
8416
3948
3187
5884
7902
11133
10592
10094
2680
7671
10604
8381
10687
4020
4699
3946
1512
7786
9664
8321
7211
9033
9793
1830
10190
7011
8143
3346
3439
2924
2654
7351
6145
1295
2162
414
2883
864
3680
3985
9574
7658
4891
2738
7054
5810
8104
1025
1460
775
9871
8969
8917
11234
749
878
7912
7910
6878
7311
5952
11339
8542
7459
9281
6712
2027
1945
8670
8002
3519
8918
6161
1632
1005
9668
5815
8286
10902
5116
3305
5806
1770
4983
3223
11320
4256
6200
4191
10759
5060
3025
6637
5142
10093
2322
6252
2512
6328
5686
712
10622
4849
9370
2238
1897
8534
8020
8994
7587
8268
1676
728
10052
9422
11153
11160
2320
4747
1941
1735
9411
2411
5375
7364
7709
5251
10419
5451
5682
8596
8809
8782
4419
1799
6179
1673
5622
5731
7877
2496
10217
2602
10934
4308
9584
6379
700
11270
3799
8457
4187
10584
1119
2565
8163
8896
10929
8235
7642
9533
3787
867
10433
6246
2262
1782
8486
7059
3768
9105
4684
797
2372
11221
4874
9636
11328
4947
6349
4094
8993
6450
1452
4508
5748
2456
5563
7178
3432
10140
5180
7905
9015
10218
7823
10857
7110
7996
8787
9066
1768
408
3448
3591
7137
7436
9298
1734
7200
6509
8849
4243
5408
5518
6641
7597
6674
10300
4993
7404
8380
8824
2378
2467
8805
5309
10428
11368
10761
1621
9971
9141
9754
2642
1114
9091
5663
9998
8092
3733
11336
9122
6009
9053
2966
9002
1046
8610
5781
6558
3766
2017
7697
10307
4408
4396
3213
1135
11191
2783
10162
5223
5103
9109
8212
7130
8757
11239
6923
3833
10575
575
9163
1521
11071
9406
8807
1286
7937
7099
5150
2639
3094
8077
817
5792
692
3646
6108
3348
5048
4228
2541
2079
11377
11326
3535
5543
3146
8783
2033
1888
6189
4675
7483
4806
5205
4495
10067
9913
8220
6842
9905
7659
9549
3056
455
10068
5450
610
5115
1544
9798
4673
1927
1872
1382
2309
8680
9311
8037
10784
4438
3011
1681
3697
10364
7982
6478
6566
2944
3017
5616
2962
447
7744
6098
3486
5031
5548
8259
8793
4799
1234
1990
5158
8646
748
6447
10487
6027
1879
1131
4207
3782
541
8998
8947
9386
9258
1774
8514
9186
4631
5615
10878
4523
6503
9393
9945
2782
10320
1946
4576
4237
9361
10770
6767
9704
9162
4706
2008
8062
2099
4305
1682
2786
6445
11209
8530
6762
2903
3925
3631
7801
3275
7467
1293
8628
6157
4612
7484
9866
3111
4151
8287
1725
4108
8707
6987
8205
10417
7605
8404
5151
1525
11013
4109
1386
613
10469
8732
479
4639
7777
2672
3746
9250
4008
4426
6845
2571
2222
11053
2767
6282
3033
2048
9599
8801
4713
4023
2436
8924
617
7516
1275
8710
4181
2818
824
9751
8376
1504
7986
8418
6143
8699
3038
11323
9800
3748
10492
5078
6847
4955
11076
2676
2206
2455
7549
8264
5321
934
7109
5267
6205
9853
3370
6651
6638
7176
7607
4569
7521
6964
9544
10446
7414
4960
1691
7042
1726
364
8357
6421
1083
11111
1677
6471
828
5738
5231
10860
8758
3192
6796
2560
8711
680
868
1519
6959
4184
9369
2393
8776
5074
2055
10924
4958
2003
688
9678
2437
11146
6094
1974
10048
1969
4985
3702
7836
6132
6707
5169
886
7482
3228
3145
4358
1072
9677
8385
4403
5633
6961
4568
7085
4413
9204
1213
4814
7043
9710
5553
1360
9821
1337
1255
536
10278
9373
8892
11008
1158
6814
9778
548
5919
8945
3131
10676
2796
6124
11375
4330
1000
7038
11130
3078
9579
8046
6571
10192
7241
7428
2169
8140
4818
9910
1051
10988
7101
4371
7809
2876
5480
5335
810
1772
8595
1924
2519
426
5370
6414
3888
6944
4272
1684
3780
8511
5932
7036
10119
2877
1388
8065
3429
4319
1356
5452
931
2716
10168
10599
1188
2684
1930
659
658
5333
7406
10179
7244
1467
5582
6163
3029
5757
3933
6038
5836
7513
5348
5612
921
11277
11313
2736
4811
10287
10883
5001
6297
1660
5137
1432
6194
8073
357
1952
6704
1362
3581
4659
9765
8260
2730
1033
7175
9446
2050
2000
7439
2568
1269
4774
8702
2669
2952
8015
2805
6390
6835
518
9558
10566
11174
9827
10762
10634
6154
11101
6139
10346
2763
5873
11214
9914
4862
2029
5900
2509
4682
1383
6354
9524
376
7377
1449
7588
1562
10623
5172
957
8438
3912
9550
5989
5527
11335
5256
10304
4625
474
6181
6733
9719
842
8941
9880
1055
1411
7396
11282
4021
5617
812
5390
1968
2619
4809
8560
9379
7903
3711
11079
1889
3891
6480
10896
5456
6934
9734
9595
4572
8354
2533
10039
9218
10351
9759
8389
10719
6240
8985
11178
5540
5752
872
4464
10723
5028
493
5824
4852
6434
1740
8210
10525
9125
10760
10957
7733
8181
4103
453
10440
8374
10138
2562
1608
11058
9325
9111
10384
369
10955
3405
5308
8266
2285
4284
2578
4135
4286
7347
6041
9434
8315
10336
3617
7136
8550
8369
6128
6116
4749
1353
2024
8636
10122
9639
5227
7424
1857
2445
2575
4313
1730
11039
2387
7322
6731
5791
5211
2500
5729
981
3413
8717
4702
1771
8991
1856
7486
4908
8727
1766
9583
7008
10298
5253
1537
4374
2114
9244
9960
10862
5556
3012
2275
1001
6344
6048
4118
7062
4218
5102
10780
7451
10572
5964
11073
636
392
839
11213
1845
11103
4195
3568
3910
3712
10316
5428
8054
1068
5248
4593
11346
5334
8493
3624
4753
2012
10420
4186
4735
9295
9123
2929
8866
9790
3254
10341
10703
8815
1147
6196
5216
3453
11137
2917
7386
5788
2806
7958
10150
5121
8763
4916
1294
9228
5583
8398
9689
6374
4608
6516
8830
9956
6983
930
5860
7611
2443
1832
6316
9694
9273
8119
7015
6336
2373
7091
4090
5846
6482
7205
1451
576
8229
1484
8055
3734
2718
1680
6372
7135
11370
1050
6892
3788
10226
10195
4636
10931
2809
9856
464
8753
5322
1397
8108
4176
5338
1529
6223
4442
1142
4063
8784
8517
7440
6118
8687
704
1407
9178
4496
2667
3597
11329
1593
505
2196
4854
3716
9944
3347
10730
8241
4083
4142
3151
6357
2795
8167
8716
9529
6326
1624
2113
8675
8621
1693
1364
7028
8034
7295
9019
741
2233
1212
10130
6172
10000
11006
10398
1662
1041
8569
2861
10610
1802
9364
9525
11024
9049
10460
6397
7813
1387
11259
8895
8894
5763
937
10646
5258
8084
8701
2388
3232
8944
6459
7696
2564
8189
10748
9621
5146
4377
7012
4172
2892
4606
3299
5134
2834
1870
2119
4295
5472
1436
1136
10280
4881
3356
10684
5813
1126
10171
8261
4087
552
10438
1322
7781
9129
7448
4976
8983
3046
11096
3185
9949
2412
1132
9813
8134
5259
1757
10569
2041
8449
1220
806
9562
11218
7313
772
5356
11331
1751
3050
9772
1485
9700
9635
4696
5270
4416
1144
6592
840
1722
6771
2120
9514
539
10819
10952
6888
5017
11247
2748
4733
1045
2165
602
1997
1080
874
876
5355
5361
11093
7872
2126
936
10563
4570
10286
5492
2659
9545
5793
5785
10521
7258
10917
4842
8525
8549
7272
549
11043
1503
3802
3172
9095
1216
8288
10345
6369
8426
2161
10959
10795
9184
9580
3940
10354
5358
6289
8967
4037
8222
1502
5695
10312
8620
7209
9707
2702
1911
7965
11150
9966
9697
3832
8786
2885
9085
2808
7990
5773
9377
3221
10856
3323
4414
9534
499
2075
4640
7039
2973
1999
6235
7535
483
8097
6718
8170
4411
5438
10791
9930
9903
8256
1619
6598
8148
2961
569
11355
7906
10411
9951
1755
4491
10661
3707
8136
7292
508
9602
6315
10777
6950
10559
8635
7618
4039
6703
7767
4524
8686
3612
2776
5444
3465
5312
5454
4446
759
2598
7770
9761
9016
11107
913
10826
7133
458
8726
2001
6438
10535
10180
9835
7271
10974
1548
10713
4490
1545
9900
8125
5426
8788
512
5636
4517
9654
3723
8536
3477
3493
11109
3326
9343
9246
1947
928
9497
2787
962
7972
6910
10386
10047
7259
4864
5937
571
10089
10816
11204
4005
8647
4898
5646
1282
633
5635
6756
7719
2070
2054
6410
6278
1523
9612
11156
5265
1139
10005
9484
3901
8293
6034
7118
1582
4797
7554
11190
10238
10108
2176
6407
2871
1165
5206
7688
5968
7779
7046
5591
8013
10961
2174
1631
9119
3807
2864
7734
564
533
3848
2328
5092
485
1851
4886
7422
5502
1274
8390
2494
11145
9547
5254
7382
2377
9399
356
800
10758
1933
5803
11267
5289
331
8234
3456
4365
403
9512
9024
409
2733
9785
7246
9729
8616
4404
9222
2077
3852
6834
3570
1567
1686
2465
5234
4646
5193
9616
3257
7045
7968
9304
10030
2072
1527
11298
10028
2091
2274
9385
2402
3580
2927
5280
2259
6812
336
9312
2164
3418
2249
9643
6466
5213
3625
3744
4674
11287
9907
1917
3796
9283
10076
9261
10451
2405
5692
6160
2622
8149
1564
4766
1847
6918
8808
5351
3771
7626
3355
594
2428
3204
1306
5717
7265
7959
1326
9607
6457
1490
2031
2723
6339
8405
8053
6114
8982
8025
8864
6338
4835
6857
3507
11364
5707
2946
9321
9789
2339
7581
8494
7795
907
2341
3514
4202
9762
7119
7145
4089
958
9957
10424
7340
5982
4007
4979
4981
6692
4323
10601
2542
3665
3941
2302
6562
3075
1546
3402
3280
2744
1695
7319
8882
784
1511
3928
4965
2257
8282
7700
9657
7633
8543
1186
9884
10637
9648
2775
11281
10577
8987
9477
3037
10937
2485
2069
2841
7821
3750
8841
2794
4263
6341
11228
1408
1069
980
4065
7510
6948
3464
11369
2824
7963
9041
4238
7376
5328
895
5728
3643
2361
3847
2256
3982
10024
3803
8733
10635
11257
3868
7728
2932
4116
2386
8804
5145
2195
2633
2754
1895
9917
706
8630
1491
577
6067
2376
3051
4945
4220
9567
3069
8641
855
3150
7385
6664
1949
10847
1398
5841
7006
4613
5233
1358
9993
7869
8459
5777
10557
6991
6477
1878
9939
10831
9157
10935
1378
4879
10017
6893
4393
7108
7419
9102
3267
10013
5263
3922
4676
9242
10173
6578
9865
8035
5574
6089
3334
9711
6863
6625
8465
5512
2708
2490
6825
6002
7123
8133
1258
6876
2276
8340
7964
1229
6687
7893
10036
9483
1236
7310
9384
4757
1487
5057
9209
9475
2283
3167
5442
8249
2333
9795
8320
9134
1843
8930
9984
7399
11069
9909
8180
368
1367
1876
854
11275
1950
1210
3036
5625
8305
3246
11341
7485
5880
10330
6079
8505
11365
8275
2999
1263
8943
9363
9515
7206
9773
11299
4589
9859
6994
7306
2566
10540
2747
1125
9692
6069
9303
6401
2655
8685
2905
7593
8437
6844
5269
10393
2153
4710
1711
8891
2224
1170
6924
2649
7470
10710
373
2159
10350
9676
10063
366
3605
7736
6537
10779
5495
5550
1285
5974
423
10322
3059
10963
3938
9714
7883
6686
7594
2697
402
3774
6385
6646
1272
5432
5874
2058
7565
3561
8633
8729
5155
4669
545
2129
2726
7878
11023
6460
5749
9113
7441
7804
7349
10045
1853
8919
5503
6919
8303
3808
2295
9822
1190
9077
10008
6331
725
10337
7080
5323
10212
4721
4227
1389
10914
1900
1819
1962
2963
11072
11330
10803
1914
7089
3066
4353
609
5565
2555
1636
7326
8221
4581
3352
2458
1769
8255
10144
4278
967
10018
8750
8979
5779
1026
6264
7423
4205
4133
7544
6483
9481
2216
2325
7384
6615
3216
6202
1956
3870
3824
6126
5875
457
1154
10747
7165
5838
4577
8981
8173
7279
2910
510
6231
9342
8848
570
6843
11127
6677
9485
2643
11345
5851
10904
3810
3298
2335
1115
10060
3461
7778
7307
3539
5946
3708
5558
5837
5476
7629
2464
10802
6227
8267
8653
8897
9842
3873
6861
6273
7057
10020
9721
2363
4379
1704
1350
709
6361
6577
10027
3165
9569
689
7495
5071
9350
6014
2671
4512
7720
8719
1087
1003
8270
10871
6487
1310
2105
7695
7086
3342
4259
8743
4177
3965
1747
7417
8023
8216
7010
3467
1392
7884
4934
9201
1329
10104
8708
6663
5020
5325
7889
4068
4844
3200
11260
3751
6432
11212
9415
11044
5483
3499
3786
2551
3450
751
7000
10510
9486
3866
8141
8309
676
6220
10282
9347
5613
6907
9605
3509
8324
9115
2118
7131
9826
5702
3063
477
5362
6935
5704
10850
8098
6605
5069
3769
3583
1993
2741
9578
6656
5053
3382
9950
1371
4761
10984
4543
5608
9231
4314
8095
7852
11025
4069
3545
5389
2441
3169
8833
9663
7337
4604
467
3266
8492
7262
4481
3584
5133
5225
1096
538
10526
611
3229
9078
2158
7780
8049
3392
3538
10613
10558
1568
10308
8349
1787
10977
5410
10603
2724
6770
7668
7870
7392
8666
2395
3658
2872
879
4558
3504
4913
3977
4236
983
1431
7009
1839
6607
10810
1903
5501
4461
2943
8417
11194
11305
7988
11003
10323
988
3672
4047
5504
3630
4366
614
5710
2185
8292
1612
3530
9542
4338
6600
3542
1442
3253
2484
1943
11246
5367
9870
5789
4714
9585
1463
3332
5812
10152
5412
1204
2368
7339
7471
11009
5892
5139
1015
5676
10272
9587
11227
4789
11080
9374
5352
9353
10827
10333
640
3363
4635
8080
2616
9876
3273
393
5383
6499
10038
3527
3362
5245
2712
3641
942
10080
10422
10127
10502
7712
6514
6165
11307
4772
10598
2267
9447
8382
4188
2197
8638
5171
379
9582
10733
5724
8731
1842
10928
604
6112
7789
7753
9137
5403
10373
6245
404
1510
885
5938
10958
11378
8564
4085
2938
5468
10281
7184
6237
4226
3156
5651
7005
3398
5427
4750
5564
2312
608
3141
11189
10459
3208
7172
3331
8518
9861
10746
7529
6140
5832
11086
6658
10656
8100
3068
5100
7453
6484
6502
10201
9448
4180
5999
5049
1116
2019
4691
9221
7413
5061
6351
972
6340
5599
1764
4019
4917
4194
11005
7147
10283
4322
2470
8230
2521
10004
11374
4392
3754
2558
7548
8331
3850
4128
9381
10875
535
9435
2081
9799
9459
4701
995
1454
8693
7772
10334
11168
9814
1095
6275
5541
10021
2369
5795
6083
1355
8450
3921
6629
1013
3239
6358
4479
11208
8254
1551
9961
2201
10156
5183
8703
7634
9183
9953
1094
11157
9387
5006
3841
1130
7141
5462
8175
1183
1157
9652
5814
7579
7550
8640
9538
5898
10279
2497
11002
3851
6622
8953
3510
9296
9472
11042
2352
1854
3282
10110
1348
5005
5191
1376
3195
10674
5547
9237
3283
4873
2300
686
3988
6353
2820
2518
7334
8165
11007
9921
11147
6572
8158
8433
1507
6225
2147
10254
2304
6508
9618
6808
5751
3642
11115
7329
2400
10414
2247
6661
9996
10815
10662
9044
6261
6709
9932
4075
10600
4475
1385
4277
1162
3894
10576
10331
3238
4255
11235
9780
10966
819
6461
9007
11314
9391
9925
10714
3606
1222
2604
10861
701
668
4445
4079
9271
11167
6458
9619
1875
10786
2503
4223
566
6746
3307
10962
1824
1070
9695
10498
5658
7496
5275
989
9566
10229
9848
6958
3874
7683
3209
3328
8467
4846
6604
1727
7971
8391
4534
1936
6874
4754
6895
6197
3836
905
6676
5249
3725
9970
7149
5840
6711
3214
6187
8481
9400
1651
7799
767
8725
8358
1379
2732
5464
4158
2826
4525
3671
2132
5581
9703
7372
2096
9160
383
7583
4686
5478
6560
5913
10720
8964
5872
1161
6636
6678
8176
9650
4003
10390
8008
10813
11065
2995
8497
3065
10349
10128
3191
10369
8132
4531
4677
2711
3957
9167
5816
3662
4160
9647
7557
4057
8225
10695
3594
11289
7472
7468
4872
6992
9672
11038
7096
7898
7901
9442
4711
3934
6939
8184
7257
3227
2846
3074
389
6792
7324
9990
4280
2125
3203
9407
9037
5768
10295
5542
9928
7645
8755
5886
4307
9633
687
7689
1049
11265
8548
4183
9287
9107
903
6804
4168
8526
3949
1767
4833
4240
6752
8396
10981
7302
766
10611
3773
10994
8888
6141
6926
7841
2727
3887
6593
9816
9013
2706
5627
5716
9958
7572
3291
6506
899
9622
8796
4700
8490
5951
8741
5689
7296
5194
3686
9243
4816
5827
2416
4361
4149
9166
6648
8217
2656
8400
10757
8342
2034
5521
8304
4485
2866
1011
4518
7214
6352
7768
4080
6795
1042
1047
1709
7124
4719
5515
10852
9722
3403
11340
7068
5018
4391
979
9064
6761
7750
387
6429
3939
6504
7672
8432
5621
542
9671
1959
359
2330
9159
3330
7148
7706
2066
5575
10123
5914
1838
5508
3170
3361
3308
8583
9510
5767
10129
7703
1501
3004
8072
856
10347
3719
2608
10319
7201
3648
8651
9375
532
8837
9764
8738
4455
2303
4949
1972
1663
4592
4644
8388
5889
7112
6463
2901
10255
5285
8938
1615
1218
5769
8218
10533
9402
10091
7704
1123
2865
10382
4185
2921
3632
2958
8011
1104
4153
7114
10432
9810
6557
1592
4147
5985
1720
1643
3878
4467
10474
1657
11100
690
9038
5471
8889
3027
7676
6090
6931
1531
1481
445
7447
7120
1496
5597
10391
1977
5972
9575
2178
3516
11183
3508
2234
10033
2831
5973
9851
10146
2179
1585
3657
11371
8183
2661
1588
3171
5953
8253
4996
3555
5490
1526
8936
2229
8672
10339
9445
3843
9577
2663
11050
1410
6968
696
6073
2886
3602
4972
2825
2587
9572
5404
6938
7638
4980
8368
11081
10725
9022
7534
10626
8963
4948
6590
6146
2122
7939
1815
4698
7608
7088
10263
8748
8572
10137
10679
7360
8155
5435
9403
4432
6672
5052
6323
1202
9684
10785
4504
2983
10371
11118
1112
10310
4415
5667
1976
5786
9076
8117
11066
7866
413
6368
5250
1457
1394
4034
1246
5858
4301
3034
3875
6259
4555
6631
6601
5284
11182
1098
4369
2570
11200
6256
9046
3951
6500
10153
1369
10187
4803
1441
4559
9240
5674
5690
2870
11054
10116
10764
1931
9327
5994
901
9099
10797
486
4293
6913
9623
4787
7466
9768
3177
9882
6055
10839
5080
3119
8019
10425
8611
10467
546
9720
3019
7847
1117
6190
10458
7299
6039
8723
722
3315
590
965
5079
2370
5835
7825
4283
9646
1580
8280
5168
1121
9081
8874
6727
7664
8038
5644
2972
3262
5222
7500
2916
7556
11132
6768
10235
2156
5440
7280
10461
8207
5214
8515
2550
1821
9439
7198
6199
7308
10289
2731
7493
9212
744
2364
557
5024
6587
3030
2768
10032
10741
2362
10437
4088
5207
4788
8070
693
2811
7793
5458
4602
8420
4321
9219
5276
2435
7731
9419
10606
1538
7450
7610
3138
9394
5807
7160
1361
3219
1948
8780
4907
3344
2544
6675
2780
8740
2297
5184
10204
10071
7332
8972
8834
4304
8552
912
10489
10530
10726
3441
4620
2479
10950
6109
6170
6787
10692
2423
8182
6584
922
4354
7718
10524
1539
10009
5126
5842
3676
774
1540
2611
6735
1892
9412
3070
10942
4597
4998
5399
3793
10121
10426
4933
4055
8057
5418
4974
6037
9220
5167
1808
6535
4425
10479
1996
2890
5123
3140
7761
3798
2023
6486
7914
7524
5229
10833
6520
8353
1065
8946
5010
395
381
8547
793
9455
5298
10711
8516
2516
2588
5928
10648
2658
1239
11195
4603
5804
9496
8929
10035
3783
7228
6106
1470
1268
8480
9855
8576
4291
11019
7371
8413
6012
4444
9627
6819
3777
1189
10253
2418
1059
1313
407
8893
9941
8489
1648
7702
1429
9012
5678
7774
2417
5775
4502
4966
7962
5153
6005
4050
6135
7722
10442
8855
6699
8247
3099
8868
8535
6684
4441
1737
2599
5257
3569
5221
897
11014
9443
5830
9495
6497
3143
4737
10571
8111
10991
10251
9217
3406
10208
5414
7076
5449
4791
8086
7357
7196
8069
5660
5387
4533
3086
5463
10886
10256
9476
1140
7261
9087
11172
825
5602
9378
4778
2232
1848
3595
4528
6155
10938
10370
5567
3067
5688
5784
7998
2847
5571
2499
1417
2636
2913
9565
7051
4973
5865
442
9597
10359
10667
3118
10536
8689
1321
9896
3484
5997
9004
8233
9491
10429
10745
3028
2815
6312
4506
8488
2082
2013
2210
7037
5828
3471
2829
2849
7362
3427
4856
6582
10261
3700
10131
4450
8658
4276
3124
7892
7034
6387
6244
5466
1668
3116
8814
2059
8927
1338
10186
10682
865
8039
7346
2774
332
4027
5671
9216
6318
6568
6757
10211
2646
6398
5555
1561
8940
6395
460
8958
2991
5845
8533
1555
9493
9072
6193
4078
8294
1124
10377
2131
1127
10964
9737
2707
2064
2547
7853
1175
1423
985
1995
9264
2887
3770
6346
625
11224
8637
10546
2090
3636
2127
1500
7075
6721
11230
7353
8720
586
8906
4988
10141
5911
1852
5598
3543
8503
7418
4281
9691
11075
7827
8463
4345
5701
9200
10491
8704
4244
6177
11223
10527
7822
3397
5391
5910
7776
1478
1596
869
8445
5196
8485
8885
10995
2878
733
7025
3153
8412
7997
6717
11067
3364
6018
7254
1339
5908
6498
4579
2606
10788
6169
6280
8679
4884
7018
734
9887
5217
1406
8921
7568
4119
8476
439
1437
10230
5603
8319
1401
4028
932
10070
10933
9164
10728
8663
629
4355
11128
9874
4260
982
6024
6433
8139
6529
9082
5519
11026
9972
6998
8082
11351
8306
10397
763
2396
5770
7746
8496
1279
6490
9103
6927
10423
3529
10109
10832
1669
1336
1638
9508
6773
2956
7984
3879
9458
9555
11106
7921
8352
2543
10602
7389
4734
5436
9182
3822
2336
7498
6667
9208
10690
9804
10900
8085
7463
5931
5532
2506
2192
5409
3041
1252
7003
4273
4665
708
5013
9986
5208
4044
5104
1134
7590
3661
11141
4633
1227
9931
1549
10854
5552
7129
5670
4448
2709
5316
5538
6556
7405
2431
1469
7762
1723
5843
3023
10158
3634
5419
10939
11347
9784
9581
7651
5268
8276
7508
1177
4812
10811
6890
2584
3040
11099
904
526
8767
7514
974
4918
578
4845
11296
10936
9901
7325
7438
11327
6573
2685
7713
10677
6802
7443
10161
1354
4520
1692
1056
6375
2426
8811
3258
4299
620
2331
4867
6981
10812
10587
777
3447
4745
11088
8004
9716
4166
9234
4132
7476
6300
5568
2836
11063
495
466
1113
6971
7081
9453
8088
9155
3082
9432
8427
6789
2296
10338
1818
1602
1317
9660
10824
7944
4855
9777
1591
9836
5203
10439
10014
9259
11203
4373
4463
2860
6176
6456
7478
5035
9276
6848
1021
5443
1777
10209
9507
10864
9753
9645
5086
5342
10335
10597
969
5697
8528
10585
5224
6860
3175
2463
2634
8250
7741
6077
2609
1834
5844
1761
2040
6581
8722
3582
5513
6788
1809
1620
7138
3896
5723
8775
11337
9500
10689
1111
1303
11029
2635
9268
8452
4615
1622
1057
2433
4921
7620
4400
4173
4282
4765
1271
8502
663
9197
4824
2046
10311
1721
5737
10249
7087
10801
4607
2641
9052
6473
9001
1785
3115
8713
8597
6785
6413
10553
9275
9071
2670
3936
5839
3552
5760
6729
8204
4114
10090
8880
6599
2931
3426
4961
6659
2403
1152
9080
9897
2203
2781
11078
10681
4011
2852
10250
8240
6065
6868
7919
3737
1462
2293
11045
6620
5624
5380
6360
4836
3544
10930
8022
8951
1395
10874
6028
2097
3880
6249
1207
3378
8027
4770
10670
847
8578
8232
1724
8570
3577
9380
2589
10478
8272
3337
2816
10612
10629
5441
2851
5318
11070
9904
6513
5506
7824
3321
1705
2301
681
6782
8922
727
10643
8124
1489
9594
449
8301
8913
7635
8846
1820
8278
4624
378
8283
4048
10582
3563
1831
3181
10855
7264
10718
9728
5650
2561
8798
3610
8359
5166
2486
7354
4865
4073
2953
6539
7896
3869
9213
6158
6040
857
9006
660
10401
10554
7679
