7869
10030
376
7191
10986
95
3751
3275
304
11107
4473
4709
5968
435
45
9109
1268
93
47
3632
474
5946
7998
8999
160
10018
248
293
5510
1657
10213
194
7145
147
98
10180
6
6891
58
1709
677
876
10696
9865
15
3153
11330
2264
1538
2311
3355
104
3977
2411
2485
4562
16
11020
128
527
543
7123
7668
6068
303
7932
167
4462
7057
9034
337
6315
8974
6475
1553
199
10316
6503
297
135
272
9157
9186
3933
118
8660
6434
139
289
3392
284
4853
61
713
282
8864
133
5430
142
3195
217
4028
6825
172
28
10806
96
124
2671
10532
5625
3012
125
77
7557
2782
5815
240
195
291
6595
518
9717
10080
6454
10131
11009
323
9997
3476
10704
6352
5186
9556
43
8039
241
50
3788
2245
5583
7027
117
214
285
5783
218
10710
5237
3659
116
4817
3147
4636
1142
6339
8215
3
246
250
212
7898
8949
7849
6136
823
119
3864
9969
10493
60
233
6194
75
2558
276
299
7130
3315
5234
8071
8251
134
10060
5418
6527
105
5245
66
9583
9257
300
4369
2910
129
8062
11194
5078
49
271
18
3891
693
3470
5532
11224
6327
206
2862
1933
1082
4967
8627
8038
8498
3298
229
4391
313
6840
10648
962
9422
3536
7636
3050
277
391
211
2663
10347
1362
269
1528
2024
7529
175
5328
8199
7500
141
9445
2406
2456
113
5364
5212
154
81
316
10034
273
5977
84
152
5555
107
7261
11018
5134
103
6158
804
9082
9545
10377
10354
4455
221
2262
3592
944
62
10619
86
1824
3951
168
6022
109
9618
120
8953
4205
244
306
10128
99
11050
88
7303
1424
190
8364
10780
4830
298
7622
8555
8467
1171
11156
8096
181
53
4
9815
9229
329
312
27
6431
1624
3732
1632
5224
36
145
184
7679
325
2159
191
10779
7951
252
148
345
121
317
4331
6725
262
5542
2845
41
1948
10533
7132
254
2157
207
8748
3239
2850
3926
2146
42
328
6560
10231
13
9772
1974
11298
100
112
7499
10451
281
226
5985
326
6278
646
7101
5280
320
3100
7571
7306
257
3070
1441
1261
6625
9639
961
2940
895
10
59
310
9
4065
2667
30
1426
283
8346
4301
197
3770
1544
1976
8261
10168
4543
11283
10076
9283
1480
6540
2296
5409
9638
4735
5837
3812
8597
8177
7371
10124
9073
9441
8091
6114
8595
1840
270
5587
1209
4946
204
2433
224
3044
4311
202
9384
5840
2921
2174
2808
8527
8671
10144
4545
9768
32
2499
3003
180
2754
178
4983
10741
115
8982
106
4422
7241
5289
8433
8399
10544
7538
9115
7326
817
159
2362
11249
7861
5338
1363
6871
166
292
327
6338
8
4964
7801
7718
4702
8549
307
314
225
157
187
9926
72
7353
305
4615
3603
8927
131
10334
7214
1071
7114
111
4379
263
3464
1306
8374
48
54
9778
230
8598
11024
5005
255
427
2054
264
7489
8562
981
11251
8741
2718
4729
8245
290
10446
10536
38
251
642
3642
183
287
110
153
3094
245
205
2494
6790
151
309
1440
275
1906
4374
267
8132
239
11374
3490
11019
6976
188
7905
324
745
5800
4855
6261
4067
10563
3768
210
5777
94
1908
7193
156
4151
6656
9252
7750
0
9513
9885
1962
189
8391
68
236
9795
7524
138
7770
55
2562
6752
7556
11289
3581
31
83
82
5676
3798
4073
6761
238
4656
2160
213
3011
9161
23
5290
5658
4252
3723
5029
7597
7513
4872
63
57
4757
9203
9609
1828
87
6354
1770
8172
296
336
3561
6707
10550
10249
6019
5842
92
6938
5528
203
1744
247
322
20
9626
6664
5388
243
2836
10558
4535
302
1855
2637
260
6923
235
222
64
7581
73
5644
8100
3499
89
52
4336
29
350
5792
2864
9943
1021
231
9660
7347
8161
227
9179
4108
4295
40
288
97
11
308
7334
179
10014
9946
7281
51
8611
1823
10850
295
122
3019
7843
7478
7322
10357
9346
5221
7915
56
2182
1055
7901
78
6469
9021
8548
140
71
9623
922
6318
7
9081
9304
2247
2503
33
8304
8620
136
6059
3516
164
2236
127
3843
39
215
158
4142
2188
186
8024
6040
74
849
176
280
6821
319
216
11223
3878
9217
144
5402
7242
169
123
258
5115
8031
6991
6659
8961
3758
286
4948
1843
44
9900
185
256
242
4392
65
4960
10439
5490
35
12
1454
165
10606
208
80
4585
4047
237
1490
5457
17
76
6151
1470
9072
163
209
5724
102
37
10690
8268
174
5136
155
1830
1483
