5603
7886
2748
7871
3841
5041
7548
2223
3744
2941
8654
4920
8721
5239
8502
11037
6446
3863
2814
4904
3258
10541
8846
8501
997
3648
9887
2582
10132
5200
897
7070
9962
8576
1626
4459
6100
4858
5381
2906
9197
10174
3130
11045
9293
4007
8531
7416
6516
8464
9869
6055
4120
6511
8801
3435
11219
7933
3796
6247
7960
4200
10301
9259
9345
8995
3555
3080
5268
10321
2033
10765
4011
7563
6945
7281
8563
3287
9283
9093
8402
8371
6112
5862
1889
3816
7348
8164
5676
10811
4510
11150
1013
1970
8391
10616
10399
9211
9567
3113
8760
4803
1024
9768
7462
6170
7248
6468
5674
9186
9942
3292
8835
11161
696
1540
10928
1259
7706
414
10699
2953
2397
5601
3221
598
10758
4673
2254
1463
2573
7611
9415
7139
6663
6327
5516
5179
2749
924
5060
5174
2490
5926
4355
8901
8919
4427
8496
806
2049
6298
1011
900
4677
10480
6475
8786
2919
9314
9151
2849
5631
3716
7213
10004
4478
3850
4230
2695
10623
7824
1939
9745
3165
1063
8693
8836
3011
3726
494
1311
1193
3910
6108
10984
10979
6235
8732
386
2354
4781
3383
344
4767
1493
6462
5562
7013
1755
1329
5994
1084
2724
3275
7258
2185
11366
9133
7637
2238
9157
4991
10486
6379
6009
1854
10771
10085
8616
8963
8521
1735
9856
5987
3676
8778
929
3466
8228
4932
7919
10403
8701
9149
7722
4410
6199
6970
2075
8230
10691
8207
7421
6699
2381
3708
4712
7215
3271
8478
5961
4587
9649
3334
7409
9271
1817
3691
9365
996
1880
1053
4407
4356
9877
4068
2299
9535
2231
7782
956
7941
6866
11033
6477
1951
6993
5168
1833
7424
7091
9273
7155
7766
8819
5783
3898
4816
11359
4414
7069
9672
9097
5352
6219
2971
2003
6690
11009
8253
8964
5811
4770
2308
3658
2734
2295
4115
11153
3704
8409
7112
8269
5115
3432
7864
3137
2713
10624
9785
8708
7654
1746
4437
10892
2109
7674
3534
625
8908
1065
1403
3206
3023
8689
3807
5589
1250
3985
3270
4893
3343
3586
8727
8609
6913
9380
8781
1658
8482
10063
3077
7952
1135
2718
6286
7543
8331
11079
4950
6466
9795
2860
8421
3886
4621
6951
10134
4837
1485
5788
6797
2091
5320
9518
9077
11111
2728
3405
3668
776
1635
5901
8924
3528
2667
1811
4439
9954
9366
4900
3950
5570
9005
2546
9235
4795
5975
10942
10557
5942
4737
1923
6920
10714
1511
8133
6755
467
4808
7873
5655
2666
7486
6304
7575
2760
3461
1589
994
7786
6392
1668
2203
1482
1136
9055
6682
6947
5110
11162
10670
10434
1026
6051
3751
2130
1146
4076
9800
3010
8246
3587
7340
820
8198
9867
9493
2898
726
10988
5913
8069
3630
7333
537
6093
7138
10958
8094
10792
4025
5083
4902
7027
2958
6632
7335
1423
9746
5097
2594
9970
2741
3710
6143
10124
10119
9821
9736
1292
8839
11091
905
8508
4855
3474
1134
10622
11246
10498
2465
1115
7597
9274
2673
841
10461
4662
7376
10280
5888
9606
1804
786
8494
8590
9836
3256
9384
1416
358
4961
8691
7725
6651
9592
8896
9279
6982
2073
5279
993
9236
10413
8484
3533
1765
1436
9907
3808
3022
3921
5808
2774
6705
2165
3590
1173
2641
9918
6350
1300
5150
8825
8176
2352
7929
2766
7474
7495
4599
8313
4506
5552
4195
8859
3430
5927
7648
9552
9932
7724
6101
8447
2793
2996
1094
7792
5607
5029
6028
10300
9266
8763
2552
2206
8274
2306
1289
5796
4721
622
2180
9501
9656
8115
6265
4213
8257
10880
3653
6540
9917
1497
3767
2168
10695
8174
9704
10264
5725
2218
5742
963
6002
10966
8570
2447
1918
1734
3966
4853
1243
4790
2169
4949
4441
10188
10247
11364
5171
3883
10396
5633
1961
10446
9403
2343
9250
9543
2000
6855
10316
11041
458
5079
7020
9277
7685
3335
4166
982
5870
4943
741
3894
4883
7767
8889
5403
3237
10418
3904
6185
8039
1555
5422
8414
5740
5699
3185
6724
10168
5894
5876
6802
4978
5143
4612
9883
3313
5730
4540
1751
8454
3397
7318
2586
7490
3531
2606
8443
10528
3621
4281
794
9265
2108
468
6620
1370
2505
1597
6089
4646
590
6521
411
1422
3963
3595
3110
7034
2347
2757
10710
4086
8403
10453
8841
9397
7632
3233
7617
3493
7622
10016
9702
5705
6519
4042
11103
9459
5620
10472
811
10568
5472
8440
9571
3187
5680
8867
1767
1868
871
6322
3041
7743
2800
2699
8719
4519
10469
4282
2952
4440
370
7176
5869
1674
3460
1410
8100
2199
7754
9281
8401
4865
4207
2247
10823
10776
3626
7160
3216
5928
8071
5340
8468
10094
7882
842
8435
5338
4495
8107
7425
8076
10161
1546
6136
3214
10183
2784
1647
2044
9671
5346
6893
9922
10651
3731
1261
7442
7833
5759
4364
6786
2102
4287
7125
466
7863
10037
11093
4017
6774
7769
9065
6266
6963
9639
11331
5646
1768
4558
3315
4322
3352
6577
7449
6596
7321
1996
3785
10159
3515
2336
10544
8168
7701
6783
7861
816
8301
10335
7688
7880
9982
1641
5519
9888
2826
1355
5164
6406
11209
10445
8551
10391
9558
1153
7209
2290
9720
9631
760
9468
7524
3064
10997
3359
7022
1616
9857
5747
1612
4601
8365
2260
3504
3560
3273
8161
5178
10998
10767
10462
5864
9499
8209
9485
10674
1740
4242
1281
1935
9740
10684
8742
1266
1775
7115
5618
6063
7320
9931
9607
2892
10005
3961
5058
3743
2042
9240
1700
2217
9919
5529
2315
533
3229
7698
5002
10799
7604
8789
3554
8860
3526
9547
987
1299
6306
1946
2501
5209
3021
9989
6948
7976
7691
6997
1079
6467
10203
11287
8473
7499
8684
8704
9859
9306
5366
1481
6771
4323
1983
2358
9943
11069
5153
10653
7411
2859
3297
4901
8579
5995
6971
7410
979
4834
2469
5934
2694
6397
3289
3141
4610
5545
11337
10957
8448
11248
6017
3152
10755
10584
10856
4161
6593
3836
1054
9200
6882
4891
6218
11240
1480
9410
6278
4692
11075
3522
8720
1594
4875
1012
3102
10218
5915
10628
7818
4464
5792
6613
9826
9436
7119
10565
1615
9094
4751
7464
1793
3640
5619
10146
7245
10326
11089
10186
6482
4284
4311
11357
8066
3831
8339
7519
4094
384
5446
9080
8202
9076
11020
6933
7254
10513
9951
8376
7106
3101
4746
1454
8989
5761
6531
2751
11304
9551
6894
10830
8611
9450
4896
3822
3144
5941
4996
1359
3971
4986
331
11308
7399
5413
6207
2155
2148
4399
1345
10750
8131
10556
538
7094
8214
3266
6992
8088
3649
1498
6758
5265
6175
5828
4676
6647
546
882
1590
3706
481
7961
6863
3707
3513
6177
1322
10968
10749
5423
3812
470
4156
2884
578
8648
3848
4848
416
5301
6204
1595
3727
5998
10904
8441
8606
4308
7375
9665
9647
3184
3439
3330
6685
8411
6423
4633
5598
3157
6027
866
2298
3464
10646
8113
3240
1216
2164
6490
7095
4396
4454
9673
10675
10763
2174
5186
7659
6413
10929
5687
5343
7639
7867
5773
465
10702
1661
3365
10514
10167
5205
7605
7048
7201
1840
9016
5556
6526
1571
892
9512
4149
6530
9517
649
4265
6359
10057
1723
1387
9258
5517
3722
8068
1501
2844
9260
8916
3845
6221
6132
2812
10495
10468
5644
5467
4550
3125
703
11348
1187
9194
7727
2201
8305
10612
3580
2923
1082
4964
502
7159
677
2937
333
7733
2471
11061
11015
10123
5102
3131
8730
9262
9108
8227
10733
5668
7783
5030
1408
840
8432
3095
9207
6245
1504
3301
6288
9375
1117
6986
8129
8657
9622
8189
739
1876
5979
7862
3546
8643
6975
3864
5536
7400
8345
5342
666
1334
6662
8118
488
9125
2593
4643
4886
7699
8564
5798
8254
10890
9173
10501
5258
3564
11232
2303
3628
7211
6367
11024
5154
2856
3920
5962
9818
1324
2453
5969
757
7334
2101
616
1171
9124
4211
6901
5602
9893
2972
2659
7355
3569
11277
5372
5477
2547
9958
9868
8553
7060
3340
7214
11049
4543
5028
9255
11194
10485
4102
3962
8308
483
4499
7951
7572
10581
5899
528
7194
10121
953
3492
3390
5875
8086
11117
6619
10976
693
2533
6792
2817
3283
10331
6756
3060
7291
6113
3215
1789
6011
880
5038
9773
936
9526
4759
1443
9645
3044
2233
4957
3323
3614
2810
3164
6069
2678
9289
10371
8092
7749
5757
8878
9180
9864
11022
5288
9079
8203
3241
7221
1878
10815
4096
5650
6659
5834
10477
711
9611
3823
7511
3112
9390
848
7097
1999
9443
8075
1687
9915
3791
2082
9748
10320
1549
801
3780
5493
6903
5017
2430
4778
5139
4941
5736
10332
9777
1564
1986
4353
7182
8136
946
7261
1575
2276
10276
10115
9014
4204
9709
10117
5283
10643
10198
3025
10101
442
9275
10176
3239
4523
3764
8319
1287
9136
3938
2158
3062
10171
7845
6849
5758
5093
7256
5535
7339
1837
5425
10907
6542
624
5765
4180
2480
10831
7586
1769
6819
9389
708
9521
4647
7078
1150
7825
3557
8213
11055
3545
679
7740
1585
4997
6585
6764
356
5400
9799
2688
3267
789
5364
894
3768
7035
4903
8229
4044
6180
6192
10762
2601
10107
5046
8556
6144
9035
396
7477
8082
5543
4444
11341
8566
8259
8165
3031
2548
1021
2992
1304
6348
10120
1527
937
1653
8624
3738
9587
10745
4829
1738
2072
3937
9432
1203
4262
4849
11187
10429
1800
395
10621
4285
9812
11268
5439
2705
11094
3484
3508
9955
5538
9728
2994
8518
9820
11285
2463
8843
3476
11171
4787
3050
6523
2743
10054
6189
3803
7785
1168
4260
8755
2454
8969
2911
6740
6457
7712
10476
5273
5887
10035
4214
2005
8497
2915
9165
9772
9408
1646
7051
514
4419
1386
6978
6810
6536
3035
2184
2835
9064
5704
6115
5457
2248
5453
10344
9794
2477
9601
6062
3607
3428
1240
9843
1411
5202
7024
5249
399
6788
9871
4764
3993
1677
6150
7734
5337
553
11330
9900
3433
8034
1258
10285
2307
1917
1213
4078
4236
11345
7096
7693
464
4164
10545
2596
1018
1952
4157
10879
9977
5824
3072
8320
5830
10959
2676
2944
8226
8894
9983
5790
6186
9765
635
7023
3118
10416
2021
7550
2950
4854
5520
4067
1477
8154
5070
10593
4529
1654
10949
7643
4463
694
8817
3195
8524
6868
11369
1206
1936
6072
6943
6887
6300
6649
11266
10983
10736
5211
4890
4286
6390
6343
6757
7635
8865
4750
9507
925
3093
11211
7280
9497
4255
9627
4810
6660
5766
6427
6058
1186
1224
3835
3293
11190
1113
350
8857
6575
8011
1670
917
3051
6927
5160
9996
9234
4570
8083
7039
1464
9056
7544
10516
3660
4451
9309
777
8557
3019
8475
6025
6708
772
2607
7346
6981
364
3861
2746
8713
6507
8064
1444
8631
7900
4757
7001
1052
3598
2816
1937
1518
11222
5584
10941
3145
4004
7628
8193
10931
3097
4443
8137
5308
4186
7403
11333
2235
1191
7907
8663
5654
10504
6152
4861
4741
684
1455
8316
5219
11354
10522
2669
6282
2564
9778
7301
7577
5025
2443
4614
8863
493
3085
7509
6033
957
3577
393
9628
4339
490
3393
2092
2331
7367
9050
3865
8182
8225
7521
7250
4124
8160
8562
7913
1468
6800
5859
1731
2404
5611
5084
6432
8927
6835
9323
1530
6709
6125
8152
10459
3846
2225
9343
9743
8671
1795
1003
2878
2293
9195
2279
5277
2823
8773
9711
9827
1634
2114
428
3644
7546
1397
10072
4471
5871
11073
6838
7336
11344
7311
1513
1096
7483
387
10383
5937
3604
6674
8059
1752
738
1156
8539
749
9872
1280
3406
4600
9959
2058
2191
7840
7939
721
7810
10354
2271
2502
3715
4571
10307
8555
3483
1236
3497
1514
3849
4075
10489
6834
6745
8012
1461
9880
4163
8323
1022
1745
9738
1602
5803
4827
5844
2854
6711
9540
3688
9819
8433
10865
8272
3473
403
9531
4259
8538
7753
7809
2069
2974
5399
6953
1234
10312
8915
1056
1140
2382
5324
4869
8388
3615
10808
2036
8491
8284
1496
10257
2054
4337
8696
11138
8450
4894
2597
1262
3852
2140
1343
4409
6225
8974
1832
8256
3186
7854
8875
459
3455
3194
10657
653
1535
10427
989
10937
3269
8620
647
5069
5990
3566
11215
4303
5786
3758
8794
1645
6248
5290
7263
2991
2598
4388
675
8658
9974
8004
4496
2499
7170
516
3344
11158
3798
11018
5767
9633
9807
7744
11244
11172
8031
10470
7202
4492
1788
2181
6858
4892
9269
9063
3212
5629
3449
5625
3801
8477
7560
8574
10549
2858
11234
5777
1200
10932
7189
3026
3647
6744
4547
6806
10848
3166
4304
8549
10824
4758
7385
1682
10201
6862
4369
527
6402
7366
2828
8097
3741
8695
2976
4688
6994
7178
3840
7304
1982
7967
5645
9550
6618
1955
3312
5302
10367
1902
930
3825
10092
3228
755
8377
2775
10667
8882
11197
1415
7843
2986
4517
4460
1984
5359
2190
8462
6146
4910
10781
10091
5727
4583
9503
2378
9333
5691
6615
542
1081
7908
7101
1991
6928
1263
7945
8130
5056
6297
3424
5724
6843
8997
10069
7583
7540
629
8525
2887
1639
489
8812
2476
11365
2491
11283
2807
430
4055
6499
10263
7166
2312
3718
9386
9995
10227
6706
4560
2912
10152
3114
1235
4655
9648
1625
6378
2195
3652
5231
8061
555
8618
7776
3868
5663
3133
3525
10707
1899
5678
8169
6203
9569
10249
10571
3481
3201
10160
1356
2798
7090
6451
4800
9131
5530
1582
8603
10562
9304
10200
750
2212
3355
4254
10552
6239
7822
1640
9725
1762
10859
5148
1447
5863
8459
1908
6785
2131
4859
3838
4048
3953
10411
6193
7707
8367
7868
8565
7516
511
6201
1367
1599
3362
2320
4358
8503
3154
8854
431
4474
8125
10436
10586
8480
6946
10488
1331
2891
10245
10254
477
3341
6576
10981
4813
2587
814
1090
1372
3485
10991
7343
3964
3222
7944
3079
4908
6163
8528
521
3264
2030
1016
7650
5293
9865
5819
9416
3138
7513
7545
1315
10044
3451
4597
6061
2194
10821
5106
2981
10098
4983
9102
10746
728
9060
6139
6879
3225
6096
9327
10608
10861
3140
3778
1822
6722
3686
6959
9897
771
2591
4482
6267
5121
6595
7265
5370
3029
10155
8542
412
10583
4811
7225
8002
3431
6545
7970
2970
2126
10987
3854
10787
4436
9361
4171
5744
9574
8845
4842
5362
8037
7255
5043
6579
672
7696
1539
8950
8653
3438
8591
3447
604
927
5385
8395
6155
2940
10829
9142
6398
3830
8992
3900
6673
1124
9889
6989
6026
7259
9083
9590
4773
4739
3245
9885
8973
637
7133
432
2302
4066
4309
1883
1534
11224
1750
5799
7227
2771
4315
1494
4022
11102
9038
9609
11370
7746
518
9088
1558
6078
8633
1739
6817
9003
9781
3372
878
3307
2983
3733
6039
9138
9646
11329
6520
3346
9760
642
8363
1744
7797
7055
7488
7838
870
4249
487
8938
2537
10261
1143
4046
6726
9213
9840
2136
6648
4033
1847
8705
440
631
6463
6790
1927
2515
10259
11245
5965
10241
11225
6181
9828
1222
8355
6258
7453
5008
9825
4634
2286
2675
7890
1036
3675
7278
788
7316
7391
9400
9676
10310
1154
10018
1879
10235
3695
10454
10697
5732
9462
6449
10424
3903
600
6965
4538
11154
9127
7063
9243
4479
4542
1977
8852
11071
4762
11019
501
850
4714
8686
5966
7212
7243
7974
11305
2187
4627
11100
853
11347
5013
6220
8552
2903
3119
3053
1074
8918
2702
7307
3086
11375
10438
2585
3181
9492
7124
10594
7052
5939
3007
4922
9972
8761
7634
6459
4278
2876
11157
3415
5957
7228
2770
8128
10031
6549
7526
1008
5120
5471
7368
2099
4533
1684
8831
730
1987
7579
11076
9100
6754
8619
8800
9373
5261
7901
9964
2161
4488
4244
6702
2677
10328
473
2961
7217
1621
1199
5775
888
5550
2056
10439
2154
3467
11300
11295
10410
3073
11174
10956
1335
3851
3884
4706
833
9222
5534
10994
9570
837
5935
8476
8780
2759
6086
9935
3789
6183
3606
8980
10751
1427
2405
3793
10156
5592
1406
3599
1916
2982
1521
4226
379
6361
7850
6574
5559
10333
940
1051
6850
7283
9719
698
4198
1232
2631
4575
8337
394
5587
10727
3091
6329
5021
8913
9707
3690
10243
2224
10430
7528
6395
2635
8419
1189
11083
438
6492
4263
4291
4585
6118
1000
10041
6331
3191
2325
9941
6528
421
1699
4100
4015
10721
2323
4131
1843
3123
3809
5755
972
4792
9715
4189
5809
2761
5797
4296
9249
4251
7532
7832
10943
8368
10390
5582
1846
3004
8348
10809
9404
6401
4274
10742
9322
1376
4515
8156
9901
6067
7459
2682
9122
9793
8532
2277
10768
6885
5103
6555
5748
7380
2684
10210
4029
7910
472
1785
945
8335
9755
1887
1816
2273
3666
3003
2278
5579
10084
5886
1100
4224
2945
7012
9049
10511
4639
4429
10012
3878
8349
7657
6176
3124
5412
6259
4595
3584
627
6670
8757
10412
9548
5222
8330
8595
9089
6987
6972
2478
3618
8527
5615
1956
7075
8537
3680
6544
3400
1305
9107
9185
6950
4985
6820
5506
2289
9399
2703
5553
10281
2486
10369
6964
7061
5395
2268
8668
10955
8661
2959
6205
4609
8035
2874
8710
3441
10441
1121
9387
1264
3678
11346
785
10270
10519
7581
4649
6464
5166
5807
966
1867
5624
11342
6273
7869
11318
9771
9098
10656
8135
9392
6488
10181
5432
2067
10102
1293
2584
5436
8945
6263
7378
562
1285
8153
5427
10256
678
7932
5080
717
8906
10567
9218
8155
6541
8751
4319
7188
10698
3107
2530
1660
1576
5858
7736
3575
6433
10901
8425
10460
5415
8237
3057
9973
2510
1091
10362
9012
5683
5985
5653
10268
10458
2921
9716
9317
9396
2259
10081
10206
3520
6564
7434
6169
4446
6318
6602
2053
9833
11321
11290
10938
6190
8976
9018
5181
6473
8242
457
7747
9636
9690
3217
1157
1019
3366
1505
3373
2951
4467
8332
3274
11280
7161
6497
567
7279
3210
1812
5903
4658
659
7837
2647
614
2094
3972
11001
4062
2927
9846
7270
3537
5420
11332
4968
7354
11296
1900
4472
8361
8141
4701
7494
9251
2868
6551
8737
3736
8810
9741
5640
8931
1790
10478
6399
1459
6484
1892
9632
9159
7087
1383
8314
4590
8581
5829
10021
4953
10954
6723
3873
4054
9137
2758
2781
1981
5806
7719
5016
4336
9391
3634
10555
10589
1901
10046
4343
2506
4406
8750
2239
3453
5630
1733
9062
1428
10466
8132
7195
3714
5971
10517
8765
436
7923
9329
7363
5091
9487
10529
3155
2196
7383
5098
1523
9096
9223
5679
423
2791
5802
3794
338
7011
9454
4947
5371
8103
10633
5092
4965
1152
10348
6609
10423
3363
5307
8944
11229
9586
5494
3667
10180
4682
5917
1449
6693
11035
1319
8277
4169
6102
6890
341
1566
3442
5243
7402
10387
6486
10620
4905
4188
5473
2403
3638
8479
2305
2820
8017
1066
1198
6772
4959
9774
7580
981
4340
4973
8933
1545
9844
8206
656
6679
5201
961
10292
9542
812
1479
10077
8818
10602
2664
1028
6847
2949
944
445
4952
11254
2428
2948
2442
7959
8351
8481
7993
7042
7860
9227
2523
7226
6777
5087
3697
4485
10573
10315
2571
912
9295
3877
8341
4775
10881
2098
6956
9296
7310
10814
4605
3042
3998
691
10154
8956
11179
1404
6345
1394
7331
11267
4924
1691
8753
3551
9815
8966
11263
5304
3367
10162
4728
9994
10043
9154
2348
7836
4097
6071
3820
8855
10024
1336
2668
9536
8949
3227
2503
7857
10062
8886
6328
7978
1910
615
11309
4626
1791
1907
9775
9787
3754
2396
10850
10008
700
10971
6729
6368
817
10640
3696
6346
3234
7816
6765
3742
2474
9604
11184
2045
4036
3583
1396
7241
11189
5695
7192
7004
3034
1864
7008
4807
8679
9692
6748
3452
405
9092
7812
9806
8490
5867
7692
1885
7615
9412
7313
1414
10337
2297
11358
7515
10838
941
8716
4040
9057
2086
5513
9140
4105
3039
8607
8897
5639
3872
8124
5557
11272
2536
8089
9424
433
6054
2656
10925
8263
1620
6506
1333
8608
2326
1015
10595
3327
7507
11113
6898
5223
10193
3401
5382
6048
8903
3132
359
7026
1245
2870
1604
4390
4430
4799
9599
3936
2007
10442
7328
5314
11293
7739
4372
7755
5594
1794
6861
9705
525
11188
8874
8939
4487
3772
5114
8303
6962
3356
4435
10253
9898
1722
4618
5378
5339
8513
10919
4929
2920
1128
5692
5578
8250
5711
2234
4509
10914
8523
4867
10293
10173
2087
8108
2145
7314
1161
2701
6628
9594
4432
3611
6737
9117
6594
8252
6123
9428
6815
6773
1350
2330
1201
439
7730
5512
7823
3463
7455
7983
2975
9913
1302
10554
8659
4674
7946
4736
11203
3559
5044
3781
5270
3120
4678
7430
9624
5052
544
6501
11352
10450
8044
4165
8981
8498
3645
9701
10649
5677
762
3995
1507
7915
1703
6846
2522
11288
7102
1989
3931
7489
6335
2166
10820
1284
1448
8638
9464
429
3136
4598
1532
1382
9242
5452
4687
1467
2726
5367
10426
10192
2796
4135
6915
8430
1737
5272
5890
5671
6194
4615
1375
5499
9000
6385
3574
10216
8526
543
7760
10604
4013
4494
5386
1541
11260
7835
1227
3203
2141
9661
9121
7972
8827
3170
10614
7621
5369
2778
898
563
2833
2314
7770
5483
2013
1557
1103
1823
11141
8336
3013
10801
5478
9385
5465
10444
1579
3151
1238
1542
7662
5590
7103
9405
3078
5435
506
4080
8006
7117
8186
5800
8427
5636
5444
5912
11242
3922
5491
1720
3322
9572
9310
4366
2526
5251
2985
4379
5925
4617
7892
4417
6587
5909
11252
3797
6569
3641
3487
10191
10662
5190
9854
7765
8218
9698
7999
3404
5856
4034
3444
5554
5827
9545
6295
8025
2147
1810
7793
10334
10277
549
8426
4170
8952
4145
11326
8707
11313
2529
4139
5335
10965
9161
828
7135
9023
9160
4489
3992
3786
10359
7870
6243
3923
4110
8774
3143
5414
11108
8038
6508
6931
6878
10392
1706
6710
10696
9916
2250
1268
2296
8406
1363
1048
9469
10226
1707
8790
2569
8768
3532
986
9353
1247
2497
8746
10060
577
8788
7879
1458
2142
8325
10933
1307
437
1554
9022
5916
3769
8745
9191
7943
9272
9068
8400
10066
1743
10274
5649
4970
4150
8099
4395
9557
752
8434
5348
9129
9475
4502
7819
7750
7989
9688
7218
1732
9232
4438
1425
8530
2729
7847
692
8937
10175
7478
2909
1450
873
2439
2157
661
10839
1031
10255
10358
6005
2577
8700
3624
3421
9899
3692
10893
9928
9164
6889
9953
7450
3958
4888
8634
540
7277
7603
9703
3043
2605
1912
11067
9229
8449
4158
9801
6924
9986
7708
1204
7093
4642
9489
8190
6719
10232
6415
8589
6746
10266
7653
6032
10408
2236
3949
2708
3024
7918
1728
3687
8650
8625
5555
3659
10759
5923
9966
3295
2487
3354
6292
9523
2902
565
6787
7308
4380
10064
5433
3384
2160
1451
1037
9011
2802
7114
881
5963
7742
1799
1178
7319
8096
7467
6481
11016
11029
6302
6270
2753
357
10906
9559
4061
5528
10973
1086
3927
7827
4819
667
9758
10791
5127
9438
4611
5836
9425
6780
3207
3422
5837
644
8900
5845
1713
6403
4403
3105
638
9779
7566
7414
5361
10797
3967
5540
6807
7549
1953
725
5375
3045
7578
5226
9675
4718
9287
9074
3389
5085
4261
4206
2967
11275
8040
1520
6291
10639
10409
5984
9823
10375
4182
6763
5228
9318
3965
10891
8660
7059
4003
2319
10288
5004
6407
5169
1371
1676
4002
2747
1180
7502
2934
779
10917
5666
11265
418
1500
4606
4314
4106
10747
11256
2253
9847
5622
3074
4217
2041
5410
3766
9181
1226
10945
6753
5560
3017
9344
8188
9984
4349
10237
1694
716
3542
6042
10492
8685
720
9226
4391
5948
5305
11003
4422
6897
2804
513
4653
6117
10202
408
9451
2065
5944
10773
7234
8483
2738
1517
570
376
10905
4948
9480
7276
3168
9388
5009
10471
435
5276
10179
6510
3705
4656
3875
10739
9602
4735
7826
10625
3294
5099
4668
2681
7599
7406
6698
8438
7512
9095
9796
7788
5988
5586
7018
9845
8070
2866
4987
4179
2943
4695
5260
11121
3410
3774
10705
7689
658
9553
6606
7687
7356
3174
7244
5839
9498
4335
7589
2377
11236
10311
4574
2727
10207
4851
3236
3370
2493
4185
9700
1192
9382
9798
11247
6600
8148
662
6636
10130
8166
10995
4090
2698
5733
5514
6191
9862
954
5182
11221
4060
2637
11056
5112
11193
4382
1057
7990
7327
8021
6283
7107
2349
6669
875
7748
2353
7496
7949
4980
6598
6524
6019
10509
5936
2107
5241
9378
6681
6867
10322
6230
6097
5667
4038
2210
10283
5194
2226
9520
9564
10542
9476
8991
2468
10538
2894
2373
9307
9368
978
6622
1831
7322
7067
6548
8694
2832
10503
6091
4280
9851
8346
5959
6760
4919
6105
9276
9998
2393
914
5764
4768
9642
419
2733
9674
6696
6562
10636
2288
7971
4037
2579
2001
664
11378
8232
8675
10080
4651
2429
10700
5447
9393
3223
8027
5898
8593
3135
2516
7676
400
9858
8461
7956
2692
9401
3662
4032
8460
8968
2567
8194
10221
8120
9045
2956
2395
1068
8143
883
1486
9666
11340
2714
6287
1217
10055
9832
1920
10287
451
11052
10720
9109
10713
10443
5105
4592
7997
9052
6340
2654
1771
1893
7204
1637
1338
10491
4926
3579
2089
9017
11130
2392
10373
9532
10764
4045
6018
4591
11316
759
6734
7242
2085
10291
3299
8342
3892
1439
10209
1509
9308
11127
6081
7968
7230
4963
6029
4426
5131
6707
1424
6804
363
9629
9735
10172
11014
2610
6313
8587
11088
9061
864
1119
1014
6741
1002
2137
4389
11036
5390
10800
6200
965
3633
10131
9294
8792
6275
7806
5042
2167
724
4088
822
3353
9934
9224
1741
1196
2399
2663
2346
7732
9886
10629
8715
6469
1992
3148
3646
1562
6354
10015
6080
1237
4159
1499
1947
2270
8615
676
7074
2995
1488
8420
4994
5931
7672
5323
3915
7656
10138
9714
9205
3828
1492
6872
7761
5175
8833
10108
8054
3527
3106
834
3179
7955
10009
9770
947
11289
10389
9453
5350
8879
2818
4625
4469
4989
2851
6050
3480
9168
8575
7756
6813
6552
2612
2973
2116
5521
6572
1622
3619
2604
5991
3880
597
9254
2095
5547
2660
2006
5254
4833
8623
1560
4967
6483
7271
9193
7576
9878
4071
5442
4324
10090
2047
2886
5203
461
9155
7167
8452
4416
2483
2924
2498
7098
1825
5090
3445
4176
3198
1780
9539
6303
9623
7642
687
8543
3747
2440
3014
2176
9190
7905
10395
4383
4373
4921
6159
8703
9407
10394
5685
8467
9442
4480
2916
8404
11135
1519
2207
9216
4711
6208
9680
6518
8056
11147
5561
2189
6001
1861
943
480
8417
9848
4470
2292
2449
4425
1648
2237
8902
2566
9495
4001
4796
8582
3172
5938
2763
7975
4490
999
9417
8943
5155
8290
9086
3776
9530
6130
4777
6253
2543
2589
2777
3909
8338
1306
11191
2151
3196
6565
11238
1877
5664
7342
6742
4878
1784
10936
9105
6580
7606
5617
6837
5167
9946
9788
4504
7282
2642
3538
4638
9328
10743
2625
6896
7684
7131
10826
9437
7924
3592
2861
1528
7288
374
6137
3368
6683
10701
10103
4140
11097
3565
10889
5509
2914
2947
5492
6616
9873
7469
548
5972
4154
7821
5642
3122
5078
8977
6351
2825
10303
7741
9481
1047
5294
3549
909
5914
5075
8302
5236
7794
11132
5533
10196
8093
1906
6465
1489
8457
8738
10724
10379
11139
1176
4576
7559
2928
10789
10225
9610
1390
2719
4405
10347
9613
6417
8309
8455
2990
1348
9811
10551
9695
2795
5575
2026
1624
4977
2008
8380
4112
5023
1712
3457
2179
5311
3842
10782
6967
7137
9483
2090
1857
8838
1875
3394
2736
671
9166
1973
8112
8072
613
6902
10863
6791
8045
9126
7295
8265
5152
2792
10927
3090
10634
4367
2274
8793
4726
10308
10723
6759
5170
2459
8987
6023
8416
5881
4331
2489
2559
10617
2351
3896
4927
9976
10951
756
707
815
7497
582
7190
3348
5280
1914
7198
5053
9968
8138
10964
7353
3510
9802
5551
10896
8614
5329
4293
2402
6892
5635
409
9527
832
2057
4288
6664
5020
1502
11062
6299
6825
9351
2281
11070
7533
336
3092
10298
3578
557
11177
2632
10972
7855
4830
7153
8015
8382
1420
2335
2617
5019
1968
4856
1655
3969
2241
5812
4680
11261
4122
6960
8321
9891
6365
10133
5825
11243
3257
9448
8979
6517
6851
5440
508
4228
733
6456
10435
904
4753
3939
8613
3419
3890
3720
8019
415
9241
10073
8680
9618
11281
4551
10719
9192
6445
7016
10852
9712
1662
5298
9963
3908
1764
7926
5253
6087
5138
7379
8222
901
7049
6697
6228
4387
8312
517
4694
4498
8870
11351
10752
4079
8204
4683
8317
7965
2881
2822
7344
7181
9731
6227
4462
2735
7372
8824
9581
3418
4616
3183
955
2514
1742
7877
10010
3127
9717
519
9370
9460
6869
5627
2371
10790
3719
3083
6608
2525
5686
5300
2249
6743
3617
7830
7561
5281
3514
9215
8507
8378
9960
2517
1295
7737
6770
2434
8935
10910
6030
3596
3471
1361
8635
9621
5885
2843
1583
8617
1891
1922
970
11251
10306
7594
8920
1543
7517
7808
11039
3126
7330
6570
5113
6360
6349
10853
10047
6157
10899
9044
6455
9596
2946
6206
9204
7021
1076
10278
8373
3699
8005
7323
7487
1059
4234
10368
5377
7437
3629
2318
4351
4690
6958
7443
5908
10926
371
4187
7720
1413
959
6591
1309
5581
3200
4192
7802
9201
5918
10025
3669
8062
8957
8568
10807
795
8243
7775
2561
10393
2836
10660
8310
3925
6814
4058
1552
3745
8505
4884
5924
851
9358
1763
1344
8121
6886
1563
1364
1721
10960
11362
2412
2815
8283
8215
4394
9753
7853
11311
6794
9433
9822
10165
8681
9808
1874
8955
3984
8799
5015
453
9456
7364
8652
1633
4862
8266
5455
2739
3728
7309
964
2419
3567
5384
1184
6256
4069
2646
8988
6494
389
7142
5580
4931
2955
1005
9938
7593
2670
10481
7500
9357
5694
10689
6388
10402
8029
575
7286
3674
9892
11008
3826
4525
8245
8711
9042
5059
2538
9001
8453
8754
7456
10422
3146
1102
2578
10985
3253
8162
2364
7682
5866
3976
6841
5213
4568
6916
8749
6605
9398
1354
5316
4220
4771
6513
6240
2869
973
4969
9991
4134
11143
2687
5801
1569
8379
1526
2050
8923
3837
7888
10248
2144
9490
8385
10961
4083
11338
547
10020
9362
5438
7702
5246
3089
3729
583
8431
7422
8074
9445
5259
2613
4940
6356
3608
9617
3149
843
11146
7491
2264
1230
4245
1426
1618
710
1353
609
5354
1636
10148
8217
10360
10827
4724
3960
4660
7555
4091
3516
10803
9593
6612
3469
6821
7894
1943
5662
495
6604
2645
5746
4581
10650
935
4805
6750
5700
5100
2592
5011
7839
790
10631
4945
8909
11323
952
2183
660
7005
7009
11160
1351
9920
2556
10722
7595
9747
1241
4271
6022
1966
443
8014
7895
1642
3158
5005
7472
2327
7940
8408
5999
7058
4073
337
4317
9354
2767
6952
4342
8967
939
9372
702
7897
6281
1872
6014
6084
1418
4268
9002
7099
7120
1223
6818
6034
2926
1572
3310
1665
5848
1283
2360
8285
8627
3104
4988
1711
9406
4006
5389
1716
3374
5460
2079
8167
6910
9651
6315
385
7805
1852
4933
9896
7995
576
2275
1693
3159
7493
7150
6321
5877
7141
9561
8509
3360
7047
6865
8116
1197
2711
1678
2406
10920
10076
4250
3470
9554
2282
5879
2554
3462
3308
1869
5461
5950
4956
5902
4258
10909
8318
1796
4844
2332
4241
7064
5257
4347
2786
2630
9600
2214
6308
1446
334
6853
1165
6210
7132
7210
6405
1748
1141
2794
10463
8687
561
2623
3417
7567
10143
2356
10279
8334
11315
1753
362
6857
3694
6503
4209
6126
8020
9171
2143
9626
6661
5558
1391
4707
7904
11068
685
11042
7110
7470
4486
3901
2783
5404
4809
9924
10364
5544
3099
8109
2436
5648
3037
5495
8273
9252
3255
5823
3235
8674
3519
10014
2251
6836
10352
5826
2363
5804
7884
8806
7927
1667
2002
9163
4300
372
8179
6527
5716
6936
10817
5064
8383
1039
8032
9071
7272
6830
10923
7678
2643
8947
3561
2495
3171
3576
3440
980
9172
10327
4208
3739
9750
8151
10100
3712
9978
10397
1726
10116
1251
6974
8410
584
1049
967
3475
5955
10374
1954
3800
10668
9208
452
2737
1478
11163
11134
4327
4023
8436
8499
2764
1327
11361
4028
2488
8504
6996
7206
4404
1017
10385
6307
3943
11205
7938
2379
2014
10975
1717
6319
5255
10576
3100
2182
11371
2935
5708
1164
5245
8546
10761
6066
823
1696
529
2565
10737
9945
2426
9589
11151
492
2780
1440
5614
7506
8887
8600
8422
669
10802
5315
3548
5365
4732
9214
4114
6961
9577
6355
6730
7602
4857
9312
5165
5771
4196
9578
6479
1175
1476
5600
5077
7251
1856
7574
5605
2064
8958
8736
8809
7856
4685
10372
3280
8264
9761
4776
7503
7163
509
7471
9395
339
7710
6056
1388
9992
5675
8678
8042
4344
2979
3454
8196
2171
3364
7030
6776
1776
10860
3491
6037
742
3018
11180
2029
6312
1551
6332
10680
8772
1278
4418
7773
9588
4205
4332
10314
7458
11043
6809
2173
4640
6957
6421
4549
4537
10071
2359
5982
3387
7413
4935
5820
3282
1317
9146
2803
7981
10869
5992
6366
4421
7446
10122
9364
995
5317
6138
2987
2340
6720
2020
11101
7598
390
4197
1644
8212
1358
9220
10969
9625
3582
4914
1627
503
7079
8602
8986
6419
9491
2011
5997
8688
9355
8276
3735
2889
10001
4974
4684
7878
6778
3853
9575
6134
8734
2846
10606
9686
8291
8127
6908
10778
1803
4648
3591
8804
2485
3268
9653
8756
2715
1182
990
1747
5977
1826
2731
1312
4703
9655
11314
8445
347
7147
6197
6799
2088
11298
7216
968
8597
2475
8577
8762
2968
10922
654
5510
10521
4016
4607
9500
6532
9744
7451
7302
8487
7196
2722
9662
921
3063
6310
10377
1088
8907
1657
2745
7607
5040
6487
8172
5706
1255
8639
7233
10079
11282
5661
2614
6781
7220
9123
2636
2265
10605
5537
1462
4501
7473
4142
3637
8146
9514
2481
1592
3897
9813
7984
9605
8446
10499
10097
454
9902
612
9767
2725
5136
8238
10313
9313
610
2202
11092
10032
6695
10520
8766
4503
545
3588
3912
2634
10788
2799
2369
10330
1866
7539
1401
5484
4118
11343
2025
670
7444
2603
3069
1209
11206
6977
1291
11183
5841
1020
8770
7231
11105
6217
7831
6241
8033
5104
4821
8877
11126
2219
5967
380
2732
10455
8295
3479
6823
2977
7463
6106
2034
5945
2863
4546
10980
6638
3285
5214
10655
4671
7165
7536
4946
3819
5107
3399
826
9729
2872
7789
803
5919
7969
4559
9446
1873
4563
8975
8961
9724
7928
2600
2139
3407
404
2790
10819
1435
7104
7898
920
6768
8412
3670
1802
10048
1445
11060
9546
5312
5731
9206
5215
709
2012
4708
8418
9340
6430
7122
7624
6666
7326
1623
5250
6617
4089
5208
5151
2361
3748
10204
10769
11010
2198
1512
10345
2153
6010
6453
7530
8268
1650
8387
6213
6739
6571
1044
4657
9032
8536
2310
5929
6900
860
9431
951
697
7587
6721
7168
2879
623
11368
5141
2527
6926
8612
9381
6796
11156
8925
10676
10540
10911
5531
3623
3220
949
4333
10543
2083
5454
1155
2568
9855
747
10854
7077
7963
4874
9538
5878
3656
6828
482
6255
4802
2115
8516
6633
6601
5609
10006
1392
4354
10732
3381
7454
4652
1339
4449
8506
4553
7673
9135
402
8823
8429
4925
9640
8343
1695
6435
1058
2756
8240
6590
5621
8544
8297
5684
520
2197
2205
6158
5776
8605
781
11027
5479
10867
9591
3286
8369
1246
1835
6414
2657
5240
2032
6236
11233
5242
9752
1007
5524
5418
2391
5428
3906
3905
564
1567
933
10508
7040
8990
11279
8101
2127
5358
1884
6668
6599
10930
10816
7590
5397
9797
8344
6767
6954
5391
8488
8184
4555
9687
797
8026
6179
4782
3087
1330
9990
5189
11306
2998
6116
3349
4522
8622
1757
4123
7365
3746
3495
10993
7820
1296
3934
6059
2599
7779
931
6914
1792
10144
7931
1749
1368
3380
9103
8063
4740
6165
5567
7562
10428
10406
5591
4493
2750
3914
5604
424
6701
6509
7145
8396
10415
2845
11319
3147
1067
1112
6631
7431
10537
5489
8651
427
4860
1006
4318
9359
1452
9299
2942
1617
10493
10351
10637
2618
9470
10518
2389
2910
977
3342
7460
770
1950
8201
3213
2387
10343
6160
7690
7274
6231
6372
10003
10990
2444
407
11377
6793
11239
6371
7979
7977
2375
10222
2291
8769
727
7053
6162
7289
7193
2424
960
886
1437
7300
976
2785
1137
10112
5207
3749
8698
4466
4798
10239
7954
5373
10559
6103
1853
9084
5238
8275
5146
5905
6391
9177
633
6184
1905
8050
1963
5951
6504
7665
1593
6470
2707
8777
2062
1573
2624
3338
11278
922
9248
7834
8489
7777
3238
11082
7290
2969
10053
9488
4715
10019
7584
5970
9139
5393
5532
1652
9473
5286
6149
2100
6717
1453
9576
2388
3933
2113
11226
9980
2653
5719
7925
7350
8520
10305
11201
1680
2255
7591
8170
3176
5451
8921
5718
10212
8784
6816
2063
2311
8866
6969
5426
9015
3926
4087
3650
7669
1456
9537
8173
4316
1570
7175
1870
3762
835
8374
10022
9903
6260
2215
5849
4043
2186
10855
1931
5441
9694
4521
8517
11046
5001
4696
1797
765
4906
655
1606
5116
1431
8665
8258
4749
6751
4357
5024
8672
4008
8733
10661
4128
4584
1714
6854
4623
9997
2797
7795
8442
6099
9981
1308
3027
11228
5431
4307
10664
9667
588
3991
5548
1466
6440
448
1550
6543
5405
3539
9463
2574
3345
1384
3129
1598
10832
1030
1104
1380
5953
7028
4152
6064
5498
9939
7305
7714
2901
1279
11195
10294
9033
1708
6808
7440
3893
4760
736
2242
7751
8456
8861
9614
5051
4222
3247
5470
10267
6689
10297
10147
7299
9562
8244
3869
569
4698
10002
902
7623
10535
6998
7479
10760
7303
7887
6875
8405
632
5713
6070
5665
413
9156
8656
5564
5297
1118
9440
10110
4786
3581
1025
1265
5596
5670
11149
2016
10673
7902
11120
7796
5007
4730
6646
2418
2046
10834
729
4191
6425
10607
9441
1142
2386
6274
11026
2129
5309
1960
3952
3916
10026
10029
4431
2689
10804
651
1628
10989
8744
6944
10526
1071
6881
6922
8043
10908
1903
7527
346
4868
7876
1787
7389
10798
10717
349
9697
5333
2842
4468
5199
5793
6537
10205
5835
7556
8834
10000
2051
2415
7649
7384
7126
9842
962
6161
3500
7667
9556
10978
6623
5729
5325
9356
7476
5033
8221
3535
10669
1508
2683
4936
3055
10109
4569
10265
8322
3068
6614
7763
11040
9182
5940
5904
6431
3622
6410
9494
10170
5074
7716
8171
4954
4481
5122
10704
5140
11312
532
8803
10810
2365
2460
3895
5893
701
3388
8364
7538
3815
9348
7480
10355
7616
574
7050
8942
5068
7498
1473
1465
6588
753
1105
11350
6496
5416
5993
581
7246
8561
1149
3770
5034
839
928
9766
8649
6454
6437
5833
1075
2575
8306
3259
9969
6909
382
4476
10482
7025
6584
8840
10050
1709
6215
10104
2123
9324
10641
2400
8078
8091
11086
7728
5652
4248
5511
6566
6856
11328
7292
7758
10590
9486
11327
10851
10497
6124
9452
8046
10862
6476
5394
8848
10582
4824
7118
11031
9930
8586
375
7482
7704
6309
2772
6567
586
3989
1672
5481
9369
9603
8545
7985
7774
9780
2229
7397
1664
737
4727
2316
2896
3182
4085
7934
3030
5817
8375
4531
2779
8470
1389
2246
2467
2441
10885
5973
9342
6789
5749
9467
8594
5752
2511
8255
10894
5128
2905
7085
6534
10888
1718
8010
11048
5868
7401
11297
8144
6290
3278
1932
10452
7285
6995
10846
10027
2549
6645
5130
9170
3941
6832
5411
3597
7084
911
9013
3980
10999
6311
7387
4302
6874
2608
7663
2557
3818
5772
2193
4162
4264
4552
2752
6389
8134
11006
6173
3928
805
589
3246
7224
4378
712
7065
3054
2266
6422
3703
2865
4052
6171
9904
8296
1941
2009
5709
9209
3448
6714
4527
6448
11373
4127
1270
3339
2809
2337
9335
7419
11114
4475
3572
1561
4877
3070
1349
8630
6324
5187
3734
10017
3665
7681
3251
8211
9879
10051
8299
7791
7973
673
10059
7294
1202
417
9059
9115
6557
6353
4375
8829
6665
2066
5356
4754
9949
571
2028
2370
9612
8287
10940
1474
682
11286
1407
5628
6930
6942
3679
3219
11107
392
2287
8177
9509
10546
5487
6045
7177
11376
3536
874
10683
10105
3753
2192
7874
10087
5417
484
3562
9128
1834
4057
8013
4747
8183
4408
10056
861
4870
11220
7229
992
1274
836
7173
683
3103
7711
6057
1829
558
8729
7082
1110
1269
10982
10075
1587
10575
1938
4766
5262
6583
8003
455
9598
3571
4871
11164
11124
8959
10939
10777
3907
8677
896
3814
7514
9244
7893
8293
5218
5345
8358
2252
798
6860
3443
7553
1692
11080
7054
5889
11302
9790
8872
2484
1106
4815
4119
11213
7056
4193
10447
6686
2773
7200
505
2285
6811
3857
6279
5129
8181
9383
7721
910
3804
4218
10464
10992
10083
2257
10400
8928
10414
4934
10600
8578
2655
2004
3002
2572
7790
7466
5954
8049
10045
6556
1346
3654
4092
10970
809
9349
11054
10872
9936
650
6923
5626
4661
410
6656
11066
5760
10187
1609
7798
8724
10078
6798
5523
4882
3178
6352
10356
3047
4895
766
1379
2132
8424
5220
9643
1819
536
3434
11360
7987
1421
5450
10106
8830
507
10635
8392
2208
4691
1045
8119
7641
8832
1828
5269
9073
8741
11299
4361
1705
6884
2294
1484
10587
7799
9816
7966
6046
3917
2640
6153
9472
4381
7804
469
4160
2581
6805
6209
7388
2162
7531
7332
4138
6667
8471
6082
332
5303
5599
7953
7875
9751
6068
9430
2609
6937
2078
1167
7405
620
11186
1207
8796
2283
734
8333
857
7433
7252
7267
858
11104
4497
4526
9914
7638
3066
4104
1656
496
9091
11078
1460
4107
7207
9051
2309
10618
8224
4814
6725
1442
6984
9637
2104
793
6226
4348
10665
8890
4864
4132
2813
2787
1122
10007
1417
6654
3336
2232
9853
1629
6871
10473
9153
3843
6904
6246
2837
7620
354
10876
6581
5344
4734
8994
3709
8262
10365
6269
3423
9650
2122
2048
5010
11241
829
9803
5217
485
2504
783
9908
8702
3889
4117
6006
1402
2576
1032
1809
369
3685
11274
2560
9298
3553
10150
11169
3139
6293
3558
4535
787
3169
9072
2263
3379
5336
3672
2709
3643
9810
11133
2473
398
1895
6891
8712
6592
10229
1928
10421
2507
8636
11030
5565
7264
6877
4785
2519
1510
5119
446
2384
4602
595
6578
7262
10336
3392
10070
1967
10534
8807
9286
352
7800
7007
646
1276
2407
447
1715
1898
4562
10061
9524
3502
6154
2383
5734
1188
2243
5047
2374
3279
3202
5142
6142
2806
9881
5266
8954
1409
8820
1042
5632
8640
9087
7958
1820
8748
2390
1183
6114
6906
2432
3351
1607
8084
7705
10510
9831
4178
8621
5515
8515
5616
1993
3150
893
10030
8362
10431
5318
9718
7592
7803
5193
9852
11038
3757
3189
2897
5978
5295
4270
761
10038
5048
11284
4675
5832
8740
11028
2805
7359
9114
9975
9882
2110
7601
6172
10712
10361
10182
6640
8210
11058
10783
3756
3771
636
8080
2492
10457
6554
2329
5847
8500
4384
10135
4345
9659
6151
3610
8953
7109
3096
4548
1490
1419
9776
3682
1586
9817
6641
11178
8353
2112
5922
9461
7612
2801
1896
3885
10918
4000
2269
4738
1320
10947
10845
3663
5737
4423
4745
2867
5769
5496
8664
8175
8104
11063
2988
526
8047
1666
2819
3544
2545
8725
11273
8914
9669
1766
3115
4679
1965
10366
11096
3277
7841
9085
7631
1529
10382
1313
2966
5860
9112
1957
8815
769
9341
4018
830
9183
6047
5854
9950
7152
2873
10779
10547
2150
5502
4755
5656
3568
4528
10036
6895
6380
5180
6339
5805
6233
10220
7914
10898
4594
5930
8641
5726
3948
10731
11322
5964
7529
7369
585
735
587
998
4289
4666
8535
2423
6120
5095
11303
11000
2344
2553
7896
3918
2532
5900
5983
2629
5743
4326
1945
8239
4700
10142
1610
2936
10825
4461
9346
5334
2542
7315
674
810
2769
9196
9860
1132
2700
3403
7481
8930
8948
10271
10726
10467
9732
3232
10086
4913
9419
7197
1256
3049
2696
3839
8267
8795
9861
3732
10672
9331
7362
9739
11199
1959
9947
6870
2827
539
3160
689
7554
1759
605
8647
9297
7523
746
984
6098
7129
6801
8279
2313
4292
11250
2146
6257
10275
10145
3350
4411
10250
4645
4897
3482
887
804
7715
9506
2355
9029
2723
8159
10178
3725
2362
1089
5850
1109
8298
10644
5014
9019
10384
2508
8869
3919
1009
10857
9876
10211
10591
1242
9630
2839
5430
5853
3067
1290
6052
4240
8300
10302
2913
985
8191
10884
10217
808
8699
3957
10766
4445
2077
3760
7092
6728
2626
3205
1697
4368
4923
7652
6905
6040
7457
11217
9837
498
9030
5196
8195
10233
10363
9681
8087
1581
8028
4385
6305
8690
7111
7801
9850
11013
876
5037
9769
5050
8662
4216
2528
4101
6876
5066
3046
802
4788
9303
1340
5956
4267
9037
11005
7429
1239
5086
10774
515
10566
6409
1925
5328
2216
1548
4879
818
1120
2394
9225
3799
8993
6320
2680
6621
3036
11025
11034
9414
8962
5392
4544
5840
11349
9212
6733
3627
7436
10068
6934
1023
3009
2213
1544
2410
4231
4035
7113
7564
6447
1185
342
10531
8142
3702
6065
5000
5232
10197
10574
3265
9912
9311
1841
9178
4334
5045
5108
7547
4603
1432
8036
10479
8399
2438
8940
4578
512
1174
5055
8522
1101
3420
11218
7062
4053
10806
8366
4084
3821
2128
1377
5880
9319
8683
9723
9116
8891
1072
474
7426
611
5147
5284
6624
9733
9409
7174
2200
11208
1798
11334
8197
3272
3261
1971
5434
9008
6718
2401
3076
3109
2555
5248
6558
6678
6727
5475
11257
7158
3990
1080
1325
10630
4215
11170
8813
1972
5012
8466
4573
5449
8905
5233
4320
8278
3932
10536
10558
5351
7618
10269
10341
8850
6202
10756
3787
7558
8016
2437
10067
1818
9228
1778
11047
3888
8053
3813
1601
4554
4664
9119
552
5094
4111
5032
7273
1098
4801
1004
1215
686
4689
2716
8884
1611
7520
6747
1434
4791
1310
6296
5522
4979
10572
3320
2111
9730
2204
8223
6687
1181
3671
10049
10523
6330
2071
8822
10230
10398
5508
6443
6671
2124
10711
11339
8960
2895
4511
3321
1323
2999
2671
8098
1962
8370
6060
2862
3242
9668
5039
10128
9679
2672
6129
11125
7713
5355
884
11320
6752
5474
6529
2665
9394
4064
8163
3413
6844
5278
7191
7694
1681
9106
5770
849
10835
6095
4039
11325
9515
680
5874
9484
6522
5401
10813
2482
4199
4360
10317
2562
1125
5593
10952
4589
5873
11155
6077
5341
8982
6980
7752
6127
1145
551
11012
2081
3300
7614
2300
5690
6363
5162
10273
5606
5462
5943
1179
7697
3664
6630
8550
10786
2509
9067
3677
5124
9677
8249
1547
6341
6610
9048
1630
10609
10715
6133
9360
9678
4984
7219
8095
1855
3498
4637
11007
4608
7718
8288
2877
10588
2925
9253
10642
3874
7988
3391
7535
8519
6672
1314
5456
9024
10601
6611
7885
7844
7121
497
2462
3357
10858
5861
6251
1949
9525
10666
4880
10647
8157
4654
1940
5958
10828
6736
3192
8328
4534
4433
1162
2031
7784
1400
5360
3899
626
3782
3058
1257
4398
8917
895
4898
4912
7991
9619
2850
4863
1909
10900
2080
5062
7435
9175
9737
4453
8041
3006
923
9402
6000
441
1328
852
3810
2539
6979
5421
3153
9132
7551
5865
5753
3817
3996
4175
3088
9320
2284
11271
9264
10052
8856
9288
877
9347
4769
4541
9145
367
958
10318
4239
1849
463
7510
5159
11258
7541
3376
2103
4401
2513
11353
8783
9189
366
2417
2280
3605
368
6940
1272
9710
5814
8847
1533
7683
8584
4147
4539
3304
6458
10437
6147
2847
8077
5216
4202
2808
2930
2357
4670
9944
7485
6769
3263
6653
449
7759
10420
6325
8965
7381
523
9239
5842
3977
10678
4557
1062
2472
3243
3959
406
872
4174
10251
9905
7317
10507
791
7609
7717
4981
6090
4784
719
1487
2339
2662
2134
1321
2317
6732
1374
8495
6342
1060
7645
11128
10527
1913
10734
4363
8645
5057
11264
8637
1863
4014
560
10242
4518
10741
3319
5576
5745
4203
9528
7205
4386
5527
10775
7382
1381
1347
9670
9246
10357
6652
4990
7996
6333
7186
6442
7184
4393
5468
8270
5409
4371
10524
2710
3038
5896
5310
1882
2448
8463
1979
7518
2457
3613
5173
11200
7253
8934
4593
10627
8828
7828
9693
8241
4716
579
6563
3499
4909
4702
8315
6597
6003
6364
665
3288
8676
4705
10114
2420
2768
4269
2628
7408
4447
8880
7964
2149
4400
5408
8946
4825
3552
10708
7000
7600
9555
5134
1774
8271
10873
5911
1010
8771
8024
2883
1911
2580
5542
10252
3956
3248
4341
11324
3517
1405
9849
748
3429
6883
559
2324
1942
2829
420
1786
1298
4458
2615
3570
3860
6007
2939
2954
8723
3506
3298
5735
3635
6973
6182
9568
2831
7465
6408
2693
5696
4630
10882
10953
634
7686
7936
5212
11255
4939
5572
5157
8718
2061
7626
1758
10836
4719
4580
6603
4153
2172
6289
10693
10796
1702
1064
1277
554
5031
8079
10224
10916
6512
4579
8588
7325
1671
9925
6238
6912
3681
5968
908
1685
8340
3541
8423
10136
9961
4604
3450
2621
3713
6016
8178
1643
10986
6174
6735
5368
599
2416
2811
8883
11131
3717
7646
9101
2638
5101
9039
5821
2479
6261
2989
7238
1433
2427
4201
9940
722
4238
7266
2125
8281
8898
1038
4177
10190
3290
7998
7240
3609
9444
11202
7015
8260
1093
5466
3765
1378
3465
2342
6429
6075
10219
8892
11084
11196
10753
566
9952
1131
1756
6731
9290
4377
10113
4822
2674
5659
1395
5981
5145
3689
5921
10042
8826
9764
3302
7371
8669
10592
1904
6271
5794
8493
9069
639
8030
5291
10340
10613
7661
1929
11032
4321
974
7573
1190
6053
9371
10215
773
6109
7010
7140
10139
7582
3740
10289
7461
1341
7068
5838
5463
2871
4532
7807
8548
7412
1231
4839
2744
6478
11152
7156
9447
862
6839
5641
10847
10658
5349
9047
6394
9814
983
8983
8529
7865
9683
2644
847
9188
2907
11336
5612
10679
8512
4881
1975
8286
2602
7370
10974
1710
6859
3945
8437
7640
845
9363
2431
4619
4520
8052
5204
2040
5111
7680
6426
1773
11301
5795
7185
2366
6145
1471
3683
10177
8764
10895
9325
1393
10448
5065
2882
6749
7986
10151
3507
723
8682
4613
3759
3911
1219
4310
3015
5326
6505
2256
7619
8791
991
5026
9508
10962
8911
4413
1881
8081
1252
5081
1160
7762
5144
10553
3177
7872
7709
1033
9477
10703
4041
10725
7432
5126
1083
10272
5689
11167
9257
3052
8347
6334
8722
9336
10654
3358
2864
603
2857
10841
5172
1814
3589
6337
8655
1729
2957
8067
704
4172
5006
9582
10093
1574
550
8922
10309
6167
5816
2531
1760
2304
2345
4428
9009
10795
5505
7420
3084
8735
7922
6676
3693
6416
7729
5546
10487
5383
8787
2456
377
4024
10240
426
3318
7813
10129
8629
7208
9894
5787
3968
11142
1503
1958
10099
10194
1827
5634
3775
731
6929
6634
6941
5274
4227
4183
3524
4916
2258
763
8912
7633
7032
6500
1218
3249
1107
8200
3988
9268
7912
9466
7571
2651
11270
5754
6424
5610
9706
5741
5234
865
1398
510
11159
500
5595
7950
10260
9321
5710
3260
2611
2425
2583
8985
9988
3930
6471
1836
456
10780
9256
3997
6262
6148
9513
3955
4246
4779
8280
7257
2855
3509
1085
2135
1783
9804
5289
11118
4828
606
3414
530
7361
3496
7608
11291
462
8247
5380
2540
7312
4624
10381
2570
6188
1608
8292
7852
9187
903
6079
663
2230
4976
2372
11292
2904
4915
5445
5697
6582
3446
3416
7735
8023
6386
1886
10875
1980
1491
9504
10598
8485
4465
3862
5762
10028
6826
1249
1997
5707
4928
4442
8018
6474
5768
7570
7613
6700
4505
5072
2413
1926
11182
11374
9301
7906
10921
1976
2993
8849
1988
1894
8970
9179
7957
4951
4237
1133
6043
1588
4272
2022
3314
531
4704
5149
10236
6244
3000
360
7377
10033
5071
7768
3563
2163
4899
9478
2118
2788
9334
7169
4507
11207
11065
4298
11110
1974
9070
780
7237
2422
608
4491
4448
3600
11109
7123
7373
919
5751
9031
6396
10843
9332
7771
6918
7731
932
5109
353
2789
7157
9789
7814
7037
2084
10967
8821
3326
718
1233
4866
2228
3226
9046
5608
6775
7522
5933
9620
4301
9284
3329
9150
4210
3134
11090
6264
8797
9267
8929
3296
5507
9434
5125
4143
11168
10619
3970
9418
4273
6684
821
10690
10284
10502
5714
1506
8743
6704
9921
859
4628
6381
7636
8541
5574
6024
4095
9422
5292
3204
3303
6561
6779
10474
1169
9615
4831
10137
1139
10785
7392
1457
3193
10645
3805
3730
7671
9608
9350
6122
5851
8805
796
9352
1282
3117
5275
10681
4009
8644
969
10082
648
668
4168
5161
10339
1114
8559
