species	max_age	min_age	lat	lon	family	mean_age	rounded_ages
Aphelops	9.3	7.8	38.806944	-119.2181	Rhinocerotidae	8.954382713222262	9.438
Aphelops	9.0	7.5	37.371389	-99.78528	Rhinocerotidae	8.30937964686699	9.438
Aphelops	10.1	9.0	29.61667000000001	-82.36667	Rhinocerotidae	9.749551235211019	9.438
Aphelops	7.5	6.7	36.23388900000001	-100.0964	Rhinocerotidae	7.114908625493528	6.2895
Aphelops	12.1	10.1	42.421111	-98.156667	Rhinocerotidae	10.85293289055449	9.438
Aphelops	7.5	6.7	36.23388900000001	-100.0964	Rhinocerotidae	7.145450363888209	6.2895
Aphelops	12.1	9.0	42.694167	-100.856389	Rhinocerotidae	11.49901180497372	9.438
Aphelops	12.5	10.1	35.89138900000001	-106.020833	Rhinocerotidae	11.238771419187383	9.438
Aphelops	7.5	6.7	36.23388900000001	-100.0964	Rhinocerotidae	7.379403789056503	9.438
Aphelops	9.0	6.7	41.3115	-117.7974	Rhinocerotidae	8.072624514572487	9.438
Aphelops	7.5	6.7	36.23388900000001	-100.0964	Rhinocerotidae	6.7501230887071495	6.2895
Aphelops	7.5	6.7	40.0758	-102.2233	Rhinocerotidae	7.0491836884590535	6.2895
Aphelops	9.0	6.7	39.8946	-100.4026	Rhinocerotidae	7.245531462589973	6.2895
Aphelops	9.0	7.5	36.085833	-100.0089	Rhinocerotidae	8.355244045037315	9.438
Aphelops	9.0	7.6	38.830278	-119.040278	Rhinocerotidae	8.921045382600523	9.438
Aphelops	7.5	6.7	36.23388900000001	-100.0964	Rhinocerotidae	7.148250757313282	6.2895
Aphelops	9.0	7.5	36.127778	-99.95139	Rhinocerotidae	8.51296034724733	9.438
Aphelops	9.0	7.5	29.6911	-82.5988	Rhinocerotidae	7.797709230865934	9.438
Aphelops	9.0	7.6	41.311389	-117.7975	Rhinocerotidae	7.777167021023543	9.438
Aphelops	9.0	7.6	41.925	-118.83611100000002	Rhinocerotidae	8.440132725171326	9.438
Aphelops	7.5	6.7	42.040556	-116.9389	Rhinocerotidae	7.140604037890866	6.2895
Aphelops	9.0	7.5	29.4087	-82.4323	Rhinocerotidae	8.431901217180558	9.438
Aphelops	9.0	7.6	40.809868	-96.675345	Rhinocerotidae	8.329360794152057	9.438
Aphelops	9.0	7.5	37.188611	-99.76528	Rhinocerotidae	8.521383652532558	9.438
Aphelops	7.5	6.7	40.075833	-102.2233	Rhinocerotidae	7.042205701476723	6.2895
Aphelops	7.5	6.7	40.075833	-102.2233	Rhinocerotidae	7.406534021163857	9.438
Aphelops	9.0	7.6	29.61667000000001	-82.36667	Rhinocerotidae	8.416475063829823	9.438
Aphelops	13.82	11.62	27.9	-81.800003	Rhinocerotidae	13.75251465430408	12.725000000000001
Aphelops	9.0	7.6	37.371389	-99.785278	Rhinocerotidae	8.919399605247044	9.438
Aphelops	13.6	10.3	29.549999	-82.51666999999998	Rhinocerotidae	10.453201399845485	9.438
Aphelops	14.8	12.5	40.57861	-103.35778	Rhinocerotidae	14.3119847867646	14.895
Aphelops	7.6	6.8	36.23388900000001	-100.096389	Rhinocerotidae	7.080448268757206	6.2895
Aphelops	12.5	11.5	27.7391	-81.9871	Rhinocerotidae	11.934335460767407	12.725000000000001
Aphelops	8.0	7.5	41.975	-118.8278	Rhinocerotidae	7.550562489618338	9.438
Aphelops	7.6	6.8	40.075833	-102.223333	Rhinocerotidae	6.892953964827673	6.2895
Aphelops	9.0	7.5	36.094444	-100.0089	Rhinocerotidae	8.67979836444081	9.438
Aphelops	10.0	9.0	29.5475	-82.5216	Rhinocerotidae	9.420221617582348	9.438
Aphelops	9.0	7.6	36.094444	-99.928333	Rhinocerotidae	8.76194471232211	9.438
Aphelops	8.0	7.5	41.941666999999995	-118.8167	Rhinocerotidae	7.8853480892628705	9.438
Aphelops	9.0	7.6	35.683611	-102.329722	Rhinocerotidae	8.042673675152171	9.438
Aphelops	17.0	16.5	42.171944	-103.7475	Rhinocerotidae	16.713026101611714	18.205000000000002
Aphelops	13.6	10.3	43.200001	-100.699997	Rhinocerotidae	12.420104728656506	12.725000000000001
Aphelops	13.6	10.3	42.700001	-100.0	Rhinocerotidae	11.045570323021336	9.438
Aphelops	13.6	10.3	42.799999	-100.800003	Rhinocerotidae	10.861938410012453	9.438
Aphelops	11.5	9.5	36.065278	-100.015	Rhinocerotidae	10.24951848699144	9.438
Aphelops	15.9	14.8	42.654167	-102.7806	Rhinocerotidae	15.691537426713744	14.895
Aphelops	12.1	10.1	36.171667	-106.089167	Rhinocerotidae	10.488193343302694	9.438
Aphelops	12.1	10.1	43.119444	-101.930833	Rhinocerotidae	11.957345537684471	12.725000000000001
Aphelops	17.0	16.5	42.178889	-103.7786	Rhinocerotidae	16.590934408329733	18.205000000000002
Aphelops	15.9	14.8	42.162222	-103.7328	Rhinocerotidae	15.732911111415774	14.895
Aphelops	13.6	10.3	42.799999	-100.800003	Rhinocerotidae	12.127624692761113	12.725000000000001
Aphelops	13.6	10.3	42.799999	-100.800003	Rhinocerotidae	12.545496876106968	12.725000000000001
Aphelops	15.9	14.8	42.18	-103.7375	Rhinocerotidae	14.906180699328587	14.895
Aphelops	15.97	13.6	42.799999	-100.800003	Rhinocerotidae	14.243643543470919	14.895
Aphelops	15.9	14.8	42.690278	-102.8403	Rhinocerotidae	15.755135497716715	14.895
Aphelops	15.9	14.8	30.671	-95.053	Rhinocerotidae	14.867792095945045	14.895
Aphelops	10.1	9.0	43.778333	-118.141944	Rhinocerotidae	9.496447020082119	9.438
Aphelops	15.97	13.6	42.700001	-100.0	Rhinocerotidae	15.111459164261268	14.895
Aphelops	15.9	14.8	42.16	-103.7269	Rhinocerotidae	14.975565652006814	14.895
Aphelops	15.9	14.8	42.164167	-103.7317	Rhinocerotidae	15.296074733823627	14.895
Aphelops	15.9	14.8	42.162222	-103.7267	Rhinocerotidae	15.515337515518803	14.895
Aphelops	15.97	13.6	42.783333	-100.033333	Rhinocerotidae	15.119830443229814	14.895
Aphelops	16.0	14.8	43.473611	-117.781389	Rhinocerotidae	15.377452202491286	14.895
Aphelops	15.9	14.8	42.161389	-103.7275	Rhinocerotidae	15.642449237267124	14.895
Aphelops	15.9	15.2	35.485833	-118.8894	Rhinocerotidae	15.784675070617787	14.895
Aphelops	15.9	12.5	30.6127	-95.1324	Rhinocerotidae	13.357820242645055	12.725000000000001
Aphelops	13.6	10.3	42.799999	-100.800003	Rhinocerotidae	12.966025138557693	12.725000000000001
Aphelops	15.9	14.8	42.163610999999996	-103.7264	Rhinocerotidae	15.658104649320094	14.895
Aphelops	13.6	10.3	43.400002	-100.599998	Rhinocerotidae	12.688438077043172	12.725000000000001
Aphelops	15.9	12.5	30.6127	-95.1324	Rhinocerotidae	14.299172405173652	14.895
Aphelops	15.9	12.5	30.6127	-95.1324	Rhinocerotidae	15.551999163784574	14.895
Aphelops	13.6	10.3	42.700001	-100.0	Rhinocerotidae	11.905793524676865	12.725000000000001
Aphelops	17.0	16.5	42.179167	-103.7406	Rhinocerotidae	16.858628559646693	18.205000000000002
Aphelops	13.6	10.3	42.799999	-99.699997	Rhinocerotidae	10.936988366354942	9.438
Aphelops	14.8	12.5	38.972944	-76.50115799999998	Rhinocerotidae	12.687649170552652	12.725000000000001
Aphelops	15.97	13.6	42.799999	-100.800003	Rhinocerotidae	13.924269202103396	14.895
Aphelops	15.9	14.8	42.159444	-103.7261	Rhinocerotidae	15.314748091821306	14.895
Aphelops	17.0	16.5	42.189721999999996	-103.7661	Rhinocerotidae	16.896450393618903	18.205000000000002
Aphelops	14.8	12.5	40.815278	-104.065833	Rhinocerotidae	12.961935534384972	12.725000000000001
Aphelops	13.6	10.3	42.799999	-100.800003	Rhinocerotidae	13.035407131100486	12.725000000000001
Aphelops	14.8	12.5	39.739167	-104.984722	Rhinocerotidae	14.124630995204756	14.895
Aphelops	13.6	10.3	42.799999	-100.800003	Rhinocerotidae	10.949883896921378	9.438
Aphelops	16.0	14.8	40.870556	-103.920556	Rhinocerotidae	15.270694485931905	14.895
Aphelops	14.8	12.5	40.57861	-103.35778	Rhinocerotidae	14.776013394709285	14.895
Aphelops	15.9	14.8	42.161111	-103.7264	Rhinocerotidae	14.830649795462156	14.895
Aphelops	15.9	14.8	42.174721999999996	-103.7386	Rhinocerotidae	15.761208371752307	14.895
Aphelops	13.6	10.3	42.799999	-100.800003	Rhinocerotidae	12.98255271258872	12.725000000000001
Aphelops	16.0	14.8	38.555605	-121.468926	Rhinocerotidae	15.288399653622115	14.895
Aphelops	17.5	14.8	30.7447	-95.2564	Rhinocerotidae	15.21639007553112	14.895
Aphelops	12.2	11.5	43.402221999999995	-100.5972	Rhinocerotidae	11.8010537760245	12.725000000000001
Aphelops	15.97	13.6	42.599998	-98.0	Rhinocerotidae	15.215871186672473	14.895
Aphelops	14.8	12.5	30.6092	-95.1298	Rhinocerotidae	14.774522838079855	14.895
Aphelops	12.2	11.5	43.149167	-101.1097	Rhinocerotidae	12.009165399063866	12.725000000000001
Aphelops	13.6	10.3	42.799999	-100.800003	Rhinocerotidae	12.554915812804015	12.725000000000001
Aphelops	13.6	10.3	42.700001	-100.0	Rhinocerotidae	12.45741423013584	12.725000000000001
Aphelops	13.6	10.3	42.799999	-100.800003	Rhinocerotidae	10.727989043367973	9.438
Aphelops	13.6	10.3	42.799999	-100.800003	Rhinocerotidae	13.58952859706272	12.725000000000001
Aphelops	14.8	12.5	30.6073	-95.1404	Rhinocerotidae	12.937040695101635	12.725000000000001
Aphelops	20.43	15.97	41.299999	-105.099998	Rhinocerotidae	16.388077304211198	18.205000000000002
Aphelops	20.43	15.97	40.799999	-104.199997	Rhinocerotidae	20.071414931183817	18.205000000000002
Aphelops	13.6	10.3	42.799999	-100.800003	Rhinocerotidae	12.173502835133073	12.725000000000001
Aphelops	17.0	16.5	42.177778	-103.7372	Rhinocerotidae	16.55328719309304	18.205000000000002
Aphelops	14.8	12.5	43.233611	-100.821667	Rhinocerotidae	14.596092986427	14.895
Aphelops	15.97	13.6	42.700001	-100.0	Rhinocerotidae	14.46462560861269	14.895
Aphelops	15.9	14.8	30.9186	-94.7668	Rhinocerotidae	14.837772841415779	14.895
Aphelops	15.9	14.8	36.327778	-120.3556	Rhinocerotidae	15.656450572588527	14.895
Aphelops	13.6	10.3	42.799999	-100.800003	Rhinocerotidae	13.301928207479332	12.725000000000001
Aphelops	13.6	10.3	42.799999	-100.800003	Rhinocerotidae	10.876063417794494	9.438
Aphelops	15.9	14.8	42.161111	-103.7267	Rhinocerotidae	15.109128950859475	14.895
Aphelops	15.97	13.6	36.5	-107.0	Rhinocerotidae	14.920010321997669	14.895
Aphelops	7.6	6.8	40.075833	-102.223333	Rhinocerotidae	7.137863973869739	6.2895
Aphelops	12.1	10.1	35.66722199999999	-105.964444	Rhinocerotidae	10.250606453704696	9.438
Aphelops	17.0	16.5	42.184722	-103.7708	Rhinocerotidae	16.734400190999082	18.205000000000002
Aphelops	17.5	15.9	42.553056	-103.0117	Rhinocerotidae	16.634133136020893	18.205000000000002
Aphelops	13.6	10.3	42.799999	-100.800003	Rhinocerotidae	11.59869456804724	9.438
Aphelops	13.6	10.3	42.633331	-100.050003	Rhinocerotidae	13.293184281459807	12.725000000000001
Aphelops	17.5	14.8	30.7178	-95.2178	Rhinocerotidae	15.082921146416378	14.895
Aphelops	15.9	14.8	42.174167	-103.7353	Rhinocerotidae	15.277071623454935	14.895
Aphelops	13.6	10.3	42.799999	-100.800003	Rhinocerotidae	10.760585623643296	9.438
Aphelops	17.5	14.8	30.7137	-95.275	Rhinocerotidae	15.907775255892794	14.895
Aphelops	13.6	10.3	42.799999	-100.800003	Rhinocerotidae	13.254642830765723	12.725000000000001
Aphelops	15.97	13.6	35.267776	-119.306114	Rhinocerotidae	15.093752583866355	14.895
Aphelops	15.9	14.8	29.7825	-96.9094	Rhinocerotidae	15.664499311806473	14.895
Aphelops	15.9	14.8	42.164444	-103.7208	Rhinocerotidae	15.420407967472393	14.895
Aphelops	14.7	14.4	40.870556	-103.9206	Rhinocerotidae	14.65783587326602	14.895
Aphelops	20.43	15.97	42.400002	-103.800003	Rhinocerotidae	19.111161099189342	18.205000000000002
Aphelops	16.3	15.9	35.032222	-117.0528	Rhinocerotidae	16.039941551817694	18.205000000000002
Aphelops	12.2	11.5	42.688611	-99.91611	Rhinocerotidae	11.873007540899362	12.725000000000001
Aphelops	12.1	9.0	35.385	-117.988056	Rhinocerotidae	9.734594959605367	9.438
Aphelops	20.43	15.97	42.400002	-103.800003	Rhinocerotidae	19.747211679665774	18.205000000000002
Aphelops	15.97	13.6	35.5	-106.199997	Rhinocerotidae	14.834911485842982	14.895
Aphelops	12.1	10.1	35.393889	-117.944444	Rhinocerotidae	10.134600523121412	9.438
Aphelops	15.9	15.3	35.032222	-117.0528	Rhinocerotidae	15.719982566896153	14.895
Aphelops	15.97	13.6	34.799999	-117.0	Rhinocerotidae	15.059570542980936	14.895
Aphelops	15.9	14.8	35.764167	-105.9333	Rhinocerotidae	15.64351754790697	14.895
Aphelops	18.8	17.5	30.388056	-96.087778	Rhinocerotidae	18.54438417001424	18.205000000000002
Aphelops	15.97	13.6	36.099998	-120.400002	Rhinocerotidae	14.893600908917652	14.895
Aphelops	15.9	14.89	38.586110999999995	-117.9264	Rhinocerotidae	14.966384929323592	14.895
Aphelops	20.43	15.97	42.400002	-103.800003	Rhinocerotidae	19.25068345148555	18.205000000000002
Aphelops	12.5	12.2	42.478889	-102.7092	Rhinocerotidae	12.443911374863935	12.725000000000001
Aphelops	14.8	12.5	35.031944	-117.04	Rhinocerotidae	12.891672211182707	12.725000000000001
Aphelops	15.9	15.2	35.94972199999999	-105.9911	Rhinocerotidae	15.424380497365508	14.895
Aphelops	10.0	9.4	43.751111	-118.1164	Rhinocerotidae	9.839721915842958	9.438
Aphelops	11.5	9.5	42.643333	-100.0689	Rhinocerotidae	10.667181959022082	9.438
Aphelops	16.8	16.0	35.964444	-105.9375	Rhinocerotidae	16.036794863100397	18.205000000000002
Aphelops	11.5	9.5	42.892778	-100.2289	Rhinocerotidae	10.045306905076275	9.438
Aphelops	20.43	15.97	42.400002	-103.800003	Rhinocerotidae	20.08909775071297	18.205000000000002
Aphelops	20.43	15.97	42.400002	-103.800003	Rhinocerotidae	16.264797452029242	18.205000000000002
Aphelops	11.5	9.5	42.894166999999996	-100.2558	Rhinocerotidae	9.782158323907332	9.438
Aphelops	11.5	9.5	42.884722	-100.2389	Rhinocerotidae	11.204938932835393	9.438
Aphelops	11.5	9.5	42.89	-100.2422	Rhinocerotidae	11.316169447975929	9.438
Aphelops	11.5	9.5	42.884722	-100.2367	Rhinocerotidae	10.046156305079547	9.438
Aphelops	11.5	9.5	42.726667	-100.835	Rhinocerotidae	11.333108629390402	9.438
Aphelops	14.8	12.5	36.390833	-106.0442	Rhinocerotidae	13.465207875735992	12.725000000000001
Aphelops	12.5	10.0	36.1718	-106.0891	Rhinocerotidae	12.406936263193028	12.725000000000001
Aphelops	20.43	15.97	42.400002	-103.800003	Rhinocerotidae	20.03234593706184	18.205000000000002
Aphelops	14.1	12.5	36.003889	-105.9469	Rhinocerotidae	12.585130206341171	12.725000000000001
Aphelops	20.43	15.97	42.400002	-103.800003	Rhinocerotidae	20.356857685851566	18.205000000000002
Aphelops	20.43	15.97	42.400002	-103.800003	Rhinocerotidae	18.555326955443558	18.205000000000002
Aphelops	15.84	15.18	41.875	-119.05	Rhinocerotidae	15.38264726550034	14.895
Aphelops	20.43	15.97	42.400002	-103.800003	Rhinocerotidae	19.48842518606305	18.205000000000002
Aphelops	12.1	10.1	35.643333	-101.905	Rhinocerotidae	10.371127860294584	9.438
Aphelops	14.1	12.5	35.992222	-106.0472	Rhinocerotidae	13.166409072555618	12.725000000000001
Aphelops	10.0	9.4	43.757778	-118.1292	Rhinocerotidae	9.429950883002746	9.438
Aphelops	1.8	0.3	42.700001	-102.5	Rhinocerotidae	0.867535814290399	1.287
Aphelops	14.1	12.5	35.940278	-106.0083	Rhinocerotidae	12.977840581079404	12.725000000000001
Aphelops	14.0	13.4	35.032222	-117.0528	Rhinocerotidae	13.786749579102015	12.725000000000001
Aphelops	10.0	9.0	39.926389	-119.0683	Rhinocerotidae	9.557948976742852	9.438
Aphelops	20.43	15.97	41.700001	-119.699997	Rhinocerotidae	18.36602618693146	18.205000000000002
Aphelops	20.43	15.97	41.700001	-119.699997	Rhinocerotidae	17.782645959171916	18.205000000000002
Aphelops	20.43	15.97	41.700001	-119.699997	Rhinocerotidae	17.328956205251632	18.205000000000002
Aphelops	16.0	14.8	38.586111	-117.926389	Rhinocerotidae	15.690141647081704	14.895
Aphelops	14.0	13.4	35.032222	-117.0528	Rhinocerotidae	13.758458934659634	12.725000000000001
Aphelops	13.6	10.3	38.25	-117.900002	Rhinocerotidae	11.2638985304166	9.438
Aphelops	16.0	14.8	41.2	-119.316667	Rhinocerotidae	15.023661535930712	14.895
Aphelops	16.6	16.5	41.653056	-119.7456	Rhinocerotidae	16.576652731058132	18.205000000000002
Aphelops	20.43	15.97	42.799999	-103.099998	Rhinocerotidae	17.287469953939134	18.205000000000002
Aphelops	12.1	10.1	38.603611	-117.843056	Rhinocerotidae	10.333827352617096	9.438
Aphelops	13.6	12.5	42.597221999999995	-99.69833	Rhinocerotidae	13.59327052264308	12.725000000000001
Aphelops	12.1	10.1	40.094167	-117.577222	Rhinocerotidae	11.665029868870745	12.725000000000001
Aphelops	15.97	13.6	42.683334	-102.849998	Rhinocerotidae	15.421004304461182	14.895
Aphelops	15.97	13.6	42.1856	-103.732651	Rhinocerotidae	15.334959174713006	14.895
Aphelops	20.43	15.97	42.400002	-103.800003	Rhinocerotidae	16.031709551732842	18.205000000000002
Aphelops	14.1	12.5	35.911667	-106.0461	Rhinocerotidae	13.753219604702199	12.725000000000001
Aphelops	13.6	12.5	42.689721999999996	-100.8567	Rhinocerotidae	12.873797520772396	12.725000000000001
Aphelops	16.0	14.8	35.0975	-116.62	Rhinocerotidae	15.481251794027006	14.895
Aphelops	13.6	12.5	42.69083300000001	-100.8553	Rhinocerotidae	12.599876173442755	12.725000000000001
Aphelops	20.43	15.97	42.400002	-103.800003	Rhinocerotidae	20.303342833465788	18.205000000000002
Aphelops	20.43	15.97	42.400002	-103.800003	Rhinocerotidae	16.47121795129584	18.205000000000002
Aphelops	13.6	12.5	42.807221999999996	-101.1397	Rhinocerotidae	13.498922212381244	12.725000000000001
Aphelops	14.1	12.5	35.898333	-106.05	Rhinocerotidae	13.998367762613391	14.895
Aphelops	20.43	15.97	42.400002	-103.800003	Rhinocerotidae	18.469112196091007	18.205000000000002
Aphelops	20.43	15.97	42.400002	-103.800003	Rhinocerotidae	16.82673689078784	18.205000000000002
Aphelops	20.43	15.97	42.400002	-103.800003	Rhinocerotidae	17.331212307798427	18.205000000000002
Aphelops	20.43	15.97	42.400002	-103.800003	Rhinocerotidae	19.432365706877608	18.205000000000002
Aphelops	10.1	9.0	39.934722	-119.066111	Rhinocerotidae	9.846670137702676	9.438
Aphelops	14.8	12.5	41.058056	-116.481667	Rhinocerotidae	14.343914054528875	14.895
Aphelops	14.8	12.5	45.742778	-120.215833	Rhinocerotidae	14.691708843255096	14.895
Aphelops	20.43	15.97	42.400002	-103.800003	Rhinocerotidae	16.360387542382256	18.205000000000002
Aphelops	11.5	9.5	42.890556	-100.2267	Rhinocerotidae	10.600376056888921	9.438
Aphelops	12.5	12.2	43.2336	-100.8216	Rhinocerotidae	12.448349277815723	12.725000000000001
Aphelops	14.8	12.5	41.058	-116.4816	Rhinocerotidae	12.962548487069268	12.725000000000001
Aphelops	12.1	9.0	42.694167	-100.856389	Rhinocerotidae	9.24050273775654	9.438
Aphelops	12.0	11.0	38.6	-117.8509	Rhinocerotidae	11.929284043373544	12.725000000000001
Aphelops	12.0	11.0	38.5832	-117.9509	Rhinocerotidae	11.639837019254053	12.725000000000001
Aphelops	14.8	12.5	45.7429	-120.2159	Rhinocerotidae	13.743286673792579	12.725000000000001
Aphelops	12.1	10.1	42.421111	-98.156667	Rhinocerotidae	11.504898161298955	9.438
Aphelops	15.9	14.8	35.0322	-117.0528	Rhinocerotidae	15.018028790328625	14.895
Aphelops	14.8	12.5	36.390833	-106.044167	Rhinocerotidae	13.734779743553837	12.725000000000001
Aphelops	15.9	14.8	42.7268	-103.1551	Rhinocerotidae	15.034047089687526	14.895
Aphelops	15.9	14.8	30.8026	-94.4269	Rhinocerotidae	15.101797803669367	14.895
Aphelops	15.9	14.8	42.6833	-102.7822	Rhinocerotidae	14.985529624962387	14.895
Aphelops	14.7	14.0	40.843610999999996	-103.9578	Rhinocerotidae	14.275403563433516	14.895
Aphelops	16.0	14.8	30.671111	-95.053056	Rhinocerotidae	14.849786354335489	14.895
Aphelops	14.7	14.0	40.843610999999996	-103.9578	Rhinocerotidae	14.62011664616828	14.895
Aphelops	12.4	9.0	35.4	-117.9176	Rhinocerotidae	9.304778621934013	9.438
Aphelops	17.0	16.5	42.1759	-103.734	Rhinocerotidae	16.96291861796907	18.205000000000002
Aphelops	12.5	12.2	42.771667	-100.6617	Rhinocerotidae	12.446548072146266	12.725000000000001
Aphelops	11.5	9.5	42.1799	-103.7381	Rhinocerotidae	11.107570236157935	9.438
Aphelops	17.5	14.8	41.424167	-104.7683	Rhinocerotidae	14.907715315597867	14.895
Aphelops	14.2	14.0	40.815278	-104.0658	Rhinocerotidae	14.198854712911567	14.895
Aphelops	14.7	14.0	40.824166999999996	-104.0881	Rhinocerotidae	14.637280532675547	14.895
Aphelops	15.9	14.8	30.388	-96.0877	Rhinocerotidae	15.81729731949994	14.895
Aphelops	14.77	12.5	43.54638900000001	-117.81	Rhinocerotidae	12.617362125140787	12.725000000000001
Aphelops	14.7	14.4	40.870556	-103.9206	Rhinocerotidae	14.54711723124626	14.895
Aphelops	12.2	11.5	42.8861	-100.24	Rhinocerotidae	11.548893882043364	9.438
Aphelops	12.5	12.2	42.749722	-100.8142	Rhinocerotidae	12.2703467566186	12.725000000000001
Aphelops	12.2	11.5	42.6518	-101.1472	Rhinocerotidae	11.822107115585652	12.725000000000001
Aphelops	12.2	11.5	42.8703	-99.7359	Rhinocerotidae	11.930526601359816	12.725000000000001
Aphelops	14.7	14.0	40.852778	-104.0114	Rhinocerotidae	14.510326298498187	14.895
Aphelops	12.5	9.0	40.0941	-117.5773	Rhinocerotidae	9.692254037087604	9.438
Aphelops	12.5	9.0	36.2943	-100.2889	Rhinocerotidae	10.615710859800512	9.438
Aphelops	16.0	14.8	30.985833000000003	-93.672778	Rhinocerotidae	14.814170148477972	14.895
Aphelops	12.2	9.0	43.1423	-100.9588	Rhinocerotidae	10.997797662476373	9.438
Aphelops	12.4	11.2	35.3833	-117.9509	Rhinocerotidae	11.647349029156358	12.725000000000001
Aphelops	14.4	14.0	40.815278	-104.0658	Rhinocerotidae	14.128001469167547	14.895
Aphelops	12.2	11.5	42.911944	-99.635	Rhinocerotidae	12.045434554044546	12.725000000000001
Aphelops	12.1	10.1	40.809868	-96.675345	Rhinocerotidae	11.285062695969312	9.438
Aphelops	11.5	9.5	42.891389000000004	-100.2375	Rhinocerotidae	10.731881903853393	9.438
Aphelops	17.5	16.0	42.178333	-103.755278	Rhinocerotidae	16.192703135608006	18.205000000000002
Aphelops	20.43	15.97	42.400002	-103.800003	Rhinocerotidae	16.215629025282965	18.205000000000002
Aphelops	11.5	9.5	42.891667	-100.2492	Rhinocerotidae	11.073256430567241	9.438
Aphelops	16.0	14.8	30.22	-96.42	Rhinocerotidae	15.334853628338045	14.895
Aphelops	11.5	9.5	42.8925	-100.2314	Rhinocerotidae	11.31788879757301	9.438
Aphelops	14.1	12.5	35.969722	-106.0869	Rhinocerotidae	13.61192946283	12.725000000000001
Aphelops	17.5	16.0	42.175	-103.7375	Rhinocerotidae	17.222515441912115	18.205000000000002
Aphelops	11.5	9.5	42.896389	-100.2597	Rhinocerotidae	10.533835565567808	9.438
Aphelops	20.43	15.97	42.799999	-103.099998	Rhinocerotidae	18.41371089269656	18.205000000000002
Aphelops	20.43	15.97	42.400002	-103.800003	Rhinocerotidae	19.245611877795238	18.205000000000002
Aphelops	14.8	12.5	54.5	-105.681389	Rhinocerotidae	13.547199738593733	12.725000000000001
Aphelops	15.2	14.49	41.325	-119.2583	Rhinocerotidae	15.094215407125152	14.895
Aphelops	11.5	9.5	42.891110999999995	-100.2406	Rhinocerotidae	10.746574753351817	9.438
Aphelops	15.97	13.6	35.299999	-118.5	Rhinocerotidae	15.021288874012516	14.895
Aphelops	20.43	15.97	42.400002	-103.800003	Rhinocerotidae	16.285846860528018	18.205000000000002
Aphelops	14.8	12.5	30.345	-96.031667	Rhinocerotidae	14.53549035257474	14.895
Aphelops	20.43	15.97	42.400002	-103.800003	Rhinocerotidae	17.211497234520632	18.205000000000002
Aphelops	16.0	14.8	42.160833	-103.725833	Rhinocerotidae	15.166058841109159	14.895
Aphelops	12.5	12.1	42.6425	-100.064444	Rhinocerotidae	12.365610451182375	12.725000000000001
Aphelops	12.2	11.5	42.863333000000004	-101.4847	Rhinocerotidae	11.94768578710665	12.725000000000001
Aphelops	14.8	12.5	42.712222	-99.788889	Rhinocerotidae	12.575984456596165	12.725000000000001
Aphelops	12.2	11.5	42.924444	-100.4097	Rhinocerotidae	11.554310560664765	9.438
Aphelops	14.8	12.5	42.826667	-97.636389	Rhinocerotidae	14.062866398601045	14.895
Aphelops	14.8	12.5	35.82472199999999	-105.978611	Rhinocerotidae	13.043807127190867	12.725000000000001
Aphelops	14.8	12.5	30.6315	-95.1298	Rhinocerotidae	14.74146779338857	14.895
Aphelops	14.8	12.5	30.6095	-95.1039	Rhinocerotidae	13.799848512077189	12.725000000000001
Aphelops	14.8	12.5	30.6088	-95.0041	Rhinocerotidae	13.571521122572506	12.725000000000001
Aphelops	11.5	9.5	42.846111	-101.5208	Rhinocerotidae	11.35121269195865	9.438
Aphelops	14.8	12.5	42.784444	-100.035278	Rhinocerotidae	13.58088127866961	12.725000000000001
Aphelops	11.5	9.5	42.8033	-101.1388	Rhinocerotidae	10.860824506257472	9.438
Aphelops	11.5	9.5	42.625	-100.0556	Rhinocerotidae	10.585816075276345	9.438
Aphelops	14.0	13.6	42.784444	-100.0353	Rhinocerotidae	13.680835281793001	12.725000000000001
Aphelops	16.0	14.8	42.690278	-102.840278	Rhinocerotidae	15.407078958719602	14.895
Aphelops	14.0	13.6	42.785833000000004	-100.0758	Rhinocerotidae	13.94950348197342	14.895
Aphelops	15.9	15.3	35.030833	-117.0611	Rhinocerotidae	15.870682079039847	14.895
Aphelops	20.43	15.97	41.700001	-119.699997	Rhinocerotidae	18.914145256232494	18.205000000000002
Aphelops	15.97	13.6	30.5	-95.0	Rhinocerotidae	13.877092955728461	14.895
Aphelops	15.97	13.6	35.5	-106.199997	Rhinocerotidae	14.304168108198665	14.895
Aphelops	14.8	14.0	35.040556	-117.0533	Rhinocerotidae	14.6703483923765	14.895
Aphelops	13.6	12.5	42.712778	-99.79306	Rhinocerotidae	13.24791419818505	12.725000000000001
Aphelops	17.0	16.5	42.179167	-103.7342	Rhinocerotidae	16.99081582332486	18.205000000000002
Aphelops	12.5	12.2	42.676944	-99.76639	Rhinocerotidae	12.373592073632874	12.725000000000001
Aphelops	14.8	14.8	35.034444	-117.0497	Rhinocerotidae	14.8	14.895
Aphelops	15.97	13.6	30.5	-95.0	Rhinocerotidae	15.370910381731784	14.895
Aphelops	15.97	13.6	40.799999	-104.199997	Rhinocerotidae	15.182785377163794	14.895
Aphelops	15.97	13.6	38.25	-117.900002	Rhinocerotidae	14.17296029472975	14.895
Aphelops	15.97	13.6	42.700001	-100.0	Rhinocerotidae	15.524178001053667	14.895
Aphelops	17.0	16.5	42.180556	-103.7375	Rhinocerotidae	16.667074295858892	18.205000000000002
Aphelops	15.97	13.6	34.799999	-117.0	Rhinocerotidae	15.302614286707824	14.895
Aphelops	15.97	13.6	35.049999	-117.066666	Rhinocerotidae	15.886483279192786	14.895
Aphelops	15.97	13.6	34.799999	-117.0	Rhinocerotidae	14.669379001486131	14.895
Aphelops	17.0	16.5	42.178333	-103.7553	Rhinocerotidae	16.742411514188007	18.205000000000002
Aphelops	15.97	13.6	30.700001	-94.699997	Rhinocerotidae	14.818835340303492	14.895
Aphelops	15.9	15.2	35.485833	-118.8894	Rhinocerotidae	15.216573062411005	14.895
Aphelops	15.97	13.6	34.799999	-117.0	Rhinocerotidae	14.077132888309288	14.895
Aphelops	15.97	13.6	42.799999	-100.800003	Rhinocerotidae	14.077896448689895	14.895
Aphelops	15.97	13.6	30.5	-95.0	Rhinocerotidae	13.616539032580688	12.725000000000001
Aphelops	15.9	15.2	35.485833	-118.8894	Rhinocerotidae	15.781323437888524	14.895
Aphelops	16.6	16.5	41.651666999999996	-119.7519	Rhinocerotidae	16.523160185692664	18.205000000000002
Aphelops	17.5	16.0	41.651944	-119.749167	Rhinocerotidae	16.38683365778296	18.205000000000002
Aphelops	16.6	16.5	41.651944	-119.7492	Rhinocerotidae	16.586548163204508	18.205000000000002
Aphelops	17.0	16.5	42.175	-103.7375	Rhinocerotidae	16.645348951469146	18.205000000000002
Aphelops	15.97	13.6	34.799999	-117.0	Rhinocerotidae	15.657327408582216	14.895
Aphelops	16.0	14.8	41.841667	-119.05	Rhinocerotidae	15.185122246820429	14.895
Aphelops	16.6	16.5	41.654167	-119.745	Rhinocerotidae	16.541972410193306	18.205000000000002
Aphelops	14.0	13.6	42.818611	-97.66611	Rhinocerotidae	13.952148991692672	14.895
Aphelops	15.97	13.6	41.099998	-117.800003	Rhinocerotidae	15.111498617404196	14.895
Aphelops	15.97	13.6	34.799999	-117.0	Rhinocerotidae	15.312419123935616	14.895
Aphelops	7.5	6.7	41.335833	-102.3842	Rhinocerotidae	7.244927094721723	6.2895
Aphelops	7.6	6.8	42.198056	-103.780833	Rhinocerotidae	7.542612217644497	9.438
Aphelops	6.8	5.9	39.154722	-101.509722	Rhinocerotidae	6.280771839092711	6.2895
Aphelops	6.8	5.9	44.930833	-123.028889	Rhinocerotidae	6.327605557670639	6.2895
Aphelops	7.6	6.8	27.49611	-82.53971999999997	Rhinocerotidae	7.210286867742685	6.2895
Aphelops	6.7	6.6	35.733056	-100.5236	Rhinocerotidae	6.6093861823914875	6.2895
Aphelops	5.9	4.9	28.18222	-81.82417	Rhinocerotidae	5.6375695892260875	6.2895
Aphelops	8.0	7.0	29.6473	-82.6394	Rhinocerotidae	7.978658308848803	9.438
Aphelops	5.9	4.7	42.81583300000001	-97.72528	Rhinocerotidae	4.924001225159202	4.4665
Aphelops	6.7	4.7	34.9625	-101.1925	Rhinocerotidae	5.87900911179076	6.2895
Aphelops	7.6	6.8	28.133333	-81.63166700000002	Rhinocerotidae	6.9711905672509955	6.2895
Aphelops	7.5	6.7	40.395	-100.2578	Rhinocerotidae	7.4770533677656665	9.438
Aphelops	6.8	5.9	35.993333	-100.588333	Rhinocerotidae	6.063013500265722	6.2895
Aphelops	9.0	7.6	29.61667000000001	-82.36667	Rhinocerotidae	8.245058960349402	9.438
Aphelops	7.6	6.8	36.114167	-105.978889	Rhinocerotidae	7.060484897692362	6.2895
Aphelops	6.7	5.9	39.115	-101.4994	Rhinocerotidae	6.207603693601327	6.2895
Aphelops	7.6	6.8	36.23388900000001	-100.096389	Rhinocerotidae	7.427139043758535	9.438
Aphelops	8.1	5.2	36.078610999999995	-106.0864	Rhinocerotidae	5.238134817264565	4.4665
Aphelops	6.7	5.9	39.154722	-101.5097	Rhinocerotidae	6.4547751937602404	6.2895
Aphelops	7.5	6.7	29.2842	-82.3782	Rhinocerotidae	6.990154664967163	6.2895
Aphelops	6.8	5.9	34.9625	-101.1925	Rhinocerotidae	6.080824381757786	6.2895
Aphelops	5.9	5.0	42.821667	-97.85221999999999	Rhinocerotidae	5.6466785384600255	6.2895
Aphelops	7.5	6.7	28.9878	-82.3483	Rhinocerotidae	7.370452071246611	9.438
Aphelops	9.0	6.8	28.133333	-81.63166700000002	Rhinocerotidae	8.973396313923585	9.438
Aphelops	6.7	5.9	36.747222	-101.3753	Rhinocerotidae	6.423820685708464	6.2895
Aphelops	7.6	6.8	35.733056	-100.523611	Rhinocerotidae	7.410424232926849	9.438
Aphelops	7.5	5.2	36.151111	-106.0261	Rhinocerotidae	7.475786557645912	9.438
Aphelops	5.9	4.9	42.81583300000001	-97.725278	Rhinocerotidae	5.802697088075549	6.2895
Aphelops	7.5	6.7	40.0758	-102.2233	Rhinocerotidae	7.4053208920800735	9.438
Aphelops	7.5	6.7	36.23388900000001	-100.0964	Rhinocerotidae	7.4568982341292545	9.438
Aphelops	6.7	5.9	34.9625	-101.1925	Rhinocerotidae	6.153804582779977	6.2895
Aphelops	6.7	5.9	34.9625	-101.1925	Rhinocerotidae	6.392030435542583	6.2895
Aphelops	7.5	6.7	42.198056	-103.7808	Rhinocerotidae	6.884898563266523	6.2895
Aphelops	7.5	6.7	42.198056	-103.7808	Rhinocerotidae	7.165415255740394	6.2895
Aphelops	6.7	5.9	34.9625	-101.1925	Rhinocerotidae	6.5080576375435575	6.2895
Aphelops	6.7	4.7	43.8443	-117.5803	Rhinocerotidae	5.572947137828652	6.2895
Aphelops	6.7	5.9	34.9625	-101.1925	Rhinocerotidae	6.258426472896238	6.2895
Aphelops	7.5	6.7	36.23388900000001	-100.0964	Rhinocerotidae	7.0140914159296335	6.2895
Aphelops	7.5	5.2	36.051944	-106.0689	Rhinocerotidae	7.1274993836315135	6.2895
Aphelops	6.7	5.9	34.9625	-101.1925	Rhinocerotidae	6.385161084115013	6.2895
Aphelops	7.6	6.8	28.133333	-81.63166700000002	Rhinocerotidae	7.234286288667837	6.2895
Aphelops	7.6	6.8	40.395	-100.257778	Rhinocerotidae	7.561124052984236	9.438
Aphelops	8.0	6.7	30.8479	-88.1738	Rhinocerotidae	7.28941926331057	9.438
Aphelops	7.5	6.7	40.075833	-102.2233	Rhinocerotidae	6.934229153315308	6.2895
Aphelops	7.5	6.7	40.075833	-102.2233	Rhinocerotidae	6.85930086030497	6.2895
Aphelops	7.5	6.7	42.193056	-103.7814	Rhinocerotidae	6.715867307032228	6.2895
Aphelops	7.6	6.8	30.847778	-88.173889	Rhinocerotidae	7.326864794726979	9.438
Aphelops	7.5	6.7	40.075833	-102.2233	Rhinocerotidae	7.027187453845235	6.2895
