species	max_age	min_age	lat	lon	family	mean_age	rounded_ages
Bassariscus	13.6	10.3	35.299999	-118.5	Procyonidae	11.839732305755069	12.725000000000001
Bassariscus	15.97	13.6	42.799999	-100.800003	Procyonidae	15.560803264999983	14.895
Bassariscus	9.0	6.7	35.474444	-118.9267	Procyonidae	6.986636496804741	6.2895
Bassariscus	15.97	13.6	49.200001	-106.199997	Procyonidae	15.594423816046882	14.895
Bassariscus	15.97	13.6	41.099998	-117.800003	Procyonidae	14.806857874773426	14.895
Bassariscus	16.0	14.8	42.160833	-103.725833	Procyonidae	15.103789903085673	14.895
Bassariscus	15.97	13.6	42.806099	-100.050499	Procyonidae	14.313740868204837	14.895
Bassariscus	15.97	13.6	49.200001	-106.199997	Procyonidae	15.217403277362545	14.895
Bassariscus	15.9	15.8	35.031667	-117.0611	Procyonidae	15.847244295254507	14.895
Bassariscus	15.97	13.6	42.799999	-100.800003	Procyonidae	15.307251341525841	14.895
Bassariscus	20.43	15.97	42.400002	-103.800003	Procyonidae	16.694388724550205	18.205000000000002
Bassariscus	20.43	15.97	42.400002	-103.800003	Procyonidae	16.668709855682913	18.205000000000002
Bassariscus	15.97	13.6	49.200001	-106.199997	Procyonidae	15.434429531005678	14.895
Bassariscus	15.97	13.6	40.0238	-98.5271	Procyonidae	13.922358786816005	14.895
Bassariscus	15.97	13.6	38.25	-117.900002	Procyonidae	15.691022712619786	14.895
Bassariscus	15.97	13.6	42.783333	-100.033333	Procyonidae	14.553044931887335	14.895
Bassariscus	15.9	14.8	42.1625	-103.7267	Procyonidae	15.101937317191672	14.895
Bassariscus	15.9	14.8	42.160833000000004	-103.7258	Procyonidae	15.324805037169366	14.895
Bassariscus	15.9	14.8	42.175833000000004	-103.7564	Procyonidae	14.988380311580315	14.895
Bassariscus	15.97	13.6	42.083332	-103.800003	Procyonidae	14.459173748096351	14.895
Bassariscus	0.126	0.0117	31.566668	-108.400002	Procyonidae	0.06359181969608592	0.07035
Bassariscus	0.0117	0.0	35.233334	-114.366669	Procyonidae	0.009916985092673204	0.00995
Bassariscus	1.8	0.012	33.599998	-117.800003	Procyonidae	1.5349526527245376	1.287
Bassariscus	0.0117	0.0	35.233334	-114.366669	Procyonidae	0.008828731787634471	0.00995
Bassariscus	0.0117	0.0	31.183332	-104.199997	Procyonidae	0.005640302855982884	0.006200000000000001
Bassariscus	0.126	0.0	32.549999	-110.650002	Procyonidae	0.09466538632104836	0.07035
Bassariscus	0.126	0.0117	32.349998	-104.783333	Procyonidae	0.10053171905603443	0.07035
Bassariscus	4.9	2.5	47.0425	-122.893056	Procyonidae	4.470462238368201	4.4665
Bassariscus	2.5	0.85	38.555605	-121.468926	Procyonidae	1.4001544176161858	1.287
Bassariscus	4.9	1.8	32.716667	-100.916664	Procyonidae	1.97395441136132	2.19
Bassariscus	4.9	2.5	39.055833	-95.689444	Procyonidae	4.8771701322474295	4.4665
Bassariscus	4.9	1.8	47.0	-118.5	Procyonidae	3.73760650334666	4.4665
Bassariscus	4.8	4.62	37.790556	-114.3886	Procyonidae	4.717724035315986	4.4665
Bassariscus	4.9	2.5	32.518611	-96.380833	Procyonidae	4.5729289865037845	4.4665
Bassariscus	4.9	1.8	37.200001	-100.300003	Procyonidae	3.9063929941618456	4.4665
Bassariscus	4.9	1.8	32.900002	-117.099998	Procyonidae	2.372455365843717	2.19
Bassariscus	4.9	1.8	37.133331	-100.48333	Procyonidae	3.1376720318266083	3.09
Bassariscus	15.16	14.8	44.501111	-119.6131	Procyonidae	14.968808360886845	14.895
Bassariscus	15.9	14.8	42.174167	-103.7353	Procyonidae	15.173699168611725	14.895
Bassariscus	16.0	14.8	42.690278	-102.840278	Procyonidae	15.434130007853927	14.895
Bassariscus	15.97	13.6	42.683334	-102.849998	Procyonidae	15.573970909675891	14.895
Bassariscus	15.9	14.8	42.690278	-102.8403	Procyonidae	15.433278846314678	14.895
Bassariscus	6.8	5.9	39.154722	-101.509722	Procyonidae	6.439401939603585	6.2895
Bassariscus	12.5	11.5	39.044722	-99.53667	Procyonidae	12.283850708784284	12.725000000000001
Bassariscus	8.0	7.5	41.140556	-101.6686	Procyonidae	7.904915776461247	9.438
Bassariscus	6.7	5.9	38.785	-101.4864	Procyonidae	5.995346295184218	6.2895
Bassariscus	9.0	7.6	40.809868	-96.675345	Procyonidae	7.783187380955742	9.438
Bassariscus	9.7	9.0	37.829722	-121.9264	Procyonidae	9.56409786889523	9.438
Bassariscus	15.9	14.8	35.838889	-106.0142	Procyonidae	15.507934881419256	14.895
Bassariscus	9.0	8.0	35.40277800000001	-117.9492	Procyonidae	8.772053555901095	9.438
Bassariscus	15.9	15.2	35.956111	-106.0192	Procyonidae	15.810181062678074	14.895
Bassariscus	14.8	12.5	42.784444	-100.035278	Procyonidae	13.773489023773932	12.725000000000001
Bassariscus	15.9	14.8	35.5888	-106.0071	Procyonidae	15.113356658654224	14.895
Bassariscus	11.2	8.0	35.40277800000001	-117.9492	Procyonidae	8.390666622978147	9.438
Bassariscus	12.5	12.1	42.6425	-100.064444	Procyonidae	12.328689870961316	12.725000000000001
Bassariscus	9.0	8.0	35.40277800000001	-117.9492	Procyonidae	8.18560419175386	9.438
Bassariscus	15.9	14.8	35.966111	-105.9658	Procyonidae	15.698916300057592	14.895
Bassariscus	12.1	9.0	35.385	-117.988056	Procyonidae	11.408418426222635	9.438
Bassariscus	16.0	14.8	38.586111	-117.926389	Procyonidae	15.246537368413152	14.895
Bassariscus	14.8	12.5	54.5	-105.681389	Procyonidae	14.372908042396267	14.895
Bassariscus	9.0	8.0	35.40277800000001	-117.9492	Procyonidae	8.79204814314793	9.438
Bassariscus	9.0	7.6	35.45361099999999	-118.100278	Procyonidae	8.859228503951009	9.438
Bassariscus	15.9	15.2	35.978333	-105.9883	Procyonidae	15.882423857778786	14.895
Bassariscus	15.9	14.8	35.936	-106.027	Procyonidae	15.25377134331318	14.895
Bassariscus	10.1	9.0	37.829722	-121.929167	Procyonidae	9.377409136691243	9.438
Bassariscus	11.2	8.0	35.40277800000001	-117.9492	Procyonidae	10.84498347791721	9.438
Bassariscus	15.97	13.6	35.5	-106.199997	Procyonidae	14.8441402011341	14.895
Bassariscus	16.0	14.8	35.978333	-105.988333	Procyonidae	14.935436460716732	14.895
Bassariscus	11.2	9.0	35.40277800000001	-117.9492	Procyonidae	10.981729393031156	9.438
Bassariscus	15.9	14.89	38.586110999999995	-117.9264	Procyonidae	15.02228506943899	14.895
Bassariscus	8.7	8.5	35.3995	-118.011	Procyonidae	8.550201093617003	9.438
Bassariscus	15.97	13.6	35.5	-106.199997	Procyonidae	15.291097939304034	14.895
Bassariscus	14.8	12.5	42.826667	-97.636389	Procyonidae	13.936311834779188	14.895
Bassariscus	15.9	15.2	35.94972199999999	-105.9911	Procyonidae	15.262649833838205	14.895
