species	max_age	min_age	lat	lon	family	mean_age	rounded_ages
Canis	2.588	0.0117	33.214443	-80.447777	Canidae	2.0010553527960258	2.19
Canis	0.85	0.4	28.133333	-81.63166700000002	Canidae	0.5549901994347332	0.4515
Canis	2.5	0.85	33.448457	-112.073844	Canidae	2.1310726200174868	2.19
Canis	0.126	0.0117	29.799999	-82.099998	Canidae	0.0900934280058363	0.07035
Canis	1.8	0.3	32.0	-106.699997	Canidae	1.2636795128014209	1.287
Canis	1.8	0.3	33.214443	-80.448059	Canidae	1.0554388843615934	1.287
Canis	1.8	0.3	36.0	-93.199997	Canidae	0.9661526579120924	1.287
Canis	4.9	0.3	35.700001	-112.400002	Canidae	2.0240761567588827	2.19
Canis	1.9	0.85	28.133333	-81.63166700000002	Canidae	1.8749330363949483	2.19
Canis	1.8	0.3	39.599998	-78.699997	Canidae	1.706835851420042	1.287
Canis	1.8	0.3	28.799168	-82.070274	Canidae	0.8773388719072249	1.287
Canis	1.9	0.85	28.133333	-81.63166700000002	Canidae	1.4251932134202916	1.287
Canis	1.8	0.3	33.700001	-101.900002	Canidae	0.7278691876643493	0.4515
Canis	1.9	0.85	35.66722199999999	-105.964444	Canidae	1.8943560554201144	2.19
Canis	1.8	0.3	39.599998	-78.699997	Canidae	0.9411566607405476	1.287
Canis	1.8	0.3	33.75	-99.5	Canidae	1.2522404073452111	1.287
Canis	1.8	0.3	29.799999	-82.099998	Canidae	1.5781907648335534	1.287
Canis	1.8	0.3	27.700001	-82.5	Canidae	1.5581915944788651	1.287
Canis	1.8	0.3	27.700001	-82.5	Canidae	0.6945147971697558	0.4515
Canis	1.8	0.3	37.099998	-100.900002	Canidae	0.7789493673551652	1.287
Canis	1.8	0.3	29.4	-82.599998	Canidae	0.3154029074358564	0.4515
Canis	1.8	0.3	34.5	-101.300003	Canidae	0.3654449823562098	0.4515
Canis	1.8	0.3	40.200001	-75.300003	Canidae	0.3691922530822344	0.4515
Canis	0.126	0.0117	39.0	-86.5	Canidae	0.10521468090163764	0.07035
Canis	0.126	0.0117	40.427223	-78.388885	Canidae	0.09915524992614068	0.07035
Canis	0.126	0.0117	27.17	-81.900002	Canidae	0.0225849758510223	0.07035
Canis	0.3	0.012	29.1	-82.300003	Canidae	0.16300607423573005	0.4515
Canis	0.126	0.0117	29.6	-82.416664	Canidae	0.11340564068342278	0.07035
Canis	0.3	0.012	34.069721	-118.348892	Canidae	0.28517790347345	0.4515
Canis	1.8	0.012	28.1	-80.5	Canidae	1.7058481005407806	1.287
Canis	0.126	0.0117	37.097298	-81.33609799999998	Canidae	0.012633292452150868	0.07035
Canis	0.126	0.0117	27.5	-82.5	Canidae	0.08175125334137792	0.07035
Canis	0.126	0.0117	29.799999	-82.099998	Canidae	0.057908128122397075	0.07035
Canis	1.8	0.3	37.529999	-121.959999	Canidae	1.2987763392251228	1.287
Canis	0.3	0.012	28.799999	-82.199997	Canidae	0.26339132790719283	0.4515
Canis	1.8	0.3	37.044701	-100.477097	Canidae	0.8199277138979719	1.287
Canis	0.126	0.0117	38.908333	-121.01388500000002	Canidae	0.12246153438614064	0.07035
Canis	0.126	0.0117	38.266666	-90.366669	Canidae	0.04150709278548583	0.07035
Canis	2.588	0.0117	32.559166	-80.292503	Canidae	0.7686965631765332	0.4515
Canis	0.3	0.012	32.479443	-80.334724	Canidae	0.03992700888675298	0.07035
Canis	0.3	0.012	33.010277	-79.087776	Canidae	0.21575996425671692	0.4515
Canis	0.126	0.0117	28.716667	-81.449997	Canidae	0.08710931214179461	0.07035
Canis	1.8	0.3	37.200001	-100.300003	Canidae	1.2721288198144556	1.287
Canis	0.126	0.0117	43.333332	-120.5	Canidae	0.02863028091640317	0.07035
Canis	0.126	0.0117	28.799999	-82.199997	Canidae	0.02533882841509633	0.07035
Canis	0.126	0.0117	33.749443	-118.278893	Canidae	0.06781122978374515	0.07035
Canis	2.588	0.0117	31.883333	-104.883331	Canidae	0.2618387242503951	0.4515
Canis	0.126	0.0117	40.900002	-111.199997	Canidae	0.07739484662116716	0.07035
Canis	0.126	0.0117	37.866669	-84.75	Canidae	0.021663592128414184	0.07035
Canis	2.588	0.0117	36.266666	-83.13333100000001	Canidae	1.0717521619670909	1.287
Canis	0.126	0.0117	38.599998	-121.5	Canidae	0.1245927396860433	0.07035
Canis	0.126	0.0117	30.633333	-97.683334	Canidae	0.08258045243848403	0.07035
Canis	0.126	0.0117	32.714721999999995	-96.707497	Canidae	0.07928640010119507	0.07035
Canis	0.3	0.012	33.762501	-118.293335	Canidae	0.2392105276035907	0.4515
Canis	0.126	0.0117	34.0	-118.199997	Canidae	0.09441882441300807	0.07035
Canis	0.126	0.0117	29.407499	-82.476387	Canidae	0.08547885661802677	0.07035
Canis	0.126	0.0117	30.35833400000001	-98.099998	Canidae	0.1183123303409148	0.07035
Canis	1.8	0.3	42.700001	-102.5	Canidae	1.585240204176683	1.287
Canis	0.126	0.0117	29.85	-82.599998	Canidae	0.01226756969144352	0.07035
Canis	2.588	0.0117	34.400002	-119.51667	Canidae	0.5798563181785169	0.4515
Canis	0.3	0.012	29.683332	-109.650002	Canidae	0.21285116874484192	0.4515
Canis	0.126	0.0117	32.0	-110.199997	Canidae	0.0162846781255975	0.07035
Canis	0.126	0.0117	38.602779	-79.368889	Canidae	0.06769873527254587	0.07035
Canis	1.8	0.3	42.700001	-102.5	Canidae	1.7221624484232476	1.287
Canis	0.126	0.0117	40.784	-122.281998	Canidae	0.038247881283069184	0.07035
Canis	0.126	0.0117	44.983334	-108.199997	Canidae	0.10177413852203966	0.07035
Canis	0.3	0.012	33.599998	-117.800003	Canidae	0.1979581680596456	0.4515
Canis	0.126	0.0117	25.700001	-80.400002	Canidae	0.06265580819584607	0.07035
Canis	1.8	0.3	37.056667	-120.195831	Canidae	1.3764677271846295	1.287
Canis	0.126	0.0117	38.602779	-79.368889	Canidae	0.04565889357387658	0.07035
Canis	0.126	0.0117	28.083332	-80.599998	Canidae	0.10360177568384443	0.07035
Canis	1.8	0.3	29.700001	-82.599998	Canidae	0.43700311144339693	0.4515
Canis	0.126	0.0117	33.895278999999995	-117.987503	Canidae	0.10464192847494162	0.07035
Canis	0.126	0.0117	27.799999	-82.699997	Canidae	0.014086375111232669	0.07035
Canis	0.126	0.0117	42.799999	-112.900002	Canidae	0.10258585647703572	0.07035
Canis	0.126	0.0117	32.366669	-104.449997	Canidae	0.03247199136989731	0.07035
Canis	1.8	0.3	42.700001	-102.5	Canidae	0.7093609590272977	0.4515
Canis	1.8	0.3	40.200001	-98.099998	Canidae	1.2352419676950035	1.287
Canis	1.8	0.3	34.799999	-117.0	Canidae	0.5463787408448094	0.4515
Canis	0.126	0.0117	27.638332	-80.397499	Canidae	0.0839725402595047	0.07035
Canis	0.126	0.0117	38.086109	-79.656944	Canidae	0.026163792239310042	0.07035
Canis	1.8	0.3	43.799999	-103.099998	Canidae	0.4215763138344688	0.4515
Canis	0.126	0.0117	36.666668	-93.216667	Canidae	0.11670550282257013	0.07035
Canis	1.8	0.3	42.700001	-102.5	Canidae	1.54094342762449	1.287
Canis	0.126	0.0117	29.799999	-82.099998	Canidae	0.03759428190559157	0.07035
Canis	1.9	0.85	28.133333	-81.63166700000002	Canidae	1.81021950776248	2.19
Canis	1.8	0.3	37.099998	-100.900002	Canidae	1.4693958790367876	1.287
Canis	2.5	1.9	28.133333	-81.63166700000002	Canidae	2.356965214328101	2.19
Canis	1.8	0.3	42.35240200000001	-97.866081	Canidae	0.43311433448169545	0.4515
Canis	1.8	0.3	33.900002	-117.0	Canidae	0.9357395938890642	1.287
Canis	1.8	0.3	39.299999	-105.699997	Canidae	0.5289451663723488	0.4515
Canis	1.8	0.3	39.299999	-105.699997	Canidae	1.7469428010136414	1.287
Canis	1.8	0.3	40.283333	-100.17083	Canidae	0.7728463098649735	0.4515
Canis	4.9	1.8	34.883331	-101.633331	Canidae	3.5868035988753664	3.09
Canis	0.85	0.4	28.133333	-81.63166700000002	Canidae	0.5006255670272304	0.4515
Canis	2.5	1.9	34.97	-101.9	Canidae	2.478785346094304	2.19
Canis	1.8	0.3	32.0	-110.199997	Canidae	1.418570173422259	1.287
Canis	1.8	0.3	33.900002	-117.0	Canidae	1.1170997581600786	1.287
Canis	2.5	1.9	28.133333	-81.63166700000002	Canidae	1.9209795886852568	2.19
Canis	4.9	1.8	42.700001	-100.0	Canidae	4.4706504930790505	4.4665
Canis	1.8	0.3	27.041668	-81.821114	Canidae	1.1799167056729396	1.287
Canis	4.9	1.8	42.378334	-98.234444	Canidae	3.5729111155658995	3.09
Canis	1.9	0.85	28.133333	-81.63166700000002	Canidae	1.8162473647537958	2.19
Canis	1.8	0.3	28.799999	-82.199997	Canidae	1.1363335073676992	1.287
Canis	1.8	0.3	43.599998	-117.5	Canidae	1.5817641482883005	1.287
Canis	1.8	0.3	37.200001	-100.300003	Canidae	1.2216662568838377	1.287
Canis	4.9	1.8	32.0	-110.199997	Canidae	4.3435835464844175	4.4665
Canis	4.9	1.8	29.799999	-82.099998	Canidae	2.635175821591129	3.09
Canis	1.8	0.3	27.0	-82.199997	Canidae	1.371226860874843	1.287
Canis	1.9	0.85	28.133333	-81.63166700000002	Canidae	1.6230665087638307	1.287
Canis	4.9	2.5	40.809868	-96.675345	Canidae	4.128958468054094	4.4665
Canis	2.5	0.85	33.448457	-112.073844	Canidae	1.6553277963855688	1.287
Canis	2.5	1.9	33.448457	-112.073844	Canidae	2.011237451723216	2.19
Canis	2.5	1.9	33.448457	-112.073844	Canidae	2.1817837079813294	2.19
Canis	4.9	2.5	38.555605	-121.468926	Canidae	4.126793665237122	4.4665
Canis	1.8	0.3	27.700001	-82.5	Canidae	1.0857726536062182	1.287
Canis	2.5	1.9	29.646111	-110.868889	Canidae	2.270974841582348	2.19
Canis	1.8	0.3	43.599998	-117.5	Canidae	1.1824739515422742	1.287
Canis	2.5	0.85	38.555605	-121.468926	Canidae	1.4485896802416969	1.287
Canis	1.8	0.3	33.75	-99.5	Canidae	0.8487510563562406	1.287
Canis	4.9	1.8	29.0	-82.68	Canidae	4.1012087567010065	4.4665
Canis	2.5	1.9	28.133333	-81.63166700000002	Canidae	2.0042419287871875	2.19
Canis	1.8	0.3	26.9	-82.0	Canidae	1.1694052156668804	1.287
Canis	4.9	0.3	35.700001	-112.400002	Canidae	3.968313936738156	4.4665
Canis	2.5	1.9	40.809868	-96.675345	Canidae	1.9412012292893992	2.19
Canis	1.8	0.3	40.18	-101.040001	Canidae	1.6567591815228018	1.287
Canis	2.5	1.9	33.448457	-112.073844	Canidae	1.941507360207216	2.19
Canis	1.8	0.3	40.18	-100.480003	Canidae	1.1252974195043968	1.287
Canis	1.8	0.3	40.205276	-100.626114	Canidae	0.6046487750193034	0.4515
Canis	4.9	1.8	31.700001	-114.5	Canidae	4.649171893184821	4.4665
Canis	1.8	0.3	29.799999	-82.099998	Canidae	1.0748143249674662	1.287
Canis	4.9	1.8	28.5	-107.400002	Canidae	3.923744162631703	4.4665
Canis	2.5	1.9	32.113609999999994	-109.92111	Canidae	1.9152921804821792	2.19
Canis	0.0117	0.0	63.700001	-170.383331	Canidae	0.01030021630360526	0.00995
Canis	0.0117	0.0	66.034447	-170.046387	Canidae	0.003090198294318473	0.0021
Canis	0.0117	0.0	36.733891	-83.057777	Canidae	0.011650656222297929	0.00995
Canis	0.0117	0.0	38.628056	-78.41471899999998	Canidae	0.008080773191042879	0.006200000000000001
Canis	0.0117	0.0	46.666668	-113.099998	Canidae	0.0008460511231328334	0.0021
Canis	0.0117	0.0	66.048889	-169.90333600000002	Canidae	0.0026175071443944216	0.0021
Canis	0.126	0.0117	29.407499	-82.476387	Canidae	0.033620705028895234	0.07035
Canis	4.9	1.8	42.799999	-114.900002	Canidae	2.165671249519088	2.19
Canis	5.9	4.9	42.81583300000001	-97.725278	Canidae	5.2845361108866085	4.4665
Canis	4.9	1.8	41.400002	-102.400002	Canidae	4.187026402679595	4.4665
Canis	6.7	5.9	36.747222	-101.3753	Canidae	6.652226907489974	6.2895
Canis	5.89	5.23	38.100556	-114.1678	Canidae	5.378313486102677	6.2895
Canis	4.9	1.8	41.400002	-102.400002	Canidae	1.9855692556382896	2.19
Canis	4.9	1.8	42.799999	-114.900002	Canidae	4.762252715973795	4.4665
Canis	4.9	1.8	42.799999	-114.900002	Canidae	4.679924737713126	4.4665
Canis	4.9	2.5	43.613739	-116.237651	Canidae	4.568528753260062	4.4665
Canis	5.9	4.9	34.613611	-113.535833	Canidae	5.110408811196252	4.4665
Canis	4.9	1.8	42.799999	-114.900002	Canidae	4.657829101208981	4.4665
Canis	6.8	4.9	32.621944	-110.525833	Canidae	6.1342998700540985	6.2895
Canis	4.9	1.8	42.799999	-114.900002	Canidae	2.181135607062098	2.19
Canis	6.8	4.9	38.100556	-114.167778	Canidae	6.3364300253920485	6.2895
Canis	4.9	1.8	37.200001	-100.300003	Canidae	4.134990485456415	4.4665
Canis	5.9	4.9	28.5	-108.25	Canidae	5.105955873329685	4.4665
Canis	7.6	6.8	36.114167	-105.978889	Canidae	7.182496833300665	6.2895
Canis	7.5	6.7	36.151111	-106.0261	Canidae	6.792840960319159	6.2895
Canis	4.9	2.5	39.055833	-95.689444	Canidae	3.809058789397061	4.4665
Canis	4.9	2.5	40.809868	-96.675345	Canidae	3.1094362331592187	3.09
Canis	6.8	5.9	35.993333	-100.588333	Canidae	6.419043411688644	6.2895
Canis	4.9	2.5	33.448457	-112.073844	Canidae	3.264210004693475	3.09
Canis	4.9	1.8	37.200001	-100.300003	Canidae	4.872821404194647	4.4665
Canis	6.6	6.3	32.445833	-110.4978	Canidae	6.4487720389849175	6.2895
Canis	6.6	6.3	32.445833	-110.4978	Canidae	6.366029848600438	6.2895
Canis	5.5	4.7	34.613611	-113.5372	Canidae	5.453225728639328	6.2895
Canis	4.9	2.5	47.0425	-122.893056	Canidae	3.6596741462845115	4.4665
Canis	5.5	4.7	34.613611	-113.5358	Canidae	5.1940764806361575	4.4665
Canis	5.9	4.7	42.81583300000001	-97.72528	Canidae	5.206466045839871	4.4665
Canis	0.126	0.0117	42.799999	-112.900002	Canidae	0.07979556593466591	0.07035
Canis	1.8	0.3	39.299999	-105.699997	Canidae	0.5069160231416068	0.4515
Canis	1.8	0.3	39.0	-98.199997	Canidae	0.6296176435233956	0.4515
Canis	0.126	0.0117	34.0	-118.199997	Canidae	0.012418668961232754	0.07035
Canis	0.126	0.0117	36.099998	-120.400002	Canidae	0.027789624069073208	0.07035
Canis	0.126	0.0117	28.799999	-82.199997	Canidae	0.07991855998314816	0.07035
Canis	0.126	0.0117	38.599998	-121.5	Canidae	0.0612630378799655	0.07035
Canis	0.126	0.0117	40.900002	-111.199997	Canidae	0.03084331844846125	0.07035
Canis	0.126	0.0117	52.200001	-106.699997	Canidae	0.05718380236927562	0.07035
Canis	0.126	0.0117	39.0	-86.5	Canidae	0.12562549653605876	0.07035
Canis	0.126	0.0117	32.0	-110.199997	Canidae	0.07119543179902328	0.07035
Canis	0.126	0.0117	38.872501	-78.512222	Canidae	0.0341983166535826	0.07035
Canis	0.126	0.0117	37.299999	-105.0	Canidae	0.03892853038047021	0.07035
Canis	0.126	0.0117	42.799999	-112.900002	Canidae	0.06392431553421166	0.07035
Canis	1.8	0.3	37.047699	-100.495201	Canidae	1.0568873312635163	1.287
Canis	1.8	0.3	42.0	-96.0	Canidae	0.9788619563444144	1.287
Canis	4.9	1.8	32.900002	-117.099998	Canidae	2.1196170997092283	2.19
Canis	1.8	0.3	32.900002	-117.099998	Canidae	1.261274884791353	1.287
Canis	1.8	0.3	32.900002	-117.099998	Canidae	1.6992811026605217	1.287
Canis	1.8	0.3	32.900002	-117.099998	Canidae	1.1758593588734805	1.287
Canis	1.8	0.3	32.900002	-117.099998	Canidae	1.7330291603739127	1.287
Canis	1.8	0.3	32.900002	-117.099998	Canidae	0.8270140431735866	1.287
Canis	1.8	0.3	40.200001	-98.099998	Canidae	0.3237591176590303	0.4515
Canis	0.126	0.0117	38.602779	-79.368889	Canidae	0.013468163916659856	0.07035
Canis	1.8	0.3	39.299999	-105.699997	Canidae	1.71073139888708	1.287
Canis	1.8	0.3	36.799999	-100.5	Canidae	1.7293565742002188	1.287
Canis	0.126	0.0117	30.633333	-97.683334	Canidae	0.08703978961909849	0.07035
Canis	0.126	0.0117	44.983334	-108.199997	Canidae	0.10490066379555699	0.07035
Canis	0.126	0.0117	27.638332	-80.397499	Canidae	0.09048853680295972	0.07035
Canis	0.126	0.0117	44.633331	-112.58333600000002	Canidae	0.06234815627069892	0.07035
Canis	1.8	0.3	33.900002	-117.0	Canidae	1.5829963834671463	1.287
Canis	0.126	0.0117	43.333332	-120.5	Canidae	0.08803237217761617	0.07035
Canis	0.126	0.0117	32.349998	-104.783333	Canidae	0.03684856312532667	0.07035
Canis	0.126	0.0117	34.883331	-106.883331	Canidae	0.031143780757321517	0.07035
Canis	1.8	0.3	33.900002	-117.0	Canidae	1.6683417075634457	1.287
Canis	4.9	1.8	32.900002	-117.099998	Canidae	4.574431158415776	4.4665
Canis	4.9	1.8	32.900002	-117.099998	Canidae	3.0691825338146788	3.09
Canis	0.126	0.0117	32.366669	-104.449997	Canidae	0.12368604765886752	0.07035
Canis	0.3	0.012	34.069721	-118.348892	Canidae	0.12874619208205165	0.07035
Canis	0.126	0.0117	38.483334	-107.150002	Canidae	0.1031827493407851	0.07035
Canis	0.3	0.012	34.069721	-118.348892	Canidae	0.2187420582805496	0.4515
Canis	0.126	0.0117	27.799999	-82.699997	Canidae	0.036583140164085134	0.07035
Canis	4.9	0.3	35.700001	-112.400002	Canidae	3.7451732303161065	4.4665
Canis	4.9	1.8	33.0	-109.599998	Canidae	4.13803546154422	4.4665
Canis	4.9	1.8	33.0	-109.599998	Canidae	1.998126972132681	2.19
Canis	4.9	1.8	33.0	-109.599998	Canidae	3.650914374255067	4.4665
Canis	0.126	0.0117	28.083332	-80.599998	Canidae	0.04148412943576504	0.07035
Canis	0.126	0.0117	32.714721999999995	-96.707497	Canidae	0.04111716280613587	0.07035
Canis	4.9	1.8	37.200001	-100.300003	Canidae	2.704518008469859	3.09
Canis	4.9	1.8	32.0	-106.699997	Canidae	3.0493506700225423	3.09
Canis	0.126	0.0117	30.35833400000001	-98.099998	Canidae	0.0963265425399691	0.07035
Canis	0.0117	0.0	30.35833400000001	-98.099998	Canidae	0.006286839007614011	0.006200000000000001
Canis	2.588	0.0117	34.400002	-119.51667	Canidae	0.9080727002686044	1.287
Canis	4.9	1.8	32.900002	-117.099998	Canidae	2.2243843207002043	2.19
Canis	0.126	0.0117	38.602779	-79.368889	Canidae	0.015906626225234866	0.07035
Canis	0.126	0.0117	32.349998	-104.783333	Canidae	0.09284378255060136	0.07035
Canis	0.126	0.0	39.483334	-114.033333	Canidae	0.033723107620596306	0.07035
Canis	0.126	0.0117	43.433334	-103.466667	Canidae	0.028660219557832507	0.07035
Canis	1.8	0.3	37.529999	-121.959999	Canidae	1.4538671864344308	1.287
Canis	0.126	0.0	27.0	-104.800003	Canidae	0.0941983514975318	0.07035
Canis	1.8	0.3	33.900002	-117.0	Canidae	1.531786528136739	1.287
Canis	1.8	0.3	39.299999	-105.699997	Canidae	1.6614840210983637	1.287
Canis	0.3	0.012	29.1	-82.300003	Canidae	0.23600550366520398	0.4515
Canis	1.8	0.3	34.5	-101.300003	Canidae	0.8051250489547137	1.287
Canis	1.8	0.3	36.5	-107.0	Canidae	0.9209063972393065	1.287
Canis	1.8	0.3	33.700001	-101.900002	Canidae	1.1602585455300114	1.287
Canis	0.0117	0.0	31.183332	-104.199997	Canidae	0.0031661493788841077	0.0021
Canis	1.8	0.3	42.700001	-102.5	Canidae	1.2360510075901634	1.287
Canis	0.0117	0.0	46.666668	-113.099998	Canidae	0.002115017969099423	0.0021
Canis	1.8	0.3	33.900002	-117.0	Canidae	0.9353425517189138	1.287
Canis	1.8	0.3	34.799999	-117.0	Canidae	0.3577764972160033	0.4515
Canis	1.8	0.3	39.0	-114.099998	Canidae	0.5085989138455974	0.4515
Canis	0.126	0.0117	40.784	-122.281998	Canidae	0.03319530790936672	0.07035
Canis	0.126	0.0	33.5	-88.599998	Canidae	0.12366371518026625	0.07035
Canis	1.8	0.3	36.0	-93.199997	Canidae	1.7668809409949249	1.287
Canis	1.8	0.3	37.200001	-100.300003	Canidae	1.366919911098519	1.287
Canis	0.126	0.0117	38.266666	-90.366669	Canidae	0.09487209962871504	0.07035
Canis	1.8	0.3	39.599998	-78.699997	Canidae	0.42524822614243385	0.4515
Canis	0.126	0.0117	38.908333	-121.01388500000002	Canidae	0.09840467165787796	0.07035
Canis	1.8	0.012	33.599998	-117.800003	Canidae	1.5807591602605824	1.287
Canis	1.8	0.3	37.056667	-120.195831	Canidae	0.3991727154821778	0.4515
Canis	1.8	0.3	39.299999	-105.699997	Canidae	1.4695093509325192	1.287
Canis	1.8	0.3	33.75	-99.5	Canidae	1.7727061358413738	1.287
Canis	1.8	0.3	39.799999	-98.099998	Canidae	1.2325970277099756	1.287
Canis	0.126	0.0117	33.895278999999995	-117.987503	Canidae	0.07684323428055452	0.07035
Canis	1.8	0.3	40.922222	-98.358055	Canidae	0.9346188286387564	1.287
Canis	1.8	0.3	42.700001	-102.5	Canidae	1.3900556764775445	1.287
Canis	1.8	0.3	42.700001	-102.5	Canidae	0.3299441343340922	0.4515
Canis	2.588	0.0117	39.549999	-105.781944	Canidae	0.6169570975313723	0.4515
Canis	1.8	0.3	38.700001	-79.300003	Canidae	1.5107274656488072	1.287
Canis	0.126	0.0117	50.183334	-114.51667	Canidae	0.10644580468406263	0.07035
Canis	0.126	0.0117	25.700001	-80.400002	Canidae	0.0434431126187119	0.07035
Canis	0.126	0.0117	29.883333	-82.88333100000001	Canidae	0.05733693970037024	0.07035
Canis	4.9	1.8	42.378334	-98.234444	Canidae	2.4465527879312967	2.19
Canis	4.9	1.8	32.716667	-100.916664	Canidae	2.48403920687154	2.19
Canis	2.5	1.9	33.448457	-112.073844	Canidae	2.1345636933872725	2.19
Canis	4.9	2.5	38.555605	-121.468926	Canidae	3.446316257513909	3.09
Canis	4.9	2.5	35.4	-102.6	Canidae	3.3387642368690384	3.09
Canis	2.5	1.9	34.97	-101.9	Canidae	2.3505725588350765	2.19
Canis	2.5	1.9	29.910577000000004	-95.060882	Canidae	2.1607936314234446	2.19
Canis	4.9	2.5	47.0425	-122.893056	Canidae	2.7924943760068155	3.09
Canis	5.5	4.7	34.613611	-113.5358	Canidae	4.7427006467784985	4.4665
Canis	4.9	1.8	47.0	-118.5	Canidae	1.9041868484687607	2.19
Canis	2.5	1.9	28.133333	-81.63166700000002	Canidae	2.384415619049111	2.19
Canis	4.9	1.8	29.700001	-82.599998	Canidae	2.987030023963149	3.09
Canis	4.9	1.8	31.5	-105.199997	Canidae	3.0581883612411787	3.09
Canis	4.9	1.8	42.799999	-114.900002	Canidae	3.6574765042340776	4.4665
Canis	4.9	1.8	42.799999	-114.900002	Canidae	3.816729019970194	4.4665
Canis	4.9	1.8	42.799999	-114.900002	Canidae	4.3308806451204696	4.4665
Canis	4.9	1.8	40.0	-122.199997	Canidae	2.106077907296195	2.19
Canis	4.9	1.8	42.799999	-114.900002	Canidae	3.37968566431892	3.09
Canis	4.9	1.8	42.799999	-114.900002	Canidae	2.9395890926388812	3.09
Canis	4.9	1.8	42.799999	-114.900002	Canidae	2.2277515966949184	2.19
Canis	4.9	1.8	42.799999	-114.900002	Canidae	2.3579587653586622	2.19
Canis	4.9	1.8	42.799999	-114.900002	Canidae	3.7222725052121537	4.4665
Canis	4.9	1.8	42.799999	-114.900002	Canidae	3.0340640136482606	3.09
Canis	2.5	1.9	40.809868	-96.675345	Canidae	2.1308009988438816	2.19
Canis	4.9	1.8	42.799999	-114.900002	Canidae	1.918144540653448	2.19
Canis	4.9	1.8	42.799999	-114.900002	Canidae	1.827662012209732	2.19
Canis	4.9	1.8	43.0	-118.0	Canidae	4.894625323873837	4.4665
Canis	4.9	2.5	37.64	-114.88	Canidae	4.485088788282899	4.4665
Canis	4.9	1.8	42.799999	-114.900002	Canidae	1.8131858650031472	2.19
Canis	4.9	1.8	42.799999	-114.900002	Canidae	3.685780422470732	4.4665
Canis	4.9	1.8	31.700001	-114.5	Canidae	2.8944760927248847	3.09
Canis	4.9	1.8	42.799999	-114.900002	Canidae	3.3169664575391344	3.09
Canis	4.9	1.8	35.400002	-102.5	Canidae	3.0244408225470543	3.09
Canis	4.9	1.8	34.883331	-101.633331	Canidae	3.2889831386928416	3.09
Canis	5.9	5.0	42.821667	-97.85221999999999	Canidae	5.0710393525399935	4.4665
Canis	4.9	1.8	33.700001	-101.099998	Canidae	4.798563727763555	4.4665
Canis	2.5	1.9	39.055833	-95.689444	Canidae	2.419317697673512	2.19
Canis	4.9	1.8	32.0	-106.699997	Canidae	4.540210673186439	4.4665
Canis	2.5	1.9	30.23	-82.63	Canidae	2.1789422236887064	2.19
Canis	4.9	2.5	40.809868	-96.675345	Canidae	2.868080139056996	3.09
Canis	4.9	1.8	37.799999	-114.300003	Canidae	4.653068546561033	4.4665
Canis	4.9	1.8	41.799999	-103.800003	Canidae	3.138866941594768	3.09
Canis	4.9	1.8	37.133331	-100.48333	Canidae	4.123608475786355	4.4665
Canis	4.9	2.5	40.809868	-96.675345	Canidae	3.7134770451757215	4.4665
Canis	4.9	2.5	43.613739	-116.237651	Canidae	4.2278203231737965	4.4665
Canis	4.9	1.8	37.200001	-100.300003	Canidae	3.079692966168723	3.09
Canis	4.9	1.8	37.200001	-100.300003	Canidae	3.003991113326804	3.09
Canis	4.9	1.8	37.200001	-100.300003	Canidae	4.385369844012916	4.4665
Canis	4.9	1.8	42.700001	-100.0	Canidae	4.270313168623178	4.4665
Canis	4.9	1.8	41.700001	-103.099998	Canidae	3.5035418239036384	3.09
Canis	4.9	2.5	40.809868	-96.675345	Canidae	4.5211792954765215	4.4665
Canis	2.5	1.9	33.448457	-112.073844	Canidae	2.1937815776244407	2.19
Canis	2.5	1.9	29.646111	-110.868889	Canidae	2.363126507820342	2.19
Canis	2.5	1.9	43.613739	-116.237651	Canidae	2.0374661089873034	2.19
Canis	2.5	1.9	35.66722199999999	-105.964444	Canidae	2.0244237841969923	2.19
Canis	2.5	0.85	32.16667	-106.8333	Canidae	1.8001819722849541	2.19
Canis	2.5	1.9	30.75	-105.0	Canidae	2.132876573580782	2.19
Canis	4.9	2.5	35.66722199999999	-105.964444	Canidae	2.9006029205423656	3.09
Canis	0.126	0.0117	40.766666	-111.866669	Canidae	0.08841591588978867	0.07035
Canis	0.126	0.0117	28.083332	-80.599998	Canidae	0.11323370588315375	0.07035
Canis	0.126	0.0117	43.433334	-103.466667	Canidae	0.11868025172029124	0.07035
Canis	0.126	0.0	35.258331	-106.400002	Canidae	0.06080554431899516	0.07035
Canis	0.126	0.0117	40.784	-122.281998	Canidae	0.03136468147549136	0.07035
Canis	0.126	0.0117	34.883331	-106.883331	Canidae	0.021060019514767016	0.07035
Canis	0.126	0.0117	43.333332	-120.5	Canidae	0.08760416001822308	0.07035
Canis	1.8	0.3	64.800003	-147.800003	Canidae	0.40243098482941975	0.4515
Canis	0.0117	0.0	44.330555	-68.31778	Canidae	0.004171650736823599	0.0021
Canis	0.126	0.0117	44.633331	-112.58333600000002	Canidae	0.07843028259290334	0.07035
Canis	0.126	0.0117	44.983334	-108.199997	Canidae	0.02000740750500837	0.07035
Canis	0.126	0.0117	26.700001	-80.166664	Canidae	0.11175755929466563	0.07035
Canis	0.126	0.0117	68.199997	-140.0	Canidae	0.12346645788672354	0.07035
Canis	0.3	0.012	34.069721	-118.348892	Canidae	0.2886246686221063	0.4515
Canis	0.126	0.0117	42.783333	-105.683334	Canidae	0.10513102865810267	0.07035
Canis	0.3	0.012	34.069721	-118.348892	Canidae	0.17219212619215898	0.4515
Canis	0.126	0.0	39.483334	-114.033333	Canidae	0.01826952278403551	0.07035
Canis	0.126	0.0117	50.099998	-110.699997	Canidae	0.03477586365128615	0.07035
Canis	0.126	0.0117	50.799999	-103.900002	Canidae	0.05663669038889928	0.07035
Canis	0.126	0.0117	32.349998	-104.783333	Canidae	0.06674482793101948	0.07035
Canis	0.126	0.0117	39.0	-86.5	Canidae	0.03489638214748878	0.07035
Canis	1.8	0.3	42.0	-96.0	Canidae	0.469540027426716	0.4515
Canis	1.8	0.3	68.199997	-140.0	Canidae	1.1309939556630706	1.287
Canis	2.588	0.0117	34.200001	-84.800003	Canidae	2.2199000035564747	2.19
Canis	0.126	0.0	37.334721	-80.67916899999999	Canidae	0.0564622437857853	0.07035
Canis	0.126	0.0117	38.357777	-79.083054	Canidae	0.027373973683421732	0.07035
Canis	1.8	0.3	64.800003	-147.800003	Canidae	1.7429376060581896	1.287
Canis	2.588	0.0117	34.74139	-86.343887	Canidae	1.2333194435018702	1.287
Canis	0.126	0.0117	29.407499	-82.476387	Canidae	0.05365044823889525	0.07035
Canis	1.8	0.3	36.5	-107.0	Canidae	1.7889868418742456	1.287
Canis	4.9	1.8	32.900002	-117.099998	Canidae	2.074942197688281	2.19
Canis	1.8	0.3	39.599998	-78.699997	Canidae	1.0883475232579545	1.287
Canis	4.9	1.8	32.900002	-117.099998	Canidae	2.8726625828707992	3.09
Canis	4.9	1.8	32.900002	-117.099998	Canidae	1.954269896820812	2.19
Canis	2.5	1.9	33.448457	-112.073844	Canidae	2.4023722745954434	2.19
Canis	4.9	1.8	33.0	-109.599998	Canidae	3.4901581287368466	3.09
