species	max_age	min_age	lat	lon	family	mean_age	rounded_ages
Dipodomys	0.126	0.0117	34.0	-118.199997	Heteromyidae	0.042723171265804535	0.07035
Dipodomys	1.8	0.3	32.900002	-117.099998	Heteromyidae	1.6118898727803832	1.287
Dipodomys	4.9	1.8	32.900002	-117.099998	Heteromyidae	4.62614278066131	4.4665
Dipodomys	4.9	1.8	32.900002	-117.099998	Heteromyidae	3.848185067019723	4.4665
Dipodomys	1.8	0.3	32.900002	-117.099998	Heteromyidae	1.5979428062759111	1.287
Dipodomys	4.9	1.8	32.900002	-117.099998	Heteromyidae	3.5271158317840117	3.09
Dipodomys	4.9	1.8	32.900002	-117.099998	Heteromyidae	3.0050474116769497	3.09
Dipodomys	4.9	2.5	38.555605	-121.468926	Heteromyidae	3.0717959895758744	3.09
Dipodomys	4.9	1.8	32.900002	-117.099998	Heteromyidae	2.7344103727399904	3.09
Dipodomys	4.9	1.8	32.900002	-117.099998	Heteromyidae	2.0947453334579	2.19
Dipodomys	4.9	1.8	32.900002	-117.099998	Heteromyidae	1.9384482966270145	2.19
Dipodomys	4.9	1.8	32.900002	-117.099998	Heteromyidae	1.936317931108816	2.19
Dipodomys	2.5	0.85	38.555605	-121.468926	Heteromyidae	1.314485927798664	1.287
Dipodomys	1.8	0.3	32.900002	-117.099998	Heteromyidae	0.5583303950007483	0.4515
Dipodomys	1.8	0.3	34.799999	-117.0	Heteromyidae	0.4951817942528138	0.4515
Dipodomys	2.5	1.9	33.448457	-112.073844	Heteromyidae	1.9237125443868808	2.19
Dipodomys	1.8	0.3	32.0	-110.199997	Heteromyidae	0.8176359001572355	1.287
Dipodomys	2.5	1.9	32.113609999999994	-109.92111	Heteromyidae	2.4281183894117206	2.19
Dipodomys	4.9	2.5	39.160833	-119.753889	Heteromyidae	2.8795552690341366	3.09
Dipodomys	1.8	0.3	32.0	-110.199997	Heteromyidae	0.6155179645962681	0.4515
Dipodomys	4.9	1.8	35.700001	-115.199997	Heteromyidae	4.033821273359684	4.4665
Dipodomys	4.9	1.8	33.0	-109.599998	Heteromyidae	4.359866994091527	4.4665
Dipodomys	4.9	2.5	33.101667	-109.268611	Heteromyidae	4.834782990211561	4.4665
Dipodomys	2.5	1.9	39.055833	-95.689444	Heteromyidae	2.1298199728713048	2.19
Dipodomys	2.5	1.9	33.448457	-112.073844	Heteromyidae	1.9802206343194824	2.19
Dipodomys	4.9	0.3	32.578499	-109.4842	Heteromyidae	4.612722510766006	4.4665
Dipodomys	2.5	0.85	38.555605	-121.468926	Heteromyidae	2.2742949353188417	2.19
Dipodomys	4.9	2.5	38.555605	-121.468926	Heteromyidae	3.016294984733051	3.09
Dipodomys	4.9	1.8	32.0	-110.199997	Heteromyidae	2.7400792292052043	3.09
Dipodomys	2.5	1.9	33.448457	-112.073844	Heteromyidae	2.2758662429123424	2.19
Dipodomys	4.9	1.8	32.694	-109.449997	Heteromyidae	4.78296578108096	4.4665
Dipodomys	4.9	1.8	33.0	-109.599998	Heteromyidae	3.0217625398035293	3.09
Dipodomys	4.9	1.8	32.900002	-117.099998	Heteromyidae	4.041822136667169	4.4665
Dipodomys	4.9	2.5	38.555605	-121.468926	Heteromyidae	4.12754560787341	4.4665
Dipodomys	4.9	1.8	32.900002	-117.099998	Heteromyidae	3.9660353542807414	4.4665
Dipodomys	4.9	1.8	32.900002	-117.099998	Heteromyidae	2.393760091704385	2.19
Dipodomys	4.9	1.8	37.200001	-100.300003	Heteromyidae	3.6843812038906334	4.4665
Dipodomys	4.9	1.8	32.900002	-117.099998	Heteromyidae	4.898612285106721	4.4665
Dipodomys	4.9	1.8	32.900002	-117.099998	Heteromyidae	3.072590099933989	3.09
Dipodomys	0.0117	0.0	31.183332	-104.199997	Heteromyidae	0.003681935062266076	0.0021
Dipodomys	0.0117	0.0	35.233334	-114.366669	Heteromyidae	0.008909500367206911	0.00995
Dipodomys	0.126	0.0117	31.183332	-104.199997	Heteromyidae	0.10297120675748833	0.07035
Dipodomys	0.0117	0.0	35.233334	-114.366669	Heteromyidae	0.0066864686042751855	0.006200000000000001
Dipodomys	1.8	0.3	34.799999	-117.0	Heteromyidae	0.6669767938503903	0.4515
Dipodomys	0.126	0.0117	34.883331	-106.883331	Heteromyidae	0.10931188699669098	0.07035
Dipodomys	0.126	0.0	39.483334	-114.033333	Heteromyidae	0.10048975948857723	0.07035
Dipodomys	4.9	1.8	32.900002	-117.099998	Heteromyidae	3.1929403050568266	3.09
Dipodomys	4.9	1.8	32.0	-110.199997	Heteromyidae	4.470489646135263	4.4665
Dipodomys	4.9	1.8	31.966667	-110.300003	Heteromyidae	2.0543894593754937	2.19
Dipodomys	4.9	1.8	32.0	-110.199997	Heteromyidae	2.8979905837697566	3.09
Dipodomys	4.9	1.8	32.0	-110.199997	Heteromyidae	2.4599363727733663	2.19
Dipodomys	0.0117	0.0	31.183332	-104.199997	Heteromyidae	0.009756069403961629	0.00995
Dipodomys	0.126	0.0117	37.200001	-100.300003	Heteromyidae	0.08484701556901393	0.07035
Dipodomys	1.8	0.012	34.799999	-117.0	Heteromyidae	1.7295547761161965	1.287
Dipodomys	1.8	0.3	37.044701	-100.495201	Heteromyidae	1.031971853314749	1.287
Dipodomys	1.8	0.3	37.200001	-100.300003	Heteromyidae	1.6227508075808272	1.287
Dipodomys	0.126	0.0117	31.183332	-104.199997	Heteromyidae	0.12108575016361535	0.07035
Dipodomys	0.126	0.0117	34.883331	-106.883331	Heteromyidae	0.10357904587228348	0.07035
Dipodomys	0.7809999999999999	0.126	37.366669	-105.75	Heteromyidae	0.6714455678889756	0.4515
Dipodomys	0.126	0.0117	32.349998	-104.783333	Heteromyidae	0.06435839029812104	0.07035
Dipodomys	1.8	0.3	33.799999	-99.699997	Heteromyidae	0.6761272019707	0.4515
Dipodomys	0.126	0.0117	31.183332	-104.199997	Heteromyidae	0.01971132972630753	0.07035
Dipodomys	0.126	0.0117	34.883331	-106.883331	Heteromyidae	0.10234417004756856	0.07035
Dipodomys	0.0117	0.0	31.183332	-104.199997	Heteromyidae	0.0034105251011337483	0.0021
Dipodomys	0.126	0.0	32.549999	-110.650002	Heteromyidae	0.06851284216345534	0.07035
Dipodomys	0.126	0.0117	31.566668	-108.400002	Heteromyidae	0.04871791203961602	0.07035
