species	max_age	min_age	lat	lon	family	mean_age	rounded_ages
Equus	0.126	0.0117	69.605553	-134.883331	Equidae	0.02656620562972421	0.07035
Equus	0.126	0.0117	69.0	-134.0	Equidae	0.04109980972747003	0.07035
Equus	0.126	0.0117	67.897224	-115.20833600000002	Equidae	0.09698961868642417	0.07035
Equus	0.126	0.0117	69.583336	-139.083328	Equidae	0.09141435943047116	0.07035
Equus	0.126	0.0117	69.566666	-138.916672	Equidae	0.07563438149406433	0.07035
Equus	0.7809999999999999	0.126	63.073055	-139.312775	Equidae	0.3325524729562114	0.4515
Equus	0.126	0.0117	64.053329	-141.87666299999995	Equidae	0.04511116966859738	0.07035
Equus	0.126	0.0117	32.714721999999995	-96.707497	Equidae	0.12360709126598599	0.07035
Equus	2.5	1.9	33.448457	-112.073844	Equidae	2.360070963538966	2.19
Equus	2.5	1.9	43.613739	-116.237651	Equidae	1.9651024440025435	2.19
Equus	2.5	1.9	32.113609999999994	-109.92111	Equidae	1.93931352862906	2.19
Equus	4.9	2.5	40.809868	-96.675345	Equidae	3.570396959181476	3.09
Equus	2.5	0.85	39.055833	-95.689444	Equidae	0.9012705315763432	1.287
Equus	2.5	0.85	32.16667	-106.8333	Equidae	2.3330703327519604	2.19
Equus	1.9	0.85	35.66722199999999	-105.964444	Equidae	1.7960575130295229	1.287
Equus	4.9	2.5	37.0	-103.6333333	Equidae	3.612520342419727	4.4665
Equus	2.5	1.9	33.25	-107.25	Equidae	2.2670004127805847	2.19
Equus	2.5	1.9	35.66722199999999	-105.964444	Equidae	2.32231128171087	2.19
Equus	4.9	2.5	35.66722199999999	-105.964444	Equidae	3.153651120602955	3.09
Equus	0.126	0.0117	36.716946	-81.762497	Equidae	0.1009826089449025	0.07035
Equus	1.8	0.3	39.799999	-77.199997	Equidae	1.1922952488660503	1.287
Equus	2.588	0.0117	31.221111	-81.50389100000002	Equidae	0.4331880523783069	0.4515
Equus	0.126	0.0117	29.950001	-82.788002	Equidae	0.09043601842829764	0.07035
Equus	2.588	0.0117	30.566668	-96.416664	Equidae	1.4937099923507262	1.287
Equus	1.8	0.3	50.700001	-107.900002	Equidae	1.0676286531912869	1.287
Equus	0.126	0.0117	39.0	-86.5	Equidae	0.12117578140665268	0.07035
Equus	2.588	0.0117	33.025276	-90.350281	Equidae	1.237718512196879	1.287
Equus	0.126	0.0117	38.332222	-79.570274	Equidae	0.1042195059230675	0.07035
Equus	0.7809999999999999	0.126	36.88361	-80.916389	Equidae	0.30581684432843137	0.4515
Equus	0.126	0.0117	38.266666	-90.366669	Equidae	0.07713851393057068	0.07035
Equus	2.588	0.0117	29.87389000000001	-91.919998	Equidae	1.4858381005308934	1.287
Equus	2.588	0.0117	28.126944	-97.427498	Equidae	2.224115811821749	2.19
Equus	4.9	1.8	31.700001	-114.5	Equidae	1.9036411152166484	2.19
Equus	1.8	0.3	40.200001	-75.300003	Equidae	0.6570395499268264	0.4515
Equus	2.588	0.0117	39.644169	-77.58555600000003	Equidae	0.43546679509133795	0.4515
Equus	0.126	0.0117	27.799999	-82.699997	Equidae	0.0883521702385306	0.07035
Equus	2.588	0.0117	36.150002	-84.099998	Equidae	1.740239683930742	1.287
Equus	0.126	0.0117	42.783333	-105.683334	Equidae	0.08468867813624542	0.07035
Equus	0.126	0.0117	50.900002	-110.199997	Equidae	0.01799715961579914	0.07035
Equus	1.8	0.3	38.299999	-97.599998	Equidae	1.118231219674285	1.287
Equus	0.126	0.0117	32.799999	-96.599998	Equidae	0.026847717292795288	0.07035
Equus	1.8	0.3	51.599998	-112.300003	Equidae	1.7568999841314834	1.287
Equus	1.8	0.3	33.700001	-101.900002	Equidae	0.5429445121004712	0.4515
Equus	1.8	0.3	34.0	-99.800003	Equidae	0.42165394210294	0.4515
Equus	0.126	0.0117	31.566668	-108.400002	Equidae	0.07300984138347895	0.07035
Equus	1.8	0.3	48.799999	-110.0	Equidae	0.8509692615092976	1.287
Equus	0.126	0.0117	32.714721999999995	-96.707497	Equidae	0.06360731631086028	0.07035
Equus	1.8	0.3	40.200001	-98.099998	Equidae	0.8584969934507629	1.287
Equus	1.8	0.3	35.0	-101.900002	Equidae	0.32435833329802244	0.4515
Equus	1.8	0.3	34.799999	-117.0	Equidae	1.403008838955062	1.287
Equus	1.8	0.3	34.799999	-117.0	Equidae	1.3231545362254329	1.287
Equus	1.8	0.3	37.044701	-100.495201	Equidae	0.7578981580319353	0.4515
Equus	0.126	0.0117	50.099998	-110.699997	Equidae	0.09826873667007473	0.07035
Equus	1.8	0.3	37.200001	-100.300003	Equidae	1.1760294732150436	1.287
Equus	0.126	0.0117	50.5	-119.800003	Equidae	0.08267454519205157	0.07035
Equus	1.8	0.3	34.5	-101.699997	Equidae	1.7437263653771853	1.287
Equus	2.588	0.0117	34.983334	-101.916664	Equidae	0.5952216089777465	0.4515
Equus	0.126	0.0117	37.299999	-105.0	Equidae	0.02725310361052187	0.07035
Equus	0.126	0.0117	52.200001	-106.699997	Equidae	0.08676644212129765	0.07035
Equus	0.126	0.0	39.483334	-114.033333	Equidae	0.053324238826652576	0.07035
Equus	2.588	0.0117	51.183334	-114.45138500000002	Equidae	1.952553006457706	2.19
Equus	0.126	0.0117	40.900002	-111.199997	Equidae	0.041496459155073516	0.07035
Equus	2.588	0.0117	51.183334	-114.45138500000002	Equidae	2.1212598032638694	2.19
Equus	4.9	1.8	31.700001	-114.5	Equidae	1.8146882571185723	2.19
Equus	2.588	0.0117	51.180557	-114.45138500000002	Equidae	1.7902900899967749	1.287
Equus	2.5	1.9	39.160833	-119.753889	Equidae	2.0446162848574536	2.19
Equus	4.9	2.5	32.518611	-96.380833	Equidae	2.763381113469371	3.09
Equus	4.9	2.5	35.66722199999999	-105.964444	Equidae	4.267988823900233	4.4665
Equus	2.5	1.9	30.75	-105.0	Equidae	2.285554497090402	2.19
Equus	2.5	1.9	34.97	-101.9	Equidae	2.163876799554479	2.19
Equus	4.9	2.5	35.66722199999999	-105.964444	Equidae	2.786531733001285	3.09
Equus	2.5	1.9	39.739167	-104.984722	Equidae	1.9024201914598442	2.19
Equus	4.9	2.5	35.66722199999999	-105.964444	Equidae	3.4159873908374183	3.09
Equus	2.5	1.9	39.055833	-95.689444	Equidae	1.9352779140267216	2.19
Equus	4.9	2.5	39.055833	-95.689444	Equidae	2.7502475310887804	3.09
Equus	2.5	1.9	30.267222	-97.763889	Equidae	2.076384307415796	2.19
Equus	2.5	1.9	29.910577000000004	-95.060882	Equidae	2.439535133552116	2.19
Equus	1.8	0.3	32.900002	-117.099998	Equidae	0.6014669469538515	0.4515
Equus	1.8	0.3	32.900002	-117.099998	Equidae	0.5857439727184657	0.4515
Equus	1.8	0.3	32.900002	-117.099998	Equidae	0.6176483658052696	0.4515
Equus	2.5	0.85	38.555605	-121.468926	Equidae	1.2718150830886754	1.287
Equus	4.9	1.8	32.900002	-117.099998	Equidae	3.98378985768204	4.4665
Equus	1.8	0.3	32.900002	-117.099998	Equidae	0.5072684246087278	0.4515
Equus	0.7809999999999999	0.126	42.1189	-101.186203	Equidae	0.2897313728964477	0.4515
Equus	0.126	0.0117	35.433334	-98.716667	Equidae	0.07460624985804602	0.07035
Equus	0.126	0.0117	32.349998	-104.783333	Equidae	0.1097936050111961	0.07035
Equus	0.126	0.0	35.258331	-106.400002	Equidae	0.12018886060304075	0.07035
Equus	0.126	0.0117	35.533333	-106.800003	Equidae	0.04539981973170265	0.07035
Equus	4.9	1.8	35.700001	-107.0	Equidae	2.0800055289507298	2.19
Equus	4.9	1.8	32.0	-106.699997	Equidae	4.071552376371509	4.4665
Equus	1.8	0.3	43.799999	-99.199997	Equidae	1.294472774450366	1.287
Equus	1.8	0.3	42.700001	-102.5	Equidae	1.0216354488555142	1.287
Equus	1.8	0.3	40.200001	-98.099998	Equidae	0.4512588337465394	0.4515
Equus	0.126	0.0117	32.714721999999995	-96.707497	Equidae	0.06289362340851284	0.07035
Equus	1.8	0.3	38.299999	-97.599998	Equidae	0.7469000261447221	0.4515
Equus	1.8	0.3	42.700001	-102.5	Equidae	0.7026162539586134	0.4515
Equus	1.8	0.3	42.700001	-102.5	Equidae	1.2683879361716406	1.287
Equus	1.8	0.3	42.700001	-102.5	Equidae	0.8195515353656166	1.287
Equus	1.8	0.3	42.700001	-102.5	Equidae	1.7372299211698912	1.287
Equus	1.8	0.3	42.700001	-102.5	Equidae	1.7830181120538453	1.287
Equus	1.8	0.3	37.044701	-100.477097	Equidae	0.4548559538652303	0.4515
Equus	1.8	0.3	50.099998	-110.699997	Equidae	1.715756395119567	1.287
Equus	4.9	1.8	37.299999	-105.0	Equidae	2.3836335242308806	2.19
Equus	1.8	0.3	33.75	-99.5	Equidae	1.6320301840183749	1.287
Equus	1.8	0.3	34.400002	-98.900002	Equidae	1.1934989598118686	1.287
Equus	4.9	1.8	34.799999	-106.900002	Equidae	3.593682299409573	3.09
Equus	1.8	0.3	34.5	-101.300003	Equidae	0.6265451835607591	0.4515
Equus	1.8	0.3	33.700001	-101.900002	Equidae	0.4968990595334651	0.4515
Equus	0.7809999999999999	0.126	42.1189	-101.186203	Equidae	0.6437827238541534	0.4515
Equus	4.9	1.8	39.900002	-97.699997	Equidae	3.2028299824484896	3.09
Equus	4.9	1.8	42.700001	-100.0	Equidae	3.6921053585740857	4.4665
Equus	1.8	0.3	37.099998	-100.900002	Equidae	1.6825476699759216	1.287
Equus	2.588	0.0117	39.23027800000001	-78.13666500000002	Equidae	0.5731339683666371	0.4515
Equus	1.8	0.3	29.683332	-82.566666	Equidae	0.7673612116224781	0.4515
Equus	0.126	0.0117	29.4	-82.599998	Equidae	0.10649401099629073	0.07035
Equus	1.8	0.3	27.700001	-82.5	Equidae	1.0386621952725708	1.287
Equus	1.8	0.3	29.700001	-82.599998	Equidae	1.3166290085348564	1.287
Equus	0.126	0.0117	39.230556	-78.050003	Equidae	0.11226169637232997	0.07035
Equus	2.588	0.0117	29.87389000000001	-91.919998	Equidae	1.048913142142609	1.287
Equus	4.9	1.8	43.599998	-116.800003	Equidae	3.345053734529932	3.09
Equus	4.9	1.8	43.599998	-116.800003	Equidae	2.8412849318681643	3.09
Equus	4.9	1.8	43.599998	-116.800003	Equidae	3.9414373643797855	4.4665
Equus	4.9	1.8	43.599998	-116.800003	Equidae	4.352925938201838	4.4665
Equus	2.5	1.9	39.055833	-95.689444	Equidae	2.3760061223607787	2.19
Equus	4.9	1.8	38.799999	-119.5	Equidae	2.2208796227424776	2.19
Equus	4.9	1.8	37.200001	-100.300003	Equidae	3.261424829693567	3.09
Equus	2.588	0.0117	39.644169	-77.58555600000003	Equidae	1.6670118916208017	1.287
Equus	4.9	0.3	43.0	-97.400002	Equidae	4.690126244192442	4.4665
Equus	1.8	0.3	33.75	-99.5	Equidae	1.2176372058858898	1.287
Equus	1.8	0.3	34.400002	-98.900002	Equidae	1.2759397925449152	1.287
Equus	0.126	0.0117	29.4	-82.599998	Equidae	0.04504990032010946	0.07035
Equus	4.9	1.8	38.799999	-119.5	Equidae	3.4810644834274487	3.09
Equus	1.8	0.3	43.799999	-99.199997	Equidae	1.6489330952821923	1.287
Equus	1.8	0.3	38.799999	-119.5	Equidae	0.5682506919342196	0.4515
Equus	1.9	0.85	39.160833	-119.753889	Equidae	1.6554326405557538	1.287
Equus	4.9	1.8	38.799999	-119.5	Equidae	3.4984912697653456	3.09
Equus	4.9	1.8	38.799999	-119.5	Equidae	4.1304248978652724	4.4665
Equus	2.5	1.9	39.160833	-119.753889	Equidae	1.996504858451018	2.19
Equus	1.8	0.3	38.799999	-119.5	Equidae	0.4283631215021443	0.4515
Equus	4.9	1.8	43.599998	-116.800003	Equidae	3.650260527648905	4.4665
Equus	1.8	0.3	38.799999	-119.5	Equidae	1.4556693498348374	1.287
Equus	4.9	1.8	38.799999	-119.5	Equidae	4.472583627818504	4.4665
Equus	2.5	1.9	32.113609999999994	-109.92111	Equidae	2.104866477328137	2.19
Equus	1.8	0.3	38.799999	-119.5	Equidae	1.6051486715631325	1.287
Equus	2.5	1.9	40.809868	-96.675345	Equidae	1.9331655681959323	2.19
Equus	4.9	1.8	38.799999	-119.5	Equidae	3.8749932933652538	4.4665
Equus	4.9	1.8	31.5	-105.199997	Equidae	4.725746709873703	4.4665
Equus	4.9	1.8	43.599998	-116.800003	Equidae	4.085734141095688	4.4665
Equus	4.9	1.8	43.0	-118.0	Equidae	3.80984228172642	4.4665
Equus	1.8	0.3	38.799999	-119.5	Equidae	0.7457496019363207	0.4515
Equus	4.9	1.8	38.799999	-119.5	Equidae	3.6966693779833775	4.4665
Equus	4.9	1.8	38.799999	-119.5	Equidae	4.654570262820955	4.4665
Equus	1.8	0.3	38.799999	-119.5	Equidae	0.4876908568429147	0.4515
Equus	1.9	0.85	39.160833	-119.753889	Equidae	1.8470835173140685	2.19
Equus	4.9	1.8	38.799999	-119.5	Equidae	3.5509860670479685	3.09
Equus	4.9	1.8	42.900002	-116.0	Equidae	4.702986886931504	4.4665
Equus	4.9	1.8	43.0	-118.0	Equidae	2.949631347771176	3.09
Equus	4.9	1.8	33.900002	-117.0	Equidae	2.2581947430677296	2.19
Equus	1.8	0.3	38.799999	-119.5	Equidae	0.6541088323175498	0.4515
Equus	2.5	1.9	39.160833	-119.753889	Equidae	1.9577805580227987	2.19
Equus	4.9	1.8	38.799999	-119.5	Equidae	2.489996870274227	2.19
Equus	4.9	1.8	38.799999	-119.5	Equidae	4.178325350474285	4.4665
Equus	2.588	0.0117	29.87389000000001	-91.919998	Equidae	1.3209035964696008	1.287
Equus	0.126	0.0117	64.053329	-141.87666299999995	Equidae	0.10817164186377587	0.07035
Equus	1.8	0.3	27.700001	-82.5	Equidae	1.077408759544576	1.287
Equus	1.8	0.3	28.799168	-82.070274	Equidae	1.3339080668711545	1.287
Equus	2.588	0.0117	36.266666	-83.13333100000001	Equidae	0.5246170250242079	0.4515
Equus	1.8	0.3	27.700001	-82.5	Equidae	0.9255166683429316	1.287
Equus	0.126	0.0117	27.059	-82.260002	Equidae	0.09566725861066146	0.07035
Equus	1.8	0.3	28.799999	-82.199997	Equidae	0.8526088342346803	1.287
Equus	1.8	0.3	29.799999	-82.099998	Equidae	1.5767772615667852	1.287
Equus	1.8	0.3	27.9	-81.800003	Equidae	0.995700329512642	1.287
Equus	0.126	0.0117	28.799999	-82.199997	Equidae	0.03536418059430379	0.07035
Equus	4.9	1.8	29.0	-82.68	Equidae	3.1477559330241114	3.09
Equus	1.8	0.3	27.0	-82.199997	Equidae	0.6627216661841702	0.4515
Equus	1.8	0.3	27.700001	-82.5	Equidae	0.8759001358174818	1.287
Equus	2.588	0.0117	31.221111	-81.50389100000002	Equidae	1.1803427357477223	1.287
Equus	1.8	0.3	29.4	-82.599998	Equidae	0.5017371472154224	0.4515
Equus	1.8	0.3	27.9	-81.800003	Equidae	1.0404418471301071	1.287
Equus	1.8	0.3	27.041668	-81.821114	Equidae	0.9527542146130424	1.287
Equus	1.8	0.3	27.700001	-82.5	Equidae	0.34353671569103617	0.4515
Equus	1.8	0.3	26.9	-82.0	Equidae	1.0045434740427797	1.287
Equus	0.126	0.0117	27.799999	-82.699997	Equidae	0.07061074628117714	0.07035
Equus	1.8	0.3	29.683332	-82.566666	Equidae	1.5065254669660857	1.287
Equus	1.8	0.3	35.599998	-103.599998	Equidae	1.2961093724004236	1.287
Equus	0.126	0.0117	32.714721999999995	-96.707497	Equidae	0.013645895694619431	0.07035
Equus	1.8	0.3	38.299999	-97.599998	Equidae	1.0527744812862727	1.287
Equus	1.8	0.3	37.044701	-100.495201	Equidae	0.8971266053023002	1.287
Equus	0.126	0.0117	52.206112	-106.576942	Equidae	0.062059130855470476	0.07035
Equus	0.126	0.0117	50.099998	-110.699997	Equidae	0.021860660463926568	0.07035
Equus	1.8	0.3	38.299999	-97.599998	Equidae	0.5128991987656002	0.4515
Equus	1.8	0.012	39.0	-98.199997	Equidae	0.618345011229411	0.4515
Equus	1.8	0.3	36.700001	-99.900002	Equidae	1.0037847281498171	1.287
Equus	1.8	0.3	38.299999	-97.599998	Equidae	1.2000319839074862	1.287
Equus	0.126	0.0117	31.566668	-108.400002	Equidae	0.057787682061518936	0.07035
Equus	1.8	0.3	38.299999	-97.599998	Equidae	0.40427135631519695	0.4515
Equus	0.126	0.0117	55.700001	-117.699997	Equidae	0.043627587504570436	0.07035
Equus	1.8	0.3	38.700001	-98.099998	Equidae	1.3254547859502324	1.287
Equus	0.126	0.0117	52.099998	-106.699997	Equidae	0.05716982099060763	0.07035
Equus	2.588	0.0117	52.41777800000001	-121.378609	Equidae	0.6601121193567043	0.4515
Equus	0.126	0.0117	43.333332	-120.5	Equidae	0.02495433562560169	0.07035
Equus	1.8	0.3	50.700001	-107.900002	Equidae	1.5751536800279875	1.287
Equus	0.126	0.0117	40.784	-122.281998	Equidae	0.05278643280190763	0.07035
Equus	0.126	0.0117	38.035	-122.275002	Equidae	0.1054029587614274	0.07035
Equus	1.8	0.3	40.200001	-75.300003	Equidae	1.7698964600135727	1.287
Equus	3.6	0.7809999999999999	46.316666	-112.716667	Equidae	3.0243449383061005	3.09
Equus	1.8	0.3	33.900002	-117.0	Equidae	1.7418348876884475	1.287
Equus	2.5	1.9	30.75	-105.0	Equidae	2.337368279327612	2.19
Equus	2.5	1.9	33.448457	-112.073844	Equidae	1.9180318364568936	2.19
Equus	1.8	0.3	37.044701	-100.477097	Equidae	0.9069942132895183	1.287
Equus	1.8	0.3	33.900002	-117.0	Equidae	0.33636646221153194	0.4515
Equus	1.8	0.3	33.900002	-117.0	Equidae	1.7335446548110849	1.287
Equus	1.8	0.3	33.900002	-117.0	Equidae	1.3673482130203387	1.287
Equus	4.9	0.3	32.0	-106.699997	Equidae	3.775144052920085	4.4665
Equus	1.8	0.3	33.900002	-117.0	Equidae	0.6965358491007657	0.4515
Equus	1.8	0.3	33.900002	-117.0	Equidae	0.40865096538060897	0.4515
Equus	1.8	0.3	33.900002	-117.0	Equidae	1.5656866764918325	1.287
Equus	1.8	0.3	33.900002	-117.0	Equidae	0.4023282322351727	0.4515
Equus	0.126	0.0117	32.799999	-95.900002	Equidae	0.02994626352573788	0.07035
Equus	1.8	0.3	33.900002	-117.0	Equidae	0.5170398932627442	0.4515
Equus	1.8	0.3	33.900002	-117.0	Equidae	1.742793686579169	1.287
Equus	1.8	0.3	33.900002	-117.0	Equidae	0.6813386552264119	0.4515
Equus	1.8	0.3	33.900002	-117.0	Equidae	1.7243518099966848	1.287
Equus	1.8	0.3	33.900002	-117.0	Equidae	1.1417365234471777	1.287
Equus	2.5	1.9	33.448457	-112.073844	Equidae	2.1154047860414957	2.19
Equus	1.8	0.3	33.799999	-99.699997	Equidae	0.5333141795178109	0.4515
Equus	1.8	0.3	33.900002	-117.0	Equidae	1.2789779488372193	1.287
Equus	1.8	0.3	34.5	-100.099998	Equidae	0.4064749296345631	0.4515
Equus	1.8	0.3	33.900002	-117.0	Equidae	1.7207156807106296	1.287
Equus	0.126	0.0117	42.799999	-112.900002	Equidae	0.05229730800887748	0.07035
Equus	4.9	0.3	32.0	-106.699997	Equidae	3.858863620138564	4.4665
Equus	0.126	0.0	39.483334	-114.033333	Equidae	0.109536016511945	0.07035
Equus	1.8	0.3	35.0	-101.900002	Equidae	1.5985693210874932	1.287
Equus	1.8	0.3	33.900002	-117.0	Equidae	1.5055129276123755	1.287
Equus	4.9	1.8	34.0	-107.0	Equidae	3.177191588850077	3.09
Equus	2.5	1.9	32.5	-109.0	Equidae	1.9774494220946053	2.19
Equus	1.8	0.3	33.900002	-117.0	Equidae	1.144788866757297	1.287
Equus	1.8	0.3	33.900002	-117.0	Equidae	1.3250597100207009	1.287
Equus	1.8	0.3	33.900002	-117.0	Equidae	1.1851735277965838	1.287
Equus	1.8	0.3	37.099998	-100.900002	Equidae	1.7221653526585383	1.287
Equus	1.8	0.3	34.400002	-98.900002	Equidae	0.5665221054482641	0.4515
Equus	4.9	2.5	35.66722199999999	-105.964444	Equidae	2.836958660966552	3.09
Equus	1.8	0.3	33.900002	-117.0	Equidae	1.6984152169752849	1.287
Equus	2.5	1.9	33.25	-107.25	Equidae	2.234028452500663	2.19
Equus	1.8	0.3	33.900002	-117.0	Equidae	1.7165602293747486	1.287
Equus	0.7809999999999999	0.126	37.366669	-105.75	Equidae	0.38595411657074397	0.4515
Equus	1.8	0.3	50.099998	-110.699997	Equidae	1.0585638309568406	1.287
Equus	0.7809999999999999	0.126	37.366669	-105.75	Equidae	0.2808589598141465	0.4515
Equus	2.5	1.9	29.61667000000001	-82.36667	Equidae	2.11262441362895	2.19
Equus	2.5	0.85	39.055833	-95.689444	Equidae	1.1650662536351504	1.287
Equus	2.5	1.9	35.66722199999999	-105.964444	Equidae	2.0304425917671987	2.19
Equus	1.8	0.3	37.200001	-100.300003	Equidae	0.4554986585072636	0.4515
Equus	1.8	0.012	33.900002	-117.0	Equidae	1.090856039230355	1.287
Equus	4.9	2.5	35.66722199999999	-105.964444	Equidae	3.86744040372224	4.4665
Equus	1.9	0.85	35.66722199999999	-105.964444	Equidae	1.2562027754123617	1.287
Equus	2.5	0.85	32.16667	-106.8333	Equidae	2.3713686923110804	2.19
Equus	1.9	0.85	35.66722199999999	-105.964444	Equidae	1.244666475718336	1.287
Equus	1.8	0.3	36.0	-93.199997	Equidae	1.7371015803440686	1.287
Equus	1.8	0.3	32.0	-106.699997	Equidae	0.3199154831783359	0.4515
Equus	1.8	0.3	33.900002	-117.0	Equidae	0.3957601416673289	0.4515
Equus	4.9	1.8	32.0	-106.699997	Equidae	2.884052322636541	3.09
Equus	1.8	0.3	33.75	-99.5	Equidae	0.6271517452490107	0.4515
Equus	4.9	1.8	35.099998	-106.800003	Equidae	1.9514857896537519	2.19
Equus	1.8	0.3	33.900002	-117.0	Equidae	1.0292326996485814	1.287
Equus	4.9	1.8	35.700001	-107.0	Equidae	2.284934012601876	2.19
Equus	2.5	1.9	34.16667	-106.91667	Equidae	2.2943735168999853	2.19
Equus	1.8	0.3	33.900002	-117.0	Equidae	0.8807096413861852	1.287
Equus	4.9	2.5	35.66722199999999	-105.964444	Equidae	4.202003795238409	4.4665
Equus	0.126	0.0117	50.799999	-103.900002	Equidae	0.09624883996388213	0.07035
Equus	4.9	1.8	32.0	-106.699997	Equidae	2.6565385487157456	3.09
Equus	1.8	0.3	37.044701	-100.477097	Equidae	0.3250330195216635	0.4515
Equus	1.8	0.3	37.047699	-100.495201	Equidae	1.4399251440453142	1.287
Equus	4.9	1.8	33.0	-109.599998	Equidae	2.254824426519333	2.19
Equus	4.9	1.8	31.5	-105.199997	Equidae	3.809067873662871	4.4665
Equus	4.9	1.8	34.0	-107.0	Equidae	2.6688210056823043	3.09
Equus	2.5	1.9	35.66722199999999	-105.964444	Equidae	1.905468358389231	2.19
Equus	1.8	0.3	34.0	-99.800003	Equidae	1.615831820412904	1.287
Equus	4.9	1.8	31.5	-105.199997	Equidae	2.9051192046302834	3.09
Equus	1.8	0.3	34.5	-101.300003	Equidae	1.4132639709986317	1.287
Equus	2.5	1.9	30.23	-82.63	Equidae	2.0788120763574334	2.19
Equus	1.8	0.3	33.700001	-101.900002	Equidae	1.5067393264786932	1.287
Equus	4.9	1.8	31.5	-105.199997	Equidae	4.0251583633322205	4.4665
Equus	0.126	0.0117	40.916668	-122.23333	Equidae	0.031684037154502666	0.07035
Equus	0.126	0.0117	32.349998	-104.783333	Equidae	0.04059904603655743	0.07035
Equus	4.9	1.8	34.883331	-101.633331	Equidae	2.371311597422181	2.19
Equus	2.5	0.85	39.055833	-95.689444	Equidae	1.5703393947402111	1.287
Equus	4.9	1.8	31.5	-105.199997	Equidae	2.19977207633701	2.19
Equus	2.588	0.0117	34.400002	-119.51667	Equidae	1.7168236049733914	1.287
Equus	0.126	0.0117	30.333332	-110.16666399999998	Equidae	0.09487843736489386	0.07035
Equus	4.9	2.5	37.0	-103.6333333	Equidae	4.390728628062483	4.4665
Equus	4.9	1.8	32.0	-110.199997	Equidae	2.522258866953516	2.19
Equus	2.5	1.9	39.055833	-95.689444	Equidae	2.487333475931805	2.19
Equus	2.5	1.9	39.92361	-97.82139	Equidae	2.370593410788705	2.19
Equus	4.9	2.5	33.448457	-112.073844	Equidae	4.629941709845814	4.4665
Equus	4.9	1.8	35.299999	-118.5	Equidae	4.626462322116085	4.4665
Equus	4.9	2.5	39.055833	-95.689444	Equidae	3.0123088912439204	3.09
Equus	4.9	1.8	33.700001	-101.099998	Equidae	4.8095820685749295	4.4665
Equus	4.9	1.8	31.5	-105.199997	Equidae	3.07846247516088	3.09
Equus	4.9	1.8	33.0	-109.599998	Equidae	4.879171494823066	4.4665
Equus	4.9	1.8	33.700001	-101.099998	Equidae	1.8130061233507069	2.19
Equus	4.9	1.8	33.700001	-101.099998	Equidae	2.0862695049827296	2.19
Equus	2.588	0.0117	28.126944	-97.427498	Equidae	1.7705067324541115	1.287
Equus	4.9	1.8	31.5	-105.199997	Equidae	4.3268136626857885	4.4665
Equus	4.9	1.8	32.700001	-109.0	Equidae	4.699535153900246	4.4665
Equus	4.9	2.5	28.75	-108.25	Equidae	2.8910739477478185	3.09
Equus	4.9	1.8	31.5	-105.199997	Equidae	4.840142406988124	4.4665
Equus	4.9	1.8	33.0	-109.599998	Equidae	2.8751306516481616	3.09
Equus	4.9	1.8	31.5	-105.199997	Equidae	3.767921611890788	4.4665
Equus	1.8	0.3	34.5	-101.300003	Equidae	0.3832226837313877	0.4515
Equus	4.9	1.8	31.5	-105.199997	Equidae	3.8463344035889246	4.4665
Equus	4.9	2.5	39.055833	-95.689444	Equidae	3.1250349011570577	3.09
Equus	2.5	1.9	30.23	-82.63	Equidae	2.456414606167171	2.19
Equus	0.126	0.0	35.258331	-106.400002	Equidae	0.11992855384702167	0.07035
Equus	4.9	1.8	33.0	-109.599998	Equidae	2.492052631012223	2.19
Equus	4.9	1.8	31.5	-105.199997	Equidae	3.6141853807046354	4.4665
Equus	4.9	1.8	31.5	-105.199997	Equidae	4.250259270166248	4.4665
Equus	4.9	1.8	31.5	-105.199997	Equidae	4.677859602936519	4.4665
Equus	4.9	1.8	33.700001	-101.099998	Equidae	2.3487329181378658	2.19
Equus	4.9	2.5	33.101667	-109.268611	Equidae	3.4216013516181936	3.09
Equus	4.9	1.9	30.55	-115.166667	Equidae	2.0632029713673483	2.19
Equus	4.9	1.8	35.700001	-102.300003	Equidae	4.772831216830243	4.4665
Equus	4.9	1.8	33.700001	-101.099998	Equidae	2.8931606732439343	3.09
Equus	2.5	1.9	43.21	-98.59	Equidae	2.0950302016616207	2.19
Equus	2.5	1.9	43.39	-98.36	Equidae	2.488351929555062	2.19
Equus	4.9	2.5	28.0	-107.25	Equidae	4.752593718147656	4.4665
Equus	4.9	1.8	34.816666	-102.400002	Equidae	4.5960869371431485	4.4665
Equus	0.126	0.0117	32.466667	-112.25	Equidae	0.07981504231146143	0.07035
Equus	4.9	1.8	33.700001	-101.099998	Equidae	3.834084834578329	4.4665
Equus	4.9	1.8	31.5	-105.199997	Equidae	3.798781436797573	4.4665
Equus	4.9	2.5	39.055833	-95.689444	Equidae	4.6476375395877465	4.4665
Equus	4.9	1.8	33.700001	-101.099998	Equidae	2.343323436108516	2.19
Equus	4.9	1.8	31.5	-105.199997	Equidae	4.700937201017632	4.4665
Equus	4.9	2.5	30.55	-115.166667	Equidae	4.361742641599205	4.4665
Equus	2.5	1.9	43.23388900000001	-99.428611	Equidae	2.355322665421581	2.19
Equus	4.9	1.8	38.799999	-119.5	Equidae	3.562695317623556	3.09
Equus	2.5	1.9	34.16667	-106.91667	Equidae	2.1229147400342456	2.19
Equus	4.9	1.8	35.099998	-106.800003	Equidae	2.651945554650007	3.09
Equus	4.9	1.8	32.0	-106.699997	Equidae	1.8866402638411617	2.19
Equus	4.9	2.5	35.66722199999999	-105.964444	Equidae	4.293784474859288	4.4665
Equus	2.5	1.9	29.910577000000004	-95.060882	Equidae	2.280650714612906	2.19
Equus	0.126	0.0117	33.783333	-118.300003	Equidae	0.07313259770875129	0.07035
Equus	4.9	2.5	33.08333	-107.25	Equidae	3.321058388521892	3.09
Equus	4.9	1.8	37.299999	-105.0	Equidae	2.9524720283351136	3.09
Equus	4.9	1.8	39.900002	-97.699997	Equidae	3.1516819092605046	3.09
Equus	4.9	1.8	39.900002	-97.699997	Equidae	3.995693306488717	4.4665
Equus	4.9	1.8	39.900002	-97.699997	Equidae	3.2376749410720653	3.09
Equus	4.9	2.5	47.0425	-122.893056	Equidae	3.0902376156513247	3.09
Equus	4.9	1.8	33.099998	-107.300003	Equidae	4.278123788221628	4.4665
Equus	4.9	2.5	40.809868	-96.675345	Equidae	4.125640906310118	4.4665
Equus	4.9	2.5	32.113609999999994	-109.92111	Equidae	4.477746543991229	4.4665
Equus	2.5	1.9	35.66722199999999	-105.964444	Equidae	1.9728774534264948	2.19
Equus	2.5	1.9	29.61667000000001	-82.36667	Equidae	2.3169869354941146	2.19
Equus	4.9	1.8	39.900002	-97.699997	Equidae	3.676485105199296	4.4665
Equus	4.9	2.5	35.66722199999999	-105.964444	Equidae	2.556957023400236	2.19
Equus	2.588	0.0117	35.183887	-120.799721	Equidae	1.9900713773790577	2.19
Equus	2.588	0.0117	35.657501	-120.65361	Equidae	0.3395676808080589	0.4515
Equus	0.126	0.0117	32.366669	-104.449997	Equidae	0.07159579548133392	0.07035
Equus	1.8	0.3	32.900002	-117.099998	Equidae	1.6233707922327067	1.287
Equus	4.9	2.5	40.809868	-96.675345	Equidae	3.3526051803224965	3.09
Equus	4.9	1.8	33.099998	-107.300003	Equidae	2.3782320573951594	2.19
Equus	4.9	2.5	35.981667	-117.66388899999998	Equidae	3.331709481030274	3.09
Equus	4.9	1.8	32.716667	-100.916664	Equidae	3.344071570290164	3.09
Equus	4.9	1.8	36.099998	-117.900002	Equidae	2.5432965963474987	2.19
Equus	2.5	0.85	38.555605	-121.468926	Equidae	2.1707399330033588	2.19
Equus	4.9	2.5	35.66722199999999	-105.964444	Equidae	4.037643491552564	4.4665
Equus	4.9	2.5	38.555605	-121.468926	Equidae	3.0315274541011714	3.09
Equus	4.9	2.5	47.0425	-122.893056	Equidae	4.670987138248625	4.4665
Equus	4.9	1.8	47.0	-118.5	Equidae	4.277887401621658	4.4665
Equus	4.9	2.5	38.555605	-121.468926	Equidae	3.2165045164001316	3.09
Equus	2.5	1.9	32.113609999999994	-109.92111	Equidae	2.1986218091617475	2.19
Equus	4.9	2.5	33.448457	-112.073844	Equidae	3.2087684427935743	3.09
Equus	4.9	1.8	37.799999	-114.300003	Equidae	2.7165257841205293	3.09
Equus	4.9	1.8	38.5	-118.300003	Equidae	4.8358613675757685	4.4665
Equus	4.9	1.8	34.0	-107.0	Equidae	2.243750468963538	2.19
Equus	4.9	2.5	38.29722	-122.28444	Equidae	2.9141570054985886	3.09
Equus	4.9	1.8	34.0	-107.0	Equidae	4.557818470242539	4.4665
Equus	4.9	2.5	32.715	-117.1625	Equidae	4.7348359227803725	4.4665
Equus	4.9	2.5	38.555605	-121.468926	Equidae	4.09658312437445	4.4665
Equus	4.9	1.8	33.0	-108.5	Equidae	2.5872709771065283	3.09
Equus	4.9	1.8	41.400002	-102.400002	Equidae	4.830854152751338	4.4665
Equus	4.9	2.5	35.66722199999999	-105.964444	Equidae	3.5132990691881942	3.09
Equus	4.9	2.5	32.518611	-96.380833	Equidae	4.156697467831659	4.4665
Equus	4.9	1.8	42.818733	-114.943474	Equidae	4.4773388815111375	4.4665
Equus	4.9	2.5	38.976667	-119.539722	Equidae	4.554697102104521	4.4665
Equus	4.9	1.8	46.299999	-119.099998	Equidae	3.541583803813124	3.09
Equus	4.9	1.8	41.400002	-102.400002	Equidae	3.295498409315033	3.09
Equus	4.9	1.8	41.700001	-103.099998	Equidae	4.778729610761439	4.4665
Equus	4.9	1.8	32.716667	-100.916664	Equidae	2.2355430502324274	2.19
Equus	4.9	1.8	42.700001	-100.0	Equidae	1.8958510635553487	2.19
Equus	4.9	1.8	37.200001	-100.300003	Equidae	4.233851180850556	4.4665
Equus	2.5	1.9	30.267222	-97.763889	Equidae	2.234511157243814	2.19
Equus	4.9	1.8	32.900002	-117.099998	Equidae	2.327464587563407	2.19
Equus	4.8	4.62	37.790556	-114.3886	Equidae	4.678493377897516	4.4665
Equus	0.126	0.0117	31.566668	-108.400002	Equidae	0.08644502424230918	0.07035
Equus	1.8	0.3	32.900002	-117.099998	Equidae	0.620920750386416	0.4515
Equus	2.5	1.9	30.75	-105.0	Equidae	2.256545001702445	2.19
Equus	2.5	1.9	35.279444	-106.971111	Equidae	2.4855976739308456	2.19
Equus	4.9	1.8	37.200001	-100.300003	Equidae	2.4194009946941133	2.19
Equus	4.9	1.8	32.616669	-117.0	Equidae	1.9962380059830425	2.19
Equus	4.9	2.5	40.809868	-96.675345	Equidae	3.8267049850022214	4.4665
Equus	4.9	1.8	32.616669	-117.0	Equidae	1.818357121159812	2.19
Equus	4.9	1.8	38.799999	-119.5	Equidae	2.1747935429700824	2.19
Equus	4.9	1.8	39.900002	-97.699997	Equidae	4.218179835959496	4.4665
Equus	4.9	1.8	33.900002	-117.0	Equidae	3.9833644323617614	4.4665
Equus	4.9	1.8	37.200001	-100.300003	Equidae	2.6450675383652067	3.09
Equus	4.9	1.8	37.200001	-100.300003	Equidae	2.107273383767403	2.19
Equus	4.9	1.8	39.900002	-97.699997	Equidae	3.6605639884172487	4.4665
Equus	4.9	1.8	32.616669	-117.0	Equidae	2.722686766375236	3.09
Equus	4.9	2.5	32.113609999999994	-109.92111	Equidae	2.572819504971436	2.19
Equus	4.9	1.8	34.799999	-117.0	Equidae	1.9321283465729984	2.19
Equus	4.9	1.8	38.799999	-119.5	Equidae	3.105348847369644	3.09
Equus	1.8	0.3	32.900002	-117.099998	Equidae	1.449555936478632	1.287
Equus	1.8	0.012	33.599998	-117.800003	Equidae	0.023969998975772615	0.07035
Equus	1.8	0.3	32.900002	-117.099998	Equidae	1.7497214801658578	1.287
Equus	4.9	1.8	37.200001	-100.300003	Equidae	3.9361083772954792	4.4665
Equus	4.9	1.8	38.799999	-119.5	Equidae	2.846587145066585	3.09
Equus	2.5	1.9	34.97	-101.9	Equidae	2.1420363385625336	2.19
Equus	2.588	0.0117	31.221111	-81.50389100000002	Equidae	2.5567168711353685	2.19
Equus	1.8	0.3	33.900002	-117.0	Equidae	0.3014680638249805	0.4515
Equus	4.9	1.8	36.099998	-117.900002	Equidae	3.445912242465813	3.09
Equus	4.9	1.8	32.900002	-117.099998	Equidae	2.027371974412119	2.19
Equus	4.9	1.8	38.799999	-119.5	Equidae	2.84144892756496	3.09
Equus	2.5	1.9	40.809868	-96.675345	Equidae	1.9113386806495265	2.19
Equus	2.588	0.0117	31.191944	-81.540001	Equidae	1.806918633251175	2.19
Equus	4.9	1.8	37.200001	-100.300003	Equidae	2.854335467066776	3.09
Equus	0.126	0.0117	40.784	-122.281998	Equidae	0.05324386661941667	0.07035
Equus	4.9	2.5	31.53777800000001	-110.826389	Equidae	2.6589592384114282	3.09
Equus	4.9	1.8	32.900002	-117.099998	Equidae	2.510326750689856	2.19
Equus	4.9	1.8	39.900002	-97.699997	Equidae	3.3532305495171606	3.09
Equus	4.9	1.8	40.0	-122.199997	Equidae	4.120440948940917	4.4665
