species	max_age	min_age	lat	lon	family	mean_age	rounded_ages
Geomys	4.9	1.8	37.200001	-100.300003	Geomyidae	4.3218630481889235	4.4665
Geomys	5.9	5.0	40.4545	-85.7919	Geomyidae	5.579501409727307	6.2895
Geomys	4.9	2.5	39.055833	-95.689444	Geomyidae	4.14309242716174	4.4665
Geomys	4.9	2.5	39.055833	-95.689444	Geomyidae	3.5628225134538187	3.09
Geomys	2.5	0.85	38.555605	-121.468926	Geomyidae	0.9657138310538684	1.287
Geomys	4.9	2.5	38.555605	-121.468926	Geomyidae	4.027763648658259	4.4665
Geomys	4.9	2.5	38.555605	-121.468926	Geomyidae	2.7304646179093863	3.09
Geomys	1.8	0.3	33.700001	-101.900002	Geomyidae	1.4006409474585175	1.287
Geomys	0.126	0.0117	30.265278	-98.255836	Geomyidae	0.1124396350664998	0.07035
Geomys	1.8	0.3	37.044701	-100.495201	Geomyidae	0.5050214796542275	0.4515
Geomys	1.8	0.3	36.0	-93.199997	Geomyidae	1.6227248984676164	1.287
Geomys	1.8	0.3	38.299999	-97.599998	Geomyidae	1.3428394276048292	1.287
Geomys	1.8	0.3	37.200001	-100.300003	Geomyidae	1.0474171886315866	1.287
Geomys	0.126	0.0117	38.900002	-90.166664	Geomyidae	0.05325348189305208	0.07035
Geomys	1.8	0.3	36.700001	-99.900002	Geomyidae	1.5280136705984828	1.287
Geomys	1.8	0.3	38.900002	-99.400002	Geomyidae	1.4521639696937392	1.287
Geomys	1.8	0.3	34.0	-99.800003	Geomyidae	1.0595399565417447	1.287
Geomys	2.588	0.0117	42.416668	-90.433334	Geomyidae	0.8622748181712337	1.287
Geomys	1.8	0.3	42.700001	-102.5	Geomyidae	0.6297652908948645	0.4515
Geomys	1.8	0.3	42.700001	-102.5	Geomyidae	0.5033453686486417	0.4515
Geomys	1.8	0.3	42.700001	-102.5	Geomyidae	0.31416638333688524	0.4515
Geomys	1.8	0.3	38.700001	-98.099998	Geomyidae	1.7651412428590263	1.287
Geomys	1.8	0.3	38.299999	-97.599998	Geomyidae	1.7265273513974646	1.287
Geomys	1.8	0.3	34.0	-99.800003	Geomyidae	1.767867434730989	1.287
Geomys	1.8	0.3	42.700001	-102.5	Geomyidae	1.0210478520338655	1.287
Geomys	1.8	0.3	42.700001	-102.5	Geomyidae	1.2319749637725423	1.287
Geomys	0.126	0.0117	37.299999	-105.0	Geomyidae	0.10198038602871404	0.07035
Geomys	0.126	0.0117	39.0	-86.5	Geomyidae	0.10952561320828552	0.07035
Geomys	0.126	0.0117	32.799999	-96.599998	Geomyidae	0.02283166313853232	0.07035
Geomys	1.8	0.3	38.299999	-97.599998	Geomyidae	0.9414311480019864	1.287
Geomys	1.8	0.3	34.0	-99.800003	Geomyidae	1.176092583051302	1.287
Geomys	1.8	0.3	40.200001	-98.099998	Geomyidae	0.8754480314856512	1.287
Geomys	0.126	0.0117	32.714721999999995	-96.707497	Geomyidae	0.062410941316912334	0.07035
Geomys	0.7809999999999999	0.126	42.1189	-101.186203	Geomyidae	0.7615759220680658	0.4515
Geomys	0.126	0.0	36.183334	-86.783333	Geomyidae	0.022850290598992632	0.07035
Geomys	0.126	0.0117	36.783333	-100.699997	Geomyidae	0.02352902871493424	0.07035
Geomys	0.126	0.0117	38.602779	-79.368889	Geomyidae	0.07571780652546209	0.07035
Geomys	5.9	4.9	28.5	-108.25	Geomyidae	5.895526465134312	6.2895
Geomys	4.9	2.5	38.555605	-121.468926	Geomyidae	2.7792122515622544	3.09
Geomys	2.5	0.85	38.555605	-121.468926	Geomyidae	1.9968458493125696	2.19
Geomys	4.9	1.8	37.200001	-100.300003	Geomyidae	3.4084125891603296	3.09
Geomys	4.9	1.8	37.133331	-100.48333	Geomyidae	2.9348159872946344	3.09
Geomys	4.9	1.8	37.200001	-100.300003	Geomyidae	3.284458059334868	3.09
Geomys	0.7809999999999999	0.126	42.1189	-101.186203	Geomyidae	0.6813349966023713	0.4515
Geomys	4.9	1.8	34.771111	-111.853058	Geomyidae	4.560014885047929	4.4665
Geomys	4.9	1.8	32.0	-110.199997	Geomyidae	3.1093898515111857	3.09
Geomys	4.9	1.8	31.966667	-110.300003	Geomyidae	4.0304979682574835	4.4665
Geomys	4.9	1.8	28.9	-108.0	Geomyidae	2.6824403837875956	3.09
Geomys	4.9	1.8	28.9	-108.0	Geomyidae	4.6727738103853795	4.4665
Geomys	4.9	1.8	37.200001	-100.300003	Geomyidae	3.156307699846688	3.09
Geomys	4.9	1.8	33.099998	-107.300003	Geomyidae	4.0824009573632125	4.4665
Geomys	4.9	1.8	32.716667	-100.916664	Geomyidae	3.1007864745342	3.09
Geomys	4.9	1.8	37.200001	-100.300003	Geomyidae	4.0222055060536	4.4665
Geomys	4.9	2.5	35.66722199999999	-105.964444	Geomyidae	3.884533116611099	4.4665
Geomys	2.5	1.9	30.75	-105.0	Geomyidae	2.1509633056437765	2.19
Geomys	2.5	1.9	30.267222	-97.763889	Geomyidae	1.9779977206361912	2.19
Geomys	4.9	2.5	35.66722199999999	-105.964444	Geomyidae	3.0209033461017887	3.09
Geomys	4.9	2.5	33.101667	-109.268611	Geomyidae	3.3550743064730946	3.09
Geomys	2.5	1.9	32.113609999999994	-109.92111	Geomyidae	2.2122351497771016	2.19
Geomys	2.5	1.9	33.448457	-112.073844	Geomyidae	2.1427852264083125	2.19
Geomys	2.5	1.9	33.448457	-112.073844	Geomyidae	1.9994566466850487	2.19
Geomys	2.5	1.9	33.448457	-112.073844	Geomyidae	2.367240890264664	2.19
Geomys	2.5	1.9	32.113609999999994	-109.92111	Geomyidae	1.9961035833105576	2.19
Geomys	2.5	1.9	35.66722199999999	-105.964444	Geomyidae	2.3313036207619184	2.19
Geomys	0.126	0.0117	29.4	-82.599998	Geomyidae	0.11646846639673475	0.07035
Geomys	0.126	0.0117	29.4	-82.599998	Geomyidae	0.09057184595152606	0.07035
Geomys	0.126	0.0117	28.799999	-82.199997	Geomyidae	0.08973696178435991	0.07035
Geomys	1.8	0.3	27.700001	-82.5	Geomyidae	1.0375569689462871	1.287
Geomys	1.8	0.3	27.700001	-82.5	Geomyidae	1.1258062805398372	1.287
Geomys	1.8	0.3	29.011944	-82.668053	Geomyidae	0.808614066517825	1.287
Geomys	1.8	0.3	29.799999	-82.099998	Geomyidae	0.4439560993797354	0.4515
Geomys	1.8	0.3	28.799168	-82.070274	Geomyidae	0.31301929631441106	0.4515
Geomys	0.126	0.0117	29.799999	-82.099998	Geomyidae	0.12056671220520553	0.07035
Geomys	0.126	0.0117	29.407499	-82.476387	Geomyidae	0.036031430416622136	0.07035
Geomys	0.126	0.0117	29.683332	-82.566666	Geomyidae	0.086380053072405	0.07035
Geomys	1.8	0.3	27.9	-81.800003	Geomyidae	1.2142219945764847	1.287
Geomys	0.3	0.012	29.1	-82.300003	Geomyidae	0.0649921585804999	0.07035
Geomys	1.8	0.3	29.700001	-82.599998	Geomyidae	1.7046927281477755	1.287
Geomys	0.126	0.0117	29.4	-82.599998	Geomyidae	0.0973992690344639	0.07035
Geomys	0.126	0.0117	28.799999	-82.199997	Geomyidae	0.018519235026500075	0.07035
Geomys	0.126	0.0117	29.1	-82.300003	Geomyidae	0.0582322242428457	0.07035
Geomys	0.126	0.0117	29.1	-82.300003	Geomyidae	0.09079779434002114	0.07035
Geomys	0.126	0.0117	29.1	-82.300003	Geomyidae	0.08597725862079847	0.07035
Geomys	0.126	0.0117	29.799999	-82.099998	Geomyidae	0.09233644356024816	0.07035
Geomys	0.126	0.0117	29.799999	-82.099998	Geomyidae	0.025120367440283845	0.07035
Geomys	0.126	0.0117	29.6	-82.416664	Geomyidae	0.036442452141078864	0.07035
Geomys	0.126	0.0117	29.799999	-82.099998	Geomyidae	0.06681904740844764	0.07035
Geomys	0.126	0.0117	29.799999	-82.099998	Geomyidae	0.08514516157621199	0.07035
Geomys	0.126	0.0117	29.799999	-82.099998	Geomyidae	0.0715584856629617	0.07035
Geomys	0.126	0.0117	29.799999	-82.099998	Geomyidae	0.08588276284891898	0.07035
Geomys	0.126	0.0117	29.799999	-82.099998	Geomyidae	0.0703610288909964	0.07035
Geomys	0.126	0.0117	25.700001	-80.400002	Geomyidae	0.07250712928607796	0.07035
Geomys	1.9	0.85	28.133333	-81.63166700000002	Geomyidae	1.3898444321410155	1.287
Geomys	1.9	0.85	28.133333	-81.63166700000002	Geomyidae	1.8194824129339533	2.19
Geomys	2.5	1.9	27.366667	-82.45	Geomyidae	2.2421415496338017	2.19
Geomys	1.9	0.85	28.133333	-81.63166700000002	Geomyidae	1.3426234602205596	1.287
Geomys	0.126	0.0117	28.716667	-81.449997	Geomyidae	0.10273378953955906	0.07035
Geomys	2.5	0.85	28.133333	-81.63166700000002	Geomyidae	1.1329758274643231	1.287
Geomys	2.5	1.9	28.133333	-81.63166700000002	Geomyidae	2.1808535699985963	2.19
Geomys	2.5	1.9	29.61667000000001	-82.36667	Geomyidae	2.3117044705407324	2.19
Geomys	1.9	0.85	28.133333	-81.63166700000002	Geomyidae	1.3543114179274731	1.287
Geomys	0.126	0.0117	29.799999	-82.099998	Geomyidae	0.11540487172563665	0.07035
Geomys	0.126	0.0117	28.083332	-80.599998	Geomyidae	0.031757852108323235	0.07035
Geomys	4.9	1.8	37.200001	-100.300003	Geomyidae	4.882524809588398	4.4665
Geomys	4.9	2.5	40.809868	-96.675345	Geomyidae	4.695764752293137	4.4665
Geomys	4.9	1.8	41.700001	-103.099998	Geomyidae	4.175089783605917	4.4665
Geomys	4.9	2.5	40.809868	-96.675345	Geomyidae	2.8191873937514327	3.09
Geomys	4.9	1.8	42.700001	-100.0	Geomyidae	4.231571290370379	4.4665
Geomys	4.9	1.8	42.0	-101.0	Geomyidae	2.5871758389225628	3.09
Geomys	4.9	2.5	39.055833	-95.689444	Geomyidae	2.6850873044584525	3.09
Geomys	2.5	1.9	39.92361	-97.82139	Geomyidae	2.3122544097439475	2.19
Geomys	2.5	1.9	39.055833	-95.689444	Geomyidae	2.0710518146563257	2.19
Geomys	4.9	1.8	41.400002	-102.400002	Geomyidae	3.607697755467489	4.4665
Geomys	4.9	2.5	39.055833	-95.689444	Geomyidae	2.5077862071406423	2.19
Geomys	4.9	2.5	39.055833	-95.689444	Geomyidae	2.7559736245668383	3.09
Geomys	4.9	2.5	38.555605	-121.468926	Geomyidae	3.3771738564286347	3.09
Geomys	4.9	2.5	39.055833	-95.689444	Geomyidae	3.406009015200443	3.09
Geomys	4.9	2.5	38.555605	-121.468926	Geomyidae	3.179854808207074	3.09
Geomys	4.9	2.5	32.113609999999994	-109.92111	Geomyidae	3.42433478727622	3.09
Geomys	4.9	2.5	35.66722199999999	-105.964444	Geomyidae	3.6851687196859912	4.4665
Geomys	2.5	0.85	38.555605	-121.468926	Geomyidae	2.4341110567443245	2.19
Geomys	4.9	2.5	33.08333	-107.25	Geomyidae	4.140449497449496	4.4665
Geomys	4.9	2.5	35.66722199999999	-105.964444	Geomyidae	2.6356437700036643	3.09
Geomys	4.9	2.5	35.66722199999999	-105.964444	Geomyidae	3.9392943396092814	4.4665
Geomys	2.5	1.9	33.448457	-112.073844	Geomyidae	2.2751507558318638	2.19
Geomys	4.9	2.5	28.75	-108.25	Geomyidae	3.056492227372226	3.09
Geomys	4.9	2.5	32.518611	-96.380833	Geomyidae	3.604347726661029	4.4665
Geomys	4.9	2.5	32.113609999999994	-109.92111	Geomyidae	3.140581055737395	3.09
Geomys	14.8	12.5	36.146944	-106.243056	Geomyidae	12.538297576363773	12.725000000000001
Geomys	4.9	1.8	37.200001	-100.300003	Geomyidae	4.408989817564331	4.4665
Geomys	1.8	0.3	35.0	-101.900002	Geomyidae	1.2562077971722672	1.287
Geomys	1.8	0.3	33.799999	-99.699997	Geomyidae	0.8628640461702797	1.287
Geomys	4.9	2.5	39.055833	-95.689444	Geomyidae	3.488713212914768	3.09
Geomys	1.8	0.3	35.0	-101.900002	Geomyidae	1.3628654179014223	1.287
Geomys	2.5	1.9	39.055833	-95.689444	Geomyidae	2.3906896389967183	2.19
Geomys	1.8	0.3	39.0	-99.900002	Geomyidae	0.8490718845104925	1.287
Geomys	1.8	0.3	34.5	-101.300003	Geomyidae	1.5241181900467018	1.287
Geomys	1.8	0.3	37.200001	-100.300003	Geomyidae	0.7184084776498838	0.4515
Geomys	1.8	0.3	37.200001	-100.300003	Geomyidae	1.4561546370527292	1.287
Geomys	1.8	0.3	40.200001	-99.400002	Geomyidae	0.8340195559117958	1.287
Geomys	1.8	0.3	38.900002	-98.800003	Geomyidae	0.3031706382055565	0.4515
Geomys	1.8	0.3	33.75	-99.5	Geomyidae	1.5367250371028838	1.287
Geomys	1.8	0.3	39.0	-98.199997	Geomyidae	0.8494546257278748	1.287
Geomys	1.8	0.3	34.5	-101.699997	Geomyidae	0.4677622283296041	0.4515
Geomys	1.8	0.3	37.200001	-100.300003	Geomyidae	1.178579124755298	1.287
