species	max_age	min_age	lat	lon	family	mean_age	rounded_ages
Hypolagus	2.5	1.9	33.448457	-112.073844	Leporidae	2.1899300057534967	2.19
Hypolagus	4.9	0.3	32.578499	-109.4842	Leporidae	1.843813466968398	2.19
Hypolagus	4.9	1.8	33.0	-109.599998	Leporidae	2.5635429341099307	2.19
Hypolagus	7.5	7.1	43.751111	-118.1036	Leporidae	7.163664538029966	6.2895
Hypolagus	4.9	1.8	36.0	-116.25	Leporidae	2.4063091067668987	2.19
Hypolagus	4.9	1.8	32.900002	-117.099998	Leporidae	2.880595030141805	3.09
Hypolagus	5.9	4.9	33.891110999999995	-117.047222	Leporidae	5.471985195189428	6.2895
Hypolagus	4.9	1.8	33.900002	-117.0	Leporidae	3.739658699521182	4.4665
Hypolagus	4.9	1.8	33.900002	-117.0	Leporidae	4.229288483381825	4.4665
Hypolagus	4.9	1.8	32.900002	-117.099998	Leporidae	2.6799882811472298	3.09
Hypolagus	4.9	1.8	33.900002	-117.0	Leporidae	2.2410217699345347	2.19
Hypolagus	4.9	1.8	37.799999	-114.300003	Leporidae	3.5882753057245287	3.09
Hypolagus	4.9	1.8	35.900002	-120.0	Leporidae	2.1403452729078927	2.19
Hypolagus	4.9	1.8	34.0	-118.199997	Leporidae	2.8444638153573214	3.09
Hypolagus	4.8	4.62	37.790556	-114.3886	Leporidae	4.6987221694987085	4.4665
Hypolagus	4.9	1.8	35.299999	-118.5	Leporidae	2.0633909475819032	2.19
Hypolagus	4.9	1.8	32.616669	-117.0	Leporidae	2.45013243697698	2.19
Hypolagus	4.9	1.8	42.799999	-114.900002	Leporidae	4.858641868408765	4.4665
Hypolagus	4.9	1.8	35.400002	-102.5	Leporidae	2.156740564697132	2.19
Hypolagus	4.9	1.8	43.0	-115.699997	Leporidae	2.4165978945295024	2.19
Hypolagus	4.9	1.8	33.599998	-117.800003	Leporidae	2.540270912638146	2.19
Hypolagus	9.0	6.7	35.463056	-118.9133	Leporidae	8.647306810041352	9.438
Hypolagus	4.9	1.8	42.799999	-114.900002	Leporidae	3.435230374949522	3.09
Hypolagus	4.9	2.5	38.555605	-121.468926	Leporidae	2.687107243243711	3.09
Hypolagus	4.9	2.5	37.64	-114.88	Leporidae	4.314708870773344	4.4665
Hypolagus	4.9	2.5	47.0425	-122.893056	Leporidae	4.341149681217567	4.4665
Hypolagus	4.8	4.62	37.794444	-114.3333	Leporidae	4.715465331068495	4.4665
Hypolagus	4.9	1.8	47.0	-118.5	Leporidae	4.02162364065754	4.4665
Hypolagus	4.9	1.8	32.616669	-117.0	Leporidae	1.956872010843916	2.19
Hypolagus	4.9	2.5	38.555605	-121.468926	Leporidae	4.869668030826213	4.4665
Hypolagus	6.7	5.3	38.01	-122.3025	Leporidae	6.2832360488577255	6.2895
Hypolagus	5.7	5.4	33.893333	-117.0464	Leporidae	5.6666927371469225	6.2895
Hypolagus	13.6	10.3	35.299999	-118.5	Leporidae	10.768205722702833	9.438
Hypolagus	6.6	6.3	32.445833	-110.4978	Leporidae	6.305162758836992	6.2895
Hypolagus	4.89	4.8	37.794444	-114.3333	Leporidae	4.8035351994388025	4.4665
Hypolagus	4.8	4.62	37.794444	-114.3333	Leporidae	4.661050711350933	4.4665
Hypolagus	4.9	1.8	33.900002	-117.0	Leporidae	4.745671837429214	4.4665
Hypolagus	4.98	4.89	37.795833	-114.35	Leporidae	4.909355464306971	4.4665
Hypolagus	5.7	5.4	33.893333	-117.0464	Leporidae	5.514274063535165	6.2895
Hypolagus	4.98	4.89	37.795833	-114.35	Leporidae	4.890172069756503	4.4665
Hypolagus	15.97	13.6	42.799999	-100.800003	Leporidae	14.986562926606345	14.895
Hypolagus	12.2	11.5	43.119444	-101.9308	Leporidae	11.877920984717779	12.725000000000001
Hypolagus	15.97	13.6	42.799999	-100.800003	Leporidae	15.225514360089027	14.895
Hypolagus	13.6	12.5	42.836389000000004	-100.5256	Leporidae	12.968649909418161	12.725000000000001
Hypolagus	15.97	13.6	42.599998	-98.0	Leporidae	13.687406348234846	12.725000000000001
Hypolagus	12.1	10.1	38.603611	-117.843056	Leporidae	10.917013397966278	9.438
Hypolagus	5.9	5.0	40.4545	-85.7919	Leporidae	5.5440371473946914	6.2895
Hypolagus	4.9	2.5	39.79094	-86.147685	Leporidae	4.214172782071134	4.4665
Hypolagus	11.7	11.0	37.934722	-118.0444	Leporidae	11.271264249197294	9.438
Hypolagus	15.9	15.8	35.031667	-117.0611	Leporidae	15.876490802044186	14.895
Hypolagus	12.2	11.5	43.119444	-101.9308	Leporidae	11.692168160551065	12.725000000000001
Hypolagus	13.6	12.5	42.837222	-100.5203	Leporidae	12.603258930835972	12.725000000000001
Hypolagus	14.0	13.6	42.784444	-100.0353	Leporidae	13.734610505566769	12.725000000000001
Hypolagus	15.97	13.6	42.799999	-100.800003	Leporidae	15.6234065506198	14.895
Hypolagus	13.4	12.5	35.054167	-117.0842	Leporidae	13.25109423083042	12.725000000000001
Hypolagus	14.0	13.4	35.051667	-117.0839	Leporidae	13.673143919161385	12.725000000000001
Hypolagus	14.0	13.4	35.050833000000004	-117.0847	Leporidae	13.923581222850055	14.895
Hypolagus	14.8	14.0	35.041389	-117.07	Leporidae	14.030695354884346	14.895
Hypolagus	13.6	10.3	39.5	-118.5	Leporidae	10.378638255494122	9.438
Hypolagus	13.6	12.5	42.836667	-100.5258	Leporidae	13.128995671703873	12.725000000000001
Hypolagus	13.6	10.3	42.700001	-100.0	Leporidae	13.150247598654506	12.725000000000001
Hypolagus	9.0	4.7	39.919444	-117.1056	Leporidae	4.820539695809239	4.4665
Hypolagus	13.6	12.5	42.837778	-100.5197	Leporidae	12.600163304384775	12.725000000000001
Hypolagus	13.6	12.5	42.484167	-98.13833000000001	Leporidae	13.36072391349767	12.725000000000001
Hypolagus	14.8	12.5	42.826667	-97.636389	Leporidae	13.522133062392239	12.725000000000001
Hypolagus	14.0	13.4	35.048611	-117.0747	Leporidae	13.767323091781845	12.725000000000001
Hypolagus	12.1	10.1	43.119444	-101.930833	Leporidae	10.164133760547363	9.438
Hypolagus	14.8	12.5	35.031944	-117.04	Leporidae	12.836865215195113	12.725000000000001
Hypolagus	14.8	14.0	35.045	-117.0708	Leporidae	14.29222413188776	14.895
Hypolagus	15.97	13.6	34.799999	-117.0	Leporidae	15.207968429873052	14.895
Hypolagus	15.97	13.6	34.799999	-117.0	Leporidae	14.770200116338911	14.895
Hypolagus	13.6	10.3	33.700001	-101.5	Leporidae	12.655950477605364	12.725000000000001
Hypolagus	13.6	10.3	43.200001	-101.800003	Leporidae	11.213180025313909	9.438
Hypolagus	13.6	10.3	43.599998	-117.5	Leporidae	12.2601981672776	12.725000000000001
Hypolagus	14.8	12.5	42.784444	-100.035278	Leporidae	13.988723168698096	14.895
Hypolagus	11.7	11.0	37.934722	-118.0444	Leporidae	11.568209082323644	9.438
Hypolagus	12.0	10.0	33.663056	-101.1167	Leporidae	11.482503093904224	9.438
Hypolagus	15.16	14.8	44.495556	-119.5656	Leporidae	14.991621324856515	14.895
Hypolagus	9.0	7.5	34.697778	-107.0161	Leporidae	8.495237171577893	9.438
Hypolagus	14.0	13.4	35.053333	-117.0811	Leporidae	13.746635679412234	12.725000000000001
Hypolagus	15.97	13.6	34.799999	-117.0	Leporidae	14.835065766920705	14.895
Hypolagus	12.2	11.5	42.6875	-99.92139	Leporidae	11.950883549390221	12.725000000000001
Hypolagus	15.97	13.6	34.799999	-117.0	Leporidae	14.17741574634444	14.895
Hypolagus	12.5	12.0	35.1	-118.8	Leporidae	12.388408830921119	12.725000000000001
Hypolagus	13.6	10.3	42.700001	-100.0	Leporidae	11.969130618459468	12.725000000000001
Hypolagus	12.5	9.0	43.2336	-100.8221	Leporidae	12.434865558186095	12.725000000000001
Hypolagus	15.97	13.6	34.799999	-117.0	Leporidae	15.843186779255138	14.895
Hypolagus	10.0	9.4	43.7575	-118.1539	Leporidae	9.720673539207542	9.438
Hypolagus	15.97	13.6	34.799999	-117.0	Leporidae	14.4214439384819	14.895
Hypolagus	13.6	10.3	34.799999	-117.0	Leporidae	11.39890388266964	9.438
Hypolagus	15.97	13.6	34.799999	-117.0	Leporidae	14.417774061327153	14.895
Hypolagus	16.0	14.8	44.492222	-119.535833	Leporidae	15.581613098436232	14.895
Hypolagus	13.4	12.5	35.05	-117.0753	Leporidae	12.827595984782315	12.725000000000001
Hypolagus	15.97	13.6	34.799999	-117.0	Leporidae	14.413576623935315	14.895
Hypolagus	14.0	13.4	35.048889	-117.075	Leporidae	13.988811899620021	14.895
Hypolagus	13.6	10.3	37.956669	-118.031944	Leporidae	11.360178391541474	9.438
Hypolagus	11.29	10.0	35.416111	-116.2436	Leporidae	10.474931193179527	9.438
Hypolagus	15.97	13.6	34.799999	-117.0	Leporidae	15.26000191681935	14.895
Hypolagus	11.7	11.0	37.927778	-118.0806	Leporidae	11.131194996117566	9.438
Hypolagus	15.97	13.6	34.799999	-117.0	Leporidae	15.61665441100041	14.895
Hypolagus	10.0	9.0	39.934722	-119.0661	Leporidae	9.142043141831412	9.438
Hypolagus	15.97	13.6	34.799999	-117.0	Leporidae	15.46431525118278	14.895
Hypolagus	14.8	14.0	35.046389000000005	-117.0814	Leporidae	14.604764602684494	14.895
Hypolagus	15.97	13.6	42.783333	-100.033333	Leporidae	15.305984082217375	14.895
Hypolagus	9.0	7.6	40.809868	-96.675345	Leporidae	8.052745149468059	9.438
Hypolagus	15.0	14.8	35.056111	-117.0814	Leporidae	14.993771467341244	14.895
Hypolagus	15.97	13.6	34.799999	-117.0	Leporidae	15.728051960805807	14.895
Hypolagus	14.0	13.4	35.0525	-117.0794	Leporidae	13.449122343493421	12.725000000000001
Hypolagus	15.97	13.6	34.799999	-117.0	Leporidae	14.273682901039278	14.895
Hypolagus	2.5	1.9	39.92361	-97.82139	Leporidae	1.9307090254863644	2.19
Hypolagus	4.9	1.8	42.378334	-98.234444	Leporidae	3.3709439962489784	3.09
Hypolagus	4.9	1.8	38.799999	-119.5	Leporidae	2.3733123265180085	2.19
Hypolagus	1.8	0.3	34.383331	-116.183334	Leporidae	1.3608458919309925	1.287
Hypolagus	2.5	1.9	39.160833	-119.753889	Leporidae	2.143323931233229	2.19
Hypolagus	4.9	1.8	47.0	-118.5	Leporidae	4.057306207103233	4.4665
Hypolagus	2.5	1.9	43.613739	-116.237651	Leporidae	2.4110177333082596	2.19
Hypolagus	4.9	1.8	43.0	-118.0	Leporidae	2.4150267839908888	2.19
Hypolagus	4.9	1.8	43.0	-118.0	Leporidae	2.9380011306373706	3.09
Hypolagus	4.9	2.5	35.4	-102.6	Leporidae	2.8834261740927136	3.09
Hypolagus	4.9	1.8	43.0	-118.0	Leporidae	4.259577733054494	4.4665
Hypolagus	4.9	1.8	35.400002	-102.5	Leporidae	2.945453337277112	3.09
Hypolagus	2.5	1.9	40.809868	-96.675345	Leporidae	1.9937409981878176	2.19
Hypolagus	4.9	1.8	34.0	-118.199997	Leporidae	2.013667161774679	2.19
Hypolagus	4.9	1.8	34.799999	-117.0	Leporidae	3.1220968827261366	3.09
Hypolagus	4.9	1.8	43.0	-115.699997	Leporidae	2.5749783610301606	2.19
Hypolagus	12.1	9.0	42.694167	-100.856389	Leporidae	11.794474472184437	12.725000000000001
Hypolagus	6.7	6.6	35.733056	-100.5236	Leporidae	6.644672752042991	6.2895
Hypolagus	4.9	1.8	43.0	-118.0	Leporidae	4.052158608491047	4.4665
Hypolagus	4.9	1.8	43.0	-115.699997	Leporidae	3.2385543981431733	3.09
Hypolagus	4.9	2.5	35.66722199999999	-105.964444	Leporidae	2.9508222404301807	3.09
Hypolagus	4.9	1.8	38.200001	-118.900002	Leporidae	4.551095377415515	4.4665
Hypolagus	4.9	1.8	43.0	-118.0	Leporidae	4.7392643616984715	4.4665
Hypolagus	4.9	1.8	47.0	-118.5	Leporidae	2.136346978672133	2.19
Hypolagus	4.9	1.8	43.0	-118.0	Leporidae	2.2270224953637405	2.19
Hypolagus	9.9	8.3	36.078610999999995	-106.0864	Leporidae	9.3671986156691	9.438
Hypolagus	4.9	2.5	35.66722199999999	-105.964444	Leporidae	4.89460202211837	4.4665
Hypolagus	14.8	12.5	54.5	-105.681389	Leporidae	13.336138880774914	12.725000000000001
Hypolagus	4.9	2.5	43.613739	-116.237651	Leporidae	3.132617451064831	3.09
Hypolagus	4.9	1.8	35.400002	-102.5	Leporidae	1.9744806533750527	2.19
Hypolagus	4.8	4.62	37.794444	-114.3333	Leporidae	4.66931137465791	4.4665
Hypolagus	4.9	1.8	43.599998	-116.800003	Leporidae	4.8716809440688476	4.4665
Hypolagus	9.0	7.6	35.91666	-106.16666	Leporidae	8.033960903946753	9.438
Hypolagus	4.9	1.8	34.883331	-101.633331	Leporidae	2.2513036131480497	2.19
Hypolagus	7.1	6.9	36.102778	-106.0778	Leporidae	6.991076299624328	6.2895
Hypolagus	2.5	1.9	43.613739	-116.237651	Leporidae	2.340925789380659	2.19
Hypolagus	4.9	1.8	38.799999	-119.5	Leporidae	1.9534435228260425	2.19
Hypolagus	7.6	6.8	35.733056	-100.523611	Leporidae	7.0370768029489685	6.2895
Hypolagus	4.9	2.5	43.613739	-116.237651	Leporidae	3.618814480913058	4.4665
Hypolagus	4.9	2.5	38.976667	-119.539722	Leporidae	3.448472760471105	3.09
Hypolagus	4.9	1.8	35.099998	-106.800003	Leporidae	2.814088295195344	3.09
Hypolagus	4.9	2.5	47.0425	-122.893056	Leporidae	3.2689506220714564	3.09
Hypolagus	7.5	6.7	41.335833	-102.3842	Leporidae	6.875577616819942	6.2895
Hypolagus	5.9	4.9	39.160833	-119.753889	Leporidae	5.723114017696056	6.2895
Hypolagus	8.1	7.1	36.078610999999995	-106.0864	Leporidae	7.277857820936314	9.438
Hypolagus	5.89	5.23	38.962222	-119.5853	Leporidae	5.521454789614503	6.2895
Hypolagus	7.6	6.8	35.474444	-118.926667	Leporidae	7.275271514158367	9.438
Hypolagus	4.9	2.5	43.613739	-116.237651	Leporidae	4.101080929608587	4.4665
Hypolagus	6.8	4.9	35.981667	-117.66388899999998	Leporidae	5.246518655411687	4.4665
Hypolagus	4.9	2.5	32.715	-117.1625	Leporidae	3.6471274855069433	4.4665
Hypolagus	10.1	9.0	35.133611	-118.817778	Leporidae	9.77121843088103	9.438
Hypolagus	6.7	5.9	45.596389	-118.7847	Leporidae	6.6426089344032855	6.2895
Hypolagus	6.7	5.9	45.596389	-118.7847	Leporidae	6.694109092141775	6.2895
Hypolagus	6.8	5.9	45.596389	-118.784722	Leporidae	6.669682697148456	6.2895
Hypolagus	6.7	5.9	45.709444	-120.0947	Leporidae	5.907608270537104	6.2895
Hypolagus	6.8	5.9	44.930833	-123.028889	Leporidae	6.0383435832244485	6.2895
Hypolagus	6.7	5.9	45.709444	-120.0947	Leporidae	6.096400655310045	6.2895
Hypolagus	6.7	5.9	43.2363	-120.6369	Leporidae	6.692743453585138	6.2895
Hypolagus	14.8	12.5	42.784444	-100.035278	Leporidae	14.128912405656388	14.895
Hypolagus	13.6	12.5	42.836667	-100.5258	Leporidae	12.65676827743908	12.725000000000001
Hypolagus	14.8	12.5	42.826667	-97.636389	Leporidae	14.210796280008642	14.895
Hypolagus	16.0	14.8	35.032222	-117.052778	Leporidae	15.55464669261734	14.895
Hypolagus	14.0	13.6	41.548889	-103.9414	Leporidae	13.906553816335714	14.895
Hypolagus	15.97	13.6	42.490002	-98.110001	Leporidae	13.829437746098561	14.895
Hypolagus	13.6	12.5	42.826667	-97.63639	Leporidae	13.3499181908585	12.725000000000001
Hypolagus	14.8	12.0	41.420278	-104.7231	Leporidae	13.25705915788676	12.725000000000001
Hypolagus	15.16	14.8	38.223333000000004	-117.2689	Leporidae	14.900395920810338	14.895
Hypolagus	14.8	12.5	41.5	-104.75	Leporidae	14.084861797656815	14.895
Hypolagus	15.97	13.6	42.599998	-98.0	Leporidae	14.41630454334496	14.895
Hypolagus	14.0	13.6	42.818611	-97.66611	Leporidae	13.767149689357979	12.725000000000001
Hypolagus	16.0	14.8	38.586111	-117.926389	Leporidae	15.276490909744027	14.895
Hypolagus	15.97	13.6	41.5	-103.800003	Leporidae	15.890738592931758	14.895
Hypolagus	16.0	14.8	35.0975	-116.62	Leporidae	15.132026365979106	14.895
Hypolagus	13.6	12.5	42.850556	-98.775	Leporidae	13.485495767248388	12.725000000000001
Hypolagus	15.97	13.6	41.099998	-117.800003	Leporidae	15.142664700043143	14.895
Hypolagus	14.0	13.6	41.544444	-103.9378	Leporidae	13.92635160919612	14.895
Hypolagus	15.97	13.6	42.783333	-100.033333	Leporidae	15.492349554587461	14.895
Hypolagus	14.0	13.6	42.800556	-100.0525	Leporidae	13.805718934641929	12.725000000000001
Hypolagus	13.6	12.5	42.837222	-100.5194	Leporidae	13.520405706664718	12.725000000000001
Hypolagus	15.97	13.6	38.099998	-117.300003	Leporidae	14.64882917798162	14.895
Hypolagus	15.97	13.6	42.806099	-100.050499	Leporidae	15.270285222040096	14.895
Hypolagus	15.84	15.18	41.80833300000001	-118.9917	Leporidae	15.620676601759625	14.895
Hypolagus	15.97	13.6	42.799999	-100.800003	Leporidae	15.241496612101026	14.895
Hypolagus	15.97	13.6	41.5	-103.800003	Leporidae	15.700727751862653	14.895
Hypolagus	15.97	13.6	42.799999	-100.800003	Leporidae	15.086625020206654	14.895
Hypolagus	14.0	13.6	42.785833000000004	-100.0758	Leporidae	13.792017966493466	12.725000000000001
Hypolagus	15.97	13.6	42.683334	-102.849998	Leporidae	15.890537190519796	14.895
Hypolagus	15.3	14.8	34.765278	-119.2453	Leporidae	15.031477534026132	14.895
Hypolagus	13.6	12.5	42.836389000000004	-100.5256	Leporidae	12.606507190494671	12.725000000000001
Hypolagus	15.97	13.6	40.200001	-101.099998	Leporidae	15.560087839017427	14.895
Hypolagus	13.6	12.5	42.837222	-100.5203	Leporidae	12.536114937572634	12.725000000000001
Hypolagus	13.6	12.5	42.923333	-99.02806	Leporidae	13.180143908991187	12.725000000000001
Hypolagus	15.97	13.6	42.799999	-100.800003	Leporidae	15.695882023796258	14.895
Hypolagus	16.0	14.8	41.841667	-119.05	Leporidae	15.566034364007454	14.895
Hypolagus	13.6	12.5	42.837778	-100.5197	Leporidae	12.519533124283752	12.725000000000001
Hypolagus	13.6	12.5	40.0575	-100.8831	Leporidae	12.64761295241807	12.725000000000001
Hypolagus	14.0	13.6	42.784444	-100.0353	Leporidae	13.808888590287118	12.725000000000001
Hypolagus	15.9	15.3	34.765278	-119.2356	Leporidae	15.644404168846972	14.895
Hypolagus	15.97	13.6	42.900002	-98.800003	Leporidae	14.387042256568366	14.895
Hypolagus	4.9	1.8	37.133331	-100.48333	Leporidae	4.543812032944416	4.4665
Hypolagus	4.8	4.62	37.794444	-114.3333	Leporidae	4.6545928241477545	4.4665
Hypolagus	5.9	4.7	42.81583300000001	-97.72528	Leporidae	5.283448779656494	4.4665
Hypolagus	4.9	1.8	32.716667	-100.916664	Leporidae	2.647349709707332	3.09
Hypolagus	4.9	2.5	39.055833	-95.689444	Leporidae	3.679091637820537	4.4665
Hypolagus	4.89	4.8	37.794444	-114.3333	Leporidae	4.862250683199367	4.4665
Hypolagus	4.9	1.8	37.200001	-100.300003	Leporidae	1.8735087238364967	2.19
Hypolagus	5.9	4.9	42.81583300000001	-97.725278	Leporidae	5.675020337931932	6.2895
Hypolagus	4.9	2.5	39.055833	-95.689444	Leporidae	2.6785338369353275	3.09
Hypolagus	5.9	4.7	39.536111	-119.0692	Leporidae	5.605207984910304	6.2895
Hypolagus	6.8	5.9	35.592222	-106.6875	Leporidae	6.399422084360019	6.2895
Hypolagus	5.9	4.9	28.18222	-81.82417	Leporidae	5.278377819464345	4.4665
Hypolagus	4.98	4.89	37.791667	-114.375	Leporidae	4.911445107232091	4.4665
Hypolagus	4.9	1.8	46.299999	-119.099998	Leporidae	4.217940236844442	4.4665
Hypolagus	4.98	4.89	37.795833	-114.35	Leporidae	4.920917409151193	4.4665
Hypolagus	4.98	4.89	37.791667	-114.375	Leporidae	4.95648123481271	4.4665
Hypolagus	5.332999999999998	3.6	27.9	-81.800003	Leporidae	4.762431637593539	4.4665
Hypolagus	5.9	4.7	42.81583300000001	-97.72528	Leporidae	4.927563052179242	4.4665
Hypolagus	4.9	1.8	47.0	-118.5	Leporidae	3.29476431494538	3.09
Hypolagus	4.9	1.8	32.716667	-100.916664	Leporidae	3.653349912185978	4.4665
Hypolagus	4.8	4.62	37.794444	-114.3333	Leporidae	4.7699200419506935	4.4665
Hypolagus	4.9	1.8	37.200001	-100.300003	Leporidae	2.0228720886327727	2.19
Hypolagus	4.8	4.62	37.794444	-114.3333	Leporidae	4.799382381486322	4.4665
Hypolagus	4.9	1.8	37.799999	-114.300003	Leporidae	2.1168981988878315	2.19
Hypolagus	4.8	4.62	37.790556	-114.3886	Leporidae	4.745614699883804	4.4665
Hypolagus	6.8	4.9	33.448457	-112.073844	Leporidae	6.698706257469218	6.2895
Hypolagus	5.9	4.9	42.81583300000001	-97.725278	Leporidae	5.4473723708690445	6.2895
Hypolagus	4.98	4.89	37.795833	-114.35	Leporidae	4.9246391854213565	4.4665
Hypolagus	4.9	1.8	31.966667	-110.300003	Leporidae	4.2120503097377995	4.4665
Hypolagus	9.0	4.7	35.084444	-106.6511	Leporidae	8.542251506062756	9.438
Hypolagus	4.9	2.5	47.0425	-122.893056	Leporidae	3.5969509083538487	3.09
Hypolagus	5.9	4.7	27.6946	-81.8732	Leporidae	5.557040027215517	6.2895
Hypolagus	4.9	2.5	32.113609999999994	-109.92111	Leporidae	3.691092374966375	4.4665
Hypolagus	4.98	4.89	37.795833	-114.35	Leporidae	4.8988796879281375	4.4665
Hypolagus	6.6	6.3	35.577778	-110.0492	Leporidae	6.346215930370621	6.2895
Hypolagus	9.0	7.6	35.91666	-106.16666	Leporidae	7.86537384590541	9.438
Hypolagus	4.9	1.8	37.200001	-100.300003	Leporidae	2.322374744208449	2.19
Hypolagus	6.8	5.9	35.592222	-106.6875	Leporidae	6.664265125663495	6.2895
Hypolagus	6.8	4.9	32.621944	-110.525833	Leporidae	6.713758310140605	6.2895
Hypolagus	5.9	4.7	27.8653	-82.0365	Leporidae	5.6322908360555815	6.2895
Hypolagus	4.98	4.89	37.791667	-114.375	Leporidae	4.898891080176312	4.4665
Hypolagus	7.5	6.7	37.856111	-122.1211	Leporidae	7.354895828093662	9.438
Hypolagus	5.5	4.7	34.613611	-113.5358	Leporidae	4.840840685104834	4.4665
Hypolagus	11.5	10.9	34.801944	-119.3044	Leporidae	11.059036434983508	9.438
Hypolagus	5.9	4.9	34.613611	-113.535833	Leporidae	5.515929034786796	6.2895
Hypolagus	4.8	4.62	37.794444	-114.3333	Leporidae	4.671098330225137	4.4665
Hypolagus	5.9	4.9	28.18222	-81.82417	Leporidae	5.7870344948470125	6.2895
Hypolagus	12.1	10.1	34.821111	-119.336667	Leporidae	11.013230412268703	9.438
Hypolagus	4.9	2.5	32.518611	-96.380833	Leporidae	4.762902626660155	4.4665
Hypolagus	4.8	4.62	37.794444	-114.3333	Leporidae	4.790072297976828	4.4665
Hypolagus	2.5	1.9	34.97	-101.9	Leporidae	2.452556387710324	2.19
Hypolagus	11.5	10.9	34.803056	-119.2925	Leporidae	11.409596170431898	9.438
Hypolagus	6.6	6.3	32.445833	-110.4978	Leporidae	6.3957395560029395	6.2895
Hypolagus	5.9	4.7	39.536111	-119.0692	Leporidae	5.2805221460720215	4.4665
Hypolagus	4.98	4.89	37.795833	-114.35	Leporidae	4.925035820347088	4.4665
Hypolagus	4.9	1.8	42.816666	-114.949997	Leporidae	2.023326716937992	2.19
Hypolagus	6.7	5.9	42.393056	-98.12611	Leporidae	6.521208056090921	6.2895
Hypolagus	8.0	7.5	41.93333300000001	-118.85	Leporidae	7.8093582233526515	9.438
Hypolagus	4.9	1.8	33.099998	-107.300003	Leporidae	3.4817342235616984	3.09
Hypolagus	4.9	1.8	33.900002	-117.0	Leporidae	4.125080062114404	4.4665
Hypolagus	7.5	6.7	42.018611	-116.835	Leporidae	7.070962121142743	6.2895
Hypolagus	9.0	7.6	42.790278	-117.738611	Leporidae	8.258868520320942	9.438
Hypolagus	4.9	1.8	33.900002	-117.0	Leporidae	4.023105965700294	4.4665
Hypolagus	12.5	9.0	40.446389	-114.4444	Leporidae	10.77908529905432	9.438
Hypolagus	4.9	1.8	33.900002	-117.0	Leporidae	3.6057135280179815	4.4665
Hypolagus	11.0	9.3	35.385	-117.9881	Leporidae	10.59003439043642	9.438
Hypolagus	7.6	6.8	43.746667	-118.419167	Leporidae	6.880617427370143	6.2895
Hypolagus	9.0	4.7	38.5961	-112.2717	Leporidae	6.756269048209711	6.2895
Hypolagus	20.43	15.97	34.299999	-119.0	Leporidae	18.343878395948003	18.205000000000002
Hypolagus	9.0	7.5	41.294167	-101.8906	Leporidae	7.580427985952147	9.438
Hypolagus	4.9	2.5	30.55	-115.166667	Leporidae	3.3576766338838167	3.09
Hypolagus	10.1	9.0	37.877778	-122.216944	Leporidae	9.53557076489704	9.438
Hypolagus	7.5	6.7	39.400833	-100.1369	Leporidae	7.191322158313903	6.2895
Hypolagus	9.0	7.6	41.925	-118.83611100000002	Leporidae	7.7887470037707125	9.438
Hypolagus	4.9	2.5	38.555605	-121.468926	Leporidae	2.5007544607761614	2.19
Hypolagus	15.97	13.6	34.299999	-119.0	Leporidae	14.107702261227931	14.895
Hypolagus	5.9	4.7	35.093889000000004	-118.2269	Leporidae	5.475423573468456	6.2895
Hypolagus	6.8	4.9	32.621944	-110.525833	Leporidae	6.7608203500269815	6.2895
Hypolagus	7.6	6.8	43.451111	-117.587222	Leporidae	7.384037176441468	9.438
Hypolagus	9.0	7.5	36.085833	-100.0089	Leporidae	7.75429356641652	9.438
Hypolagus	9.0	6.8	42.018611	-116.835	Leporidae	7.977074435635841	9.438
Hypolagus	8.0	7.5	41.93333300000001	-118.9	Leporidae	7.6691758894618065	9.438
Hypolagus	5.9	5.2	35.090278000000005	-118.2308	Leporidae	5.808589327494984	6.2895
Hypolagus	2.5	0.85	38.555605	-121.468926	Leporidae	1.1062768804360392	1.287
Hypolagus	5.9	5.2	35.093610999999996	-118.2258	Leporidae	5.497913555572874	6.2895
Hypolagus	6.8	5.9	54.5	-115.0	Leporidae	6.30400597997013	6.2895
Hypolagus	6.7	5.9	42.69	-98.64721999999999	Leporidae	6.47979703085469	6.2895
Hypolagus	6.7	5.9	36.747222	-101.3753	Leporidae	6.092208615033398	6.2895
Hypolagus	4.9	2.5	38.555605	-121.468926	Leporidae	3.949537365146358	4.4665
Hypolagus	9.0	7.6	46.286667	-112.810833	Leporidae	8.294598957376492	9.438
Hypolagus	16.0	14.8	44.492222	-119.535833	Leporidae	15.026173751044734	14.895
Hypolagus	13.6	10.3	41.0	-115.5	Leporidae	11.139516748247724	9.438
Hypolagus	12.1	10.1	40.446389	-114.444444	Leporidae	10.982470199742053	9.438
Hypolagus	7.5	6.7	43.451111	-117.5872	Leporidae	6.807623064407323	6.2895
Hypolagus	4.9	1.8	32.900002	-117.099998	Leporidae	3.858519648735234	4.4665
Hypolagus	13.6	12.5	43.493056	-99.27778	Leporidae	13.37832177876853	12.725000000000001
Hypolagus	4.9	1.8	32.900002	-117.099998	Leporidae	4.6009197263223225	4.4665
Hypolagus	14.8	12.5	54.5	-105.681389	Leporidae	12.813443484249465	12.725000000000001
Hypolagus	6.6	6.3	32.445833	-110.4978	Leporidae	6.42839140695316	6.2895
Hypolagus	4.9	1.8	32.900002	-117.099998	Leporidae	4.3620556384983695	4.4665
Hypolagus	4.9	1.8	32.900002	-117.099998	Leporidae	2.9253148840050285	3.09
Hypolagus	4.9	1.8	32.900002	-117.099998	Leporidae	2.9088252435253743	3.09
Hypolagus	5.332999999999998	3.6	78.550003	-82.36666899999999	Leporidae	3.783558064751544	4.4665
Hypolagus	15.16	14.8	44.493333	-119.5358	Leporidae	14.919903267040306	14.895
Hypolagus	8.0	7.5	41.925	-118.8361	Leporidae	7.982150090930549	9.438
Hypolagus	13.6	10.3	42.400002	-103.800003	Leporidae	12.204038218960802	12.725000000000001
Hypolagus	15.16	14.8	44.495556	-119.5656	Leporidae	15.02792013344084	14.895
Hypolagus	15.16	14.8	44.509444	-119.6378	Leporidae	14.925706455501786	14.895
Hypolagus	7.38	7.2	44.480556	-119.6667	Leporidae	7.251678059625982	9.438
Hypolagus	7.38	7.2	44.501389	-119.6167	Leporidae	7.202496243851848	6.2895
Hypolagus	12.1	9.0	42.694167	-100.856389	Leporidae	10.405775303524427	9.438
Hypolagus	15.9	14.8	42.175833000000004	-103.7564	Leporidae	15.445472546612676	14.895
Hypolagus	7.5	6.7	43.451111	-117.5872	Leporidae	6.865798974343328	6.2895
Hypolagus	6.7	5.9	43.785556	-117.4578	Leporidae	6.003543867533129	6.2895
Hypolagus	13.6	10.3	43.599998	-117.5	Leporidae	11.885043765271964	12.725000000000001
Hypolagus	6.7	5.9	43.875278	-117.4464	Leporidae	5.958110841670003	6.2895
Hypolagus	17.0	16.5	42.175833000000004	-103.7564	Leporidae	16.734193517787887	18.205000000000002
Hypolagus	15.97	13.6	43.099998	-98.300003	Leporidae	13.634522365578745	12.725000000000001
Hypolagus	12.0	11.5	42.189721999999996	-103.7672	Leporidae	11.805590585189767	12.725000000000001
Hypolagus	15.13	14.93	43.518889	-117.1372	Leporidae	14.989662893917728	14.895
Hypolagus	13.6	12.5	42.902221999999995	-100.4503	Leporidae	12.743887568344276	12.725000000000001
Hypolagus	4.9	2.5	35.66722199999999	-105.964444	Leporidae	4.388219694434803	4.4665
Hypolagus	7.6	6.8	36.114167	-105.978889	Leporidae	7.5646314063994	9.438
Hypolagus	6.6	6.3	32.445833	-110.4978	Leporidae	6.319450414109652	6.2895
Hypolagus	14.93	14.8	43.518889	-117.1497	Leporidae	14.813968458025052	14.895
Hypolagus	15.13	14.93	43.518889	-117.1372	Leporidae	14.991842419128904	14.895
Hypolagus	13.6	10.3	42.633331	-100.050003	Leporidae	13.496796454404109	12.725000000000001
Hypolagus	9.0	7.5	46.215833	-112.7331	Leporidae	7.752575759925165	9.438
Hypolagus	4.9	1.8	32.900002	-117.099998	Leporidae	3.140110910346924	3.09
Hypolagus	4.9	1.8	32.900002	-117.099998	Leporidae	2.808430466330245	3.09
Hypolagus	4.9	1.8	32.900002	-117.099998	Leporidae	3.717703640910503	4.4665
Hypolagus	4.9	1.8	32.900002	-117.099998	Leporidae	3.4244500427798994	3.09
Hypolagus	14.93	14.77	43.525833	-117.1497	Leporidae	14.915352246375866	14.895
Hypolagus	11.5	9.5	42.625	-100.0556	Leporidae	10.5254406398779	9.438
Hypolagus	7.5	7.1	42.790278	-117.7386	Leporidae	7.152228544787303	6.2895
Hypolagus	4.9	1.8	37.200001	-100.300003	Leporidae	3.624508142927553	4.4665
Hypolagus	4.9	1.8	41.700001	-103.099998	Leporidae	2.16951049887869	2.19
Hypolagus	2.5	1.9	43.613739	-116.237651	Leporidae	2.483064634083786	2.19
Hypolagus	4.9	1.8	39.900002	-97.699997	Leporidae	2.4375706418863667	2.19
Hypolagus	2.5	1.9	40.809868	-96.675345	Leporidae	2.3860370190845965	2.19
Hypolagus	4.9	1.8	39.900002	-97.699997	Leporidae	2.4361426252941114	2.19
Hypolagus	4.9	1.8	39.900002	-97.699997	Leporidae	4.7195873890420525	4.4665
Hypolagus	4.9	1.8	43.0	-115.699997	Leporidae	4.0847079484403634	4.4665
Hypolagus	4.9	1.8	42.378334	-98.234444	Leporidae	3.030682928018267	3.09
Hypolagus	4.9	2.5	40.809868	-96.675345	Leporidae	3.412036466320623	3.09
Hypolagus	4.9	1.8	39.900002	-97.699997	Leporidae	4.5204660301464985	4.4665
Hypolagus	2.5	1.9	29.910577000000004	-95.060882	Leporidae	2.4219498841159366	2.19
Hypolagus	4.9	2.5	39.055833	-95.689444	Leporidae	3.7487045054224155	4.4665
