species	max_age	min_age	lat	lon	family	mean_age	rounded_ages
Lynx	0.126	0.0117	40.900002	-111.199997	Felidae	0.08049437581101869	0.07035
Lynx	0.126	0.0117	42.799999	-112.900002	Felidae	0.01954633439001499	0.07035
Lynx	0.126	0.0117	50.099998	-110.699997	Felidae	0.04462072487966125	0.07035
Lynx	1.8	0.3	47.0	-118.5	Felidae	1.1098649513409466	1.287
Lynx	2.5	1.9	40.809868	-96.675345	Felidae	1.9470336508321928	2.19
Lynx	6.7	5.9	45.596389	-118.7847	Felidae	6.33811016538408	6.2895
Lynx	0.126	0.0117	34.883331	-106.883331	Felidae	0.06511252298610408	0.07035
Lynx	0.126	0.0117	44.983334	-108.199997	Felidae	0.0751079351933492	0.07035
Lynx	6.8	5.9	35.993333	-100.588333	Felidae	6.397717785671885	6.2895
Lynx	5.9	4.9	34.613611	-113.535833	Felidae	5.249040770819933	4.4665
Lynx	7.6	6.8	35.733056	-100.523611	Felidae	7.235593159309434	6.2895
Lynx	6.7	6.6	35.733056	-100.5236	Felidae	6.6047742673901375	6.2895
Lynx	6.7	5.9	36.747222	-101.3753	Felidae	6.447940184880062	6.2895
Lynx	2.5	1.9	30.75	-105.0	Felidae	1.9045933121504897	2.19
Lynx	4.9	2.5	32.715	-117.1625	Felidae	3.9527425447034448	4.4665
Lynx	5.9	4.9	34.952778	-101.494722	Felidae	5.387352059502383	6.2895
Lynx	4.9	2.5	39.055833	-95.689444	Felidae	3.055720628001507	3.09
Lynx	5.9	4.9	28.18222	-81.82417	Felidae	5.4048263572663675	6.2895
Lynx	5.9	4.9	42.81583300000001	-97.725278	Felidae	5.898123844463306	6.2895
Lynx	4.9	0.3	32.0	-106.699997	Felidae	2.7935550980162107	3.09
Lynx	4.9	1.8	34.883331	-101.633331	Felidae	1.8097177560282744	2.19
Lynx	0.126	0.0117	33.895278999999995	-117.987503	Felidae	0.019579797616726312	0.07035
Lynx	1.9	0.85	28.133333	-81.63166700000002	Felidae	1.6574516205672791	1.287
Lynx	1.8	0.3	29.683332	-82.566666	Felidae	1.3862880154032555	1.287
Lynx	1.8	0.3	37.056667	-120.195831	Felidae	0.9600195507767656	1.287
Lynx	1.8	0.3	27.700001	-82.5	Felidae	1.6400784987551151	1.287
Lynx	4.9	1.8	32.900002	-117.099998	Felidae	2.660195007692568	3.09
Lynx	1.8	0.3	39.299999	-105.699997	Felidae	1.097248214160386	1.287
Lynx	1.8	0.3	34.700001	-87.900002	Felidae	0.4136231868387252	0.4515
Lynx	4.9	1.8	32.900002	-117.099998	Felidae	2.4164963821753846	2.19
Lynx	2.5	0.85	32.16667	-106.8333	Felidae	0.9188801329875492	1.287
Lynx	1.8	0.3	39.299999	-105.699997	Felidae	0.37344177196694894	0.4515
Lynx	1.9	0.85	35.66722199999999	-105.964444	Felidae	1.1828732415494765	1.287
Lynx	1.8	0.3	32.900002	-117.099998	Felidae	0.8091572697016969	1.287
Lynx	4.9	1.8	32.900002	-117.099998	Felidae	3.9367681404222825	4.4665
Lynx	4.9	1.8	32.900002	-117.099998	Felidae	4.510642121263621	4.4665
Lynx	1.8	0.3	39.299999	-105.699997	Felidae	0.9703565487683008	1.287
Lynx	1.8	0.3	36.0	-93.199997	Felidae	0.365535081792645	0.4515
Lynx	1.8	0.3	28.799168	-82.070274	Felidae	0.5958301802039263	0.4515
Lynx	1.9	0.85	28.133333	-81.63166700000002	Felidae	1.51271811334856	1.287
Lynx	0.126	0.0	27.0	-104.800003	Felidae	0.11294560457896882	0.07035
Lynx	4.9	1.8	47.0	-118.5	Felidae	4.726930282005814	4.4665
Lynx	1.8	0.3	29.799999	-82.099998	Felidae	0.9195869479419564	1.287
Lynx	0.126	0.0117	27.638332	-80.397499	Felidae	0.1101809843726973	0.07035
Lynx	0.126	0.0117	42.799999	-112.900002	Felidae	0.012863274952625956	0.07035
Lynx	1.8	0.3	32.0	-106.699997	Felidae	1.269992698393121	1.287
Lynx	1.8	0.3	39.299999	-105.699997	Felidae	0.6467984684394696	0.4515
Lynx	1.8	0.3	50.700001	-107.900002	Felidae	0.6805917706238797	0.4515
Lynx	0.126	0.0117	28.083332	-80.599998	Felidae	0.07781662706192707	0.07035
Lynx	0.126	0.0117	31.183332	-104.199997	Felidae	0.09764909423559294	0.07035
Lynx	0.126	0.0117	27.17	-81.900002	Felidae	0.08330320970879658	0.07035
Lynx	0.126	0.0117	29.6	-82.416664	Felidae	0.11700278920397625	0.07035
Lynx	0.3	0.012	32.479443	-80.334724	Felidae	0.25822235016416506	0.4515
Lynx	0.126	0.0117	30.633333	-97.683334	Felidae	0.04667404358612681	0.07035
Lynx	1.8	0.3	26.9	-82.0	Felidae	1.0666317669655074	1.287
Lynx	0.126	0.0117	27.799999	-82.699997	Felidae	0.014280514957116991	0.07035
Lynx	2.5	0.85	28.133333	-81.63166700000002	Felidae	2.2213457723516554	2.19
Lynx	0.3	0.012	29.683332	-109.650002	Felidae	0.2053250419291346	0.4515
Lynx	1.8	0.3	29.700001	-82.599998	Felidae	1.190117271072004	1.287
Lynx	1.8	0.3	38.700001	-79.300003	Felidae	0.3805185441025943	0.4515
Lynx	0.126	0.0117	25.700001	-80.400002	Felidae	0.11051110423147883	0.07035
Lynx	0.3	0.012	29.1	-82.300003	Felidae	0.184707012224644	0.4515
Lynx	2.588	0.0117	34.200001	-84.800003	Felidae	0.21310458010950367	0.4515
Lynx	0.126	0.0117	32.349998	-104.783333	Felidae	0.1006266922676522	0.07035
Lynx	0.126	0.0117	32.714721999999995	-96.707497	Felidae	0.10598184229811104	0.07035
Lynx	2.588	0.0117	38.700001	-79.300003	Felidae	0.53957982647975	0.4515
Lynx	0.126	0.0117	32.366669	-104.449997	Felidae	0.04106374924638488	0.07035
Lynx	0.126	0.0117	31.566668	-108.400002	Felidae	0.05556883060109747	0.07035
Lynx	0.126	0.0117	46.666668	-113.16666399999998	Felidae	0.058406682553235875	0.07035
Lynx	0.0117	0.0	38.628056	-78.41471899999998	Felidae	1.5785008855584562e-05	0.0021
Lynx	0.126	0.0	33.5	-88.599998	Felidae	0.01083731547568273	0.00995
Lynx	0.126	0.0	39.483334	-114.033333	Felidae	0.09418611921159384	0.07035
Lynx	0.126	0.0117	37.097298	-81.33609799999998	Felidae	0.04800828857480683	0.07035
Lynx	2.588	0.0	31.883333	-104.883331	Felidae	0.3608296683784436	0.4515
Lynx	0.126	0.0117	31.98333400000001	-81.066666	Felidae	0.02001992629344476	0.07035
Lynx	0.126	0.0117	28.799999	-82.199997	Felidae	0.014118379863682081	0.07035
Lynx	0.126	0.0117	29.407499	-82.476387	Felidae	0.07610318536085453	0.07035
Lynx	2.588	0.0117	35.533333	-84.433334	Felidae	1.8038623201352868	2.19
Lynx	0.0117	0.0	30.35833400000001	-98.099998	Felidae	0.005673351887113856	0.006200000000000001
Lynx	0.126	0.0117	39.0	-86.5	Felidae	0.01572253044288276	0.07035
Lynx	0.126	0.0117	29.799999	-82.099998	Felidae	0.12242714201903865	0.07035
Lynx	0.126	0.0117	30.35833400000001	-98.099998	Felidae	0.05368936643799915	0.07035
Lynx	0.126	0.0117	29.4	-82.599998	Felidae	0.048844572421389086	0.07035
Lynx	0.126	0.0	36.183334	-86.783333	Felidae	0.10594508314895866	0.07035
