species	max_age	min_age	lat	lon	family	mean_age	rounded_ages
Mammuthus	2.588	0.0117	50.946388	-119.258614	Elephantidae	0.36459613665538815	0.4515
Mammuthus	0.126	0.0117	29.2075	-81.003334	Elephantidae	0.03468066828613862	0.07035
Mammuthus	2.588	0.0117	44.943611	-93.093613	Elephantidae	2.2885312397731328	2.19
Mammuthus	2.588	0.0117	43.586388	-93.926666	Elephantidae	0.6606915713436579	0.4515
Mammuthus	2.588	0.0117	44.726944	-92.853333	Elephantidae	0.4060107996275053	0.4515
Mammuthus	2.588	0.0117	44.960278	-93.321114	Elephantidae	1.3610000464396683	1.287
Mammuthus	2.588	0.0117	48.116943	-122.760559	Elephantidae	2.1714348296566377	2.19
Mammuthus	0.126	0.0117	30.333332	-110.16666399999998	Elephantidae	0.11625965291257635	0.07035
Mammuthus	2.588	0.0117	46.357224	-94.194443	Elephantidae	1.7135073968921175	1.287
Mammuthus	0.126	0.0117	36.983334	-100.333336	Elephantidae	0.08756062625545173	0.07035
Mammuthus	2.588	0.0117	30.566668	-96.416664	Elephantidae	2.23860350043408	2.19
Mammuthus	2.588	0.0117	48.456669	-123.326111	Elephantidae	1.1920543871369162	1.287
Mammuthus	2.588	0.0117	50.846111	-119.629723	Elephantidae	0.9505729055277888	1.287
Mammuthus	0.126	0.0117	43.763889	-84.53666700000002	Elephantidae	0.10259537128811833	0.07035
Mammuthus	0.126	0.0117	36.9575	-81.769165	Elephantidae	0.040083024209638086	0.07035
Mammuthus	2.588	0.0117	48.47277800000001	-123.291115	Elephantidae	1.3096776345555392	1.287
Mammuthus	2.588	0.0117	43.648609	-93.362503	Elephantidae	1.4958554311789083	1.287
Mammuthus	2.588	0.0117	44.31889	-95.948059	Elephantidae	0.49268987607112197	0.4515
Mammuthus	0.126	0.0117	39.583332	-111.25	Elephantidae	0.12274616618055527	0.07035
Mammuthus	0.126	0.0117	37.683334	-113.633331	Elephantidae	0.021275782249835454	0.07035
Mammuthus	2.588	0.0117	44.640278	-93.143608	Elephantidae	0.30204415840880217	0.4515
Mammuthus	2.588	0.0117	48.458611	-123.294724	Elephantidae	2.135083765439908	2.19
Mammuthus	0.126	0.0117	37.483334	-100.666664	Elephantidae	0.031490432864717866	0.07035
Mammuthus	0.126	0.0117	53.0	-122.5	Elephantidae	0.07479890922156521	0.07035
Mammuthus	0.126	0.0117	36.799999	-100.683334	Elephantidae	0.02083600595407243	0.07035
Mammuthus	2.588	0.0117	48.601665	-123.347221	Elephantidae	2.337786812714167	2.19
Mammuthus	2.588	0.0117	48.601665	-123.347221	Elephantidae	1.8003688883094946	2.19
Mammuthus	0.126	0.0117	44.302776	-85.326385	Elephantidae	0.11468728495779115	0.07035
Mammuthus	2.588	0.0117	34.783333	-91.583336	Elephantidae	0.5461699272871783	0.4515
Mammuthus	2.588	0.0117	44.272221	-92.985558	Elephantidae	2.107837941458452	2.19
Mammuthus	0.126	0.0117	43.333332	-120.5	Elephantidae	0.018785638112812204	0.07035
Mammuthus	0.126	0.0117	25.700001	-80.400002	Elephantidae	0.022995438725031504	0.07035
Mammuthus	0.126	0.0117	32.714721999999995	-96.707497	Elephantidae	0.11759731469791693	0.07035
Mammuthus	0.126	0.0117	32.116669	-103.199997	Elephantidae	0.04816647501234715	0.07035
Mammuthus	0.126	0.0117	31.549999	-110.16666399999998	Elephantidae	0.053974716276732136	0.07035
Mammuthus	0.126	0.0117	44.633331	-112.58333600000002	Elephantidae	0.0233930302853784	0.07035
Mammuthus	0.126	0.0117	41.978611	-86.31055500000002	Elephantidae	0.06925648531768656	0.07035
Mammuthus	0.126	0.0117	42.96389	-83.919167	Elephantidae	0.1237396834686521	0.07035
Mammuthus	0.126	0.0117	43.684166	-83.068336	Elephantidae	0.11309254990427454	0.07035
Mammuthus	0.126	0.0117	42.59277700000001	-84.269447	Elephantidae	0.05473097371473063	0.07035
Mammuthus	0.126	0.0117	42.387501	-84.121941	Elephantidae	0.11778070172660733	0.07035
Mammuthus	0.126	0.0117	41.790279	-84.18666800000003	Elephantidae	0.019222879887255063	0.07035
Mammuthus	0.126	0.0117	31.343889	-109.957222	Elephantidae	0.10471353564505607	0.07035
Mammuthus	0.126	0.0117	44.033333	-107.866669	Elephantidae	0.10615332955257864	0.07035
Mammuthus	2.588	0.0117	36.116669	-97.900002	Elephantidae	0.4564759173861371	0.4515
Mammuthus	2.588	0.0117	44.566113	-92.536942	Elephantidae	2.173639709786705	2.19
Mammuthus	0.126	0.0117	28.083332	-80.599998	Elephantidae	0.01739201493077741	0.07035
Mammuthus	0.7809999999999999	0.126	42.1189	-101.186203	Elephantidae	0.3862276013169055	0.4515
Mammuthus	2.588	0.0117	43.758888	-93.20639	Elephantidae	0.2542806411905005	0.4515
Mammuthus	2.588	0.0117	43.559444	-93.988052	Elephantidae	1.9732031967360963	2.19
Mammuthus	2.588	0.0117	32.365555	-87.303329	Elephantidae	1.6306751401856994	1.287
Mammuthus	0.126	0.0117	42.2075	-86.310837	Elephantidae	0.040926435465171836	0.07035
Mammuthus	0.126	0.0117	27.638332	-80.397499	Elephantidae	0.05455047984306821	0.07035
Mammuthus	0.126	0.0117	27.17	-81.900002	Elephantidae	0.03783308032111465	0.07035
Mammuthus	0.3	0.012	36.116669	-98.633331	Elephantidae	0.20947622981038488	0.4515
Mammuthus	0.126	0.0117	26.700001	-80.166664	Elephantidae	0.09985218786502567	0.07035
Mammuthus	0.7809999999999999	0.126	42.1189	-101.186203	Elephantidae	0.6893916868379059	0.4515
Mammuthus	2.588	0.0117	31.221111	-81.50389100000002	Elephantidae	1.4967734044948309	1.287
Mammuthus	2.588	0.0117	32.559166	-80.292503	Elephantidae	1.7537190748918374	1.287
Mammuthus	0.126	0.0117	29.950001	-82.788002	Elephantidae	0.027538946806062045	0.07035
Mammuthus	0.126	0.0117	43.433334	-103.466667	Elephantidae	0.015564592877633912	0.07035
Mammuthus	2.588	0.0117	30.566668	-96.416664	Elephantidae	0.8374400083326597	1.287
Mammuthus	0.126	0.0117	31.416668	-110.116669	Elephantidae	0.01696997183285657	0.07035
Mammuthus	0.126	0.0117	28.083332	-80.599998	Elephantidae	0.09734724691291226	0.07035
Mammuthus	2.588	0.0117	38.681946	-76.138885	Elephantidae	1.2309976088356729	1.287
Mammuthus	1.8	0.3	33.900002	-117.0	Elephantidae	0.9979687008771704	1.287
Mammuthus	2.588	0.0117	37.38361	-121.937225	Elephantidae	0.4838627206111023	0.4515
Mammuthus	0.126	0.0117	50.099998	-110.699997	Elephantidae	0.0707148204723851	0.07035
Mammuthus	0.126	0.0117	32.0	-81.099998	Elephantidae	0.05064215494542408	0.07035
Mammuthus	1.8	0.3	35.0	-101.900002	Elephantidae	0.3076618967483646	0.4515
Mammuthus	0.3	0.012	37.421112	-122.01388500000002	Elephantidae	0.09477432287199036	0.07035
Mammuthus	0.126	0.0117	38.035	-122.275002	Elephantidae	0.025392557683871626	0.07035
Mammuthus	0.126	0.0117	37.200001	-100.300003	Elephantidae	0.046197111592493394	0.07035
Mammuthus	0.126	0.0117	32.799999	-95.900002	Elephantidae	0.1235793226252942	0.07035
Mammuthus	0.126	0.0117	31.916668	-81.066666	Elephantidae	0.08125434250490778	0.07035
Mammuthus	0.126	0.0117	50.799999	-103.900002	Elephantidae	0.05750175339176455	0.07035
Mammuthus	0.126	0.0117	34.0	-118.199997	Elephantidae	0.07616577053377765	0.07035
Mammuthus	0.126	0.0117	27.5	-82.5	Elephantidae	0.11669700063048885	0.07035
Mammuthus	0.126	0.0117	42.799999	-112.900002	Elephantidae	0.04905921784588645	0.07035
Mammuthus	1.8	0.3	35.0	-101.900002	Elephantidae	0.3029111670332273	0.4515
Mammuthus	1.8	0.3	35.099998	-106.800003	Elephantidae	1.768296705990548	1.287
Mammuthus	1.8	0.3	35.799999	-110.099998	Elephantidae	1.0224164891005676	1.287
Mammuthus	0.126	0.0117	37.299999	-105.0	Elephantidae	0.019820569388297432	0.07035
Mammuthus	0.126	0.0117	38.035	-122.275002	Elephantidae	0.0895287047262621	0.07035
Mammuthus	1.8	0.3	34.0	-99.800003	Elephantidae	1.0192916038887838	1.287
Mammuthus	0.126	0.0117	40.900002	-111.199997	Elephantidae	0.050471877909116086	0.07035
Mammuthus	1.8	0.3	40.200001	-98.099998	Elephantidae	1.401953696132985	1.287
Mammuthus	1.8	0.3	37.099998	-100.900002	Elephantidae	1.0611196525202602	1.287
Mammuthus	1.8	0.3	36.799999	-100.5	Elephantidae	1.2086460615711498	1.287
Mammuthus	1.8	0.3	33.700001	-101.900002	Elephantidae	1.4730703489049413	1.287
Mammuthus	1.8	0.3	42.700001	-102.5	Elephantidae	0.403981873635924	0.4515
Mammuthus	1.8	0.3	48.799999	-110.0	Elephantidae	1.6362714773972564	1.287
Mammuthus	1.8	0.3	38.299999	-97.599998	Elephantidae	1.3130444009395297	1.287
Mammuthus	1.8	0.3	34.0	-99.800003	Elephantidae	1.2642903465557167	1.287
Mammuthus	1.8	0.3	42.700001	-102.5	Elephantidae	1.6565918549925434	1.287
Mammuthus	4.9	1.8	31.700001	-114.5	Elephantidae	2.8308159601502307	3.09
Mammuthus	1.8	0.3	35.5	-106.199997	Elephantidae	1.1232610951607382	1.287
Mammuthus	1.8	0.3	46.400002	-105.800003	Elephantidae	0.6291034425551487	0.4515
Mammuthus	1.8	0.3	32.900002	-117.099998	Elephantidae	1.3680349892301928	1.287
Mammuthus	1.8	0.3	37.529999	-121.959999	Elephantidae	1.3677087449284864	1.287
Mammuthus	1.8	0.3	38.299999	-97.599998	Elephantidae	1.0360979685434637	1.287
Mammuthus	1.8	0.3	42.700001	-102.5	Elephantidae	0.3229405792207716	0.4515
Mammuthus	1.8	0.3	37.200001	-100.300003	Elephantidae	0.7355456295997681	0.4515
Mammuthus	1.8	0.3	36.099998	-117.900002	Elephantidae	0.9713079451393164	1.287
Mammuthus	0.3	0.012	27.799999	-82.800003	Elephantidae	0.12369365179100762	0.07035
Mammuthus	1.8	0.3	34.0	-99.800003	Elephantidae	1.3165104796429483	1.287
Mammuthus	1.8	0.3	50.099998	-110.699997	Elephantidae	1.7844917324468592	1.287
Mammuthus	1.8	0.3	34.5	-101.300003	Elephantidae	0.5396193437247618	0.4515
Mammuthus	1.8	0.3	32.900002	-117.099998	Elephantidae	0.6507793328134407	0.4515
Mammuthus	1.8	0.3	38.700001	-98.099998	Elephantidae	1.1511762482624492	1.287
Mammuthus	1.8	0.3	33.900002	-117.0	Elephantidae	1.0516028636552834	1.287
Mammuthus	1.8	0.012	33.599998	-117.800003	Elephantidae	1.4473446526426734	1.287
Mammuthus	2.588	0.0117	39.644169	-77.58555600000003	Elephantidae	0.6480370271649452	0.4515
Mammuthus	2.588	0.0117	28.126944	-97.427498	Elephantidae	1.5842411366733264	1.287
Mammuthus	0.126	0.0117	34.034168	-120.046669	Elephantidae	0.11781789140762715	0.07035
Mammuthus	0.3	0.012	34.005554	-120.193054	Elephantidae	0.1736401324854143	0.4515
Mammuthus	1.8	0.3	27.830278000000003	-80.811386	Elephantidae	0.34893192549683544	0.4515
Mammuthus	1.8	0.3	33.75	-99.5	Elephantidae	1.1268607771455597	1.287
Mammuthus	1.8	0.3	43.0	-115.699997	Elephantidae	1.4406680945767067	1.287
Mammuthus	1.8	0.3	50.700001	-107.900002	Elephantidae	1.5942708682576046	1.287
Mammuthus	1.8	0.3	27.700001	-82.5	Elephantidae	1.5281358196645909	1.287
Mammuthus	1.8	0.3	35.099998	-106.800003	Elephantidae	1.221941974704806	1.287
Mammuthus	1.8	0.3	37.700001	-122.5	Elephantidae	0.8380984923449994	1.287
Mammuthus	1.8	0.3	32.900002	-117.099998	Elephantidae	0.6259111917963978	0.4515
Mammuthus	1.8	0.3	32.0	-106.699997	Elephantidae	1.017496497229785	1.287
Mammuthus	1.8	0.3	68.199997	-140.0	Elephantidae	1.4473559867728312	1.287
Mammuthus	1.8	0.3	34.5	-101.300003	Elephantidae	0.7585341281146076	0.4515
Mammuthus	1.8	0.3	26.9	-82.0	Elephantidae	0.3009434117781595	0.4515
Mammuthus	1.8	0.3	34.400002	-98.900002	Elephantidae	0.6647704322653616	0.4515
Mammuthus	1.8	0.3	27.9	-81.800003	Elephantidae	0.7666392657041383	0.4515
Mammuthus	1.8	0.3	33.900002	-117.0	Elephantidae	0.7084522316688066	0.4515
Mammuthus	4.9	0.3	32.0	-106.699997	Elephantidae	4.7062916720158015	4.4665
Mammuthus	1.9	0.85	35.66722199999999	-105.964444	Elephantidae	1.498098242896802	1.287
Mammuthus	1.9	0.85	35.66722199999999	-105.964444	Elephantidae	1.123371978446467	1.287
Mammuthus	1.9	0.85	35.66722199999999	-105.964444	Elephantidae	1.8756526415278063	2.19
Mammuthus	1.9	0.85	35.66722199999999	-105.964444	Elephantidae	1.0020526334520756	1.287
Mammuthus	2.588	0.0117	41.74139	-92.726387	Elephantidae	1.929866163780585	2.19
Mammuthus	0.126	0.0117	53.0	-122.5	Elephantidae	0.1205091655782492	0.07035
Mammuthus	2.588	0.0117	38.681946	-76.138885	Elephantidae	1.1002270719524987	1.287
Mammuthus	0.126	0.0117	65.349998	-151.0	Elephantidae	0.012558056163117951	0.07035
Mammuthus	2.588	0.0117	39.950001	-75.166664	Elephantidae	0.6967605225406573	0.4515
Mammuthus	0.126	0.0117	64.053329	-141.87666299999995	Elephantidae	0.10125097488203036	0.07035
Mammuthus	0.0117	0.0	57.177502	-170.344727	Elephantidae	0.0034203667435167948	0.0021
Mammuthus	0.126	0.0117	33.733334	-118.200836	Elephantidae	0.05969067532598325	0.07035
Mammuthus	0.126	0.0117	42.55389	-83.703056	Elephantidae	0.06257122666492379	0.07035
Mammuthus	2.588	0.0117	64.05278	-139.425003	Elephantidae	0.8020809751804355	1.287
Mammuthus	0.126	0.0117	40.784	-122.281998	Elephantidae	0.0197372902864819	0.07035
Mammuthus	0.126	0.0117	36.9575	-81.769165	Elephantidae	0.036286143427425706	0.07035
Mammuthus	0.126	0.0117	70.583336	-128.169449	Elephantidae	0.06467309624004468	0.07035
Mammuthus	0.126	0.0117	68.199997	-140.0	Elephantidae	0.10077227399274144	0.07035
Mammuthus	0.126	0.0117	66.654999	-162.130005	Elephantidae	0.07451106448460126	0.07035
Mammuthus	0.126	0.0117	42.50528	-88.030281	Elephantidae	0.11818954515435218	0.07035
Mammuthus	0.126	0.0117	42.50528	-88.030281	Elephantidae	0.054130768898985285	0.07035
Mammuthus	0.126	0.0117	42.50528	-88.030281	Elephantidae	0.06989482657795676	0.07035
Mammuthus	0.126	0.0117	42.50528	-88.030281	Elephantidae	0.014851439779335231	0.07035
Mammuthus	0.126	0.0117	42.516666	-83.61666899999999	Elephantidae	0.03801101622991451	0.07035
Mammuthus	0.126	0.0117	39.616669	-87.699997	Elephantidae	0.09504575231703544	0.07035
Mammuthus	0.126	0.0117	56.5	-94.199997	Elephantidae	0.011935019517978936	0.07035
Mammuthus	0.126	0.0117	40.049999	-111.73333	Elephantidae	0.1180434109921014	0.07035
Mammuthus	1.8	0.3	47.200001	-111.0	Elephantidae	0.8910122010279333	1.287
Mammuthus	0.126	0.0117	38.594723	-78.675552	Elephantidae	0.07172207601177004	0.07035
Mammuthus	2.588	0.0117	36.266666	-83.13333100000001	Elephantidae	0.04905752751820982	0.07035
Mammuthus	2.588	0.0117	64.837776	-147.716385	Elephantidae	1.349951880573196	1.287
Mammuthus	0.7809999999999999	0.126	47.483334	-117.566666	Elephantidae	0.40551464587631	0.4515
Mammuthus	0.126	0.0117	69.583336	-139.083328	Elephantidae	0.07991564554895568	0.07035
