species	max_age	min_age	lat	lon	family	mean_age	rounded_ages
Mammut	0.126	0.0117	42.223057	-83.68972	Mammutidae	0.02560473275744218	0.07035
Mammut	0.126	0.0117	42.34	-82.980553	Mammutidae	0.020167592682328025	0.07035
Mammut	0.126	0.0117	42.846668	-83.32666800000001	Mammutidae	0.10469692907231837	0.07035
Mammut	0.126	0.0117	43.256943	-84.925003	Mammutidae	0.09963483019297817	0.07035
Mammut	0.126	0.0117	42.324165	-86.138336	Mammutidae	0.051793545796002656	0.07035
Mammut	0.126	0.0117	42.259167	-83.96527900000002	Mammutidae	0.0948538473853994	0.07035
Mammut	0.126	0.0117	42.202221	-83.98278	Mammutidae	0.0373006129839751	0.07035
Mammut	0.126	0.0117	43.849998	-85.236115	Mammutidae	0.012505128634313776	0.07035
Mammut	0.126	0.0117	42.119999	-85.90666999999998	Mammutidae	0.04215622914713051	0.07035
Mammut	0.126	0.0117	42.207779	-86.196114	Mammutidae	0.09311546437394036	0.07035
Mammut	0.126	0.0117	36.933334	-74.88333100000001	Mammutidae	0.05970400312840619	0.07035
Mammut	0.126	0.0117	43.28611	-83.764725	Mammutidae	0.08029821628103152	0.07035
Mammut	0.126	0.0117	42.385555	-84.748337	Mammutidae	0.08570266731427957	0.07035
Mammut	0.126	0.0117	42.278332	-83.78971899999998	Mammutidae	0.06197894718658626	0.07035
Mammut	0.126	0.0117	43.503334	-82.78360699999998	Mammutidae	0.0657453783324999	0.07035
Mammut	0.126	0.0117	42.906666	-85.772499	Mammutidae	0.04858724893662783	0.07035
Mammut	0.126	0.0117	43.279167	-82.876114	Mammutidae	0.07998982439362054	0.07035
Mammut	0.126	0.0117	37.5	-75.0	Mammutidae	0.08900920820053128	0.07035
Mammut	0.126	0.0117	42.828609	-84.071114	Mammutidae	0.07342766519045378	0.07035
Mammut	0.126	0.0117	42.403057	-83.481667	Mammutidae	0.0497349585835197	0.07035
Mammut	0.126	0.0117	41.84722100000001	-85.360275	Mammutidae	0.06356629984319291	0.07035
Mammut	0.126	0.0117	42.006668	-85.341942	Mammutidae	0.04937330578700333	0.07035
Mammut	0.126	0.0117	43.587502	-82.906944	Mammutidae	0.03651401850287976	0.07035
Mammut	0.126	0.0117	42.47222100000001	-85.612503	Mammutidae	0.0868668576436247	0.07035
Mammut	0.126	0.0117	42.373333	-83.46028100000002	Mammutidae	0.11267939633889636	0.07035
Mammut	0.126	0.0117	42.975555	-85.985275	Mammutidae	0.07993286181520015	0.07035
Mammut	0.126	0.0117	42.44278	-85.140556	Mammutidae	0.06815824260369772	0.07035
Mammut	0.126	0.0117	43.415279	-84.716667	Mammutidae	0.05940895398568375	0.07035
Mammut	0.126	0.0117	43.035557	-85.619446	Mammutidae	0.09711042112117613	0.07035
Mammut	0.126	0.0117	43.374168	-82.71833000000002	Mammutidae	0.09527210907882533	0.07035
Mammut	0.126	0.0117	42.290279	-83.868057	Mammutidae	0.10672559838238743	0.07035
Mammut	0.126	0.0117	42.646389	-85.261108	Mammutidae	0.029674269082573906	0.07035
Mammut	0.126	0.0117	44.700279	-85.241386	Mammutidae	0.0342295620411988	0.07035
Mammut	0.126	0.0117	43.558887	-83.94388599999998	Mammutidae	0.02414953864884124	0.07035
Mammut	0.126	0.0117	43.646667	-84.09861	Mammutidae	0.1137742255757035	0.07035
Mammut	0.126	0.0117	42.193611	-86.388336	Mammutidae	0.08757156739298377	0.07035
Mammut	0.126	0.0117	42.150555	-86.23278	Mammutidae	0.1100612611669747	0.07035
Mammut	0.126	0.0117	42.05027800000001	-86.29083299999998	Mammutidae	0.0400376024723352	0.07035
Mammut	0.126	0.0117	41.950279	-86.543053	Mammutidae	0.08473841536077273	0.07035
Mammut	0.126	0.0117	42.15139	-83.551392	Mammutidae	0.025534099188519455	0.07035
Mammut	0.126	0.0117	42.193054	-86.118332	Mammutidae	0.0734034255481563	0.07035
Mammut	0.126	0.0117	41.90527700000001	-84.014999	Mammutidae	0.05252755395550562	0.07035
Mammut	0.126	0.0117	41.861389	-85.419167	Mammutidae	0.07889221948104504	0.07035
Mammut	2.588	0.0117	42.426388	-86.216667	Mammutidae	0.7987475573429842	1.287
Mammut	2.588	0.0117	42.57111	-86.16111	Mammutidae	0.7888465649563392	1.287
Mammut	2.588	0.0117	42.71777700000001	-85.791115	Mammutidae	1.497798435238694	1.287
Mammut	0.126	0.0117	41.992779	-86.226669	Mammutidae	0.08448068903848732	0.07035
Mammut	0.126	0.0117	43.502777	-84.856392	Mammutidae	0.03445629381686265	0.07035
Mammut	0.126	0.0117	43.53527800000001	-86.28833	Mammutidae	0.07686442895603937	0.07035
Mammut	0.126	0.0117	43.051109	-85.361946	Mammutidae	0.03261968343363693	0.07035
Mammut	0.126	0.0117	42.486668	-85.592781	Mammutidae	0.05217147349043359	0.07035
Mammut	0.126	0.0117	43.285557	-85.78083000000002	Mammutidae	0.0887422405773133	0.07035
Mammut	0.126	0.0117	41.964169	-84.1175	Mammutidae	0.09380747668451046	0.07035
Mammut	0.126	0.0117	43.271389	-85.023613	Mammutidae	0.07689051228431866	0.07035
Mammut	0.126	0.0	36.183334	-86.783333	Mammutidae	0.00910332785808116	0.00995
Mammut	0.126	0.0117	42.775833	-83.676666	Mammutidae	0.058253360720832835	0.07035
Mammut	0.126	0.0117	43.15527700000001	-83.898613	Mammutidae	0.0734577085381608	0.07035
Mammut	0.126	0.0117	43.297779	-84.160004	Mammutidae	0.09941396917740347	0.07035
Mammut	0.126	0.0117	38.583332	-73.333336	Mammutidae	0.035923858963986886	0.07035
Mammut	0.126	0.0117	42.056667	-83.996941	Mammutidae	0.07562687149603711	0.07035
Mammut	0.126	0.0117	42.605556	-83.150002	Mammutidae	0.014956527005598746	0.07035
Mammut	0.126	0.0117	50.799999	-81.300003	Mammutidae	0.10370317117167543	0.07035
Mammut	0.126	0.0117	29.4	-82.599998	Mammutidae	0.050027259084514435	0.07035
Mammut	2.588	0.0117	37.59111	-80.543053	Mammutidae	1.5070605707830609	1.287
Mammut	0.126	0.0117	38.113056	-79.693611	Mammutidae	0.04713761479998335	0.07035
Mammut	1.8	0.3	32.900002	-117.099998	Mammutidae	0.31168269470847626	0.4515
Mammut	0.126	0.0117	43.313889	-84.736389	Mammutidae	0.0451213760747444	0.07035
Mammut	1.8	0.3	32.900002	-117.099998	Mammutidae	0.9940763486340536	1.287
Mammut	0.126	0.0117	38.91027800000001	-79.72528100000002	Mammutidae	0.11925878234565428	0.07035
Mammut	0.126	0.0117	43.342499	-84.577782	Mammutidae	0.10657669347064536	0.07035
Mammut	0.126	0.0117	39.583332	-111.26667	Mammutidae	0.03613906549229759	0.07035
Mammut	2.588	0.0117	39.135834	-79.684998	Mammutidae	2.052998597063763	2.19
Mammut	1.8	0.3	34.5	-100.099998	Mammutidae	0.4716970273059014	0.4515
Mammut	1.8	0.3	47.0	-118.5	Mammutidae	1.4604821418220115	1.287
Mammut	1.8	0.3	27.041668	-81.821114	Mammutidae	1.3409148730214773	1.287
Mammut	1.8	0.3	46.400002	-105.800003	Mammutidae	0.8500561634364632	1.287
Mammut	1.8	0.012	33.599998	-117.800003	Mammutidae	0.779897549342272	1.287
Mammut	0.126	0.0117	36.450001	-74.816666	Mammutidae	0.04572050907472487	0.07035
Mammut	0.126	0.0117	43.427223	-84.836113	Mammutidae	0.03324635777029018	0.07035
Mammut	0.126	0.0117	43.371387	-84.577782	Mammutidae	0.03434675849013958	0.07035
Mammut	0.126	0.0117	43.171391	-83.66999799999998	Mammutidae	0.05901652898050699	0.07035
Mammut	0.126	0.0117	42.876389	-83.83916500000002	Mammutidae	0.04502891762200728	0.07035
Mammut	0.126	0.0117	40.049999	-73.833336	Mammutidae	0.12591030397771294	0.07035
Mammut	4.9	1.8	38.799999	-119.5	Mammutidae	4.63381525741287	4.4665
Mammut	0.126	0.0117	35.0	-76.0	Mammutidae	0.0996947535255448	0.07035
Mammut	0.126	0.0117	38.46389	-78.956947	Mammutidae	0.0994001500563999	0.07035
Mammut	1.8	0.3	39.599998	-78.699997	Mammutidae	0.33713529127603875	0.4515
Mammut	0.126	0.0117	36.366669	-75.5	Mammutidae	0.09158395077342674	0.07035
Mammut	0.126	0.0117	42.808887	-83.364441	Mammutidae	0.0386656176854701	0.07035
Mammut	0.126	0.0117	42.570831	-83.258614	Mammutidae	0.1117408203158779	0.07035
Mammut	0.126	0.0117	43.268055	-83.180832	Mammutidae	0.04381166022414563	0.07035
Mammut	0.126	0.0117	42.662498	-84.147224	Mammutidae	0.0926241285617719	0.07035
Mammut	4.9	1.8	46.299999	-119.099998	Mammutidae	3.853850116297439	4.4665
Mammut	0.126	0.0117	42.036388	-86.465553	Mammutidae	0.0941773810200584	0.07035
Mammut	2.588	0.0117	39.23027800000001	-78.13666500000002	Mammutidae	0.7630521438290719	0.4515
Mammut	0.126	0.0117	41.861942	-85.243332	Mammutidae	0.03634183241175815	0.07035
Mammut	0.126	0.0117	42.719166	-84.926109	Mammutidae	0.10789073639785472	0.07035
Mammut	0.126	0.0117	42.872501	-83.914169	Mammutidae	0.04916905721348635	0.07035
Mammut	0.126	0.0117	43.027222	-83.52777900000002	Mammutidae	0.10237425877465876	0.07035
Mammut	1.8	0.3	39.799999	-77.199997	Mammutidae	1.1847628123359066	1.287
Mammut	0.126	0.0117	28.799999	-82.199997	Mammutidae	0.02856922868302297	0.07035
Mammut	1.8	0.3	38.299999	-97.599998	Mammutidae	0.5422434130010072	0.4515
Mammut	2.588	0.0117	38.397499	-79.913612	Mammutidae	0.9725848493465528	1.287
Mammut	0.126	0.0117	31.916668	-81.066666	Mammutidae	0.032297742567970834	0.07035
Mammut	0.126	0.0117	43.639721	-83.087776	Mammutidae	0.011826727717759698	0.07035
Mammut	0.126	0.0117	45.900002	-64.599998	Mammutidae	0.04054533880847143	0.07035
Mammut	0.126	0.0117	32.799999	-95.900002	Mammutidae	0.0753165046427265	0.07035
Mammut	0.126	0.0117	31.98333400000001	-81.066666	Mammutidae	0.013318713321155176	0.07035
Mammut	0.126	0.0117	43.445557	-85.969719	Mammutidae	0.05929167500539954	0.07035
Mammut	0.126	0.0117	62.5	-114.5	Mammutidae	0.070459417754381	0.07035
Mammut	0.126	0.0117	34.0	-118.199997	Mammutidae	0.05137088047878589	0.07035
Mammut	0.126	0.0117	42.799999	-112.900002	Mammutidae	0.0755762173074788	0.07035
Mammut	0.126	0.0117	41.935555	-86.485001	Mammutidae	0.049645114009619004	0.07035
Mammut	0.126	0.0117	68.199997	-140.0	Mammutidae	0.04683348692152058	0.07035
Mammut	0.126	0.0117	28.716667	-81.449997	Mammutidae	0.06424093176935837	0.07035
Mammut	0.126	0.0117	32.31694	-90.85778	Mammutidae	0.060623814303464814	0.07035
Mammut	0.126	0.0117	42.619999	-83.511108	Mammutidae	0.08206462504199889	0.07035
Mammut	0.126	0.0117	28.799999	-82.199997	Mammutidae	0.0603221302295523	0.07035
Mammut	0.126	0.0117	42.496944	-83.64389	Mammutidae	0.012777515716193849	0.07035
Mammut	0.126	0.0117	32.0	-81.099998	Mammutidae	0.06301246334230517	0.07035
Mammut	4.9	2.5	43.613739	-116.237651	Mammutidae	2.5567443612905287	2.19
Mammut	0.126	0.0117	46.200001	-60.799999	Mammutidae	0.10459791463872617	0.07035
Mammut	0.126	0.0117	29.799999	-82.099998	Mammutidae	0.052961404209073235	0.07035
Mammut	4.9	1.8	29.0	-82.68	Mammutidae	4.614412078888359	4.4665
Mammut	2.5	1.9	39.160833	-119.753889	Mammutidae	2.411753471432556	2.19
Mammut	0.126	0.0117	42.993057	-83.291389	Mammutidae	0.11934361551559225	0.07035
Mammut	0.126	0.0117	42.751389	-84.33805799999998	Mammutidae	0.12522911847725088	0.07035
Mammut	1.8	0.3	27.700001	-82.5	Mammutidae	0.6350156468365931	0.4515
Mammut	0.126	0.0117	42.548611	-84.249725	Mammutidae	0.12091692651157587	0.07035
Mammut	1.8	0.3	27.9	-81.800003	Mammutidae	0.3776440750254121	0.4515
Mammut	0.126	0.0117	42.835835	-85.02471899999998	Mammutidae	0.09576732258138963	0.07035
Mammut	1.8	0.3	40.200001	-75.300003	Mammutidae	1.4083895799523036	1.287
Mammut	0.3	0.012	29.1	-82.300003	Mammutidae	0.08005689170101098	0.07035
Mammut	1.8	0.3	29.700001	-82.599998	Mammutidae	0.9289503740151002	1.287
Mammut	0.126	0.0117	42.296391	-85.386108	Mammutidae	0.10840396422461344	0.07035
Mammut	4.9	2.5	47.0425	-122.893056	Mammutidae	4.780329659463073	4.4665
Mammut	1.8	0.3	42.0	-96.0	Mammutidae	0.4989694344653165	0.4515
Mammut	0.126	0.0117	41.86277800000001	-84.324448	Mammutidae	0.0936261819847481	0.07035
Mammut	2.5	1.9	43.613739	-116.237651	Mammutidae	2.4212147685194463	2.19
Mammut	0.126	0.0117	42.799999	-112.900002	Mammutidae	0.04024143850835001	0.07035
Mammut	0.126	0.0117	43.502499	-84.736946	Mammutidae	0.08691276792631293	0.07035
Mammut	0.126	0.0117	41.906666	-86.465553	Mammutidae	0.049474899103569725	0.07035
Mammut	0.126	0.0117	42.285831	-84.922501	Mammutidae	0.05823332921494113	0.07035
Mammut	0.126	0.0117	39.0	-74.5	Mammutidae	0.1038552960362791	0.07035
Mammut	0.126	0.0117	43.028057	-82.431664	Mammutidae	0.05028661146088217	0.07035
Mammut	0.126	0.0117	41.934166	-85.302223	Mammutidae	0.03158749682185332	0.07035
Mammut	0.126	0.0117	43.320557	-83.089996	Mammutidae	0.1080961317900468	0.07035
Mammut	0.126	0.0117	26.700001	-80.166664	Mammutidae	0.0910441273552073	0.07035
Mammut	1.8	0.3	27.830278000000003	-80.811386	Mammutidae	1.2512801066328454	1.287
Mammut	0.126	0.0117	43.493889	-83.10028100000002	Mammutidae	0.06763782138713133	0.07035
Mammut	0.126	0.0117	43.275555	-82.62110899999998	Mammutidae	0.06257407022394015	0.07035
Mammut	0.126	0.0117	42.997223	-82.430832	Mammutidae	0.10761402820148663	0.07035
Mammut	0.126	0.0117	43.18639	-82.861664	Mammutidae	0.09599139494004807	0.07035
Mammut	0.126	0.0117	42.829723	-84.032501	Mammutidae	0.1043645023185462	0.07035
Mammut	0.126	0.0117	39.583332	-74.0	Mammutidae	0.12076613385609596	0.07035
Mammut	0.126	0.0117	42.990276	-84.176941	Mammutidae	0.03412062600774271	0.07035
Mammut	0.126	0.0117	42.7225	-83.987778	Mammutidae	0.02104544844701749	0.07035
Mammut	0.126	0.0117	43.093613	-84.23583199999999	Mammutidae	0.02709688893513481	0.07035
Mammut	0.126	0.0117	39.666668	-73.833336	Mammutidae	0.09079987654774767	0.07035
Mammut	0.126	0.0117	43.079723	-84.059998	Mammutidae	0.1066057630655724	0.07035
Mammut	2.5	1.9	28.133333	-81.63166700000002	Mammutidae	2.3378376991038423	2.19
Mammut	0.126	0.0117	42.897499	-82.52889300000002	Mammutidae	0.039578327203389455	0.07035
Mammut	0.126	0.0117	43.296944	-84.140556	Mammutidae	0.05060835322626775	0.07035
Mammut	0.126	0.0117	43.503334	-84.140282	Mammutidae	0.08714488471986465	0.07035
Mammut	0.126	0.0117	42.540001	-83.176109	Mammutidae	0.10230724514106304	0.07035
Mammut	0.126	0.0117	42.700001	-83.28166999999998	Mammutidae	0.11478425285965313	0.07035
Mammut	0.126	0.0117	29.407499	-82.476387	Mammutidae	0.12174301977832827	0.07035
Mammut	0.126	0.0117	42.670834	-83.266388	Mammutidae	0.03837173741384283	0.07035
Mammut	0.126	0.0117	42.806667	-83.618332	Mammutidae	0.03582074110044866	0.07035
Mammut	0.126	0.0117	43.851112	-85.453331	Mammutidae	0.08327497645963984	0.07035
Mammut	0.126	0.0117	42.776112	-86.009171	Mammutidae	0.031349311205435194	0.07035
Mammut	1.9	0.85	28.133333	-81.63166700000002	Mammutidae	1.3867734150118476	1.287
Mammut	0.126	0.0117	42.979443	-85.97416700000002	Mammutidae	0.019252567620299504	0.07035
Mammut	0.126	0.0117	43.207779	-84.356392	Mammutidae	0.020240419857140896	0.07035
Mammut	0.126	0.0117	43.174168	-84.322502	Mammutidae	0.06086050568103545	0.07035
Mammut	0.126	0.0117	43.195278	-84.11972	Mammutidae	0.06183655553114381	0.07035
Mammut	0.126	0.0117	43.257221	-83.705833	Mammutidae	0.03590283794261706	0.07035
Mammut	0.126	0.0117	43.228333	-83.784447	Mammutidae	0.055310825033198126	0.07035
Mammut	0.126	0.0117	43.31472	-83.88472	Mammutidae	0.07479351993539961	0.07035
Mammut	0.126	0.0117	43.517776	-84.139999	Mammutidae	0.055467571452249134	0.07035
Mammut	0.126	0.0117	29.85	-82.599998	Mammutidae	0.10013308088492433	0.07035
Mammut	0.126	0.0117	43.501389	-83.611946	Mammutidae	0.08098070824723275	0.07035
Mammut	0.126	0.0117	43.53527800000001	-83.18111400000002	Mammutidae	0.05735489160799371	0.07035
Mammut	0.126	0.0117	43.636112	-83.224998	Mammutidae	0.10297299331551353	0.07035
Mammut	0.126	0.0117	42.251945	-85.833885	Mammutidae	0.02185295826236505	0.07035
Mammut	0.126	0.0117	39.75	-73.5	Mammutidae	0.12385794103779592	0.07035
Mammut	0.126	0.0117	39.766666	-73.933334	Mammutidae	0.09705252234203014	0.07035
Mammut	2.588	0.0117	32.559166	-80.292503	Mammutidae	0.1057738129598083	0.07035
Mammut	0.126	0.0117	39.833332	-73.25	Mammutidae	0.01698104336715871	0.07035
Mammut	0.126	0.0117	39.833332	-73.083336	Mammutidae	0.10353573988998334	0.07035
Mammut	2.588	0.0117	35.341389	-120.161942	Mammutidae	1.8227574436015552	2.19
Mammut	2.588	0.0117	35.36055800000001	-120.806946	Mammutidae	2.025980253918867	2.19
Mammut	0.126	0.0117	40.0	-74.0	Mammutidae	0.026782332981840948	0.07035
Mammut	0.126	0.0117	40.266666	-73.900002	Mammutidae	0.11036222803240656	0.07035
Mammut	0.126	0.0117	41.533333	-66.183334	Mammutidae	0.12101088890475635	0.07035
Mammut	0.126	0.0117	41.683334	-66.050003	Mammutidae	0.07978633197638621	0.07035
Mammut	2.588	0.0117	37.313332	-80.676941	Mammutidae	2.140187842720045	2.19
Mammut	0.126	0.0117	69.566666	-138.916672	Mammutidae	0.01573985196284619	0.07035
Mammut	0.126	0.0117	40.784	-122.281998	Mammutidae	0.10249033412361404	0.07035
Mammut	0.126	0.0117	36.768333	-76.287498	Mammutidae	0.07078995254160532	0.07035
Mammut	0.126	0.0117	40.166668	-73.333336	Mammutidae	0.057730383357726935	0.07035
Mammut	0.126	0.0117	40.0	-73.0	Mammutidae	0.09071189835519984	0.07035
Mammut	0.126	0.0117	39.716667	-73.199997	Mammutidae	0.05517307140370007	0.07035
Mammut	0.126	0.0117	42.571667	-83.22139	Mammutidae	0.09467825362501264	0.07035
Mammut	0.126	0.0117	39.700001	-72.783333	Mammutidae	0.0527251174035403	0.07035
Mammut	0.126	0.0117	42.885277	-85.447502	Mammutidae	0.07468204115137846	0.07035
Mammut	0.126	0.0117	42.164165	-85.86972	Mammutidae	0.041911730493279856	0.07035
Mammut	0.126	0.0117	42.248611	-86.239998	Mammutidae	0.0191005474725775	0.07035
Mammut	0.126	0.0117	42.371387	-86.127502	Mammutidae	0.08854858894740003	0.07035
Mammut	0.126	0.0117	42.231945	-83.96416500000002	Mammutidae	0.08901149348805497	0.07035
Mammut	0.126	0.0117	27.638332	-80.397499	Mammutidae	0.052011732054899805	0.07035
Mammut	0.126	0.0117	42.218887	-83.865829	Mammutidae	0.02847239738920112	0.07035
Mammut	0.126	0.0117	42.205833	-83.806946	Mammutidae	0.0332850147627101	0.07035
Mammut	0.126	0.0117	42.176945	-83.786392	Mammutidae	0.11029622706774578	0.07035
Mammut	0.126	0.0117	42.147778	-83.78583499999998	Mammutidae	0.1228597227558858	0.07035
Mammut	0.126	0.0117	42.131668	-83.863892	Mammutidae	0.047471812878880304	0.07035
Mammut	0.126	0.0117	42.117222	-83.882225	Mammutidae	0.06496331791071461	0.07035
Mammut	0.126	0.0117	42.088612	-83.842781	Mammutidae	0.05649957731126619	0.07035
Mammut	0.126	0.0117	42.10611	-83.628334	Mammutidae	0.042819256422043546	0.07035
Mammut	0.126	0.0117	42.206669	-83.180557	Mammutidae	0.014301136051653226	0.07035
Mammut	0.126	0.0117	42.162777	-83.197777	Mammutidae	0.020421795837068792	0.07035
Mammut	0.126	0.0117	42.103333	-83.23305500000002	Mammutidae	0.09245049432524276	0.07035
Mammut	0.126	0.0117	42.201111	-83.780556	Mammutidae	0.05057111145435507	0.07035
Mammut	0.126	0.0117	42.640556	-83.209999	Mammutidae	0.07537856627020642	0.07035
Mammut	0.126	0.0117	41.805279	-86.387497	Mammutidae	0.01397634987252732	0.07035
Mammut	0.126	0.0117	43.532501	-86.029724	Mammutidae	0.11013779234356204	0.07035
Mammut	0.126	0.0117	43.257221	-85.97805799999998	Mammutidae	0.07574603899092275	0.07035
Mammut	0.126	0.0117	43.386391	-84.83555600000003	Mammutidae	0.04026130574890815	0.07035
Mammut	0.126	0.0117	41.920277	-84.41055300000002	Mammutidae	0.03003197994531068	0.07035
Mammut	0.126	0.0117	41.890835	-84.796669	Mammutidae	0.1016981411821564	0.07035
Mammut	0.126	0.0117	43.814445	-83.398888	Mammutidae	0.024867617927532996	0.07035
Mammut	0.126	0.0117	42.661388	-84.110275	Mammutidae	0.0997640900386268	0.07035
Mammut	0.126	0.0117	42.313332	-84.33889	Mammutidae	0.10435473285122156	0.07035
Mammut	0.126	0.0117	42.277779	-84.414169	Mammutidae	0.040935718420613235	0.07035
Mammut	0.126	0.0117	43.415558	-84.77666500000002	Mammutidae	0.03164426109059498	0.07035
Mammut	0.126	0.0117	42.211109	-84.41333	Mammutidae	0.045256815290576256	0.07035
Mammut	0.126	0.0117	42.35472100000001	-85.406113	Mammutidae	0.12259482605487206	0.07035
Mammut	0.126	0.0117	42.325832	-85.307503	Mammutidae	0.058648829637910876	0.07035
Mammut	0.126	0.0117	42.325279	-85.580276	Mammutidae	0.07687906612990021	0.07035
Mammut	0.126	0.0117	42.275002	-85.54361	Mammutidae	0.04843200672898339	0.07035
Mammut	0.126	0.0117	42.834721	-85.340553	Mammutidae	0.10809322621076084	0.07035
Mammut	0.126	0.0117	42.775555	-85.712776	Mammutidae	0.09315997902274667	0.07035
Mammut	0.126	0.0117	38.332222	-79.570274	Mammutidae	0.0938076045884826	0.07035
Mammut	0.126	0.0117	42.225555	-84.432777	Mammutidae	0.12454035727018342	0.07035
Mammut	0.126	0.0117	43.371666	-84.65666999999998	Mammutidae	0.03697772270299583	0.07035
Mammut	0.126	0.0117	43.371666	-84.56055500000002	Mammutidae	0.05743290990188321	0.07035
Mammut	0.126	0.0117	43.882221	-84.484718	Mammutidae	0.1037100036216856	0.07035
Mammut	0.126	0.0117	41.790833	-86.44583100000001	Mammutidae	0.08716240749382627	0.07035
Mammut	0.126	0.0117	41.805832	-86.581108	Mammutidae	0.10065521231736003	0.07035
Mammut	0.126	0.0117	42.17889	-85.907219	Mammutidae	0.06861260003020968	0.07035
Mammut	0.126	0.0117	41.948891	-84.874443	Mammutidae	0.024668546627270967	0.07035
Mammut	0.126	0.0117	41.890835	-84.912224	Mammutidae	0.06602105682833255	0.07035
Mammut	0.126	0.0117	43.023335	-84.513611	Mammutidae	0.1031587995427944	0.07035
Mammut	0.126	0.0117	42.42889	-84.78694200000002	Mammutidae	0.05736437316235979	0.07035
Mammut	0.126	0.0117	42.487499	-84.865829	Mammutidae	0.02090126529511275	0.07035
Mammut	0.126	0.0117	42.501945	-85.04361	Mammutidae	0.0629012795498183	0.07035
Mammut	0.126	0.0117	42.719166	-84.671944	Mammutidae	0.12380775150635688	0.07035
Mammut	0.126	0.0117	42.763058	-84.926109	Mammutidae	0.018077743990179	0.07035
Mammut	0.126	0.0117	43.041668	-83.528336	Mammutidae	0.0780993417065004	0.07035
Mammut	0.126	0.0117	43.081944	-83.823334	Mammutidae	0.09378395341055304	0.07035
Mammut	0.126	0.0117	39.0	-74.25	Mammutidae	0.06869947342905676	0.07035
Mammut	0.126	0.0117	43.056389	-83.50833100000001	Mammutidae	0.04693248744211252	0.07035
Mammut	0.126	0.0117	36.9575	-81.769165	Mammutidae	0.06853048039379196	0.07035
Mammut	0.126	0.0117	43.099998	-83.508888	Mammutidae	0.04698243566631655	0.07035
Mammut	0.126	0.0117	42.876389	-85.635559	Mammutidae	0.017371043172374638	0.07035
Mammut	0.126	0.0	36.882221	-81.55860899999998	Mammutidae	0.002520557062718725	0.0021
Mammut	2.588	0.0117	32.093887	-84.67472099999998	Mammutidae	2.176174045959858	2.19
Mammut	0.0117	0.0	38.898609	-78.137497	Mammutidae	0.007628418314779359	0.006200000000000001
Mammut	0.126	0.0117	42.451111	-83.715836	Mammutidae	0.0583428824999662	0.07035
Mammut	0.126	0.0117	42.59111	-83.96221899999998	Mammutidae	0.09132274106379228	0.07035
Mammut	0.126	0.0117	42.651112	-83.964722	Mammutidae	0.0682872760158135	0.07035
Mammut	0.126	0.0117	42.715832	-83.73333000000002	Mammutidae	0.12317191636761014	0.07035
Mammut	0.126	0.0117	42.745277	-83.734718	Mammutidae	0.11352385501885842	0.07035
Mammut	0.126	0.0117	42.660557	-84.073059	Mammutidae	0.10573663546402204	0.07035
Mammut	0.126	0.0117	42.546944	-82.91999799999998	Mammutidae	0.038248916082016686	0.07035
Mammut	0.126	0.0117	42.631668	-83.081947	Mammutidae	0.04338209548470207	0.07035
Mammut	0.126	0.0117	42.761665	-82.90139	Mammutidae	0.04925410695928786	0.07035
Mammut	0.126	0.0117	43.633888	-84.236946	Mammutidae	0.11963818125672285	0.07035
Mammut	2.588	0.0117	37.90472000000001	-82.445557	Mammutidae	0.11869160215264835	0.07035
Mammut	0.126	0.0117	43.619446	-84.218056	Mammutidae	0.06139292873071817	0.07035
Mammut	0.126	0.0117	27.17	-81.900002	Mammutidae	0.07842465115229867	0.07035
Mammut	0.126	0.0117	42.08139	-83.580833	Mammutidae	0.09568559729506756	0.07035
Mammut	0.126	0.0117	41.901112	-83.714996	Mammutidae	0.02969491430692535	0.07035
Mammut	0.126	0.0117	43.2925	-85.08139	Mammutidae	0.08485238438178015	0.07035
Mammut	0.126	0.0117	43.131943	-86.154724	Mammutidae	0.08742291734218349	0.07035
Mammut	0.126	0.0117	29.950001	-82.788002	Mammutidae	0.0876639158012055	0.07035
Mammut	0.126	0.0117	43.55027800000001	-85.77194200000002	Mammutidae	0.03962936516589317	0.07035
Mammut	0.126	0.0117	42.495277	-83.698608	Mammutidae	0.020254641342565844	0.07035
Mammut	0.126	0.0117	39.5	-72.5	Mammutidae	0.10535958485876266	0.07035
Mammut	2.588	0.0117	28.126944	-97.427498	Mammutidae	1.1043550031902254	1.287
Mammut	0.126	0.0117	37.23555800000001	-76.625557	Mammutidae	0.11650724007370085	0.07035
Mammut	0.126	0.0117	43.025002	-85.666664	Mammutidae	0.08769915406372031	0.07035
Mammut	0.126	0.0117	42.91777800000001	-83.407501	Mammutidae	0.0903419592279307	0.07035
Mammut	0.126	0.0117	42.888611	-83.406387	Mammutidae	0.0807525871805398	0.07035
Mammut	0.126	0.0117	43.022778	-83.25389100000002	Mammutidae	0.0490858265631862	0.07035
Mammut	0.126	0.0117	43.31472	-83.17916899999999	Mammutidae	0.07620700301341511	0.07035
Mammut	0.126	0.0117	41.999443	-83.95472	Mammutidae	0.11216442665674922	0.07035
Mammut	0.126	0.0117	42.044445	-83.879166	Mammutidae	0.027321751458882784	0.07035
Mammut	0.126	0.0117	41.878887	-84.227776	Mammutidae	0.027819862704936242	0.07035
Mammut	0.126	0.0117	41.89389	-84.03389	Mammutidae	0.12598629929291574	0.07035
Mammut	0.126	0.0117	41.787498	-84.176666	Mammutidae	0.0994575889330059	0.07035
Mammut	0.126	0.0117	25.700001	-80.400002	Mammutidae	0.033002394216352836	0.07035
Mammut	0.126	0.0117	27.799999	-82.699997	Mammutidae	0.06107321059313155	0.07035
Mammut	0.126	0.0117	28.083332	-80.599998	Mammutidae	0.12291323913719768	0.07035
Mammut	0.126	0.0117	41.734444	-84.08667	Mammutidae	0.08551065196586093	0.07035
Mammut	2.588	0.0117	41.047501	-75.110001	Mammutidae	1.4973534106931887	1.287
Mammut	0.126	0.0117	42.43222	-83.91583299999998	Mammutidae	0.057522631494232576	0.07035
Mammut	1.9	0.85	28.133333	-81.63166700000002	Mammutidae	1.008121067447557	1.287
Mammut	1.8	0.3	33.900002	-117.0	Mammutidae	0.6781949184657474	0.4515
Mammut	2.5	1.9	28.133333	-81.63166700000002	Mammutidae	2.433443849568264	2.19
Mammut	0.126	0.0117	36.716946	-81.762497	Mammutidae	0.09168577839581027	0.07035
Mammut	4.9	1.8	35.299999	-118.5	Mammutidae	3.4587966310504283	3.09
Mammut	0.126	0.0117	40.427223	-78.388885	Mammutidae	0.09143393108156496	0.07035
Mammut	0.126	0.0117	29.583332	-98.400002	Mammutidae	0.10772135058770267	0.07035
Mammut	0.126	0.0117	35.516666	-89.933334	Mammutidae	0.01914345600742096	0.07035
Mammut	0.126	0.0117	40.808334	-82.966667	Mammutidae	0.07312108698516588	0.07035
Mammut	0.126	0.0117	32.216667	-80.76666999999998	Mammutidae	0.06702437036503145	0.07035
Mammut	0.126	0.0117	32.700001	-80.13333100000001	Mammutidae	0.0810935003715508	0.07035
Mammut	2.588	0.0117	37.566666	-101.783333	Mammutidae	0.9644546631180512	1.287
Mammut	2.588	0.0117	31.221111	-81.50389100000002	Mammutidae	0.6499825070225175	0.4515
Mammut	2.588	0.0117	36.150002	-84.099998	Mammutidae	0.1357183359102324	0.4515
Mammut	2.588	0.0117	35.966667	-83.916664	Mammutidae	0.7147441030134674	0.4515
Mammut	2.588	0.0117	36.133331	-83.5	Mammutidae	0.18488249265491769	0.4515
Mammut	2.588	0.0117	36.433334	-82.949997	Mammutidae	0.9527823663963992	1.287
Mammut	2.588	0.0117	36.549999	-82.566666	Mammutidae	0.1457241727205029	0.4515
Mammut	0.126	0.0117	41.266666	-85.86666899999999	Mammutidae	0.07508385891115535	0.07035
Mammut	0.126	0.0117	32.956112	-80.15666999999998	Mammutidae	0.043104350878553806	0.07035
Mammut	2.588	0.0117	32.365555	-87.303329	Mammutidae	1.1054955793393073	1.287
Mammut	2.588	0.0117	45.056389	-92.806114	Mammutidae	1.02004584272469	1.287
Mammut	0.126	0.0117	37.793331	-79.993889	Mammutidae	0.0402362304231693	0.07035
Mammut	2.588	0.0117	44.093056	-93.237778	Mammutidae	1.5523656742420753	1.287
Mammut	0.126	0.0117	38.900002	-90.166664	Mammutidae	0.08723287252999705	0.07035
Mammut	0.126	0.0	35.258331	-106.400002	Mammutidae	0.09128355167361424	0.07035
Mammut	0.126	0.0117	37.290398	-77.303368	Mammutidae	0.04027084653228923	0.07035
Mammut	4.9	1.8	37.200001	-100.300003	Mammutidae	4.608362178050808	4.4665
Mammut	2.588	0.0117	31.191944	-81.540001	Mammutidae	1.0468561761849744	1.287
Mammut	4.9	1.8	37.099998	-100.900002	Mammutidae	3.742187970280879	4.4665
Mammut	0.126	0.0117	30.265278	-98.255836	Mammutidae	0.07889296409059639	0.07035
Mammut	0.126	0.0117	38.366669	-90.366669	Mammutidae	0.09321828916942182	0.07035
Mammut	0.126	0.0117	32.714721999999995	-96.707497	Mammutidae	0.026694084133097432	0.07035
Mammut	0.126	0.0117	48.049999	-123.116669	Mammutidae	0.043577038943316514	0.07035
Mammut	2.588	0.0117	30.566668	-96.416664	Mammutidae	0.8352908059587141	1.287
Mammut	0.126	0.0117	37.766666	-97.400002	Mammutidae	0.03290754878058885	0.07035
Mammut	2.588	0.0117	32.523335	-87.881668	Mammutidae	0.33942678756710243	0.4515
Mammut	0.126	0.0117	32.116669	-103.199997	Mammutidae	0.021584945092408242	0.07035
Mammut	0.126	0.0117	33.895278999999995	-117.987503	Mammutidae	0.10630514087139972	0.07035
Mammut	2.588	0.0117	39.066666	-95.666664	Mammutidae	1.2363567047124402	1.287
Mammut	0.126	0.0117	29.2075	-81.003334	Mammutidae	0.12084907508935055	0.07035
Mammut	4.9	1.8	36.099998	-117.900002	Mammutidae	4.533953402523273	4.4665
Mammut	1.9	0.85	28.133333	-81.63166700000002	Mammutidae	1.206311462635088	1.287
Mammut	1.9	0.85	28.133333	-81.63166700000002	Mammutidae	1.76556019784659	1.287
Mammut	5.9	4.7	27.7991	-81.8669	Mammutidae	5.588461937239251	6.2895
Mammut	5.9	4.7	27.7057	-81.8633	Mammutidae	5.438937559258648	6.2895
Mammut	5.9	4.7	27.583879999999997	-81.9311	Mammutidae	5.643237347555375	6.2895
Mammut	5.9	4.7	27.6752	-81.9245	Mammutidae	5.437188234999363	6.2895
Mammut	4.9	1.8	36.099998	-120.400002	Mammutidae	3.673628786574528	4.4665
Mammut	13.82	11.62	27.9	-81.800003	Mammutidae	13.66295310022906	12.725000000000001
Mammut	5.9	4.9	28.18222	-81.82417	Mammutidae	5.844565254442222	6.2895
Mammut	7.6	6.8	42.198056	-103.780833	Mammutidae	6.819227598903301	6.2895
Mammut	5.9	4.7	27.7276	-81.9326	Mammutidae	5.276398884170272	4.4665
Mammut	5.9	4.7	27.7391	-81.9871	Mammutidae	5.445955571030517	6.2895
Mammut	7.5	6.7	42.198056	-103.7808	Mammutidae	6.876292664044755	6.2895
Mammut	7.5	6.7	42.184722	-103.7653	Mammutidae	7.226611360873172	6.2895
Mammut	4.9	1.8	33.099998	-107.300003	Mammutidae	3.756568351758517	4.4665
Mammut	4.9	2.5	35.66722199999999	-105.964444	Mammutidae	3.248227330544542	3.09
