species	max_age	min_age	lat	lon	family	mean_age	rounded_ages
Mustela	0.126	0.0117	37.020557	-82.02417	Mustelidae	0.08760436228640475	0.07035
Mustela	0.0117	0.0	43.806885	-70.033089	Mustelidae	0.0031253237186315962	0.0021
Mustela	0.126	0.0117	38.357777	-79.083054	Mustelidae	0.08061012646838371	0.07035
Mustela	0.126	0.0117	42.783333	-105.683334	Mustelidae	0.0797578360248952	0.07035
Mustela	1.8	0.3	39.0	-114.099998	Mustelidae	1.7467547495077442	1.287
Mustela	0.126	0.0117	40.974998	-83.449997	Mustelidae	0.09842104480774704	0.07035
Mustela	0.126	0.0117	40.784	-122.281998	Mustelidae	0.01799618809215755	0.07035
Mustela	0.126	0.0117	44.983334	-108.199997	Mustelidae	0.11666827605791312	0.07035
Mustela	0.126	0.0117	38.833332	-79.283333	Mustelidae	0.11668050462655352	0.07035
Mustela	0.126	0.0117	40.916668	-122.23333	Mustelidae	0.07610093798558515	0.07035
Mustela	0.126	0.0	38.950001	-114.01667	Mustelidae	0.11627765585407035	0.07035
Mustela	0.126	0.0117	38.086109	-79.656944	Mustelidae	0.022158810273411742	0.07035
Mustela	0.126	0.0	38.950001	-114.01667	Mustelidae	0.09274380361077306	0.07035
Mustela	2.588	0.0117	37.543331	-80.398888	Mustelidae	0.4907201583934345	0.4515
Mustela	0.126	0.0	36.654446	-82.49166899999999	Mustelidae	0.08804285549132061	0.07035
Mustela	0.126	0.0117	42.783333	-105.683334	Mustelidae	0.05888004418803763	0.07035
Mustela	0.126	0.0117	50.183334	-114.51667	Mustelidae	0.016133651526763444	0.07035
Mustela	0.126	0.0117	38.602779	-79.368889	Mustelidae	0.05996400993566992	0.07035
Mustela	1.8	0.3	39.299999	-105.699997	Mustelidae	0.726516055534365	0.4515
Mustela	1.8	0.3	36.5	-107.0	Mustelidae	0.7475794527519685	0.4515
Mustela	1.8	0.3	39.299999	-105.699997	Mustelidae	0.6801101660599143	0.4515
Mustela	1.8	0.3	37.200001	-100.300003	Mustelidae	0.3229413270016108	0.4515
Mustela	1.8	0.3	36.0	-93.199997	Mustelidae	1.5130891122084502	1.287
Mustela	0.3	0.012	43.049999	-82.61666899999999	Mustelidae	0.16615993002492505	0.4515
Mustela	0.126	0.0117	38.086109	-79.656944	Mustelidae	0.047957658211709706	0.07035
Mustela	0.126	0.0117	50.183334	-114.51667	Mustelidae	0.08075756008717122	0.07035
Mustela	0.126	0.0117	40.900002	-111.199997	Mustelidae	0.06926788099347747	0.07035
Mustela	0.126	0.0	38.950001	-114.01667	Mustelidae	0.0933219717476526	0.07035
Mustela	0.126	0.0117	40.974998	-83.449997	Mustelidae	0.11936535744198208	0.07035
Mustela	0.126	0.0117	37.097298	-81.33609799999998	Mustelidae	0.020217088675471742	0.07035
Mustela	0.126	0.0117	38.483334	-107.150002	Mustelidae	0.053991843480376674	0.07035
Mustela	0.126	0.0117	40.784	-122.281998	Mustelidae	0.09462919743371208	0.07035
Mustela	0.126	0.0	39.483334	-114.033333	Mustelidae	0.054665002283806816	0.07035
Mustela	0.126	0.0117	32.366669	-104.449997	Mustelidae	0.0892115724120359	0.07035
Mustela	1.8	0.3	39.299999	-105.699997	Mustelidae	1.0042335954799348	1.287
Mustela	1.8	0.3	31.700001	-110.800003	Mustelidae	1.4202517677985098	1.287
Mustela	2.5	1.9	39.055833	-95.689444	Mustelidae	2.2783980933021013	2.19
Mustela	0.126	0.0117	50.183334	-114.51667	Mustelidae	0.10994093312264293	0.07035
Mustela	0.126	0.0117	29.6	-82.416664	Mustelidae	0.05079230507642592	0.07035
Mustela	0.126	0.0117	29.407499	-82.476387	Mustelidae	0.06116300519184695	0.07035
Mustela	0.0117	0.0	38.628056	-78.41471899999998	Mustelidae	0.004829161802227956	0.006200000000000001
Mustela	1.8	0.3	37.044701	-100.477097	Mustelidae	1.220117495000974	1.287
Mustela	0.126	0.0	38.950001	-114.01667	Mustelidae	0.0007593761586928205	0.0021
Mustela	4.9	1.8	37.200001	-100.300003	Mustelidae	3.243135215675381	3.09
Mustela	1.8	0.3	27.700001	-82.5	Mustelidae	1.5507462343947365	1.287
Mustela	0.126	0.0117	29.799999	-82.099998	Mustelidae	0.07288834420405774	0.07035
Mustela	0.126	0.0117	38.086109	-79.656944	Mustelidae	0.08077760606488994	0.07035
Mustela	0.126	0.0117	38.357777	-79.083054	Mustelidae	0.10658735946923306	0.07035
Mustela	1.8	0.3	40.200001	-98.099998	Mustelidae	0.7770939373840137	1.287
Mustela	0.126	0.0	37.616669	-91.833336	Mustelidae	0.034248865851665075	0.07035
Mustela	0.126	0.0117	40.916668	-122.23333	Mustelidae	0.053631309913289696	0.07035
Mustela	1.8	0.3	32.900002	-117.099998	Mustelidae	1.0426924442615724	1.287
Mustela	0.126	0.0117	46.200001	-112.76667	Mustelidae	0.0547251620492045	0.07035
Mustela	1.8	0.3	36.0	-93.199997	Mustelidae	1.5677681789144058	1.287
Mustela	1.8	0.3	39.299999	-105.699997	Mustelidae	1.7159433596181222	1.287
Mustela	1.8	0.3	32.900002	-117.099998	Mustelidae	0.6290067359987447	0.4515
Mustela	2.588	0.0117	34.200001	-84.800003	Mustelidae	0.4095948371972815	0.4515
Mustela	1.8	0.3	38.700001	-79.300003	Mustelidae	0.9848372574286696	1.287
Mustela	2.588	0.7809999999999999	62.766666	-137.383331	Mustelidae	2.282025023730144	2.19
Mustela	4.9	1.8	37.133331	-100.48333	Mustelidae	4.406691505819807	4.4665
Mustela	4.9	2.5	39.055833	-95.689444	Mustelidae	3.3759279208728445	3.09
Mustela	0.126	0.0	38.950001	-114.01667	Mustelidae	0.07002143347940849	0.07035
Mustela	0.126	0.0117	34.883331	-106.883331	Mustelidae	0.10149086494304246	0.07035
Mustela	0.126	0.0117	32.349998	-104.783333	Mustelidae	0.07160540927144457	0.07035
Mustela	1.8	0.3	39.299999	-105.699997	Mustelidae	1.1842370930601087	1.287
Mustela	0.126	0.0	27.0	-104.800003	Mustelidae	0.04712213812842525	0.07035
Mustela	1.8	0.3	39.299999	-105.699997	Mustelidae	0.7196248622292999	0.4515
Mustela	0.126	0.0117	50.099998	-110.699997	Mustelidae	0.024595104732417376	0.07035
Mustela	1.8	0.3	39.0	-114.099998	Mustelidae	1.7939634688137711	1.287
Mustela	0.126	0.0117	42.783333	-105.683334	Mustelidae	0.07005495897510823	0.07035
Mustela	1.8	0.3	40.5	-98.099998	Mustelidae	0.5120373984183992	0.4515
Mustela	1.8	0.3	39.299999	-105.699997	Mustelidae	1.6348670281584023	1.287
Mustela	0.126	0.0117	50.183334	-114.51667	Mustelidae	0.02578710851402911	0.07035
Mustela	0.126	0.0	37.98722100000001	-79.830833	Mustelidae	0.1231574879755826	0.07035
Mustela	1.8	0.3	38.700001	-79.300003	Mustelidae	1.1778923779734338	1.287
Mustela	0.126	0.0117	37.097298	-81.33609799999998	Mustelidae	0.11148355477524496	0.07035
Mustela	0.126	0.0117	38.086109	-79.656944	Mustelidae	0.11048405875291033	0.07035
Mustela	0.126	0.0	38.950001	-114.01667	Mustelidae	0.02568015962481392	0.07035
Mustela	1.8	0.3	39.0	-114.099998	Mustelidae	1.7292449141077093	1.287
Mustela	0.126	0.0117	50.183334	-114.51667	Mustelidae	0.016129871559047985	0.07035
Mustela	0.126	0.0117	38.357777	-79.083054	Mustelidae	0.0984058386573572	0.07035
Mustela	2.588	0.0	37.938889	-80.395836	Mustelidae	0.2571325539071754	0.4515
Mustela	0.126	0.0	37.952778	-79.76722	Mustelidae	0.10798118891342942	0.07035
Mustela	0.126	0.0117	38.602779	-79.368889	Mustelidae	0.09336904704166392	0.07035
Mustela	2.5	0.85	44.5	-100.0	Mustelidae	2.419159577602757	2.19
Mustela	4.9	2.5	47.0425	-122.893056	Mustelidae	3.6597881796620015	4.4665
Mustela	4.9	1.8	42.799999	-114.900002	Mustelidae	2.7337200643332307	3.09
Mustela	4.9	2.5	32.518611	-96.380833	Mustelidae	4.2991715463002125	4.4665
Mustela	4.9	1.8	47.0	-118.5	Mustelidae	4.660359926167066	4.4665
Mustela	4.9	1.8	42.799999	-114.900002	Mustelidae	2.753699994462365	3.09
Mustela	5.9	4.9	42.81583300000001	-97.725278	Mustelidae	5.171048609855703	4.4665
Mustela	4.9	1.8	42.799999	-114.900002	Mustelidae	2.6807768717170304	3.09
Mustela	4.9	1.8	37.200001	-100.300003	Mustelidae	2.4573527730105065	2.19
Mustela	4.9	2.5	43.613739	-116.237651	Mustelidae	4.543578127064457	4.4665
Mustela	4.9	2.5	39.055833	-95.689444	Mustelidae	4.7494848291302585	4.4665
Mustela	4.9	1.8	42.799999	-114.900002	Mustelidae	4.6660186313548015	4.4665
Mustela	4.9	1.8	42.799999	-114.900002	Mustelidae	1.9312546466431808	2.19
Mustela	4.9	1.8	32.716667	-100.916664	Mustelidae	3.8858211809656256	4.4665
Mustela	4.9	2.5	39.055833	-95.689444	Mustelidae	2.6410684155506843	3.09
Mustela	2.5	1.9	39.055833	-95.689444	Mustelidae	2.190456258295208	2.19
Mustela	5.9	5.0	42.821667	-97.85221999999999	Mustelidae	5.260086356254288	4.4665
Mustela	4.9	1.8	39.900002	-97.699997	Mustelidae	2.7681433032339005	3.09
Mustela	0.126	0.0117	38.833332	-79.29583000000002	Mustelidae	0.03216088619494982	0.07035
Mustela	0.126	0.0117	38.086109	-79.656944	Mustelidae	0.02968672410379314	0.07035
Mustela	1.8	0.3	36.0	-93.199997	Mustelidae	0.3022918166604752	0.4515
Mustela	1.8	0.3	37.200001	-100.300003	Mustelidae	0.7288585212882026	0.4515
Mustela	0.126	0.0117	38.602779	-79.368889	Mustelidae	0.04590833008530765	0.07035
Mustela	0.126	0.0	38.950001	-114.01667	Mustelidae	0.08039070904113363	0.07035
Mustela	1.8	0.3	37.200001	-100.300003	Mustelidae	1.4022915963420208	1.287
Mustela	0.0117	0.0	41.700111	-70.299461	Mustelidae	0.0008182341736282787	0.0021
Mustela	0.126	0.0	39.483334	-114.033333	Mustelidae	0.06938485097362898	0.07035
Mustela	1.8	0.3	42.700001	-102.5	Mustelidae	1.1088282343576117	1.287
Mustela	0.126	0.0117	40.900002	-111.199997	Mustelidae	0.10415485994408158	0.07035
Mustela	0.0117	0.0	43.806885	-70.033089	Mustelidae	0.0009364806570240554	0.0021
Mustela	1.8	0.3	39.599998	-78.699997	Mustelidae	0.5954995450964273	0.4515
Mustela	1.8	0.3	39.299999	-105.699997	Mustelidae	1.0962989980998508	1.287
Mustela	0.126	0.0117	38.357777	-79.083054	Mustelidae	0.06839162734141924	0.07035
Mustela	0.126	0.0117	32.714721999999995	-96.707497	Mustelidae	0.0360457398785913	0.07035
Mustela	0.126	0.0117	37.097298	-81.33609799999998	Mustelidae	0.014832786341406303	0.07035
