species	max_age	min_age	lat	lon	family	mean_age	rounded_ages
Neotoma	1.8	0.3	31.700001	-110.800003	Cricetidae	0.7824808035336654	1.287
Neotoma	0.126	0.0117	31.183332	-104.199997	Cricetidae	0.08062974596124267	0.07035
Neotoma	1.8	0.3	31.700001	-110.800003	Cricetidae	1.767222979573486	1.287
Neotoma	0.126	0.0117	34.883331	-106.883331	Cricetidae	0.01341217100316289	0.07035
Neotoma	1.8	0.3	33.700001	-101.900002	Cricetidae	1.6165649676153115	1.287
Neotoma	2.588	0.0	31.883333	-104.883331	Cricetidae	1.9795081031609956	2.19
Neotoma	0.126	0.0	32.549999	-110.650002	Cricetidae	0.10225590663808484	0.07035
Neotoma	0.126	0.0	27.0	-104.800003	Cricetidae	0.0005147486456971331	0.0021
Neotoma	0.126	0.0117	32.366669	-104.449997	Cricetidae	0.07336887894952901	0.07035
Neotoma	0.126	0.0117	31.566668	-108.400002	Cricetidae	0.07693300918357403	0.07035
Neotoma	0.0117	0.0	31.183332	-104.199997	Cricetidae	0.0034543887268475982	0.0021
Neotoma	1.8	0.3	45.433334	-99.866669	Cricetidae	1.6020662058119677	1.287
Neotoma	0.126	0.0117	34.883331	-106.883331	Cricetidae	0.021309830974528158	0.07035
Neotoma	0.0117	0.0	46.666668	-113.099998	Cricetidae	0.0028932940032500077	0.0021
Neotoma	0.126	0.0117	31.566668	-108.400002	Cricetidae	0.06763469085200165	0.07035
Neotoma	0.126	0.0117	32.349998	-104.783333	Cricetidae	0.022117465604266383	0.07035
Neotoma	1.8	0.3	39.299999	-105.699997	Cricetidae	0.3165494376279326	0.4515
Neotoma	1.8	0.3	36.5	-107.0	Cricetidae	0.3642271586499053	0.4515
Neotoma	0.126	0.0117	38.483334	-107.150002	Cricetidae	0.023780219965967644	0.07035
Neotoma	0.126	0.0	39.483334	-114.033333	Cricetidae	0.11733240833840244	0.07035
Neotoma	0.126	0.0117	38.483334	-107.150002	Cricetidae	0.060787305843527366	0.07035
Neotoma	1.8	0.3	39.299999	-105.699997	Cricetidae	1.3508006425898993	1.287
Neotoma	0.126	0.0	27.0	-104.800003	Cricetidae	0.0187059480370954	0.07035
Neotoma	0.126	0.0117	50.183334	-114.51667	Cricetidae	0.02998808287663181	0.07035
Neotoma	4.9	0.3	35.700001	-112.400002	Cricetidae	3.5778178640039964	3.09
Neotoma	1.8	0.3	39.299999	-105.699997	Cricetidae	1.3338857829500577	1.287
Neotoma	0.126	0.0117	40.784	-122.281998	Cricetidae	0.07800232878965586	0.07035
Neotoma	0.126	0.0117	31.566668	-108.400002	Cricetidae	0.0544458982930506	0.07035
Neotoma	0.126	0.0117	32.366669	-104.449997	Cricetidae	0.03980042473696973	0.07035
Neotoma	0.126	0.0117	38.476665	-78.892776	Cricetidae	0.043486434077060064	0.07035
Neotoma	0.126	0.0117	29.799999	-82.099998	Cricetidae	0.062044976328445016	0.07035
Neotoma	0.126	0.0117	38.577221	-79.363609	Cricetidae	0.051856515913074136	0.07035
Neotoma	2.588	0.0117	38.700001	-79.300003	Cricetidae	1.8537037978766608	2.19
Neotoma	0.126	0.0117	39.0	-86.5	Cricetidae	0.11104983885983398	0.07035
Neotoma	1.8	0.3	38.700001	-79.300003	Cricetidae	1.6456989611134354	1.287
Neotoma	0.126	0.0117	28.799999	-82.199997	Cricetidae	0.08088508351484168	0.07035
Neotoma	0.126	0.0117	29.4	-82.599998	Cricetidae	0.102732789940226	0.07035
Neotoma	0.126	0.0117	38.91027800000001	-79.72528100000002	Cricetidae	0.09658035252568167	0.07035
Neotoma	0.126	0.0117	29.6	-82.416664	Cricetidae	0.039189720027549176	0.07035
Neotoma	0.126	0.0117	38.833332	-79.29583000000002	Cricetidae	0.048263207821069166	0.07035
Neotoma	2.588	0.0117	34.200001	-84.800003	Cricetidae	1.5919967826548664	1.287
Neotoma	0.126	0.0	38.337223	-79.430275	Cricetidae	0.11066666414305516	0.07035
Neotoma	0.126	0.0117	29.1	-82.300003	Cricetidae	0.1079867873854175	0.07035
Neotoma	0.0117	0.0	36.080833	-84.227776	Cricetidae	0.0021848967372822907	0.0021
Neotoma	0.126	0.0117	38.357777	-79.083054	Cricetidae	0.04358317713053115	0.07035
Neotoma	0.126	0.0117	38.332222	-79.570274	Cricetidae	0.0944102397379579	0.07035
Neotoma	1.8	0.3	36.799999	-82.800003	Cricetidae	1.7324477584020723	1.287
Neotoma	0.126	0.0	36.780556	-81.92083000000002	Cricetidae	0.1116437731096524	0.07035
Neotoma	1.8	0.3	38.700001	-79.300003	Cricetidae	1.1448377904387994	1.287
Neotoma	0.7809999999999999	0.126	36.88361	-80.916389	Cricetidae	0.5685937464504237	0.4515
Neotoma	0.126	0.0117	34.719722999999995	-87.767776	Cricetidae	0.055102979381025284	0.07035
Neotoma	0.126	0.0117	29.799999	-82.099998	Cricetidae	0.03323521092638782	0.07035
Neotoma	0.126	0.0117	32.714721999999995	-96.707497	Cricetidae	0.0940791524508258	0.07035
Neotoma	0.0117	0.0	36.319443	-83.805	Cricetidae	0.007634149160071223	0.006200000000000001
Neotoma	0.126	0.0	37.952778	-79.76722	Cricetidae	0.11910887560440725	0.07035
Neotoma	0.126	0.0117	31.98333400000001	-81.066666	Cricetidae	0.060126159850462164	0.07035
Neotoma	0.126	0.0117	38.602779	-79.368889	Cricetidae	0.01854573134795594	0.07035
Neotoma	0.126	0.0117	37.097298	-81.33609799999998	Cricetidae	0.024421532873760005	0.07035
Neotoma	0.0117	0.0	36.319443	-83.805	Cricetidae	0.00220532089034104	0.0021
Neotoma	0.126	0.0117	38.086109	-79.656944	Cricetidae	0.02257796791704262	0.07035
Neotoma	0.126	0.0117	29.799999	-82.099998	Cricetidae	0.11200710481295513	0.07035
Neotoma	2.588	0.0117	39.644169	-77.58555600000003	Cricetidae	1.3402294449940195	1.287
Neotoma	0.126	0.0117	38.833332	-79.283333	Cricetidae	0.04846244617531677	0.07035
Neotoma	2.588	0.0	38.458332	-79.898888	Cricetidae	1.2829869960868088	1.287
Neotoma	0.126	0.0	37.334721	-80.67916899999999	Cricetidae	0.10362938480134082	0.07035
Neotoma	1.8	0.3	39.599998	-78.699997	Cricetidae	1.1056337876437217	1.287
Neotoma	2.588	0.0117	37.543331	-80.398888	Cricetidae	1.7345678983221136	1.287
Neotoma	0.126	0.0117	38.266666	-90.366669	Cricetidae	0.11586752637074407	0.07035
Neotoma	0.126	0.0	37.98722100000001	-79.830833	Cricetidae	0.10390562268518366	0.07035
Neotoma	2.588	0.0117	38.605556	-79.370834	Cricetidae	1.2239423399430516	1.287
Neotoma	0.126	0.0	27.0	-104.800003	Cricetidae	0.08145950603118955	0.07035
Neotoma	0.3	0.012	27.799999	-82.800003	Cricetidae	0.2456251452756649	0.4515
Neotoma	0.126	0.0117	25.700001	-80.400002	Cricetidae	0.09178874786592636	0.07035
Neotoma	0.126	0.0117	28.083332	-80.599998	Cricetidae	0.03149730225446349	0.07035
Neotoma	0.126	0.0117	29.407499	-82.476387	Cricetidae	0.03547244491492517	0.07035
Neotoma	1.8	0.3	37.200001	-100.300003	Cricetidae	1.1679081036367098	1.287
Neotoma	1.8	0.3	38.700001	-98.099998	Cricetidae	0.3853230930042639	0.4515
Neotoma	0.126	0.0117	27.638332	-80.397499	Cricetidae	0.06884791236313355	0.07035
Neotoma	0.126	0.0	37.616669	-91.833336	Cricetidae	0.010583277953571231	0.00995
Neotoma	0.126	0.0	37.616669	-91.833336	Cricetidae	0.1133244872057315	0.07035
Neotoma	0.126	0.0	37.616669	-91.833336	Cricetidae	0.11849945998576401	0.07035
Neotoma	2.588	0.0117	36.150002	-84.099998	Cricetidae	0.16762836512357945	0.4515
Neotoma	2.588	0.0117	36.266666	-83.13333100000001	Cricetidae	0.66842391194288	0.4515
Neotoma	0.3	0.012	29.1	-82.300003	Cricetidae	0.03619490500899309	0.07035
Neotoma	4.9	1.8	32.616669	-117.0	Cricetidae	3.791017010960888	4.4665
Neotoma	4.9	2.5	32.715	-117.1625	Muridae	2.827279004846955	3.09
Neotoma	4.9	1.8	33.900002	-117.0	Cricetidae	2.4188513072023023	2.19
Neotoma	4.9	1.8	33.900002	-117.0	Cricetidae	3.683344031890578	4.4665
Neotoma	4.9	1.8	33.900002	-117.0	Cricetidae	1.8627831887705493	2.19
Neotoma	4.9	1.8	47.0	-118.5	Cricetidae	2.872607280244244	3.09
Neotoma	2.5	1.9	32.113609999999994	-109.92111	Muridae	2.2665631432765823	2.19
Neotoma	4.9	1.8	33.900002	-117.0	Cricetidae	2.5484208933100723	2.19
Neotoma	4.9	2.5	32.113609999999994	-109.92111	Muridae	4.124876367445986	4.4665
Neotoma	4.9	2.5	32.113609999999994	-109.92111	Muridae	2.7685081530886784	3.09
Neotoma	4.9	1.8	32.716667	-100.916664	Cricetidae	3.6792362384804846	4.4665
Neotoma	4.9	1.8	33.900002	-117.0	Cricetidae	2.313093759236786	2.19
Neotoma	4.9	2.5	33.101667	-109.268611	Muridae	4.379859965619507	4.4665
Neotoma	4.9	2.5	38.555605	-121.468926	Muridae	4.573603063809694	4.4665
Neotoma	4.9	2.5	38.555605	-121.468926	Muridae	4.292479253922044	4.4665
Neotoma	4.9	1.8	33.900002	-117.0	Cricetidae	3.673625230830982	4.4665
Neotoma	4.9	1.8	32.700001	-109.099998	Cricetidae	2.6393152483172138	3.09
Neotoma	4.9	1.8	32.0	-110.199997	Cricetidae	4.3152460603545695	4.4665
Neotoma	4.9	2.5	38.555605	-121.468926	Muridae	3.1256927944070236	3.09
Neotoma	2.5	1.9	37.16667	-122.08333	Muridae	2.1564143616818514	2.19
Neotoma	4.9	1.8	32.616669	-117.0	Cricetidae	4.33125974447071	4.4665
Neotoma	4.9	1.8	31.966667	-110.300003	Cricetidae	3.929086347231852	4.4665
Neotoma	4.9	1.8	33.900002	-117.0	Cricetidae	1.8447185765525065	2.19
Neotoma	4.9	1.8	33.900002	-117.0	Cricetidae	3.146803884305833	3.09
Neotoma	4.9	1.8	33.900002	-117.0	Cricetidae	2.631750389033317	3.09
Neotoma	0.126	0.0117	40.784	-122.281998	Cricetidae	0.11608077239509565	0.07035
Neotoma	0.126	0.0117	40.916668	-122.23333	Cricetidae	0.11540582535587793	0.07035
Neotoma	0.126	0.0117	33.749443	-118.278893	Cricetidae	0.02446021006783537	0.07035
Neotoma	0.126	0.0117	38.908333	-121.01388500000002	Cricetidae	0.07869626726028706	0.07035
Neotoma	1.8	0.3	33.900002	-117.0	Cricetidae	0.6614958163862068	0.4515
Neotoma	0.126	0.0	27.0	-104.800003	Cricetidae	0.09528800258321947	0.07035
Neotoma	0.126	0.0	39.483334	-114.033333	Cricetidae	0.03414556034267049	0.07035
Neotoma	0.126	0.0117	32.349998	-104.783333	Cricetidae	0.043125684069182775	0.07035
Neotoma	1.8	0.012	33.599998	-117.800003	Cricetidae	0.0264528014583846	0.07035
Neotoma	4.9	1.8	39.900002	-97.699997	Cricetidae	3.6313188911299865	4.4665
Neotoma	4.9	1.8	39.900002	-97.699997	Cricetidae	1.9698050368889035	2.19
Neotoma	4.9	1.8	39.900002	-97.699997	Cricetidae	1.8495649059380048	2.19
Neotoma	4.9	1.8	39.900002	-97.699997	Cricetidae	4.622764899965532	4.4665
Neotoma	4.9	1.8	39.900002	-97.699997	Cricetidae	4.080956189591655	4.4665
Neotoma	4.9	1.8	39.900002	-97.699997	Cricetidae	2.6537384561758337	3.09
Neotoma	2.5	1.9	39.92361	-97.82139	Muridae	2.3261591789214338	2.19
Neotoma	0.126	0.0117	31.566668	-108.400002	Cricetidae	0.03418476367451804	0.07035
Neotoma	0.126	0.0117	32.349998	-104.783333	Cricetidae	0.04514304328931657	0.07035
Neotoma	0.126	0.0117	31.183332	-104.199997	Cricetidae	0.11258856564689436	0.07035
Neotoma	1.8	0.3	31.700001	-110.800003	Cricetidae	1.2041782628755535	1.287
Neotoma	1.8	0.3	31.700001	-110.800003	Cricetidae	1.0330708052401851	1.287
Neotoma	1.8	0.3	31.700001	-110.800003	Cricetidae	1.4329925779304296	1.287
Neotoma	1.8	0.3	31.700001	-110.800003	Cricetidae	0.8911729358497462	1.287
Neotoma	0.0117	0.0	31.183332	-104.199997	Cricetidae	0.001065338235166208	0.0021
Neotoma	0.126	0.0117	32.366669	-104.449997	Cricetidae	0.028312407195407382	0.07035
Neotoma	0.126	0.0117	31.183332	-104.199997	Cricetidae	0.01783149363583024	0.07035
Neotoma	1.8	0.3	34.0	-99.800003	Cricetidae	0.8965479731972081	1.287
Neotoma	1.8	0.3	37.200001	-100.300003	Cricetidae	0.6143052455611016	0.4515
Neotoma	0.126	0.0	27.0	-104.800003	Cricetidae	0.01512155164436216	0.07035
Neotoma	6.7	6.6	35.733056	-100.5236	Muridae	6.6525869500840935	6.2895
Neotoma	7.6	6.8	35.733056	-100.523611	Muridae	7.303020172583492	9.438
Neotoma	0.7809999999999999	0.126	37.366669	-105.75	Cricetidae	0.13439610553758305	0.4515
Neotoma	1.8	0.3	36.0	-93.199997	Cricetidae	1.625108622568444	1.287
Neotoma	4.9	2.5	39.055833	-95.689444	Muridae	4.260179619396388	4.4665
Neotoma	0.126	0.0117	32.366669	-104.449997	Cricetidae	0.03611064964091066	0.07035
Neotoma	4.9	1.8	42.799999	-114.900002	Cricetidae	2.452665024255567	2.19
Neotoma	4.9	1.8	33.099998	-107.300003	Cricetidae	2.9115899380353865	3.09
Neotoma	4.9	1.8	46.299999	-119.099998	Cricetidae	4.346091109913095	4.4665
Neotoma	4.9	1.8	42.799999	-114.900002	Cricetidae	3.983608507293594	4.4665
Neotoma	4.9	1.8	33.700001	-101.099998	Cricetidae	4.846381033919983	4.4665
Neotoma	4.9	1.8	42.799999	-114.900002	Cricetidae	2.716759042409377	3.09
Neotoma	4.9	1.8	42.799999	-114.900002	Cricetidae	2.694392732933787	3.09
Neotoma	4.9	2.5	47.0425	-122.893056	Muridae	2.9968205738900284	3.09
Neotoma	4.9	2.5	47.0425	-122.893056	Muridae	2.521604289066452	2.19
Neotoma	2.5	1.9	34.97	-101.9	Muridae	1.9833982086102244	2.19
Neotoma	4.9	2.5	39.055833	-95.689444	Muridae	4.825582937270714	4.4665
Neotoma	4.9	1.8	37.200001	-100.300003	Cricetidae	3.3248620184330377	3.09
Neotoma	4.9	1.8	37.200001	-100.300003	Cricetidae	4.63567471519134	4.4665
Neotoma	4.9	2.5	33.101667	-109.268611	Muridae	4.098442187916615	4.4665
Neotoma	4.9	2.5	33.448457	-112.073844	Muridae	2.5882164200411766	3.09
Neotoma	4.9	2.5	39.055833	-95.689444	Muridae	3.2936558571467103	3.09
Neotoma	4.9	1.8	37.200001	-100.300003	Cricetidae	3.161378678980212	3.09
Neotoma	4.9	2.5	39.055833	-95.689444	Muridae	2.592872789666791	3.09
Neotoma	2.5	1.9	29.910577000000004	-95.060882	Muridae	2.201183397509625	2.19
Neotoma	4.9	2.5	39.055833	-95.689444	Muridae	2.9005696512181003	3.09
Neotoma	4.9	1.8	37.200001	-100.300003	Cricetidae	4.678898601788301	4.4665
Neotoma	4.9	1.8	42.799999	-114.900002	Cricetidae	3.3398928637869805	3.09
Neotoma	4.9	1.8	32.716667	-100.916664	Cricetidae	4.7536953687778185	4.4665
Neotoma	4.9	2.5	35.66722199999999	-105.964444	Muridae	3.281879433183516	3.09
Neotoma	4.9	2.5	32.518611	-96.380833	Muridae	2.8077933661462926	3.09
Neotoma	4.9	1.8	33.900002	-117.0	Cricetidae	4.523312243180716	4.4665
Neotoma	4.9	1.8	42.700001	-100.0	Cricetidae	2.507452269295857	2.19
Neotoma	4.9	2.5	43.613739	-116.237651	Muridae	3.4662191899186343	3.09
Neotoma	4.9	1.8	32.900002	-109.099998	Cricetidae	3.888398091078813	4.4665
Neotoma	4.9	2.5	39.055833	-95.689444	Muridae	4.231004740066393	4.4665
Neotoma	4.9	2.5	32.518611	-96.380833	Muridae	3.32356593778369	3.09
Neotoma	4.9	1.8	33.900002	-117.0	Cricetidae	2.2837586510076417	2.19
Neotoma	4.9	1.8	33.900002	-117.0	Cricetidae	2.8702795135116332	3.09
Neotoma	4.9	1.8	33.900002	-117.0	Cricetidae	4.389941307695147	4.4665
Neotoma	4.9	1.8	37.099998	-100.900002	Cricetidae	3.816914445297674	4.4665
Neotoma	5.2	4.3	37.04638900000001	-100.6508	Muridae	5.094217706668267	4.4665
Neotoma	5.9	5.0	42.821667	-97.85221999999999	Muridae	5.6614290178156	6.2895
Neotoma	6.7	5.9	42.393056	-98.12611	Muridae	6.220330804222647	6.2895
Neotoma	5.9	4.7	42.81583300000001	-97.72528	Muridae	5.166471884109425	4.4665
Neotoma	1.8	0.3	39.599998	-78.699997	Cricetidae	1.4349665828421885	1.287
Neotoma	2.588	0.0117	38.605556	-79.370834	Cricetidae	0.5588745142784897	0.4515
Neotoma	1.8	0.3	39.599998	-78.699997	Cricetidae	1.5520575359718265	1.287
Neotoma	1.8	0.3	38.700001	-79.300003	Cricetidae	1.5097164552555091	1.287
Neotoma	0.126	0.0117	31.566668	-108.400002	Cricetidae	0.042666218089213996	0.07035
Neotoma	4.9	1.8	33.0	-109.599998	Cricetidae	4.461645826615677	4.4665
Neotoma	4.9	1.8	32.694	-109.449997	Cricetidae	2.072621848884542	2.19
Neotoma	4.9	1.8	33.900002	-117.0	Cricetidae	3.205595969922483	3.09
Neotoma	2.5	1.9	39.055833	-95.689444	Muridae	2.450694427552216	2.19
Neotoma	2.5	1.9	33.448457	-112.073844	Muridae	2.394282390977152	2.19
Neotoma	4.9	1.8	32.694	-109.449997	Cricetidae	1.8250096175742507	2.19
Neotoma	2.5	1.9	39.92361	-97.82139	Muridae	2.321491552293317	2.19
Neotoma	4.9	1.8	37.200001	-100.300003	Cricetidae	4.017827196914738	4.4665
Neotoma	4.9	2.5	34.56167	-112.38278	Muridae	2.507511681838849	2.19
Neotoma	4.9	1.8	34.771111	-111.853058	Cricetidae	2.910119568244656	3.09
Neotoma	4.9	2.5	39.055833	-95.689444	Muridae	4.125594900158955	4.4665
Neotoma	5.9	1.7	36.683611	-114.6825	Muridae	4.994880125905353	4.4665
Neotoma	4.9	1.8	34.771111	-111.853058	Cricetidae	3.7697259767750864	4.4665
Neotoma	4.9	1.8	35.700001	-115.199997	Cricetidae	4.448643164171743	4.4665
