species	max_age	min_age	lat	lon	family	mean_age	rounded_ages
Ondatra	1.8	0.3	33.75	-99.5	Cricetidae	1.0365071125153664	1.287
Ondatra	1.8	0.3	39.599998	-78.699997	Cricetidae	0.3067298266687226	0.4515
Ondatra	0.126	0.0117	43.333332	-120.5	Cricetidae	0.053828923682344286	0.07035
Ondatra	0.7809999999999999	0.126	37.366669	-105.75	Cricetidae	0.4725836004339226	0.4515
Ondatra	1.8	0.3	39.799999	-95.0	Cricetidae	1.193005757696773	1.287
Ondatra	1.8	0.3	38.299999	-97.599998	Cricetidae	0.4796121220993357	0.4515
Ondatra	2.588	0.0117	38.605556	-79.370834	Cricetidae	1.2288712374706323	1.287
Ondatra	1.8	0.3	34.5	-101.300003	Cricetidae	1.4167820356580412	1.287
Ondatra	1.8	0.3	39.799999	-98.099998	Cricetidae	0.7560421091487258	0.4515
Ondatra	1.8	0.3	38.700001	-79.300003	Cricetidae	0.7743373791395676	1.287
Ondatra	1.8	0.3	34.5	-101.699997	Cricetidae	0.7524741555071548	0.4515
Ondatra	1.8	0.3	38.700001	-79.300003	Cricetidae	1.1856037019646113	1.287
Ondatra	1.8	0.3	40.200001	-99.400002	Cricetidae	1.798287673366035	1.287
Ondatra	1.8	0.3	33.75	-99.5	Cricetidae	0.5278235325600118	0.4515
Ondatra	0.126	0.0117	38.833332	-79.283333	Cricetidae	0.09113843809080743	0.07035
Ondatra	1.8	0.3	27.9	-81.800003	Cricetidae	0.8104486640706028	1.287
Ondatra	1.8	0.3	45.433334	-99.866669	Cricetidae	1.3500959694787618	1.287
Ondatra	1.8	0.3	39.799999	-98.099998	Cricetidae	0.8110937194786576	1.287
Ondatra	1.8	0.3	27.9	-81.800003	Cricetidae	1.062781556014198	1.287
Ondatra	2.588	0.0117	38.605556	-79.370834	Cricetidae	0.7910250168729639	1.287
Ondatra	1.8	0.3	37.200001	-100.300003	Cricetidae	1.7135047275168085	1.287
Ondatra	1.8	0.3	33.799999	-99.699997	Cricetidae	0.6365909218252674	0.4515
Ondatra	2.588	0.0117	38.700001	-79.300003	Cricetidae	0.6303829716984125	0.4515
Ondatra	1.8	0.3	36.0	-93.199997	Cricetidae	1.1753708799801617	1.287
Ondatra	1.8	0.3	35.0	-101.900002	Cricetidae	0.7642965553753145	0.4515
Ondatra	1.8	0.3	33.900002	-117.0	Cricetidae	0.7734182079619855	0.4515
Ondatra	4.9	1.8	39.900002	-97.699997	Cricetidae	4.48637091697639	4.4665
Ondatra	4.9	1.8	43.599998	-116.800003	Cricetidae	4.728842997369464	4.4665
Ondatra	4.9	1.8	37.200001	-100.300003	Cricetidae	2.7415896245095754	3.09
Ondatra	4.9	1.8	39.900002	-97.699997	Cricetidae	2.579552093327873	2.19
Ondatra	4.9	0.3	29.799999	-82.099998	Cricetidae	3.36287603652514	3.09
Ondatra	4.9	1.8	43.0	-118.0	Cricetidae	2.364593548282729	2.19
Ondatra	4.9	1.8	43.599998	-116.800003	Cricetidae	2.2971270914974578	2.19
Ondatra	4.9	1.8	43.599998	-116.800003	Cricetidae	2.9970671217457565	3.09
Ondatra	4.9	1.8	43.599998	-116.800003	Cricetidae	2.6882765771506456	3.09
Ondatra	1.8	0.3	30.299999	-97.699997	Cricetidae	0.4915356974986946	0.4515
Ondatra	4.9	1.8	43.599998	-116.800003	Cricetidae	3.7278754958329485	4.4665
Ondatra	1.8	0.3	29.011944	-82.668053	Cricetidae	1.7612631642117944	1.287
Ondatra	4.9	1.8	29.0	-82.68	Cricetidae	3.2622613035109977	3.09
Ondatra	4.9	1.8	43.599998	-116.800003	Cricetidae	2.995331328900612	3.09
Ondatra	1.8	0.3	32.0	-110.199997	Cricetidae	1.3708445068667559	1.287
Ondatra	1.8	0.3	32.900002	-117.099998	Cricetidae	0.3731693409042901	0.4515
Ondatra	4.9	1.8	33.0	-109.599998	Cricetidae	3.1271327984317043	3.09
Ondatra	4.9	1.8	32.0	-110.199997	Cricetidae	4.511653294835754	4.4665
Ondatra	4.9	1.8	43.0	-118.0	Cricetidae	3.1726388765798585	3.09
Ondatra	4.9	1.8	43.599998	-116.800003	Cricetidae	3.8719615050276897	4.4665
Ondatra	4.9	1.8	42.0	-101.0	Cricetidae	4.33777153646065	4.4665
Ondatra	4.9	1.8	43.599998	-116.800003	Cricetidae	3.2332880070621366	3.09
Ondatra	4.9	1.8	43.0	-118.0	Cricetidae	2.511595852875518	2.19
Ondatra	4.9	1.8	43.599998	-116.800003	Cricetidae	2.3677657039967417	2.19
Ondatra	4.9	1.8	42.900002	-116.0	Cricetidae	3.836578959491666	4.4665
Ondatra	1.8	0.3	38.799999	-119.5	Cricetidae	1.6765212889600674	1.287
Ondatra	1.8	0.3	40.200001	-75.300003	Cricetidae	1.6803123531305986	1.287
Ondatra	4.9	1.8	43.0	-118.0	Cricetidae	4.84044542135703	4.4665
Ondatra	4.9	1.8	43.0	-118.0	Cricetidae	4.52408963707537	4.4665
Ondatra	4.9	1.8	43.599998	-116.800003	Cricetidae	4.059442432408736	4.4665
Ondatra	1.8	0.3	27.041668	-81.821114	Cricetidae	1.5360874897352312	1.287
Ondatra	1.8	0.3	40.200001	-75.300003	Cricetidae	0.7565675628251324	0.4515
Ondatra	4.9	1.8	43.599998	-116.800003	Cricetidae	2.913706975546024	3.09
Ondatra	1.8	0.3	39.799999	-77.199997	Cricetidae	0.4208810657156045	0.4515
Ondatra	4.9	1.8	39.900002	-97.699997	Cricetidae	4.0284252205132365	4.4665
Ondatra	4.9	1.8	39.900002	-97.699997	Cricetidae	2.2282718542061155	2.19
Ondatra	4.9	1.8	39.900002	-97.699997	Cricetidae	2.011068200217235	2.19
Ondatra	4.9	1.8	43.599998	-116.800003	Cricetidae	4.36325622278299	4.4665
Ondatra	4.9	1.8	43.599998	-116.800003	Cricetidae	3.9955604930189885	4.4665
Ondatra	1.8	0.3	34.383331	-116.183334	Cricetidae	1.2398505487569338	1.287
Ondatra	4.9	1.8	37.200001	-100.300003	Cricetidae	3.525058468569705	3.09
Ondatra	4.9	1.8	34.5	-112.5	Cricetidae	1.9304289613526249	2.19
Ondatra	4.9	1.8	43.900002	-110.800003	Cricetidae	2.6070754412460664	3.09
Ondatra	4.9	1.8	42.700001	-100.0	Cricetidae	2.656249423692216	3.09
Ondatra	4.9	1.8	41.700001	-103.099998	Cricetidae	1.823053183114439	2.19
Ondatra	4.9	1.8	37.5	-98.0	Cricetidae	3.303372620983934	3.09
Ondatra	4.9	1.8	42.816666	-114.949997	Cricetidae	2.486813753451002	2.19
Ondatra	4.9	1.8	42.799999	-114.900002	Cricetidae	2.877145802578569	3.09
Ondatra	4.9	1.8	42.799999	-114.900002	Cricetidae	2.0388764081175808	2.19
Ondatra	4.9	1.8	42.799999	-114.900002	Cricetidae	4.136879592801503	4.4665
Ondatra	4.9	1.8	43.0	-115.699997	Cricetidae	3.6202968037716414	4.4665
Ondatra	4.9	1.8	42.799999	-114.900002	Cricetidae	2.583446348770704	3.09
Ondatra	4.9	1.8	32.900002	-117.099998	Cricetidae	3.0159869501783927	3.09
Ondatra	4.9	1.8	43.0	-115.699997	Cricetidae	3.286497392105801	3.09
Ondatra	4.9	1.8	42.799999	-114.900002	Cricetidae	4.703751535547031	4.4665
Ondatra	4.9	1.8	42.799999	-114.900002	Cricetidae	3.4841135924911333	3.09
Ondatra	4.9	1.8	42.799999	-114.900002	Cricetidae	3.8705952280036287	4.4665
Ondatra	4.9	1.8	47.0	-118.5	Cricetidae	2.935680391435475	3.09
Ondatra	4.9	1.8	43.0	-118.0	Cricetidae	3.638166804129588	4.4665
Ondatra	1.8	0.3	42.700001	-102.5	Cricetidae	0.4779877729565871	0.4515
Ondatra	0.126	0.0117	50.099998	-110.699997	Cricetidae	0.05924635076635831	0.07035
Ondatra	4.9	2.5	37.64	-114.88	Muridae	3.7651260957547454	4.4665
Ondatra	2.5	1.9	43.613739	-116.237651	Muridae	2.0349332507065254	2.19
Ondatra	4.9	1.9	38.66666667	-118.9166667	Muridae	3.115879941833496	3.09
Ondatra	2.588	0.0117	39.644169	-77.58555600000003	Cricetidae	2.2616486973754744	2.19
Ondatra	0.126	0.0117	34.25	-109.25	Cricetidae	0.021342648182784373	0.07035
Ondatra	2.588	0.0117	34.200001	-84.800003	Cricetidae	0.9630830377729359	1.287
Ondatra	0.126	0.0	37.616669	-91.833336	Cricetidae	0.12197450093731695	0.07035
Ondatra	2.588	0.0117	38.700001	-79.300003	Cricetidae	0.17917871270278488	0.4515
Ondatra	1.8	0.3	38.299999	-97.599998	Cricetidae	0.8281930116916549	1.287
Ondatra	1.8	0.3	40.200001	-98.099998	Cricetidae	1.7117601177542536	1.287
Ondatra	1.9	0.85	28.133333	-81.63166700000002	Muridae	1.2225438705501153	1.287
Ondatra	1.9	0.85	28.133333	-81.63166700000002	Muridae	1.3921834013925778	1.287
Ondatra	1.8	0.3	38.299999	-97.599998	Cricetidae	0.7675735234032671	0.4515
Ondatra	1.8	0.3	42.700001	-102.5	Cricetidae	1.6076560892104077	1.287
Ondatra	2.5	0.85	38.555605	-121.468926	Muridae	2.277119829712814	2.19
Ondatra	2.5	1.9	28.133333	-81.63166700000002	Muridae	2.4959147914773596	2.19
Ondatra	1.8	0.3	36.799999	-100.5	Cricetidae	0.5848229627111046	0.4515
Ondatra	1.8	0.3	41.200001	-96.599998	Cricetidae	0.4826857717353955	0.4515
Ondatra	4.9	2.5	47.0425	-122.893056	Muridae	2.501189054743647	2.19
Ondatra	0.126	0.0117	42.808887	-83.364441	Cricetidae	0.08034571980547488	0.07035
Ondatra	4.9	2.5	40.809868	-96.675345	Muridae	4.593322605477876	4.4665
Ondatra	1.8	0.3	34.0	-99.800003	Cricetidae	0.7176925528780659	0.4515
Ondatra	0.126	0.0117	29.950001	-82.788002	Cricetidae	0.04070286436673975	0.07035
Ondatra	0.126	0.0117	29.4	-82.599998	Cricetidae	0.06304660076313401	0.07035
Ondatra	0.126	0.0117	37.200001	-100.300003	Cricetidae	0.09786265344472213	0.07035
Ondatra	1.8	0.3	38.700001	-98.099998	Cricetidae	1.4342111196155776	1.287
Ondatra	1.8	0.3	42.700001	-102.5	Cricetidae	1.4944698528672726	1.287
Ondatra	1.8	0.3	42.700001	-102.5	Cricetidae	1.613684521923154	1.287
Ondatra	4.9	2.5	43.613739	-116.237651	Muridae	3.949583022741886	4.4665
Ondatra	2.5	1.9	33.448457	-112.073844	Muridae	2.1759074244627588	2.19
Ondatra	1.8	0.3	68.199997	-140.0	Cricetidae	0.579356130785022	0.4515
Ondatra	1.8	0.3	37.200001	-100.300003	Cricetidae	0.7982882452814771	1.287
Ondatra	0.126	0.0117	52.200001	-106.699997	Cricetidae	0.04863305053461494	0.07035
Ondatra	4.9	2.5	43.613739	-116.237651	Muridae	3.771388100605445	4.4665
Ondatra	0.126	0.0117	68.199997	-140.0	Cricetidae	0.10366256841957656	0.07035
Ondatra	0.126	0.0117	29.407499	-82.476387	Cricetidae	0.023047726492207817	0.07035
Ondatra	1.8	0.3	38.900002	-99.400002	Cricetidae	0.9150282940106074	1.287
Ondatra	1.8	0.3	37.200001	-100.300003	Cricetidae	0.5631984050848977	0.4515
Ondatra	1.8	0.3	37.200001	-100.300003	Cricetidae	1.4230306285889591	1.287
Ondatra	1.8	0.3	36.700001	-99.900002	Cricetidae	1.2789645467112416	1.287
Ondatra	1.8	0.3	42.700001	-102.5	Cricetidae	0.7222554691750767	0.4515
Ondatra	0.126	0.0	37.334721	-80.67916899999999	Cricetidae	0.061995679585660914	0.07035
Ondatra	0.126	0.0117	32.714721999999995	-96.707497	Cricetidae	0.025872268362840282	0.07035
Ondatra	0.126	0.0117	30.716667	-97.050003	Cricetidae	0.04042401773919881	0.07035
Ondatra	0.126	0.0117	42.799999	-112.900002	Cricetidae	0.06753036595927829	0.07035
Ondatra	0.0117	0.0	36.787498	-78.933334	Cricetidae	0.005385032523193468	0.006200000000000001
Ondatra	2.5	1.9	39.92361	-97.82139	Muridae	2.141389944758717	2.19
Ondatra	0.126	0.0117	38.357777	-79.083054	Cricetidae	0.020567805715678008	0.07035
Ondatra	2.588	0.0117	36.150002	-84.099998	Cricetidae	0.4853174861644673	0.4515
Ondatra	0.126	0.0	39.483334	-114.033333	Cricetidae	0.10233128853987428	0.07035
Ondatra	0.0117	0.0	38.628056	-78.41471899999998	Cricetidae	0.011519206956650208	0.00995
Ondatra	0.126	0.0117	36.783333	-100.699997	Cricetidae	0.06417162842815789	0.07035
Ondatra	2.5	1.9	28.133333	-81.63166700000002	Muridae	2.2560973691840704	2.19
Ondatra	0.0117	0.0	38.165833	-78.925278	Cricetidae	0.0005599199416219421	0.0021
Ondatra	0.126	0.0117	38.086109	-79.656944	Cricetidae	0.06693631128774916	0.07035
Ondatra	2.5	1.9	39.055833	-95.689444	Muridae	1.9102620572464197	2.19
Ondatra	0.126	0.0117	38.332222	-79.570274	Cricetidae	0.10745791698283358	0.07035
Ondatra	4.9	2.5	39.055833	-95.689444	Muridae	4.639330747952144	4.4665
Ondatra	2.5	0.85	44.5	-100.0	Muridae	1.1611645720954245	1.287
Ondatra	0.126	0.0117	37.097298	-81.33609799999998	Cricetidae	0.022765208783947062	0.07035
Ondatra	0.126	0.0117	38.833332	-79.283333	Cricetidae	0.059357151743385815	0.07035
Ondatra	0.126	0.0117	38.577221	-79.363609	Cricetidae	0.011857808993110884	0.07035
Ondatra	4.9	2.5	38.555605	-121.468926	Muridae	4.100066544477731	4.4665
Ondatra	1.8	0.012	39.0	-98.199997	Cricetidae	1.7548922922248915	1.287
Ondatra	0.126	0.0117	38.833332	-79.29583000000002	Cricetidae	0.04353983229989395	0.07035
Ondatra	1.8	0.3	29.700001	-82.599998	Cricetidae	0.4669143032059747	0.4515
Ondatra	0.126	0.0117	44.633331	-112.58333600000002	Cricetidae	0.05259056455121923	0.07035
Ondatra	0.126	0.0	37.98722100000001	-79.830833	Cricetidae	0.08483368703239254	0.07035
Ondatra	0.126	0.0117	38.476665	-78.892776	Cricetidae	0.032166242535133	0.07035
Ondatra	0.126	0.0117	43.099998	-80.800003	Cricetidae	0.10440663210158294	0.07035
Ondatra	1.8	0.3	42.700001	-102.5	Cricetidae	0.8313008757657516	1.287
Ondatra	0.126	0.0117	40.200001	-84.683334	Cricetidae	0.0718541267332286	0.07035
Ondatra	0.126	0.0117	30.265278	-98.255836	Cricetidae	0.05761986083709038	0.07035
Ondatra	0.126	0.0117	42.783333	-100.083336	Cricetidae	0.034248432078990115	0.07035
