species	max_age	min_age	lat	lon	family	mean_age	rounded_ages
Peromyscus	9.0	7.6	41.925	-118.83611100000002	Muridae	8.299658028986428	9.438
Peromyscus	6.7	5.9	43.875278	-117.4464	Muridae	6.427465027312218	6.2895
Peromyscus	9.0	7.6	38.830278	-119.040278	Muridae	7.909552723852831	9.438
Peromyscus	6.7	5.9	45.596389	-118.7847	Muridae	6.189850837712232	6.2895
Peromyscus	7.5	7.1	43.747222	-118.4481	Muridae	7.191305074290128	6.2895
Peromyscus	10.1	9.0	40.783333	-116.000833	Muridae	9.327168716856411	9.438
Peromyscus	9.3	7.8	38.806944	-119.2181	Muridae	9.220406439357241	9.438
Peromyscus	12.5	9.0	41.5	-114.7667	Muridae	11.481849820493036	9.438
Peromyscus	7.6	6.8	43.746667	-118.419167	Muridae	7.032015060958344	6.2895
Peromyscus	8.0	7.5	41.93333300000001	-118.9	Muridae	7.517354009858334	9.438
Peromyscus	6.8	5.9	44.930833	-123.028889	Muridae	6.128657883116111	6.2895
Peromyscus	4.9	1.8	33.900002	-117.0	Cricetidae	2.265362664784751	2.19
Peromyscus	2.5	1.9	37.16667	-122.08333	Muridae	2.1124447241779025	2.19
Peromyscus	4.9	1.8	37.200001	-100.300003	Cricetidae	2.9327495125529373	3.09
Peromyscus	4.9	1.8	33.900002	-117.0	Cricetidae	4.704838584212553	4.4665
Peromyscus	4.9	1.8	37.200001	-100.300003	Cricetidae	3.0613309230538723	3.09
Peromyscus	4.9	2.5	39.055833	-95.689444	Muridae	2.6826243836672767	3.09
Peromyscus	4.9	2.5	38.555605	-121.468926	Muridae	3.5938292497388336	3.09
Peromyscus	1.8	0.3	37.200001	-100.300003	Cricetidae	1.637810648883156	1.287
Peromyscus	1.8	0.3	37.200001	-100.300003	Cricetidae	0.7974006301247061	1.287
Peromyscus	1.8	0.3	36.799999	-100.5	Cricetidae	0.8371053061715721	1.287
Peromyscus	0.126	0.0117	32.366669	-104.449997	Cricetidae	0.055658993032668906	0.07035
Peromyscus	0.126	0.0117	31.566668	-108.400002	Cricetidae	0.06833211690430034	0.07035
Peromyscus	0.126	0.0117	31.183332	-104.199997	Cricetidae	0.09024018402065764	0.07035
Peromyscus	0.126	0.0117	29.583332	-98.400002	Cricetidae	0.04586538385883734	0.07035
Peromyscus	4.9	1.8	32.694	-109.449997	Cricetidae	2.13718854622372	2.19
Peromyscus	4.9	1.8	32.0	-110.199997	Cricetidae	3.27209351043302	3.09
Peromyscus	4.9	1.8	32.0	-110.199997	Cricetidae	2.399604935666753	2.19
Peromyscus	1.8	0.3	32.0	-110.199997	Cricetidae	1.2411790423504163	1.287
Peromyscus	4.9	1.8	32.694	-109.449997	Cricetidae	3.022315529727304	3.09
Peromyscus	0.126	0.0117	37.200001	-100.300003	Cricetidae	0.08612694462605124	0.07035
Peromyscus	1.8	0.3	36.700001	-99.900002	Cricetidae	1.6127167943220702	1.287
Peromyscus	1.8	0.3	37.200001	-100.300003	Cricetidae	0.6390478174078718	0.4515
Peromyscus	4.9	1.8	33.900002	-117.0	Cricetidae	3.629825436341256	4.4665
Peromyscus	4.9	2.5	38.555605	-121.468926	Muridae	3.258669688472341	3.09
Peromyscus	4.9	1.8	33.900002	-117.0	Cricetidae	2.6324508733785295	3.09
Peromyscus	1.8	0.3	38.700001	-98.099998	Cricetidae	0.5946154676833729	0.4515
Peromyscus	2.5	1.9	39.92361	-97.82139	Muridae	2.0694503609268686	2.19
Peromyscus	1.8	0.3	34.5	-101.699997	Cricetidae	1.7158056803153166	1.287
Peromyscus	1.8	0.3	33.799999	-99.699997	Cricetidae	1.5407406033456628	1.287
Peromyscus	1.8	0.3	37.200001	-100.300003	Cricetidae	0.8832582402661957	1.287
Peromyscus	1.8	0.3	34.5	-101.300003	Cricetidae	1.2723290545552768	1.287
Peromyscus	1.8	0.3	35.0	-101.900002	Cricetidae	1.781867873373396	1.287
Peromyscus	0.126	0.0117	37.299999	-105.0	Cricetidae	0.09828038662850017	0.07035
Peromyscus	1.8	0.3	39.0	-98.199997	Cricetidae	0.6821410497371232	0.4515
Peromyscus	2.5	0.85	39.055833	-95.689444	Muridae	0.9747594953398092	1.287
Peromyscus	4.9	1.8	39.900002	-97.699997	Cricetidae	2.6806104391282988	3.09
Peromyscus	0.126	0.0	39.483334	-114.033333	Cricetidae	0.11935922376496967	0.07035
Peromyscus	1.8	0.3	36.5	-107.0	Cricetidae	0.7612373536133239	0.4515
Peromyscus	1.8	0.3	36.5	-107.0	Cricetidae	0.3372266894722333	0.4515
Peromyscus	1.8	0.3	38.700001	-79.300003	Cricetidae	0.8374580625981147	1.287
Peromyscus	2.588	0.0117	38.700001	-79.300003	Cricetidae	0.9989218732819979	1.287
Peromyscus	1.8	0.3	39.599998	-78.699997	Cricetidae	0.6585452074853112	0.4515
Peromyscus	2.588	0.0117	38.605556	-79.370834	Cricetidae	1.969067137393228	2.19
Peromyscus	1.8	0.3	38.700001	-79.300003	Cricetidae	0.3137768119406232	0.4515
Peromyscus	13.6	10.3	34.799999	-117.0	Cricetidae	13.587501071868742	12.725000000000001
Peromyscus	13.6	10.3	35.299999	-118.5	Cricetidae	12.355352855344565	12.725000000000001
Peromyscus	13.6	10.3	38.25	-117.900002	Cricetidae	11.193441829356248	9.438
Peromyscus	13.6	10.3	35.299999	-118.5	Cricetidae	10.60399562073688	9.438
Peromyscus	13.6	10.3	35.299999	-118.5	Cricetidae	12.58904548420808	12.725000000000001
Peromyscus	13.6	10.3	43.599998	-117.5	Cricetidae	13.010578558391789	12.725000000000001
Peromyscus	13.6	10.3	43.599998	-117.5	Cricetidae	10.530309680143187	9.438
Peromyscus	15.97	13.6	34.299999	-119.0	Cricetidae	15.053577405116568	14.895
Peromyscus	13.6	10.3	37.956669	-118.031944	Cricetidae	12.56673868408062	12.725000000000001
Peromyscus	13.6	10.3	35.299999	-118.5	Cricetidae	11.175428240791412	9.438
Peromyscus	0.126	0.0117	31.566668	-108.400002	Cricetidae	0.06101651709267152	0.07035
Peromyscus	0.126	0.0117	31.183332	-104.199997	Cricetidae	0.08470515672396993	0.07035
Peromyscus	0.126	0.0117	31.183332	-104.199997	Cricetidae	0.12165117992939345	0.07035
Peromyscus	0.0117	0.0	31.183332	-104.199997	Cricetidae	0.007713129680823622	0.006200000000000001
Peromyscus	0.126	0.0117	31.566668	-108.400002	Cricetidae	0.06124086845624184	0.07035
Peromyscus	0.126	0.0117	29.583332	-98.400002	Cricetidae	0.0979115279626178	0.07035
Peromyscus	0.126	0.0117	29.407499	-82.476387	Cricetidae	0.04600315694178317	0.07035
Peromyscus	0.3	0.012	27.799999	-82.800003	Cricetidae	0.12314642749186375	0.07035
Peromyscus	0.126	0.0117	29.583332	-98.400002	Cricetidae	0.058550864353314	0.07035
Peromyscus	0.126	0.0117	33.066666	-96.966667	Cricetidae	0.012390154757222271	0.07035
Peromyscus	0.3	0.012	29.1	-82.300003	Cricetidae	0.1825015073267754	0.4515
Peromyscus	0.126	0.0117	29.1	-82.300003	Cricetidae	0.07377545722136508	0.07035
Peromyscus	0.126	0.0117	29.799999	-82.099998	Cricetidae	0.1183173255677051	0.07035
Peromyscus	0.126	0.0117	29.1	-82.300003	Cricetidae	0.0773402784937845	0.07035
Peromyscus	0.126	0.0117	29.799999	-82.099998	Cricetidae	0.033835971096118765	0.07035
Peromyscus	0.126	0.0117	29.6	-82.416664	Cricetidae	0.09985855492528477	0.07035
Peromyscus	0.126	0.0117	28.083332	-80.599998	Cricetidae	0.08610446685329015	0.07035
Peromyscus	4.9	1.8	32.700001	-109.099998	Cricetidae	2.704932298267558	3.09
Peromyscus	2.5	1.9	37.16667	-122.08333	Muridae	2.037217709273941	2.19
Peromyscus	4.8	4.62	37.794444	-114.3333	Muridae	4.633594037541965	4.4665
Peromyscus	4.89	4.8	37.794444	-114.3333	Muridae	4.858017801464931	4.4665
Peromyscus	4.9	1.8	33.900002	-117.0	Cricetidae	2.3969408716641643	2.19
Peromyscus	4.9	1.8	42.799999	-114.900002	Cricetidae	2.7082626514909824	3.09
Peromyscus	2.5	1.9	33.448457	-112.073844	Muridae	2.1994251255149018	2.19
Peromyscus	4.9	1.8	42.799999	-114.900002	Cricetidae	2.4433069797446696	2.19
Peromyscus	4.9	2.5	33.101667	-109.268611	Muridae	4.466335488509321	4.4665
Peromyscus	4.9	2.5	38.555605	-121.468926	Muridae	4.365546450292646	4.4665
Peromyscus	4.9	2.5	37.64	-114.88	Muridae	4.601565863703362	4.4665
Peromyscus	4.9	1.8	42.799999	-114.900002	Cricetidae	3.399525141706319	3.09
Peromyscus	4.9	1.8	42.799999	-114.900002	Cricetidae	2.0029244447179866	2.19
Peromyscus	4.9	2.5	38.555605	-121.468926	Muridae	2.5935220144926108	3.09
Peromyscus	4.9	2.5	38.555605	-121.468926	Muridae	3.955710844094362	4.4665
Peromyscus	4.9	2.5	34.56167	-112.38278	Muridae	4.1711695959417465	4.4665
Peromyscus	4.9	1.8	42.799999	-114.900002	Cricetidae	2.4744785835979264	2.19
Peromyscus	4.9	1.8	42.799999	-114.900002	Cricetidae	3.4432083602100305	3.09
Peromyscus	4.9	2.5	43.613739	-116.237651	Muridae	2.98987030134466	3.09
Peromyscus	4.8	4.62	37.794444	-114.3333	Muridae	4.630740424531863	4.4665
Peromyscus	4.9	1.8	33.900002	-117.0	Cricetidae	2.7969014003459463	3.09
Peromyscus	4.98	4.89	37.795833	-114.35	Muridae	4.9495489651468265	4.4665
Peromyscus	4.9	0.3	29.799999	-82.099998	Cricetidae	0.5640344243380695	0.4515
Peromyscus	4.9	1.8	42.799999	-114.900002	Cricetidae	1.9015961384184856	2.19
Peromyscus	4.98	4.89	37.791667	-114.375	Muridae	4.9759316338212445	4.4665
Peromyscus	4.98	4.89	37.795833	-114.35	Muridae	4.959908698326724	4.4665
Peromyscus	4.9	2.5	39.055833	-95.689444	Muridae	3.1741982214797537	3.09
Peromyscus	4.98	4.89	37.791667	-114.375	Muridae	4.906826746644303	4.4665
Peromyscus	4.98	4.89	37.795833	-114.35	Muridae	4.9670778145164585	4.4665
Peromyscus	4.98	4.89	37.795833	-114.35	Muridae	4.904188903062623	4.4665
Peromyscus	4.9	1.8	34.5	-112.5	Cricetidae	3.1348406151184376	3.09
Peromyscus	4.9	1.8	33.900002	-117.0	Cricetidae	4.422790865999854	4.4665
Peromyscus	4.9	1.8	33.900002	-117.0	Cricetidae	4.247101610291822	4.4665
Peromyscus	4.9	1.8	33.900002	-117.0	Cricetidae	2.9994818277892565	3.09
Peromyscus	4.9	1.8	32.694	-109.449997	Cricetidae	3.519144589283564	3.09
Peromyscus	4.9	1.8	33.900002	-117.0	Cricetidae	2.9072289446830006	3.09
Peromyscus	4.9	1.8	33.900002	-117.0	Cricetidae	3.3143666342909386	3.09
Peromyscus	1.8	0.3	37.529999	-121.959999	Cricetidae	0.5961435341121091	0.4515
Peromyscus	2.5	1.9	34.97	-101.9	Muridae	1.9482524502877598	2.19
Peromyscus	4.9	2.5	32.518611	-96.380833	Muridae	3.4635419284793936	3.09
Peromyscus	4.9	1.8	42.700001	-100.0	Cricetidae	2.8546371790829346	3.09
Peromyscus	4.9	1.8	33.700001	-101.099998	Cricetidae	3.1766437331718933	3.09
Peromyscus	4.9	1.8	33.700001	-101.099998	Cricetidae	4.827639859798631	4.4665
Peromyscus	4.9	2.5	40.809868	-96.675345	Muridae	3.1131674219184675	3.09
Peromyscus	4.9	1.8	37.200001	-100.300003	Cricetidae	2.9568643622612405	3.09
Peromyscus	4.9	2.5	39.055833	-95.689444	Muridae	4.279728659456	4.4665
Peromyscus	2.5	1.9	29.910577000000004	-95.060882	Muridae	2.0017850978347123	2.19
Peromyscus	4.9	1.8	32.716667	-100.916664	Cricetidae	4.525870859567141	4.4665
Peromyscus	0.126	0.0117	29.583332	-98.400002	Cricetidae	0.01240843777525352	0.07035
Peromyscus	0.126	0.0	36.780556	-81.92083000000002	Cricetidae	0.013560118993900177	0.07035
Peromyscus	0.126	0.0117	38.357777	-79.083054	Cricetidae	0.07422554323287572	0.07035
Peromyscus	2.588	0.0117	34.200001	-84.800003	Cricetidae	1.690755391898017	1.287
Peromyscus	1.8	0.3	39.599998	-78.699997	Cricetidae	1.1532042030376388	1.287
Peromyscus	0.126	0.0	37.98722100000001	-79.830833	Cricetidae	0.036485738072057385	0.07035
Peromyscus	0.126	0.0	37.334721	-80.67916899999999	Cricetidae	0.08287781879352754	0.07035
Peromyscus	0.126	0.0	37.952778	-79.76722	Cricetidae	0.10380274901371306	0.07035
Peromyscus	2.588	0.0117	39.165001	-86.6446	Cricetidae	2.4761870970711133	2.19
Peromyscus	0.126	0.0117	38.086109	-79.656944	Cricetidae	0.08117053015071447	0.07035
Peromyscus	0.126	0.0117	32.714721999999995	-96.707497	Cricetidae	0.11234052125305458	0.07035
Peromyscus	1.8	0.3	40.200001	-75.300003	Cricetidae	0.4933253742953789	0.4515
Peromyscus	0.126	0.0117	31.183332	-104.199997	Cricetidae	0.039097895957007744	0.07035
Peromyscus	1.8	0.3	34.0	-99.800003	Cricetidae	1.0407210334130663	1.287
Peromyscus	0.0117	0.0	31.183332	-104.199997	Cricetidae	0.009573687197775285	0.00995
Peromyscus	0.126	0.0117	40.900002	-111.199997	Cricetidae	0.0713324652085847	0.07035
Peromyscus	2.588	0.0117	34.200001	-84.800003	Cricetidae	2.026431909926558	2.19
Peromyscus	0.0117	0.0	31.183332	-104.199997	Cricetidae	0.0009921830252307283	0.0021
Peromyscus	0.126	0.0	39.483334	-114.033333	Cricetidae	0.016272712571471674	0.07035
Peromyscus	0.126	0.0117	50.183334	-114.51667	Cricetidae	0.014277117980039116	0.07035
Peromyscus	0.0117	0.0	46.666668	-113.099998	Cricetidae	0.004980500650689132	0.006200000000000001
Peromyscus	0.126	0.0117	46.200001	-112.76667	Cricetidae	0.031499575665549936	0.07035
Peromyscus	0.126	0.0117	56.280834	-121.227501	Cricetidae	0.1129169008797718	0.07035
Peromyscus	0.126	0.0	37.334721	-80.67916899999999	Cricetidae	0.002925790486303668	0.0021
Peromyscus	0.126	0.0117	31.183332	-104.199997	Cricetidae	0.09957850847683374	0.07035
Peromyscus	0.126	0.0117	38.332222	-79.570274	Cricetidae	0.03328054832218768	0.07035
Peromyscus	0.126	0.0117	38.483334	-107.150002	Cricetidae	0.11894612022747658	0.07035
Peromyscus	0.126	0.0	37.98722100000001	-79.830833	Cricetidae	0.06739913067049387	0.07035
Peromyscus	0.126	0.0117	32.349998	-104.783333	Cricetidae	0.12007140717895948	0.07035
Peromyscus	0.126	0.0117	38.357777	-79.083054	Cricetidae	0.08013980830761556	0.07035
Peromyscus	0.126	0.0	37.952778	-79.76722	Cricetidae	0.06090378841749953	0.07035
Peromyscus	0.126	0.0117	38.833332	-79.29583000000002	Cricetidae	0.10765501466912672	0.07035
Peromyscus	0.126	0.0117	38.086109	-79.656944	Cricetidae	0.08306769880317136	0.07035
Peromyscus	0.126	0.0117	31.566668	-108.400002	Cricetidae	0.05626229868537818	0.07035
Peromyscus	0.126	0.0117	29.583332	-98.400002	Cricetidae	0.03213762744242272	0.07035
Peromyscus	4.9	1.8	33.900002	-117.0	Cricetidae	4.081408156434198	4.4665
Peromyscus	4.9	2.5	38.555605	-121.468926	Muridae	2.5055066666034143	2.19
Peromyscus	2.5	1.9	37.16667	-122.08333	Muridae	2.2766033865899264	2.19
Peromyscus	4.9	1.8	33.900002	-117.0	Cricetidae	2.7773085266687163	3.09
Peromyscus	4.9	2.5	38.555605	-121.468926	Muridae	4.008207569823167	4.4665
Peromyscus	4.9	1.8	32.0	-110.199997	Cricetidae	3.5798666048414503	3.09
Peromyscus	4.9	1.8	31.966667	-110.300003	Cricetidae	3.00372382631077	3.09
Peromyscus	4.9	1.8	32.0	-110.199997	Cricetidae	4.2023294266658695	4.4665
Peromyscus	4.9	1.8	32.700001	-109.099998	Cricetidae	4.457015325822786	4.4665
Peromyscus	4.9	1.8	32.0	-110.199997	Cricetidae	4.370049872437551	4.4665
Peromyscus	4.9	2.5	47.0425	-122.893056	Muridae	3.8693244366736	4.4665
Peromyscus	4.9	1.8	46.299999	-119.099998	Cricetidae	4.0444334529514565	4.4665
Peromyscus	0.0117	0.0	31.183332	-104.199997	Cricetidae	0.004143794511864642	0.0021
Peromyscus	0.126	0.0117	31.183332	-104.199997	Cricetidae	0.04523429635663642	0.07035
Peromyscus	7.5	6.7	34.326111	-117.4703	Muridae	7.199300904748082	6.2895
Peromyscus	6.8	5.9	44.930833	-123.028889	Muridae	6.217609680855353	6.2895
Peromyscus	7.6	6.8	35.474444	-118.926667	Muridae	6.898915832987022	6.2895
Peromyscus	7.6	6.8	38.555605	-121.468926	Muridae	7.571807283934794	9.438
Peromyscus	7.6	6.8	43.746667	-118.419167	Muridae	7.1837685167575085	6.2895
Peromyscus	7.6	6.8	43.451111	-117.587222	Muridae	7.498392000706171	9.438
Peromyscus	10.1	9.0	35.133611	-118.817778	Muridae	9.139590353360608	9.438
Peromyscus	0.126	0.0117	29.6	-82.416664	Cricetidae	0.09381053507975964	0.07035
Peromyscus	0.126	0.0117	25.700001	-80.400002	Cricetidae	0.10868710347905083	0.07035
Peromyscus	0.126	0.0117	29.799999	-82.099998	Cricetidae	0.09884037730298834	0.07035
Peromyscus	1.8	0.3	29.011944	-82.668053	Cricetidae	1.4158664699428558	1.287
Peromyscus	0.126	0.0117	31.98333400000001	-81.066666	Cricetidae	0.04871659332956624	0.07035
Peromyscus	0.3	0.012	29.1	-82.300003	Cricetidae	0.02017441345525581	0.07035
Peromyscus	0.126	0.0117	29.407499	-82.476387	Cricetidae	0.058395581165853215	0.07035
Peromyscus	4.9	1.8	29.0	-82.68	Cricetidae	3.5575564356912386	3.09
Peromyscus	0.126	0.0117	29.799999	-82.099998	Cricetidae	0.0133296137416035	0.07035
Peromyscus	2.5	1.9	28.133333	-81.63166700000002	Muridae	2.412043097734297	2.19
Peromyscus	0.126	0.0117	37.299999	-105.0	Cricetidae	0.0865197397446107	0.07035
Peromyscus	1.8	0.3	37.044701	-100.477097	Cricetidae	1.5430565244216583	1.287
Peromyscus	1.8	0.3	37.200001	-100.300003	Cricetidae	1.1019206966473447	1.287
Peromyscus	1.8	0.3	38.700001	-98.099998	Cricetidae	0.3968901560633628	0.4515
Peromyscus	1.8	0.3	33.700001	-101.900002	Cricetidae	1.7879332294597587	1.287
Peromyscus	1.8	0.3	37.200001	-100.300003	Cricetidae	0.4275822219031185	0.4515
Peromyscus	1.8	0.3	37.200001	-100.300003	Cricetidae	0.6233156306281411	0.4515
Peromyscus	1.8	0.3	37.200001	-100.300003	Cricetidae	0.7133283317113203	0.4515
Peromyscus	1.8	0.3	38.299999	-97.599998	Cricetidae	1.3557477899557804	1.287
Peromyscus	2.5	1.9	28.133333	-81.63166700000002	Muridae	2.1214217232047163	2.19
Peromyscus	1.8	0.3	29.011944	-82.668053	Cricetidae	0.647251820579177	0.4515
Peromyscus	4.9	1.8	29.0	-82.68	Cricetidae	3.9043476153045553	4.4665
Peromyscus	1.8	0.3	33.900002	-117.0	Cricetidae	0.6327636047233318	0.4515
Peromyscus	0.126	0.0	39.483334	-114.033333	Cricetidae	0.005696274625734035	0.006200000000000001
Peromyscus	0.126	0.0117	31.566668	-108.400002	Cricetidae	0.09555253911393263	0.07035
