species	max_age	min_age	lat	lon	family	mean_age	rounded_ages
Platygonus	2.5	0.85	28.133333	-81.63166700000002	Tayassuidae	0.904043317863812	1.287
Platygonus	4.9	1.8	37.200001	-100.300003	Tayassuidae	3.598903200541333	3.09
Platygonus	4.9	1.8	31.5	-105.199997	Tayassuidae	2.6931605382248414	3.09
Platygonus	2.5	1.9	30.23	-82.63	Tayassuidae	2.4168967746235586	2.19
Platygonus	4.9	2.5	39.055833	-95.689444	Tayassuidae	4.473862002420131	4.4665
Platygonus	4.9	1.8	31.5	-105.199997	Tayassuidae	2.87091689772138	3.09
Platygonus	4.9	1.8	32.716667	-100.916664	Tayassuidae	2.108248563821765	2.19
Platygonus	1.8	0.3	50.700001	-107.900002	Tayassuidae	1.0240887679323705	1.287
Platygonus	4.9	2.5	39.055833	-95.689444	Tayassuidae	3.1763408549977057	3.09
Platygonus	4.9	2.5	35.66722199999999	-105.964444	Tayassuidae	4.64459762278808	4.4665
Platygonus	4.9	1.8	33.700001	-101.099998	Tayassuidae	2.9658177262708367	3.09
Platygonus	4.9	1.8	37.200001	-100.300003	Tayassuidae	2.8681946545814845	3.09
Platygonus	4.9	1.8	31.5	-105.199997	Tayassuidae	4.391577190764274	4.4665
Platygonus	2.5	1.9	35.66722199999999	-105.964444	Tayassuidae	2.4779621940522207	2.19
Platygonus	4.9	1.8	37.200001	-100.300003	Tayassuidae	2.683220465897364	3.09
Platygonus	4.9	2.5	35.66722199999999	-105.964444	Tayassuidae	4.446865148728556	4.4665
Platygonus	4.9	2.5	35.66722199999999	-105.964444	Tayassuidae	2.6030052167820448	3.09
Platygonus	4.9	1.8	33.700001	-101.099998	Tayassuidae	3.977021504464931	4.4665
Platygonus	4.9	1.8	26.5	-81.800003	Tayassuidae	3.079687178583331	3.09
Platygonus	4.9	1.8	27.299999	-80.800003	Tayassuidae	3.9755781488524433	4.4665
Platygonus	2.5	1.9	35.66722199999999	-105.964444	Tayassuidae	1.9508024381878961	2.19
Platygonus	4.9	1.8	33.700001	-101.099998	Tayassuidae	4.319590526364476	4.4665
Platygonus	4.9	1.8	29.700001	-82.599998	Tayassuidae	2.2870332425143176	2.19
Platygonus	4.9	2.5	39.055833	-95.689444	Tayassuidae	3.8889055468279055	4.4665
Platygonus	4.9	1.8	29.85	-82.599998	Tayassuidae	4.448206055921027	4.4665
Platygonus	4.9	1.8	34.883331	-101.633331	Tayassuidae	3.696910265164208	4.4665
Platygonus	4.9	1.8	31.5	-105.199997	Tayassuidae	2.3957265133046928	2.19
Platygonus	2.5	1.9	29.61667000000001	-82.36667	Tayassuidae	2.092234904048276	2.19
Platygonus	2.5	1.9	28.133333	-81.63166700000002	Tayassuidae	2.3222276485047395	2.19
Platygonus	4.9	1.8	33.700001	-101.099998	Tayassuidae	3.9207773767054643	4.4665
Platygonus	4.9	1.8	32.0	-106.699997	Tayassuidae	2.8722085195862377	3.09
Platygonus	4.9	1.8	37.200001	-100.300003	Tayassuidae	4.306905231674412	4.4665
Platygonus	4.9	1.8	37.200001	-100.300003	Tayassuidae	3.0416121793695923	3.09
Platygonus	4.9	1.8	33.700001	-101.099998	Tayassuidae	2.7868522418635395	3.09
Platygonus	4.9	1.8	33.700001	-101.099998	Tayassuidae	2.127206998011338	2.19
Platygonus	2.5	1.9	27.366667	-82.45	Tayassuidae	2.0201938210804133	2.19
Platygonus	4.9	1.8	33.700001	-101.099998	Tayassuidae	2.4292104307191007	2.19
Platygonus	1.8	0.3	29.011944	-82.668053	Tayassuidae	0.4885841735728099	0.4515
Platygonus	1.8	0.3	33.900002	-117.0	Tayassuidae	1.299260027411559	1.287
Platygonus	4.9	1.8	27.366667	-82.449997	Tayassuidae	1.940355797730001	2.19
Platygonus	6.7	5.9	45.596389	-118.7847	Tayassuidae	6.605648150154535	6.2895
Platygonus	6.8	5.9	45.596389	-118.784722	Tayassuidae	6.413875283871191	6.2895
Platygonus	0.126	0.0117	29.683332	-82.566666	Tayassuidae	0.0496411520983468	0.07035
Platygonus	0.126	0.0117	30.633333	-97.683334	Tayassuidae	0.022513293675322114	0.07035
Platygonus	0.126	0.0117	41.400002	-83.23333000000002	Tayassuidae	0.07227977022224047	0.07035
Platygonus	2.588	0.0117	38.700001	-79.300003	Tayassuidae	0.28689203256394785	0.4515
Platygonus	1.8	0.3	37.200001	-100.300003	Tayassuidae	1.408696261130979	1.287
Platygonus	0.126	0.0	37.616669	-91.833336	Tayassuidae	0.00828523755502984	0.00995
Platygonus	1.8	0.3	40.200001	-98.099998	Tayassuidae	1.4558376448982389	1.287
Platygonus	0.126	0.0	37.616669	-91.833336	Tayassuidae	0.09116151684698293	0.07035
Platygonus	0.3	0.012	29.1	-82.300003	Tayassuidae	0.2586887667661366	0.4515
Platygonus	0.126	0.0117	33.066666	-96.966667	Tayassuidae	0.046209254667472895	0.07035
Platygonus	2.588	0.0117	42.416668	-90.433334	Tayassuidae	2.3225478824923442	2.19
Platygonus	0.126	0.0117	36.799999	-107.616669	Tayassuidae	0.03161793604074524	0.07035
Platygonus	0.126	0.0117	29.6	-82.416664	Tayassuidae	0.1224111201605024	0.07035
Platygonus	2.588	0.0117	38.605556	-79.370834	Tayassuidae	0.2580000578270011	0.4515
Platygonus	0.126	0.0117	38.602779	-79.368889	Tayassuidae	0.06154611257647428	0.07035
Platygonus	0.126	0.0117	29.799999	-82.099998	Tayassuidae	0.11233208374546468	0.07035
Platygonus	0.7809999999999999	0.126	36.88361	-80.916389	Tayassuidae	0.5106702689293939	0.4515
Platygonus	0.126	0.0117	38.602779	-79.368889	Tayassuidae	0.07676213493502879	0.07035
Platygonus	2.588	0.0117	43.097698	-85.228798	Tayassuidae	2.21211378634196	2.19
Platygonus	2.588	0.0117	37.543331	-80.398888	Tayassuidae	1.4270147651934781	1.287
Platygonus	0.126	0.0117	36.666668	-93.216667	Tayassuidae	0.020328886264472826	0.07035
Platygonus	0.126	0.0117	32.714721999999995	-96.707497	Tayassuidae	0.04067605045083942	0.07035
Platygonus	2.588	0.0117	42.4175	-90.425835	Tayassuidae	1.498623982848179	1.287
Platygonus	2.588	0.0117	42.4175	-90.425835	Tayassuidae	0.17445974412268486	0.4515
Platygonus	2.588	0.0117	42.4175	-90.425835	Tayassuidae	1.0013986619870106	1.287
Platygonus	0.126	0.0117	29.1	-82.300003	Tayassuidae	0.03699646901225772	0.07035
Platygonus	0.126	0.0117	28.716667	-81.449997	Tayassuidae	0.07161596095948461	0.07035
Platygonus	0.126	0.0117	42.28083400000001	-83.69194	Tayassuidae	0.043702278572832716	0.07035
Platygonus	0.126	0.0117	29.799999	-82.099998	Tayassuidae	0.0476018714665293	0.07035
Platygonus	0.126	0.0117	34.466667	-110.08333600000002	Tayassuidae	0.042968577870590934	0.07035
Platygonus	0.126	0.0117	39.230556	-78.050003	Tayassuidae	0.1102599350824132	0.07035
Platygonus	0.126	0.0117	34.386665	-84.909447	Tayassuidae	0.040638346893431	0.07035
Platygonus	2.588	0.0117	39.23027800000001	-78.13666500000002	Tayassuidae	1.6848821935172158	1.287
Platygonus	2.588	0.0117	38.630001	-78.520554	Tayassuidae	0.6062076899591929	0.4515
Platygonus	0.126	0.0117	25.700001	-80.400002	Tayassuidae	0.1181741668525306	0.07035
Platygonus	0.126	0.0117	40.974998	-83.449997	Tayassuidae	0.08130192192082818	0.07035
Platygonus	0.126	0.0117	27.17	-81.900002	Tayassuidae	0.12318437279644885	0.07035
Platygonus	0.126	0.0117	29.407499	-82.476387	Tayassuidae	0.09416933407454124	0.07035
Platygonus	1.8	0.3	37.044701	-100.477097	Tayassuidae	0.5177805198973573	0.4515
Platygonus	2.588	0.0117	39.644169	-77.58555600000003	Tayassuidae	2.422663615681956	2.19
Platygonus	0.126	0.0117	38.900002	-90.166664	Tayassuidae	0.11965446514828144	0.07035
Platygonus	1.8	0.3	39.599998	-78.699997	Tayassuidae	0.9383831962446728	1.287
Platygonus	9.0	7.6	44.930833	-123.028889	Tayassuidae	8.044390579357856	9.438
Platygonus	7.6	6.8	44.486111	-119.666667	Tayassuidae	7.460828382974419	9.438
Platygonus	7.38	7.2	44.516667	-119.6361	Tayassuidae	7.379293757683732	9.438
Platygonus	7.38	7.2	44.516667	-119.6361	Tayassuidae	7.300323420527014	9.438
Platygonus	7.38	7.2	44.5	-120.0	Tayassuidae	7.250781690406293	9.438
Platygonus	7.38	7.2	44.484167	-119.7239	Tayassuidae	7.2144760979325095	6.2895
Platygonus	7.38	7.2	44.483333	-119.6639	Tayassuidae	7.317499052061657	9.438
Platygonus	4.9	2.5	43.613739	-116.237651	Tayassuidae	3.125363396635424	3.09
Platygonus	4.9	1.8	46.299999	-119.099998	Tayassuidae	1.900302167327328	2.19
Platygonus	4.9	1.8	42.799999	-114.900002	Tayassuidae	2.74237429109959	3.09
Platygonus	4.9	2.5	38.976667	-119.539722	Tayassuidae	3.62158533223164	4.4665
Platygonus	4.9	1.8	38.799999	-119.5	Tayassuidae	4.334118679088109	4.4665
Platygonus	4.9	2.5	47.0425	-122.893056	Tayassuidae	4.5107432141437975	4.4665
Platygonus	4.9	2.5	47.0425	-122.893056	Tayassuidae	3.308816193811636	3.09
Platygonus	20.43	15.97	42.400002	-103.800003	Tayassuidae	16.60529414493485	18.205000000000002
Platygonus	1.8	0.3	39.599998	-78.699997	Tayassuidae	1.126824860843852	1.287
Platygonus	1.9	0.85	28.133333	-81.63166700000002	Tayassuidae	1.845537738067472	2.19
Platygonus	1.8	0.3	28.799168	-82.070274	Tayassuidae	1.7618265108717708	1.287
Platygonus	2.5	1.9	28.133333	-81.63166700000002	Tayassuidae	2.1533712842790838	2.19
Platygonus	2.5	0.85	28.133333	-81.63166700000002	Tayassuidae	1.1459212266478012	1.287
Platygonus	1.8	0.3	27.9	-81.800003	Tayassuidae	1.1905577801834109	1.287
Platygonus	0.126	0.0117	39.0	-86.5	Tayassuidae	0.11039833211411658	0.07035
Platygonus	1.8	0.3	33.700001	-101.900002	Tayassuidae	0.6288283683320723	0.4515
Platygonus	1.8	0.3	27.700001	-82.5	Tayassuidae	1.4709831717849282	1.287
Platygonus	1.8	0.3	35.0	-101.900002	Tayassuidae	0.621124802454104	0.4515
Platygonus	2.588	0.126	38.224724	-80.094719	Tayassuidae	0.5465184500111964	0.4515
Platygonus	1.8	0.3	37.056667	-120.195831	Tayassuidae	1.3814911696743202	1.287
Platygonus	1.8	0.3	39.599998	-78.699997	Tayassuidae	1.3288715832998508	1.287
Platygonus	0.126	0.0117	43.333332	-120.5	Tayassuidae	0.036310828489584286	0.07035
Platygonus	1.8	0.3	29.799999	-82.099998	Tayassuidae	0.9527218371627786	1.287
Platygonus	1.9	0.85	28.133333	-81.63166700000002	Tayassuidae	1.2630178650620554	1.287
Platygonus	2.588	0.0117	39.644169	-77.58555600000003	Tayassuidae	0.33420725049609223	0.4515
Platygonus	4.9	1.8	33.0	-108.5	Tayassuidae	3.8714670722860407	4.4665
Platygonus	4.9	1.8	29.0	-82.68	Tayassuidae	3.6136868976806378	4.4665
Platygonus	1.8	0.3	39.799999	-98.099998	Tayassuidae	0.4798030329544642	0.4515
Platygonus	2.588	0.0117	40.75	-77.5	Tayassuidae	1.6628827709961325	1.287
Platygonus	1.8	0.3	33.75	-99.5	Tayassuidae	1.064122659419263	1.287
Platygonus	1.8	0.3	34.400002	-98.900002	Tayassuidae	1.3255539713956803	1.287
Platygonus	1.9	0.85	28.133333	-81.63166700000002	Tayassuidae	1.2983484213864345	1.287
Platygonus	2.588	0.0117	36.693054	-82.223892	Tayassuidae	1.682834714619945	1.287
Platygonus	1.8	0.3	34.5	-101.300003	Tayassuidae	1.6295774405084047	1.287
