species	max_age	min_age	lat	lon	family	mean_age	rounded_ages
Salicaceae	13.6	10.3	38.493889	-118.897222	Rosids	11.959790549271641	12.725000000000001
Salicaceae	13.6	10.3	38.493889	-118.897222	Rosids	10.669251247995533	9.438
Salicaceae	13.6	10.3	38.493889	-118.897222	Rosids	12.337557639054179	12.725000000000001
Salicaceae	13.6	10.3	38.493889	-118.897222	Rosids	13.310005525229409	12.725000000000001
Salicaceae	20.43	15.97	39.2	-117.78333300000001	Rosids	18.013326836264675	18.205000000000002
Salicaceae	20.43	15.97	39.2	-117.78333300000001	Rosids	17.399911751975484	18.205000000000002
Salicaceae	20.43	15.97	39.2	-117.78333300000001	Rosids	18.255426664997707	18.205000000000002
Salicaceae	20.43	15.97	39.2	-117.78333300000001	Rosids	16.615613804197313	18.205000000000002
Salicaceae	20.43	15.97	39.2	-117.78333300000001	Rosids	16.372468337212524	18.205000000000002
Salicaceae	20.43	15.97	39.2	-117.78333300000001	Rosids	16.255454355501527	18.205000000000002
Salicaceae	20.43	15.97	39.2	-117.78333300000001	Rosids	16.2364790011905	18.205000000000002
Salicaceae	20.43	15.97	39.2	-117.78333300000001	Rosids	16.444477994545952	18.205000000000002
Salicaceae	20.43	15.97	39.2	-117.78333300000001	Rosids	18.937058612229357	18.205000000000002
Salicaceae	20.43	15.97	39.2	-117.78333300000001	Rosids	19.216850877708033	18.205000000000002
Salicaceae	5.33	1.81	39.309722	-119.64861100000002	Rosids	4.881283305356684	4.4665
Salicaceae	5.33	1.81	39.309722	-119.64861100000002	Rosids	3.4749703655406448	3.09
Salicaceae	5.33	1.81	39.309722	-119.64861100000002	Rosids	2.6343499303824034	3.09
Salicaceae	5.33	1.81	39.309722	-119.64861100000002	Rosids	2.156777462337521	2.19
Salicaceae	5.33	1.81	39.309722	-119.64861100000002	Rosids	2.5316945477709387	2.19
Salicaceae	5.33	1.81	39.309722	-119.64861100000002	Rosids	4.625920493608626	4.4665
Salicaceae	13.6	10.3	39.785833000000004	-118.93638899999999	Rosids	10.392348140713707	9.438
Salicaceae	13.6	10.3	39.785833000000004	-118.93638899999999	Rosids	13.149851212921087	12.725000000000001
Salicaceae	13.6	10.3	39.785833000000004	-118.93638899999999	Rosids	11.755673163127012	12.725000000000001
Salicaceae	13.6	10.3	39.785833000000004	-118.93638899999999	Rosids	12.039775137785295	12.725000000000001
Salicaceae	13.6	10.3	39.785833000000004	-118.93638899999999	Rosids	12.873408018041511	12.725000000000001
Salicaceae	13.6	10.3	39.785833000000004	-118.93638899999999	Rosids	13.095716017798386	12.725000000000001
Salicaceae	20.43	15.97	39.25	-117.88333300000001	Rosids	17.77726346595115	18.205000000000002
Salicaceae	20.43	15.97	39.25	-117.88333300000001	Rosids	18.874792563211766	18.205000000000002
Salicaceae	20.43	15.97	39.25	-117.88333300000001	Rosids	17.915845404147014	18.205000000000002
Salicaceae	20.43	15.97	39.25	-117.88333300000001	Rosids	17.94974752893086	18.205000000000002
Salicaceae	20.43	15.97	39.25	-117.88333300000001	Rosids	20.40120468823453	18.205000000000002
Salicaceae	20.43	15.97	39.25	-117.88333300000001	Rosids	18.783172551328736	18.205000000000002
Salicaceae	20.43	15.97	39.25	-117.88333300000001	Rosids	17.243211050868517	18.205000000000002
Salicaceae	20.43	15.97	39.25	-117.88333300000001	Rosids	18.406012068324692	18.205000000000002
Salicaceae	20.43	15.97	39.25	-117.88333300000001	Rosids	16.243061052459723	18.205000000000002
Salicaceae	13.6	10.3	39.388611	-118.9725	Rosids	10.715572411705127	9.438
Salicaceae	13.6	10.3	39.388611	-118.9725	Rosids	12.891206330498973	12.725000000000001
Salicaceae	13.6	10.3	39.388611	-118.9725	Rosids	10.634435400153457	9.438
Salicaceae	13.6	10.3	39.388611	-118.9725	Rosids	12.749909033549821	12.725000000000001
Salicaceae	10.0	10.0	36.419722	-82.476667	Rosids	10.0	9.438
Salicaceae	23.03	20.43	75.411111	-89.430278	Rosids	21.67995092267445	21.735
Salicaceae	23.03	20.43	75.411111	-89.430278	Rosids	22.699245126102372	21.735
Salicaceae	0.126	0.01	42.385556	-84.748333	Rosids	0.016211972184239646	0.07035
Salicaceae	0.126	0.01	42.385556	-84.748333	Rosids	0.034731912446192975	0.07035
Salicaceae	16.3	13.6	38.493889	-118.897222	Rosids	15.816022126748445	14.895
Salicaceae	16.3	13.6	38.493889	-118.897222	Rosids	14.517613195915734	14.895
Salicaceae	16.3	13.6	38.493889	-118.897222	Rosids	13.953739437996385	14.895
Salicaceae	16.3	13.6	38.493889	-118.897222	Rosids	13.64666838378484	12.725000000000001
Salicaceae	16.3	13.6	38.493889	-118.897222	Rosids	14.232065475142159	14.895
Salicaceae	16.3	13.6	38.493889	-118.897222	Rosids	13.80071444713818	12.725000000000001
Salicaceae	0.0335	0.0231	50.18333300000001	-114.516667	Rosids	0.02772109052699127	0.07035
Salicaceae	1.81	0.7809999999999999	35.359722	-76.8175	Rosids	1.1818092374843296	1.287
Salicaceae	23.03	23.03	44.866667	-113.016667	Rosids	23.03	25.425
Salicaceae	23.03	23.03	44.866667	-113.016667	Rosids	23.03	25.425
Salicaceae	23.03	23.03	44.866667	-113.016667	Rosids	23.03	25.425
Salicaceae	23.03	23.03	44.866667	-113.016667	Rosids	23.03	25.425
Salicaceae	23.03	23.03	44.866667	-113.016667	Rosids	23.03	25.425
Salicaceae	20.43	15.97	39.25	-117.88333300000001	Rosids	17.422724571241623	18.205000000000002
Salicaceae	20.43	15.97	39.25	-117.88333300000001	Rosids	18.379634676588527	18.205000000000002
Salicaceae	20.43	15.97	39.25	-117.88333300000001	Rosids	19.031893613456464	18.205000000000002
Salicaceae	20.43	15.97	39.25	-117.88333300000001	Rosids	18.721339038402288	18.205000000000002
Salicaceae	20.43	15.97	39.25	-117.88333300000001	Rosids	19.5906147787383	18.205000000000002
Salicaceae	20.43	15.97	39.25	-117.88333300000001	Rosids	18.598959016255804	18.205000000000002
Salicaceae	20.43	15.97	39.25	-117.88333300000001	Rosids	16.550604306493778	18.205000000000002
Salicaceae	20.43	15.97	39.25	-117.88333300000001	Rosids	16.753532873250162	18.205000000000002
Salicaceae	20.43	15.97	39.25	-117.88333300000001	Rosids	17.02084771721599	18.205000000000002
Salicaceae	20.43	15.97	39.25	-117.88333300000001	Rosids	19.64480657506036	18.205000000000002
Salicaceae	9.9	9.9	40.454444	-85.791944	Rosids	9.9	9.438
Salicaceae	9.9	9.9	40.454444	-85.791944	Rosids	9.9	9.438
Salicaceae	0.126	0.01	42.12	-85.906667	Rosids	0.06644607541288375	0.07035
Salicaceae	0.126	0.01	42.12	-85.906667	Rosids	0.09320182583803316	0.07035
Salicaceae	16.3	13.6	39.583333	-119.35	Rosids	15.617492839947605	14.895
Salicaceae	16.3	13.6	39.583333	-119.35	Rosids	15.403173214490394	14.895
Salicaceae	16.3	13.6	39.583333	-119.35	Rosids	14.252739576274395	14.895
Salicaceae	16.3	13.6	39.583333	-119.35	Rosids	15.792101520187721	14.895
Salicaceae	16.3	13.6	39.583333	-119.35	Rosids	15.539687162072205	14.895
Salicaceae	16.3	13.6	39.583333	-119.35	Rosids	14.818279875110786	14.895
Salicaceae	16.3	13.6	39.583333	-119.35	Rosids	14.909022176615224	14.895
Salicaceae	16.3	13.6	39.583333	-119.35	Rosids	15.93680040652166	14.895
Salicaceae	16.3	13.6	39.583333	-119.35	Rosids	14.466525055345965	14.895
Salicaceae	16.3	13.6	39.583333	-119.35	Rosids	14.733255075219278	14.895
Salicaceae	13.65	11.61	39.583333	-119.36666699999999	Rosids	12.473082835276813	12.725000000000001
Salicaceae	13.65	11.61	39.583333	-119.36666699999999	Rosids	12.656231512743847	12.725000000000001
Salicaceae	13.65	11.61	39.583333	-119.36666699999999	Rosids	11.990802082770646	12.725000000000001
Salicaceae	16.3	13.6	39.583333	-119.41666699999999	Rosids	14.579271994264175	14.895
Salicaceae	16.3	13.6	39.583333	-119.41666699999999	Rosids	14.142473145273357	14.895
Salicaceae	16.3	13.6	39.583333	-119.41666699999999	Rosids	15.540035615380075	14.895
Salicaceae	16.3	13.6	39.583333	-119.41666699999999	Rosids	15.862775740457312	14.895
Salicaceae	16.3	13.6	39.583333	-119.41666699999999	Rosids	16.267350021633494	18.205000000000002
Salicaceae	13.65	11.61	39.583333	-119.36666699999999	Rosids	13.166581793963466	12.725000000000001
Salicaceae	13.65	11.61	39.583333	-119.36666699999999	Rosids	13.628523729390288	12.725000000000001
Salicaceae	13.65	11.61	39.583333	-119.36666699999999	Rosids	13.540090497029604	12.725000000000001
Salicaceae	13.65	11.61	39.583333	-119.36666699999999	Rosids	12.257201686088946	12.725000000000001
Salicaceae	13.65	11.61	39.583333	-119.36666699999999	Rosids	12.86467761063359	12.725000000000001
Salicaceae	13.65	11.61	39.583333	-119.36666699999999	Rosids	12.081491336329627	12.725000000000001
Salicaceae	13.65	11.61	39.583333	-119.36666699999999	Rosids	12.796808902138007	12.725000000000001
Salicaceae	13.65	11.61	39.583333	-119.36666699999999	Rosids	13.160546975736072	12.725000000000001
Salicaceae	13.65	11.61	39.583333	-119.36666699999999	Rosids	12.500406080585222	12.725000000000001
Salicaceae	13.65	11.61	39.583333	-119.36666699999999	Rosids	12.717430036102984	12.725000000000001
Salicaceae	13.65	11.61	39.583333	-119.36666699999999	Rosids	13.550866335109804	12.725000000000001
Salicaceae	13.65	11.61	39.583333	-119.35	Rosids	12.958217398043027	12.725000000000001
Salicaceae	13.65	11.61	39.583333	-119.35	Rosids	13.166260206812206	12.725000000000001
Salicaceae	13.65	11.61	39.583333	-119.35	Rosids	12.448121339001384	12.725000000000001
Salicaceae	13.65	11.61	39.583333	-119.35	Rosids	13.146834190385576	12.725000000000001
Salicaceae	13.65	11.61	39.583333	-119.35	Rosids	13.414390171417642	12.725000000000001
Salicaceae	13.65	11.61	39.583333	-119.35	Rosids	12.669329472444522	12.725000000000001
Salicaceae	13.65	11.61	39.583333	-119.35	Rosids	12.176028059866915	12.725000000000001
Salicaceae	13.65	11.61	39.583333	-119.35	Rosids	12.590238129198484	12.725000000000001
Salicaceae	13.65	11.61	39.583333	-119.35	Rosids	11.896326245764616	12.725000000000001
Salicaceae	13.65	11.61	39.583333	-119.35	Rosids	13.040513051222662	12.725000000000001
Salicaceae	13.65	11.61	39.583333	-119.35	Rosids	13.418064503416431	12.725000000000001
Salicaceae	13.65	11.61	39.583333	-119.35	Rosids	12.302947450335536	12.725000000000001
Salicaceae	13.65	11.61	39.583333	-119.35	Rosids	12.589001703205955	12.725000000000001
Salicaceae	13.65	11.61	39.583333	-119.35	Rosids	12.692980675744927	12.725000000000001
Salicaceae	13.65	11.61	39.583333	-119.35	Rosids	13.002802820677786	12.725000000000001
Salicaceae	13.65	11.61	39.583333	-119.35	Rosids	13.207747789984289	12.725000000000001
Salicaceae	13.65	11.61	39.583333	-119.35	Rosids	11.909030039043314	12.725000000000001
Salicaceae	13.65	11.61	39.583333	-119.35	Rosids	13.379003418381991	12.725000000000001
Salicaceae	13.65	11.61	39.583333	-119.35	Rosids	13.226647094286788	12.725000000000001
Salicaceae	13.65	11.61	39.583333	-119.35	Rosids	12.750772777521314	12.725000000000001
Salicaceae	13.65	11.61	39.583333	-119.35	Rosids	12.770247074881224	12.725000000000001
Salicaceae	13.65	11.61	39.583333	-119.35	Rosids	11.7244861724276	12.725000000000001
Salicaceae	13.65	11.61	39.583333	-119.35	Rosids	12.903048815380693	12.725000000000001
Salicaceae	13.65	11.61	39.583333	-119.35	Rosids	12.822930516613926	12.725000000000001
Salicaceae	13.65	11.61	39.583333	-119.35	Rosids	12.021887383955741	12.725000000000001
Salicaceae	13.65	11.61	39.583333	-119.35	Rosids	13.540874179441525	12.725000000000001
Salicaceae	15.97	11.61	39.9	-119.55	Rosids	11.636367494214324	12.725000000000001
Salicaceae	15.97	11.61	39.9	-119.55	Rosids	14.312636824095812	14.895
Salicaceae	15.97	11.61	39.9	-119.55	Rosids	13.895075680922195	14.895
Salicaceae	15.97	11.61	39.9	-119.55	Rosids	14.637325752343026	14.895
Salicaceae	15.97	11.61	39.9	-119.55	Rosids	14.481281800037268	14.895
Salicaceae	0.126	0.01	43.268056	-83.18083299999998	Rosids	0.07522101736257134	0.07035
Salicaceae	0.126	0.01	43.268056	-83.18083299999998	Rosids	0.029380197345020363	0.07035
Salicaceae	0.126	0.01	42.548611	-84.24972199999998	Rosids	0.040053568989714114	0.07035
Salicaceae	0.126	0.01	42.548611	-84.24972199999998	Rosids	0.08253316091013012	0.07035
Salicaceae	0.011000000000000001	0.0105	49.81	-112.175	Rosids	0.010680599262726609	0.00995
Salicaceae	5.33	1.81	39.518333	-119.987778	Rosids	4.10358894677794	4.4665
Salicaceae	5.33	1.81	39.518333	-119.987778	Rosids	3.64727232022056	4.4665
Salicaceae	5.33	1.81	39.518333	-119.987778	Rosids	5.128472839973951	4.4665
Salicaceae	5.33	1.81	39.518333	-119.987778	Rosids	5.073647374737671	4.4665
Salicaceae	5.33	1.81	39.518333	-119.987778	Rosids	5.042502191846446	4.4665
Salicaceae	19.1	17.38	42.83	-124.55	Rosids	18.03419137562676	18.205000000000002
Salicaceae	19.1	17.38	42.83	-124.55	Rosids	18.2593149705182	18.205000000000002
Salicaceae	19.1	17.38	42.83	-124.55	Rosids	17.90553094421248	18.205000000000002
Salicaceae	19.1	17.38	42.83	-124.55	Rosids	17.63361016734247	18.205000000000002
