species	max_age	min_age	lat	lon	family	mean_age	rounded_ages
Sigmodon	1.8	0.3	28.799168	-82.070274	Cricetidae	1.0188554742140097	1.287
Sigmodon	0.126	0.0117	27.5	-82.5	Cricetidae	0.06334069648369166	0.07035
Sigmodon	0.126	0.0117	29.799999	-82.099998	Cricetidae	0.11724498939460545	0.07035
Sigmodon	0.126	0.0117	29.4	-82.599998	Cricetidae	0.035808217733815095	0.07035
Sigmodon	0.3	0.012	27.799999	-82.800003	Cricetidae	0.13945008225707545	0.4515
Sigmodon	1.8	0.3	33.214443	-80.448059	Cricetidae	1.1037650750463028	1.287
Sigmodon	0.85	0.4	28.133333	-81.63166700000002	Muridae	0.7408478196382716	0.4515
Sigmodon	1.8	0.3	29.4	-82.599998	Cricetidae	0.5209538084166592	0.4515
Sigmodon	2.5	0.85	39.055833	-95.689444	Muridae	2.4703616674629982	2.19
Sigmodon	1.8	0.3	33.799999	-99.699997	Cricetidae	1.264174758078228	1.287
Sigmodon	4.9	1.8	37.299999	-105.0	Cricetidae	2.695664858925667	3.09
Sigmodon	2.5	1.9	32.113609999999994	-109.92111	Muridae	2.2458165585552745	2.19
Sigmodon	1.8	0.3	27.041668	-81.821114	Cricetidae	1.0630913771068693	1.287
Sigmodon	1.8	0.3	29.011944	-82.668053	Cricetidae	0.8662241889686073	1.287
Sigmodon	4.9	1.8	32.0	-110.199997	Cricetidae	2.4339238494540916	2.19
Sigmodon	4.9	1.8	29.0	-82.68	Cricetidae	3.3732892017563523	3.09
Sigmodon	4.9	1.8	31.700001	-114.5	Cricetidae	3.27454323999097	3.09
Sigmodon	2.5	1.9	33.448457	-112.073844	Muridae	2.363777881255433	2.19
Sigmodon	1.8	0.3	32.0	-110.199997	Cricetidae	1.2831178940944448	1.287
Sigmodon	1.8	0.3	37.200001	-100.300003	Cricetidae	1.3640643323244477	1.287
Sigmodon	2.5	1.9	32.113609999999994	-109.92111	Muridae	2.2670952112823053	2.19
Sigmodon	2.5	1.9	28.133333	-81.63166700000002	Muridae	1.9437434344599576	2.19
Sigmodon	1.8	0.3	30.299999	-97.699997	Cricetidae	1.1822878592177029	1.287
Sigmodon	1.8	0.3	32.0	-110.199997	Cricetidae	1.1496475880609298	1.287
Sigmodon	4.9	1.8	32.0	-110.199997	Cricetidae	4.84038408631443	4.4665
Sigmodon	4.9	2.5	37.0	-103.6333333	Muridae	3.0558413020076123	3.09
Sigmodon	2.5	0.85	39.055833	-95.689444	Muridae	1.4084220185488507	1.287
Sigmodon	2.5	1.9	28.133333	-81.63166700000002	Muridae	2.4867453074779338	2.19
Sigmodon	4.9	1.8	32.0	-110.199997	Cricetidae	3.1017646254056084	3.09
Sigmodon	0.126	0.0117	29.1	-82.300003	Cricetidae	0.0502626289075142	0.07035
Sigmodon	0.126	0.0117	25.700001	-80.400002	Cricetidae	0.03644365727786489	0.07035
Sigmodon	0.126	0.0117	29.799999	-82.099998	Cricetidae	0.023624891627425815	0.07035
Sigmodon	0.126	0.0117	29.6	-82.416664	Cricetidae	0.07452830740156229	0.07035
Sigmodon	0.126	0.0117	27.799999	-82.699997	Cricetidae	0.07429031730870922	0.07035
Sigmodon	0.126	0.0117	28.083332	-80.599998	Cricetidae	0.09425857750609692	0.07035
Sigmodon	0.126	0.0117	29.407499	-82.476387	Cricetidae	0.027698874976790626	0.07035
Sigmodon	0.126	0.0117	32.799999	-96.599998	Cricetidae	0.09009891584599486	0.07035
Sigmodon	0.126	0.0117	26.700001	-80.166664	Cricetidae	0.033364959070065814	0.07035
Sigmodon	0.7809999999999999	0.126	29.416668	-82.216667	Cricetidae	0.6341833258920224	0.4515
Sigmodon	0.126	0.0117	32.366669	-104.449997	Cricetidae	0.09926276319650174	0.07035
Sigmodon	0.126	0.0117	29.799999	-82.099998	Cricetidae	0.08319960320969796	0.07035
Sigmodon	0.126	0.0117	31.98333400000001	-81.066666	Cricetidae	0.10404814559374592	0.07035
Sigmodon	0.126	0.0117	29.1	-82.300003	Cricetidae	0.028001064747337386	0.07035
Sigmodon	0.126	0.0117	28.799999	-82.199997	Cricetidae	0.038373278193260835	0.07035
Sigmodon	0.126	0.0117	28.799999	-82.199997	Cricetidae	0.026372011065917272	0.07035
Sigmodon	0.126	0.0117	29.683332	-82.566666	Cricetidae	0.021563399429006317	0.07035
Sigmodon	0.0117	0.0	30.35833400000001	-98.099998	Cricetidae	0.005088936030961776	0.006200000000000001
Sigmodon	0.126	0.0117	30.35833400000001	-98.099998	Cricetidae	0.015126195297181722	0.07035
Sigmodon	0.126	0.0117	29.799999	-82.099998	Cricetidae	0.02716501132448969	0.07035
Sigmodon	0.3	0.012	29.1	-82.300003	Cricetidae	0.07983561191238744	0.07035
Sigmodon	0.3	0.012	28.799999	-82.199997	Cricetidae	0.23135847944093105	0.4515
Sigmodon	2.588	0.0117	34.200001	-84.800003	Cricetidae	1.7863626241902972	1.287
Sigmodon	0.126	0.0117	29.566668	-95.050003	Cricetidae	0.04665523673349382	0.07035
Sigmodon	0.126	0.0117	31.183332	-104.199997	Cricetidae	0.08122207995865573	0.07035
Sigmodon	0.0117	0.0	31.183332	-104.199997	Cricetidae	0.002194643532919479	0.0021
Sigmodon	0.126	0.0117	32.714721999999995	-96.707497	Cricetidae	0.026813481624462728	0.07035
Sigmodon	0.126	0.0117	27.638332	-80.397499	Cricetidae	0.038903994553365885	0.07035
Sigmodon	2.5	1.9	30.267222	-97.763889	Muridae	2.0011194254898808	2.19
Sigmodon	2.5	1.9	30.75	-105.0	Muridae	2.029398029968516	2.19
Sigmodon	4.9	1.8	31.5	-105.199997	Cricetidae	2.6122875904220213	3.09
Sigmodon	4.9	1.8	31.5	-105.199997	Cricetidae	4.732310367494284	4.4665
Sigmodon	1.9	0.85	28.133333	-81.63166700000002	Muridae	1.0830634019423728	1.287
Sigmodon	1.8	0.3	27.700001	-82.5	Cricetidae	1.170455721945762	1.287
Sigmodon	1.8	0.3	29.683332	-82.566666	Cricetidae	0.7741211588961756	1.287
Sigmodon	1.8	0.3	27.700001	-82.5	Cricetidae	0.6725615443477981	0.4515
Sigmodon	1.8	0.3	27.9	-82.099998	Cricetidae	0.5975840216477037	0.4515
Sigmodon	1.8	0.3	27.9	-81.800003	Cricetidae	1.6605028377024122	1.287
Sigmodon	1.8	0.3	29.799999	-82.099998	Cricetidae	0.43353003638951454	0.4515
Sigmodon	1.9	0.85	28.133333	-81.63166700000002	Muridae	1.5445513344821271	1.287
Sigmodon	2.5	0.85	28.133333	-81.63166700000002	Muridae	2.4898485077149237	2.19
Sigmodon	1.9	0.85	28.133333	-81.63166700000002	Muridae	1.3654437101058459	1.287
Sigmodon	2.5	0.85	38.555605	-121.468926	Muridae	2.312706617859087	2.19
Sigmodon	1.8	0.3	32.900002	-117.099998	Cricetidae	1.6223372200000952	1.287
Sigmodon	1.8	0.3	32.900002	-117.099998	Cricetidae	0.5538669046550349	0.4515
Sigmodon	1.8	0.3	32.900002	-117.099998	Cricetidae	1.1691553292416799	1.287
Sigmodon	1.8	0.3	32.900002	-117.099998	Cricetidae	1.5724159445557098	1.287
Sigmodon	4.9	1.8	32.900002	-117.099998	Cricetidae	2.822555183769442	3.09
Sigmodon	4.9	2.5	35.66722199999999	-105.964444	Muridae	4.289346901557007	4.4665
Sigmodon	4.9	2.5	38.555605	-121.468926	Muridae	4.4829853038307315	4.4665
Sigmodon	4.9	2.5	38.555605	-121.468926	Muridae	4.314036105189191	4.4665
Sigmodon	4.9	2.5	33.101667	-109.268611	Muridae	2.5945621341136915	3.09
Sigmodon	4.9	2.5	32.518611	-96.380833	Muridae	3.746200565000409	4.4665
Sigmodon	2.5	1.9	34.97	-101.9	Muridae	2.367084036457096	2.19
Sigmodon	5.9	4.9	28.18222	-81.82417	Muridae	5.739659171130166	6.2895
Sigmodon	4.9	2.5	32.113609999999994	-109.92111	Muridae	3.0178689280015965	3.09
Sigmodon	2.5	1.9	29.61667000000001	-82.36667	Muridae	2.2243617475636697	2.19
Sigmodon	4.9	2.5	35.66722199999999	-105.964444	Muridae	4.6774763390847385	4.4665
Sigmodon	4.9	2.5	33.448457	-112.073844	Muridae	3.2691220506429683	3.09
Sigmodon	2.5	1.9	27.366667	-82.45	Muridae	2.0624462591919603	2.19
Sigmodon	2.5	1.9	29.910577000000004	-95.060882	Muridae	2.350303431692365	2.19
Sigmodon	4.9	2.5	39.055833	-95.689444	Muridae	4.777528716732512	4.4665
Sigmodon	4.9	2.5	34.56167	-112.38278	Muridae	3.2564973755217803	3.09
Sigmodon	2.5	1.9	39.92361	-97.82139	Muridae	2.15588642452244	2.19
Sigmodon	4.9	2.5	40.809868	-96.675345	Muridae	2.8388902612658216	3.09
Sigmodon	4.9	2.5	39.055833	-95.689444	Muridae	3.64247636729746	4.4665
Sigmodon	4.9	2.5	39.055833	-95.689444	Muridae	3.5856024167542717	3.09
Sigmodon	4.9	1.8	39.900002	-97.699997	Cricetidae	4.542668310224991	4.4665
Sigmodon	1.8	0.3	32.900002	-117.099998	Cricetidae	0.432241629563496	0.4515
Sigmodon	4.9	1.8	32.900002	-117.099998	Cricetidae	3.1932055301809945	3.09
Sigmodon	1.8	0.3	33.900002	-117.0	Cricetidae	1.6417923597790962	1.287
Sigmodon	4.9	1.8	33.900002	-117.0	Cricetidae	3.331500418301034	3.09
Sigmodon	4.9	1.8	33.900002	-117.0	Cricetidae	3.9056666276789658	4.4665
Sigmodon	4.9	1.8	33.900002	-117.0	Cricetidae	4.605820163570436	4.4665
Sigmodon	4.9	1.8	33.900002	-117.0	Cricetidae	3.635102897516569	4.4665
Sigmodon	4.9	1.8	34.5	-112.5	Cricetidae	4.595568040027947	4.4665
Sigmodon	4.9	1.8	37.299999	-105.0	Cricetidae	2.40160983825514	2.19
Sigmodon	4.9	2.5	38.555605	-121.468926	Muridae	3.935144912698615	4.4665
Sigmodon	4.9	1.8	33.900002	-117.0	Cricetidae	2.202509823696757	2.19
Sigmodon	4.9	2.5	38.555605	-121.468926	Muridae	3.637252759962581	4.4665
Sigmodon	4.9	2.5	38.555605	-121.468926	Muridae	3.4927404891246003	3.09
Sigmodon	4.9	1.8	27.366667	-82.449997	Cricetidae	3.8582491205723417	4.4665
Sigmodon	2.5	1.9	37.16667	-122.08333	Muridae	2.20080463372566	2.19
Sigmodon	1.8	0.3	33.900002	-117.0	Cricetidae	1.6813186214084992	1.287
Sigmodon	1.8	0.3	33.900002	-117.0	Cricetidae	0.4199551235450712	0.4515
Sigmodon	4.9	1.8	32.900002	-117.099998	Cricetidae	2.007602540230311	2.19
Sigmodon	2.5	1.9	39.055833	-95.689444	Muridae	2.000731685619961	2.19
Sigmodon	4.9	1.8	32.900002	-117.099998	Cricetidae	4.032728993667403	4.4665
Sigmodon	4.9	1.8	32.900002	-117.099998	Cricetidae	4.2639549218581685	4.4665
Sigmodon	4.9	1.8	32.900002	-117.099998	Cricetidae	2.090543438952356	2.19
Sigmodon	4.9	1.8	29.799999	-82.099998	Cricetidae	2.347698767793486	2.19
Sigmodon	1.8	0.3	32.900002	-117.099998	Cricetidae	0.5705641967169679	0.4515
Sigmodon	4.9	1.8	34.771111	-111.853058	Cricetidae	3.642727843786503	4.4665
Sigmodon	4.9	1.8	32.900002	-117.099998	Cricetidae	3.7697013036474214	4.4665
Sigmodon	4.9	1.8	32.700001	-109.099998	Cricetidae	4.369114084543981	4.4665
Sigmodon	4.9	1.8	32.0	-110.199997	Cricetidae	3.029915263427967	3.09
Sigmodon	4.9	1.8	33.0	-109.599998	Cricetidae	2.1376851588329515	2.19
Sigmodon	4.9	1.8	33.0	-109.599998	Cricetidae	3.7323627394770575	4.4665
Sigmodon	4.9	1.8	33.0	-109.599998	Cricetidae	3.9143331993097465	4.4665
Sigmodon	4.9	1.8	32.694	-109.449997	Cricetidae	2.6050296914339817	3.09
Sigmodon	4.9	1.8	32.694	-109.449997	Cricetidae	3.320648836694029	3.09
Sigmodon	4.9	1.8	32.0	-110.199997	Cricetidae	2.0447932842346908	2.19
Sigmodon	1.8	0.3	33.900002	-117.0	Cricetidae	0.3947161248340312	0.4515
Sigmodon	4.9	1.8	34.799999	-117.0	Cricetidae	2.1671083794620243	2.19
Sigmodon	4.9	1.8	37.200001	-100.300003	Cricetidae	3.7651976402822567	4.4665
Sigmodon	4.9	1.8	34.771111	-111.853058	Cricetidae	4.197209829875296	4.4665
Sigmodon	4.9	1.8	32.900002	-117.099998	Cricetidae	2.443674382707739	2.19
Sigmodon	4.9	1.8	32.0	-110.199997	Cricetidae	4.613752179298148	4.4665
Sigmodon	4.9	1.8	32.0	-110.199997	Cricetidae	2.5739336998314952	2.19
Sigmodon	1.8	0.3	32.900002	-117.099998	Cricetidae	1.2411346186351044	1.287
Sigmodon	4.9	1.8	32.900002	-117.099998	Cricetidae	2.095864525204659	2.19
Sigmodon	4.9	1.8	31.966667	-110.300003	Cricetidae	3.2560148755779394	3.09
Sigmodon	4.9	1.8	33.900002	-117.0	Cricetidae	2.3119797894778578	2.19
Sigmodon	4.9	1.8	33.900002	-117.0	Cricetidae	4.057011576561966	4.4665
Sigmodon	4.9	1.8	32.0	-110.199997	Cricetidae	2.489170504287128	2.19
Sigmodon	1.8	0.3	32.900002	-117.099998	Cricetidae	0.5508575859803537	0.4515
Sigmodon	4.9	1.8	32.900002	-117.099998	Cricetidae	3.592719511767255	3.09
Sigmodon	4.9	1.8	33.900002	-117.0	Cricetidae	3.5918375677236103	3.09
Sigmodon	4.9	1.8	33.900002	-117.0	Cricetidae	3.0638351724805	3.09
Sigmodon	4.9	1.8	32.900002	-117.099998	Cricetidae	3.400668836194466	3.09
Sigmodon	1.8	0.3	33.900002	-117.0	Cricetidae	0.3124325243968299	0.4515
Sigmodon	4.9	1.8	32.900002	-117.099998	Cricetidae	3.9443916155221337	4.4665
Sigmodon	4.9	1.8	32.716667	-100.916664	Cricetidae	4.155238206038312	4.4665
Sigmodon	2.5	1.9	28.133333	-81.63166700000002	Muridae	2.344527391053689	2.19
Sigmodon	4.9	1.8	32.900002	-117.099998	Cricetidae	4.040304300237582	4.4665
Sigmodon	1.8	0.3	32.0	-110.199997	Cricetidae	1.1680004583851704	1.287
Sigmodon	4.9	1.8	33.700001	-101.099998	Cricetidae	1.9716003446757293	2.19
Sigmodon	4.9	1.8	33.700001	-101.099998	Cricetidae	3.084573185526958	3.09
Sigmodon	4.9	1.8	33.700001	-101.099998	Cricetidae	2.8844937389753347	3.09
Sigmodon	1.8	0.3	32.0	-110.199997	Cricetidae	1.2991760937890506	1.287
Sigmodon	4.9	1.8	37.200001	-100.300003	Cricetidae	2.2631957861773526	2.19
Sigmodon	1.8	0.3	34.383331	-116.183334	Cricetidae	1.239597527438383	1.287
Sigmodon	1.8	0.3	34.383331	-116.183334	Cricetidae	1.3695631437472229	1.287
Sigmodon	2.5	1.9	32.113609999999994	-109.92111	Muridae	2.4732769463789417	2.19
Sigmodon	4.9	1.8	37.200001	-100.300003	Cricetidae	3.3296229973223817	3.09
Sigmodon	1.8	0.3	34.799999	-117.0	Cricetidae	1.2543781864947996	1.287
Sigmodon	2.5	1.9	33.448457	-112.073844	Muridae	2.197969603428602	2.19
Sigmodon	4.9	1.8	32.900002	-109.099998	Cricetidae	1.8646786518335408	2.19
Sigmodon	4.9	1.8	42.700001	-100.0	Cricetidae	4.049004571590713	4.4665
Sigmodon	2.5	1.9	32.113609999999994	-109.92111	Muridae	2.0877528870830155	2.19
Sigmodon	4.9	1.8	39.900002	-97.699997	Cricetidae	4.692250267839818	4.4665
Sigmodon	4.9	1.8	39.900002	-97.699997	Cricetidae	4.746105081197074	4.4665
Sigmodon	4.9	1.8	39.900002	-97.699997	Cricetidae	1.8299905073090588	2.19
Sigmodon	1.8	0.3	27.041668	-81.821114	Cricetidae	1.1670174923889127	1.287
Sigmodon	4.9	0.3	29.799999	-82.099998	Cricetidae	2.052233445649278	2.19
Sigmodon	4.9	1.8	39.900002	-97.699997	Cricetidae	3.9058525314197694	4.4665
Sigmodon	2.5	1.9	39.055833	-95.689444	Muridae	2.3124559548006376	2.19
Sigmodon	4.9	1.8	32.900002	-117.099998	Cricetidae	2.9423182865619912	3.09
Sigmodon	4.9	0.3	33.900002	-117.0	Cricetidae	1.2614589492282648	1.287
Sigmodon	4.9	1.8	37.200001	-100.300003	Cricetidae	3.2138562192886857	3.09
Sigmodon	4.9	1.8	37.200001	-100.300003	Cricetidae	4.4748206146355285	4.4665
Sigmodon	4.9	1.8	32.900002	-117.099998	Cricetidae	3.562304754355371	3.09
Sigmodon	4.9	1.8	37.200001	-100.300003	Cricetidae	2.2763691313730097	2.19
Sigmodon	4.9	2.5	37.0	-103.6333333	Muridae	2.585633564188345	3.09
Sigmodon	4.9	1.8	32.0	-110.199997	Cricetidae	3.7689809275394714	4.4665
Sigmodon	4.9	1.8	32.900002	-117.099998	Cricetidae	4.888236979601771	4.4665
