species	max_age	min_age	lat	lon	family	mean_age	rounded_ages
Sorex	1.8	0.3	38.900002	-99.400002	Soricidae	1.6413375189244452	1.287
Sorex	1.8	0.3	38.900002	-99.400002	Soricidae	1.1398960993003917	1.287
Sorex	0.126	0.0117	38.602779	-79.368889	Soricidae	0.1065959143459206	0.07035
Sorex	2.588	0.0117	37.543331	-80.398888	Soricidae	1.2765059219212642	1.287
Sorex	2.588	0.0117	38.700001	-79.300003	Soricidae	0.08981293358280769	0.07035
Sorex	1.8	0.3	36.700001	-99.900002	Soricidae	1.5512297842485805	1.287
Sorex	0.126	0.0117	35.616669	-86.849998	Soricidae	0.02606039033439276	0.07035
Sorex	0.7809999999999999	0.126	37.366669	-105.75	Soricidae	0.4827243821661628	0.4515
Sorex	0.126	0.0117	38.833332	-79.283333	Soricidae	0.10891895920055944	0.07035
Sorex	0.126	0.0	37.952778	-79.76722	Soricidae	0.07998882279125102	0.07035
Sorex	1.8	0.3	37.200001	-100.300003	Soricidae	1.0764726457447114	1.287
Sorex	0.126	0.0	36.780556	-81.92083000000002	Soricidae	0.09278346826153093	0.07035
Sorex	0.126	0.0117	38.357777	-79.083054	Soricidae	0.05748711075157411	0.07035
Sorex	0.126	0.0117	38.086109	-79.656944	Soricidae	0.0669719561543682	0.07035
Sorex	1.8	0.3	40.200001	-98.099998	Soricidae	0.3059405979670215	0.4515
Sorex	1.8	0.3	38.700001	-79.300003	Soricidae	1.5088406054166064	1.287
Sorex	0.7809999999999999	0.126	63.073055	-139.312775	Soricidae	0.6329963576831833	0.4515
Sorex	2.588	0.0117	34.200001	-84.800003	Soricidae	0.4071422711076022	0.4515
Sorex	0.0117	0.0	46.666668	-113.099998	Soricidae	0.00020095775013936215	0.0021
Sorex	1.8	0.3	36.0	-93.199997	Soricidae	1.315237724572377	1.287
Sorex	1.8	0.3	36.799999	-100.5	Soricidae	1.3443341152518882	1.287
Sorex	0.126	0.0117	38.086109	-79.656944	Soricidae	0.0514493978293492	0.07035
Sorex	0.126	0.0117	37.097298	-81.33609799999998	Soricidae	0.07772422587805228	0.07035
Sorex	1.8	0.3	41.200001	-96.599998	Soricidae	1.7672648548048902	1.287
Sorex	1.8	0.3	35.0	-101.900002	Soricidae	0.7419446715603786	0.4515
Sorex	1.8	0.012	39.0	-98.199997	Soricidae	0.9042767523097004	1.287
Sorex	0.126	0.0	37.98722100000001	-79.830833	Soricidae	0.029009784446412324	0.07035
Sorex	0.126	0.0117	37.200001	-100.300003	Soricidae	0.0886882624744813	0.07035
Sorex	0.126	0.0	37.952778	-79.76722	Soricidae	0.06456026890121734	0.07035
Sorex	0.126	0.0	36.780556	-81.92083000000002	Soricidae	0.0678968106594131	0.07035
Sorex	2.588	0.0117	38.605556	-79.370834	Soricidae	2.351909185373453	2.19
Sorex	0.126	0.0117	38.357777	-79.083054	Soricidae	0.05408728181972648	0.07035
Sorex	1.8	0.3	38.700001	-79.300003	Soricidae	1.3434473789559522	1.287
Sorex	1.8	0.3	39.0	-98.199997	Soricidae	0.8156709013530357	1.287
Sorex	1.8	0.3	33.75	-99.5	Soricidae	1.5397205770733595	1.287
Sorex	4.9	1.8	39.900002	-97.699997	Soricidae	3.98102972525682	4.4665
Sorex	1.8	0.3	38.299999	-97.599998	Soricidae	1.2551415675580535	1.287
Sorex	0.126	0.0117	50.183334	-114.51667	Soricidae	0.06475094201546777	0.07035
Sorex	1.8	0.3	36.700001	-99.900002	Soricidae	0.8299727244978408	1.287
Sorex	1.8	0.3	40.200001	-98.099998	Soricidae	1.4423045830366217	1.287
Sorex	0.126	0.0117	38.332222	-79.570274	Soricidae	0.09776798834819904	0.07035
Sorex	1.8	0.3	34.5	-101.699997	Soricidae	0.7346543434328985	0.4515
Sorex	2.5	1.9	39.92361	-97.82139	Soricidae	2.1453362059198526	2.19
Sorex	1.8	0.3	39.599998	-78.699997	Soricidae	1.0722775589672495	1.287
Sorex	0.126	0.0117	38.602779	-79.368889	Soricidae	0.07382502121185583	0.07035
Sorex	1.8	0.3	37.200001	-100.300003	Soricidae	1.2053262882097224	1.287
Sorex	0.126	0.0117	38.476665	-78.892776	Soricidae	0.038278352156576385	0.07035
Sorex	1.8	0.3	34.5	-101.300003	Soricidae	0.5563196705983504	0.4515
Sorex	1.8	0.3	39.799999	-98.099998	Soricidae	0.7478115525609177	0.4515
Sorex	2.588	0.0117	37.543331	-80.398888	Soricidae	0.05734928282323545	0.07035
Sorex	0.126	0.0117	40.974998	-83.449997	Soricidae	0.06307251412632535	0.07035
Sorex	1.8	0.3	45.433334	-99.866669	Soricidae	0.3997710677195581	0.4515
Sorex	1.8	0.3	37.200001	-100.300003	Soricidae	0.9896860983585538	1.287
Sorex	1.8	0.3	34.5	-101.699997	Soricidae	1.1487100769468848	1.287
Sorex	1.8	0.3	35.0	-101.900002	Soricidae	0.4725445999439325	0.4515
Sorex	1.8	0.3	41.799999	-96.0	Soricidae	1.0075040752375215	1.287
Sorex	0.126	0.0	37.952778	-79.76722	Soricidae	0.08413448508347897	0.07035
Sorex	0.126	0.0117	38.602779	-79.368889	Soricidae	0.11052317046403244	0.07035
Sorex	0.126	0.0	36.780556	-81.92083000000002	Soricidae	0.07530507135207389	0.07035
Sorex	0.126	0.0117	38.332222	-79.570274	Soricidae	0.11143160624460767	0.07035
Sorex	0.126	0.0117	38.086109	-79.656944	Soricidae	0.01248582152860628	0.07035
Sorex	9.0	7.6	40.809868	-96.675345	Soricidae	8.824397705529154	9.438
Sorex	7.6	6.8	40.395	-100.257778	Soricidae	7.5322939187045375	9.438
Sorex	7.6	6.8	44.486111	-119.666667	Soricidae	7.407268702238264	9.438
Sorex	7.5	6.7	40.395	-100.2578	Soricidae	7.289217641306347	9.438
Sorex	6.62	5.9	42.7304	-99.5794	Soricidae	6.564312292974582	6.2895
Sorex	9.0	7.5	41.294167	-101.8906	Soricidae	7.548034448637147	9.438
Sorex	7.5	6.7	41.111944	-103.2178	Soricidae	6.9197932247801734	6.2895
Sorex	0.126	0.0117	38.357777	-79.083054	Soricidae	0.11741924201809535	0.07035
Sorex	1.8	0.3	36.799999	-82.800003	Soricidae	0.5907718499189052	0.4515
Sorex	1.8	0.3	38.700001	-79.300003	Soricidae	1.5956835499276856	1.287
Sorex	0.126	0.0117	38.833332	-79.283333	Soricidae	0.08388095249281337	0.07035
Sorex	0.126	0.0117	38.086109	-79.656944	Soricidae	0.04725892689855799	0.07035
Sorex	0.126	0.0117	38.332222	-79.570274	Soricidae	0.12554804420436305	0.07035
Sorex	0.126	0.0	37.334721	-80.67916899999999	Soricidae	0.10412985058976124	0.07035
Sorex	1.8	0.3	39.599998	-78.699997	Soricidae	1.7225411700455615	1.287
Sorex	0.126	0.0117	38.602779	-79.368889	Soricidae	0.03906549622990399	0.07035
Sorex	2.588	0.0117	34.200001	-84.800003	Soricidae	1.4214986327844985	1.287
Sorex	1.8	0.3	36.0	-93.199997	Soricidae	1.2545550739089728	1.287
Sorex	0.126	0.0	37.98722100000001	-79.830833	Soricidae	0.0657426416465847	0.07035
Sorex	0.126	0.0117	37.097298	-81.33609799999998	Soricidae	0.05128805715511543	0.07035
Sorex	0.126	0.0	37.952778	-79.76722	Soricidae	0.06820676650325642	0.07035
Sorex	0.126	0.0	36.780556	-81.92083000000002	Soricidae	0.03172018042911439	0.07035
Sorex	4.9	2.5	43.613739	-116.237651	Soricidae	3.706304098730127	4.4665
Sorex	4.9	1.8	42.799999	-114.900002	Soricidae	3.514795409985417	3.09
Sorex	0.126	0.0117	38.96611	-78.208885	Soricidae	0.07230737860394898	0.07035
Sorex	0.126	0.0117	50.183334	-114.51667	Soricidae	0.06453590473618095	0.07035
Sorex	2.588	0.0117	37.543331	-80.398888	Soricidae	2.231802158105038	2.19
Sorex	0.126	0.0117	42.783333	-105.683334	Soricidae	0.029447360667893763	0.07035
Sorex	0.7809999999999999	0.126	37.366669	-105.75	Soricidae	0.7438438308649464	0.4515
Sorex	0.126	0.0117	38.602779	-79.368889	Soricidae	0.09061600861605094	0.07035
Sorex	0.126	0.0117	38.476665	-78.892776	Soricidae	0.1225587552985055	0.07035
Sorex	0.126	0.0117	35.616669	-86.849998	Soricidae	0.11955794486672135	0.07035
Sorex	0.126	0.0117	40.974998	-83.449997	Soricidae	0.053028545325910316	0.07035
Sorex	0.3	0.012	43.049999	-82.61666899999999	Soricidae	0.27209516353525715	0.4515
Sorex	0.126	0.0	36.780556	-81.92083000000002	Soricidae	0.0012963360047058199	0.0021
Sorex	0.126	0.0117	37.346111	-80.75972	Soricidae	0.04514691418818357	0.07035
Sorex	0.126	0.0117	36.68528	-81.97110699999998	Soricidae	0.0797491180888154	0.07035
Sorex	0.126	0.0117	37.211388	-80.81166800000003	Soricidae	0.0715611418503905	0.07035
Sorex	0.126	0.0117	38.086109	-79.656944	Soricidae	0.1000861323837637	0.07035
Sorex	0.126	0.0117	37.097298	-81.33609799999998	Soricidae	0.022784833133859518	0.07035
Sorex	0.126	0.0117	38.357777	-79.083054	Soricidae	0.02871442657813945	0.07035
Sorex	1.8	0.3	38.400002	-98.099998	Soricidae	1.0998105758049592	1.287
Sorex	1.8	0.3	38.900002	-99.400002	Soricidae	0.3553575081968448	0.4515
Sorex	1.8	0.3	38.900002	-99.400002	Soricidae	0.5981525587717595	0.4515
Sorex	1.8	0.3	34.5	-101.699997	Soricidae	0.4773201980690069	0.4515
Sorex	1.8	0.3	35.0	-101.900002	Soricidae	1.0503188963024928	1.287
Sorex	1.8	0.3	37.200001	-100.300003	Soricidae	1.1239679254866095	1.287
Sorex	4.9	2.5	38.555605	-121.468926	Soricidae	4.1194663253172985	4.4665
Sorex	4.9	1.8	33.900002	-117.0	Soricidae	4.8636974715821015	4.4665
Sorex	4.9	1.8	37.5	-98.0	Soricidae	2.1616021977413897	2.19
Sorex	2.5	1.9	39.055833	-95.689444	Soricidae	1.9168668840643768	2.19
Sorex	4.9	1.8	33.900002	-117.0	Soricidae	2.481729327428354	2.19
Sorex	0.126	0.0117	29.799999	-82.099998	Soricidae	0.11029527933497177	0.07035
Sorex	1.8	0.3	35.0	-101.900002	Soricidae	1.269798811586186	1.287
Sorex	1.8	0.3	34.5	-101.699997	Soricidae	0.4411894550566093	0.4515
Sorex	1.8	0.3	37.200001	-100.300003	Soricidae	0.6010214418127849	0.4515
Sorex	4.9	2.5	47.0425	-122.893056	Soricidae	4.734878953621335	4.4665
Sorex	4.9	1.8	47.0	-118.5	Soricidae	2.6539563221928195	3.09
Sorex	4.9	2.5	43.613739	-116.237651	Soricidae	3.447287316159094	3.09
Sorex	4.98	4.89	37.791667	-114.375	Soricidae	4.9763089126731215	4.4665
Sorex	4.9	1.8	42.799999	-114.900002	Soricidae	3.471445679039648	3.09
Sorex	0.126	0.0117	31.566668	-108.400002	Soricidae	0.0807584345332186	0.07035
Sorex	1.8	0.3	36.0	-93.199997	Soricidae	1.4634369597185497	1.287
Sorex	0.126	0.0117	50.183334	-114.51667	Soricidae	0.01835333971332441	0.07035
Sorex	1.8	0.3	36.0	-93.199997	Soricidae	0.4216336398636756	0.4515
Sorex	0.126	0.0117	38.086109	-79.656944	Soricidae	0.12272649900410475	0.07035
Sorex	1.8	0.3	37.200001	-100.300003	Soricidae	0.3114357174678936	0.4515
Sorex	1.8	0.3	36.700001	-99.900002	Soricidae	0.7862129260136617	1.287
Sorex	1.8	0.3	38.900002	-99.400002	Soricidae	1.1263263706900546	1.287
Sorex	1.8	0.3	40.200001	-98.099998	Soricidae	1.0755338792502995	1.287
Sorex	1.8	0.3	38.900002	-99.400002	Soricidae	1.6833301738742348	1.287
Sorex	0.126	0.0117	31.183332	-104.199997	Soricidae	0.08601244552374357	0.07035
Sorex	0.126	0.0	36.780556	-81.92083000000002	Soricidae	0.07177305562041983	0.07035
Sorex	0.126	0.0117	38.602779	-79.368889	Soricidae	0.013325900148789984	0.07035
Sorex	0.126	0.0117	38.357777	-79.083054	Soricidae	0.06777133250647087	0.07035
Sorex	2.588	0.0	38.458332	-79.898888	Soricidae	2.1887733454028826	2.19
Sorex	4.9	2.5	43.613739	-116.237651	Soricidae	3.7369645888648213	4.4665
Sorex	4.9	1.8	43.599998	-116.800003	Soricidae	3.402287473280471	3.09
Sorex	4.9	1.8	43.599998	-116.800003	Soricidae	4.065647532496488	4.4665
Sorex	4.9	1.8	43.599998	-116.800003	Soricidae	1.9069589400400584	2.19
Sorex	4.9	1.8	43.599998	-116.800003	Soricidae	2.4295928779969915	2.19
Sorex	4.9	1.8	43.599998	-116.800003	Soricidae	4.146201938150112	4.4665
Sorex	4.9	1.8	43.599998	-116.800003	Soricidae	3.471704743983658	3.09
Sorex	4.9	1.8	43.599998	-116.800003	Soricidae	4.781225819807244	4.4665
Sorex	4.9	1.8	43.599998	-116.800003	Soricidae	3.2298230654961944	3.09
Sorex	0.126	0.0117	35.616669	-86.849998	Soricidae	0.04876035017486358	0.07035
Sorex	0.126	0.0117	36.799999	-100.683334	Soricidae	0.031302779048661133	0.07035
Sorex	0.126	0.0117	40.900002	-111.199997	Soricidae	0.01524723561518641	0.07035
Sorex	0.0117	0.0	46.666668	-113.099998	Soricidae	0.011356231861064424	0.00995
Sorex	0.126	0.0117	36.783333	-100.699997	Soricidae	0.015066951231042429	0.07035
Sorex	4.9	1.8	46.299999	-119.099998	Soricidae	3.5215870102243048	3.09
Sorex	4.9	2.5	43.613739	-116.237651	Soricidae	2.9055520026627963	3.09
Sorex	4.9	1.8	42.799999	-114.900002	Soricidae	2.239981475634546	2.19
Sorex	4.9	1.8	42.818733	-114.943474	Soricidae	2.855476383822115	3.09
Sorex	4.9	2.5	47.0425	-122.893056	Soricidae	4.898351572189643	4.4665
Sorex	1.8	0.3	39.799999	-98.099998	Soricidae	0.6043656821112837	0.4515
Sorex	1.8	0.3	37.200001	-100.300003	Soricidae	0.4829852425139228	0.4515
Sorex	1.8	0.3	34.5	-101.699997	Soricidae	0.5885935013082857	0.4515
Sorex	4.9	2.5	39.055833	-95.689444	Soricidae	4.25460749670742	4.4665
Sorex	4.9	1.8	37.200001	-100.300003	Soricidae	3.997959294579569	4.4665
Sorex	4.9	2.5	43.613739	-116.237651	Soricidae	3.7572673957280203	4.4665
Sorex	4.9	1.8	42.799999	-114.900002	Soricidae	3.3979765706824088	3.09
Sorex	4.9	1.8	39.900002	-97.699997	Soricidae	2.2320927123192527	2.19
Sorex	4.9	1.8	39.900002	-97.699997	Soricidae	3.7951316713441385	4.4665
Sorex	4.9	1.8	42.700001	-100.0	Soricidae	1.9729283437724217	2.19
Sorex	4.9	2.5	40.809868	-96.675345	Soricidae	4.8285948662003975	4.4665
Sorex	2.5	1.9	39.92361	-97.82139	Soricidae	2.4359783809937814	2.19
Sorex	4.9	1.8	39.900002	-97.699997	Soricidae	2.4762333385985418	2.19
Sorex	4.9	1.8	39.900002	-97.699997	Soricidae	3.0699696819870974	3.09
Sorex	4.9	1.8	37.200001	-100.300003	Soricidae	2.3467524419747576	2.19
Sorex	4.9	2.5	39.055833	-95.689444	Soricidae	4.218894516839726	4.4665
Sorex	1.8	0.3	37.044701	-100.495201	Soricidae	0.4237537627074012	0.4515
Sorex	1.8	0.3	37.200001	-100.300003	Soricidae	1.7814112230136885	1.287
Sorex	1.8	0.3	38.900002	-99.400002	Soricidae	1.2700936134862544	1.287
Sorex	1.8	0.3	38.900002	-99.400002	Soricidae	1.0096114830031513	1.287
Sorex	1.8	0.3	37.200001	-100.300003	Soricidae	0.3058878200197025	0.4515
Sorex	4.9	2.5	39.055833	-95.689444	Soricidae	3.9718565050815235	4.4665
Sorex	2.5	1.9	33.448457	-112.073844	Soricidae	2.115825488178216	2.19
Sorex	4.9	1.8	32.0	-110.199997	Soricidae	4.584159078812738	4.4665
Sorex	4.9	1.8	33.700001	-101.099998	Soricidae	4.694872093726347	4.4665
Sorex	4.9	2.5	32.518611	-96.380833	Soricidae	2.651585308687504	3.09
Sorex	2.5	1.9	29.910577000000004	-95.060882	Soricidae	2.178451319669701	2.19
Sorex	4.9	1.8	37.200001	-100.300003	Soricidae	4.108691833038224	4.4665
Sorex	4.9	1.8	32.716667	-100.916664	Soricidae	2.8703863248873263	3.09
Sorex	4.9	1.8	37.200001	-100.300003	Soricidae	4.720156280188805	4.4665
Sorex	4.9	1.8	37.200001	-100.300003	Soricidae	3.4725555873801204	3.09
Sorex	4.9	1.8	33.700001	-101.099998	Soricidae	1.902435083286118	2.19
Sorex	4.9	1.8	37.200001	-100.300003	Soricidae	4.488176615128959	4.4665
Sorex	0.126	0.0117	31.183332	-104.199997	Soricidae	0.01434146852083514	0.07035
Sorex	9.0	7.5	41.294167	-101.8906	Soricidae	8.396558994612157	9.438
Sorex	6.62	5.9	42.7304	-99.5794	Soricidae	6.368058171342878	6.2895
Sorex	2.5	1.9	39.055833	-95.689444	Soricidae	2.096816005391177	2.19
