species	max_age	min_age	lat	lon	family	mean_age	rounded_ages
Sylvilagus	0.126	0.0117	38.266666	-90.366669	Leporidae	0.012982480669169124	0.07035
Sylvilagus	0.126	0.0117	36.183334	-86.783333	Leporidae	0.1199435327811436	0.07035
Sylvilagus	0.126	0.0	36.183334	-86.783333	Leporidae	0.1178037200992106	0.07035
Sylvilagus	0.0117	0.0	31.183332	-104.199997	Leporidae	0.0064248567534164755	0.006200000000000001
Sylvilagus	0.126	0.0117	29.583332	-98.400002	Leporidae	0.09538494429446112	0.07035
Sylvilagus	0.126	0.0117	32.366669	-104.449997	Leporidae	0.03297523569029945	0.07035
Sylvilagus	1.8	0.3	39.299999	-105.699997	Leporidae	0.6383755987270707	0.4515
Sylvilagus	0.126	0.0117	32.349998	-104.783333	Leporidae	0.09434607210479044	0.07035
Sylvilagus	0.126	0.0117	31.183332	-104.199997	Leporidae	0.039040644770962654	0.07035
Sylvilagus	2.588	0.0	31.883333	-104.883331	Leporidae	2.067982521583573	2.19
Sylvilagus	0.126	0.0	27.0	-104.800003	Leporidae	0.04328897377034758	0.07035
Sylvilagus	0.3	0.012	33.599998	-117.800003	Leporidae	0.09365544907258977	0.07035
Sylvilagus	1.8	0.3	39.299999	-105.699997	Leporidae	1.010240647740459	1.287
Sylvilagus	1.8	0.3	39.299999	-105.699997	Leporidae	0.9750702679347858	1.287
Sylvilagus	0.126	0.0117	34.883331	-106.883331	Leporidae	0.10004970084860193	0.07035
Sylvilagus	0.126	0.0117	40.784	-122.281998	Leporidae	0.09883425960246238	0.07035
Sylvilagus	1.8	0.3	31.700001	-110.800003	Leporidae	1.5584401325053678	1.287
Sylvilagus	1.8	0.3	39.299999	-105.699997	Leporidae	0.8089629024244831	1.287
Sylvilagus	0.126	0.0117	40.916668	-122.23333	Leporidae	0.11776294877193212	0.07035
Sylvilagus	0.0117	0.0	35.233334	-114.366669	Leporidae	0.0028840522806803034	0.0021
Sylvilagus	0.0117	0.0	35.233334	-114.366669	Leporidae	0.010902749843084071	0.00995
Sylvilagus	0.0117	0.0	35.233334	-114.366669	Leporidae	0.001931712585391784	0.0021
Sylvilagus	0.0117	0.0	35.233334	-114.366669	Leporidae	0.005555840883212392	0.006200000000000001
Sylvilagus	0.126	0.0117	40.916668	-122.23333	Leporidae	0.05878861662565313	0.07035
Sylvilagus	0.126	0.0117	33.749443	-118.278893	Leporidae	0.01959706289090485	0.07035
Sylvilagus	0.126	0.0117	40.784	-122.281998	Leporidae	0.07023621459648037	0.07035
Sylvilagus	1.8	0.012	33.599998	-117.800003	Leporidae	0.6813424282027255	0.4515
Sylvilagus	1.8	0.3	45.433334	-99.866669	Leporidae	1.446869234139536	1.287
Sylvilagus	1.8	0.3	27.700001	-82.5	Leporidae	0.8032414463468238	1.287
Sylvilagus	1.8	0.3	38.700001	-98.099998	Leporidae	0.786396854465899	1.287
Sylvilagus	0.126	0.0117	32.714721999999995	-96.707497	Leporidae	0.054391843144771836	0.07035
Sylvilagus	1.8	0.3	27.9	-81.800003	Leporidae	1.2962689325831829	1.287
Sylvilagus	1.8	0.3	36.0	-93.199997	Leporidae	0.6874211682728987	0.4515
Sylvilagus	1.8	0.3	28.799168	-82.070274	Leporidae	1.6770564015220881	1.287
Sylvilagus	1.8	0.3	29.799999	-82.099998	Leporidae	1.7555414547745236	1.287
Sylvilagus	1.8	0.3	33.75	-99.5	Leporidae	1.367870276039674	1.287
Sylvilagus	0.126	0.0117	29.799999	-82.099998	Leporidae	0.018235327692836173	0.07035
Sylvilagus	1.8	0.3	40.200001	-75.300003	Leporidae	0.8131491536899886	1.287
Sylvilagus	0.7809999999999999	0.126	42.1189	-101.186203	Leporidae	0.5540630542204688	0.4515
Sylvilagus	0.126	0.0117	33.066666	-96.966667	Leporidae	0.09594940357760133	0.07035
Sylvilagus	2.588	0.0117	42.416668	-90.433334	Leporidae	2.40171923594226	2.19
Sylvilagus	0.126	0.0117	29.4	-82.599998	Leporidae	0.09143045381334644	0.07035
Sylvilagus	0.126	0.0117	29.4	-82.599998	Leporidae	0.09926050308538968	0.07035
Sylvilagus	0.126	0.0117	36.183334	-86.783333	Leporidae	0.10353527684549674	0.07035
Sylvilagus	0.126	0.0117	36.183334	-86.783333	Leporidae	0.12003380722189967	0.07035
Sylvilagus	0.0117	0.0	36.183334	-86.783333	Leporidae	0.0015676753257731265	0.0021
Sylvilagus	0.126	0.0	36.183334	-86.783333	Leporidae	0.07181483870415757	0.07035
Sylvilagus	0.126	0.0117	29.799999	-82.099998	Leporidae	0.12584197691686302	0.07035
Sylvilagus	0.126	0.0117	29.799999	-82.099998	Leporidae	0.09874465502170664	0.07035
Sylvilagus	0.126	0.0117	29.799999	-82.099998	Leporidae	0.0966303278582289	0.07035
Sylvilagus	0.126	0.0117	32.799999	-96.599998	Leporidae	0.0439385033444264	0.07035
Sylvilagus	0.126	0.0117	29.799999	-82.099998	Leporidae	0.0495658150454763	0.07035
Sylvilagus	0.126	0.0117	29.799999	-82.099998	Leporidae	0.0801425308435945	0.07035
Sylvilagus	0.126	0.0117	34.883331	-106.883331	Leporidae	0.07769927432946135	0.07035
Sylvilagus	1.8	0.3	29.700001	-82.599998	Leporidae	1.0200959200551531	1.287
Sylvilagus	0.126	0.0117	31.98333400000001	-81.066666	Leporidae	0.055623638303040256	0.07035
Sylvilagus	0.126	0.0117	32.349998	-104.783333	Leporidae	0.10096650489171394	0.07035
Sylvilagus	0.126	0.0117	28.799999	-82.199997	Leporidae	0.053250564478384985	0.07035
Sylvilagus	0.126	0.0117	29.1	-82.300003	Leporidae	0.12183161615135145	0.07035
Sylvilagus	0.126	0.0117	29.799999	-82.099998	Leporidae	0.08378601796175864	0.07035
Sylvilagus	0.126	0.0117	50.099998	-110.699997	Leporidae	0.02989952884063271	0.07035
Sylvilagus	0.126	0.0117	29.1	-82.300003	Leporidae	0.04618353615182838	0.07035
Sylvilagus	0.126	0.0117	29.583332	-98.400002	Leporidae	0.09298451860263388	0.07035
Sylvilagus	0.7809999999999999	0.126	29.416668	-82.216667	Leporidae	0.3338747629575349	0.4515
Sylvilagus	1.8	0.3	32.900002	-117.099998	Leporidae	1.709904965064783	1.287
Sylvilagus	0.126	0.0117	29.407499	-82.476387	Leporidae	0.0891646310084792	0.07035
Sylvilagus	0.126	0.0117	28.083332	-80.599998	Leporidae	0.07759607618508968	0.07035
Sylvilagus	0.126	0.0117	27.799999	-82.699997	Leporidae	0.013413298328138493	0.07035
Sylvilagus	0.126	0.0117	25.700001	-80.400002	Leporidae	0.08498288868046518	0.07035
Sylvilagus	1.8	0.3	33.799999	-99.699997	Leporidae	1.6632068473291286	1.287
Sylvilagus	2.588	0.0117	36.150002	-84.099998	Leporidae	1.5402578720731137	1.287
Sylvilagus	0.126	0.0117	31.183332	-104.199997	Leporidae	0.09491948813504404	0.07035
Sylvilagus	2.588	0.0117	39.644169	-77.58555600000003	Leporidae	1.6988253382820315	1.287
Sylvilagus	1.9	0.85	28.133333	-81.63166700000002	Leporidae	1.3127343395262254	1.287
Sylvilagus	0.0117	0.0	38.628056	-78.41471899999998	Leporidae	0.0035275537310000007	0.0021
Sylvilagus	4.9	0.3	29.799999	-82.099998	Leporidae	3.943764158227909	4.4665
Sylvilagus	1.9	0.85	28.133333	-81.63166700000002	Leporidae	1.777053710826159	1.287
Sylvilagus	0.126	0.0	37.452778	-80.176666	Leporidae	0.09881455133139903	0.07035
Sylvilagus	1.9	0.85	28.133333	-81.63166700000002	Leporidae	0.9090619035054608	1.287
Sylvilagus	0.126	0.0	37.365002	-80.533333	Leporidae	0.056602698632472165	0.07035
Sylvilagus	4.9	1.8	32.900002	-117.099998	Leporidae	2.403743947421857	2.19
Sylvilagus	1.8	0.3	32.900002	-117.099998	Leporidae	1.7809624709093472	1.287
Sylvilagus	1.8	0.3	32.900002	-117.099998	Leporidae	1.2612892582380866	1.287
Sylvilagus	1.8	0.3	32.900002	-117.099998	Leporidae	0.9455918565773376	1.287
Sylvilagus	1.8	0.3	32.900002	-117.099998	Leporidae	1.5206065906494814	1.287
Sylvilagus	4.9	2.5	32.113609999999994	-109.92111	Leporidae	2.6977551554717247	3.09
Sylvilagus	4.9	1.8	32.900002	-117.099998	Leporidae	4.62573219197451	4.4665
Sylvilagus	4.9	1.8	32.900002	-117.099998	Leporidae	3.0345752706311395	3.09
Sylvilagus	4.9	1.8	33.900002	-117.0	Leporidae	4.442789707066878	4.4665
Sylvilagus	1.8	0.3	34.5	-101.300003	Leporidae	0.9239056962948542	1.287
Sylvilagus	4.9	1.8	33.900002	-117.0	Leporidae	3.0213177200120485	3.09
Sylvilagus	4.9	2.5	38.555605	-121.468926	Leporidae	4.331556126872602	4.4665
Sylvilagus	1.8	0.3	30.299999	-97.699997	Leporidae	0.6409464149282824	0.4515
Sylvilagus	4.9	1.8	34.883331	-101.633331	Leporidae	3.5131789554966826	3.09
Sylvilagus	1.8	0.3	32.900002	-117.099998	Leporidae	0.9026020256732536	1.287
Sylvilagus	1.8	0.3	32.900002	-117.099998	Leporidae	1.3601211122612118	1.287
Sylvilagus	4.9	1.8	35.400002	-102.5	Leporidae	3.800758859733184	4.4665
Sylvilagus	4.9	1.8	32.900002	-117.099998	Leporidae	4.459971211624236	4.4665
Sylvilagus	4.9	1.8	35.299999	-118.5	Leporidae	3.307512911995372	3.09
Sylvilagus	4.9	1.8	32.900002	-117.099998	Leporidae	3.731778861570631	4.4665
Sylvilagus	1.8	0.3	32.900002	-117.099998	Leporidae	1.6263366914106607	1.287
Sylvilagus	4.9	1.8	32.900002	-117.099998	Leporidae	2.2123978068921155	2.19
Sylvilagus	4.9	1.8	32.0	-110.199997	Leporidae	4.539739430682327	4.4665
Sylvilagus	4.9	1.8	32.900002	-117.099998	Leporidae	2.0193040595745395	2.19
Sylvilagus	4.9	1.8	32.900002	-117.099998	Leporidae	4.555154809693477	4.4665
Sylvilagus	2.5	0.85	38.555605	-121.468926	Leporidae	1.5947883356881607	1.287
Sylvilagus	2.5	1.9	34.97	-101.9	Leporidae	2.2966920696042403	2.19
Sylvilagus	0.0117	0.0	46.666668	-113.099998	Leporidae	0.003225831586157193	0.0021
Sylvilagus	0.126	0.0117	46.666668	-113.16666399999998	Leporidae	0.1045600926831834	0.07035
Sylvilagus	0.126	0.0	39.483334	-114.033333	Leporidae	0.06661835702016465	0.07035
Sylvilagus	0.126	0.0117	32.366669	-104.449997	Leporidae	0.08240070208099419	0.07035
Sylvilagus	0.126	0.0117	31.566668	-108.400002	Leporidae	0.06259726356002694	0.07035
Sylvilagus	1.9	0.85	28.133333	-81.63166700000002	Leporidae	1.1196008349044428	1.287
Sylvilagus	1.8	0.3	27.9	-81.800003	Leporidae	0.40600408431787255	0.4515
Sylvilagus	0.126	0.0117	29.4	-82.599998	Leporidae	0.09511248451674237	0.07035
Sylvilagus	0.126	0.0117	27.799999	-82.699997	Leporidae	0.021790626579292417	0.07035
Sylvilagus	0.126	0.0117	31.98333400000001	-81.066666	Leporidae	0.032482163355140835	0.07035
Sylvilagus	0.126	0.0117	29.799999	-82.099998	Leporidae	0.12146400324462335	0.07035
Sylvilagus	0.126	0.0117	29.1	-82.300003	Leporidae	0.034771691934524916	0.07035
Sylvilagus	0.3	0.012	27.799999	-82.800003	Leporidae	0.017881631741266543	0.07035
Sylvilagus	0.126	0.0117	27.638332	-80.397499	Leporidae	0.029188109465868767	0.07035
Sylvilagus	0.126	0.0117	28.799999	-82.199997	Leporidae	0.1047545294864352	0.07035
Sylvilagus	0.126	0.0117	28.083332	-80.599998	Leporidae	0.09100474100467076	0.07035
Sylvilagus	0.126	0.0117	38.086109	-79.656944	Leporidae	0.08416007411644155	0.07035
Sylvilagus	2.588	0.0117	34.200001	-84.800003	Leporidae	2.0179314107276016	2.19
Sylvilagus	2.5	1.9	28.133333	-81.63166700000002	Leporidae	2.0409461408828458	2.19
Sylvilagus	2.5	1.9	28.133333	-81.63166700000002	Leporidae	2.2879473446246394	2.19
Sylvilagus	4.9	1.8	27.366667	-82.449997	Leporidae	3.59423253182307	3.09
Sylvilagus	4.9	0.3	29.690001	-82.559998	Leporidae	2.0607902563721674	2.19
Sylvilagus	1.8	0.3	27.041668	-81.821114	Leporidae	0.4846986484380383	0.4515
Sylvilagus	4.9	0.3	29.799999	-82.099998	Leporidae	3.3686866746031976	3.09
Sylvilagus	1.8	0.3	29.683332	-82.566666	Leporidae	1.3669693232415352	1.287
Sylvilagus	4.9	1.8	29.0	-82.68	Leporidae	4.519175951457687	4.4665
Sylvilagus	2.5	1.9	28.133333	-81.63166700000002	Leporidae	2.3447424802049457	2.19
Sylvilagus	2.5	0.85	28.133333	-81.63166700000002	Leporidae	1.3200156970955237	1.287
Sylvilagus	1.8	0.3	29.011944	-82.668053	Leporidae	1.3529168590228386	1.287
Sylvilagus	2.5	1.9	29.61667000000001	-82.36667	Leporidae	2.2016072787945227	2.19
Sylvilagus	4.9	1.8	27.299999	-80.800003	Leporidae	2.2194005900305243	2.19
Sylvilagus	2.5	1.9	28.133333	-81.63166700000002	Leporidae	2.4712824549188954	2.19
Sylvilagus	2.5	1.9	27.366667	-82.45	Leporidae	2.357963856359484	2.19
