species	max_age	min_age	lat	lon	family	mean_age	rounded_ages
Tamias	0.126	0.0117	29.6	-82.416664	Sciuridae	0.07817975730454862	0.07035
Tamias	2.588	0.0117	34.200001	-84.800003	Sciuridae	2.168382002227527	2.19
Tamias	15.97	13.6	34.799999	-117.0	Sciuridae	15.225790000337405	14.895
Tamias	14.8	12.5	43.930278	-110.5606	Sciuridae	12.928710835672376	12.725000000000001
Tamias	15.9	15.8	35.032222	-117.0528	Sciuridae	15.802318600734957	14.895
Tamias	14.8	12.5	43.761666999999996	-110.5553	Sciuridae	12.916821262520065	12.725000000000001
Tamias	15.97	13.6	34.799999	-117.0	Sciuridae	14.254999292454407	14.895
Tamias	15.16	14.8	38.223333000000004	-117.2689	Sciuridae	14.988340225670695	14.895
Tamias	15.3	14.8	35.032222	-117.0528	Sciuridae	15.171005103636956	14.895
Tamias	16.3	15.9	35.033056	-117.0608	Sciuridae	16.10564271403307	18.205000000000002
Tamias	15.97	13.6	34.799999	-117.0	Sciuridae	15.43508177627258	14.895
Tamias	14.0	13.6	42.818611	-97.66611	Sciuridae	13.78888446450294	12.725000000000001
Tamias	14.0	13.6	42.800556	-100.0525	Sciuridae	13.909551838453696	14.895
Tamias	13.6	10.3	34.299999	-119.0	Sciuridae	11.786142114250778	12.725000000000001
Tamias	15.97	13.6	42.599998	-98.0	Sciuridae	15.143697195840767	14.895
Tamias	15.97	13.6	42.783333	-100.033333	Sciuridae	14.971879407447526	14.895
Tamias	13.6	10.3	38.25	-117.900002	Sciuridae	10.799472695932158	9.438
Tamias	13.6	10.3	34.299999	-119.0	Sciuridae	10.727017990739213	9.438
Tamias	15.97	13.6	38.25	-117.900002	Sciuridae	15.291344722801554	14.895
Tamias	15.97	13.6	34.799999	-117.0	Sciuridae	15.469931498877628	14.895
Tamias	15.97	13.6	34.799999	-117.0	Sciuridae	15.175248113689426	14.895
Tamias	15.97	13.6	34.799999	-117.0	Sciuridae	15.564203987145145	14.895
Tamias	13.6	10.3	34.299999	-119.0	Sciuridae	13.406100413160233	12.725000000000001
Tamias	14.0	13.4	35.050833000000004	-117.0847	Sciuridae	13.818102411400245	12.725000000000001
Tamias	15.97	13.6	43.900002	-110.800003	Sciuridae	14.874164434871789	14.895
Tamias	15.97	13.6	34.799999	-117.0	Sciuridae	15.930889289017902	14.895
Tamias	15.9	14.89	38.586110999999995	-117.9264	Sciuridae	14.922345321246956	14.895
Tamias	12.4	8.0	35.40277800000001	-117.9492	Sciuridae	8.448326061746341	9.438
Tamias	13.4	12.5	35.051389	-117.0811	Sciuridae	13.18459766680751	12.725000000000001
Tamias	14.0	13.4	35.048611	-117.0747	Sciuridae	13.544269350101144	12.725000000000001
Tamias	14.8	14.0	35.041389	-117.07	Sciuridae	14.387838539345115	14.895
Tamias	11.5	10.9	34.808056	-119.2928	Sciuridae	11.131334116041256	9.438
Tamias	14.0	13.6	42.784444	-100.0353	Sciuridae	13.96988649110985	14.895
Tamias	14.0	13.4	35.0525	-117.0794	Sciuridae	13.87836032839184	14.895
Tamias	13.4	12.5	35.054167	-117.0842	Sciuridae	12.902409049852094	12.725000000000001
Tamias	15.97	13.6	42.806099	-100.050499	Sciuridae	14.505810416194766	14.895
Tamias	14.8	14.0	35.046389000000005	-117.0814	Sciuridae	14.495201099074345	14.895
Tamias	15.97	13.6	38.099998	-117.300003	Sciuridae	14.94278848311148	14.895
Tamias	13.4	12.5	35.051389	-117.0811	Sciuridae	13.382098208671279	12.725000000000001
Tamias	15.97	13.6	34.799999	-117.0	Sciuridae	15.230285177159706	14.895
Tamias	15.97	13.6	34.799999	-117.0	Sciuridae	15.002749738454591	14.895
Tamias	15.97	13.6	34.799999	-117.0	Sciuridae	15.139973898730455	14.895
Tamias	14.0	13.6	42.785833000000004	-100.0758	Sciuridae	13.82496530205986	14.895
Tamias	15.97	13.6	34.799999	-117.0	Sciuridae	14.794515288514251	14.895
Tamias	11.5	10.9	34.806667	-119.2908	Sciuridae	10.902115941401316	9.438
Tamias	12.4	11.5	34.8211	-119.3368	Sciuridae	11.62332318948167	9.438
Tamias	15.97	13.6	43.900002	-110.800003	Sciuridae	14.431584804750333	14.895
Tamias	6.7	5.9	45.716667	-120.1072	Sciuridae	6.679401221021325	6.2895
Tamias	6.7	5.9	45.716667	-120.1072	Sciuridae	6.600300919615325	6.2895
Tamias	6.7	5.9	45.716667	-120.1072	Sciuridae	6.525900008881695	6.2895
Tamias	6.7	5.9	45.701944	-120.1158	Sciuridae	6.6632384019246045	6.2895
Tamias	6.7	5.9	45.760833	-119.4806	Sciuridae	6.030350941847045	6.2895
Tamias	6.7	5.9	45.716667	-120.1072	Sciuridae	6.597985543273362	6.2895
Tamias	6.7	5.9	45.716667	-120.1072	Sciuridae	6.456753756630159	6.2895
Tamias	6.7	5.9	45.701944	-120.1158	Sciuridae	6.648094747732443	6.2895
Tamias	6.8	5.9	45.596389	-118.784722	Sciuridae	6.234164798441774	6.2895
Tamias	0.126	0.0	37.616669	-91.833336	Sciuridae	0.061877149920333	0.07035
Tamias	0.126	0.0	36.780556	-81.92083000000002	Sciuridae	0.012550651855287758	0.07035
Tamias	0.126	0.0	37.616669	-91.833336	Sciuridae	0.06260196916779377	0.07035
Tamias	0.7809999999999999	0.126	36.88361	-80.916389	Sciuridae	0.16305272457380626	0.4515
Tamias	0.126	0.0	37.616669	-91.833336	Sciuridae	0.052047505921665814	0.07035
Tamias	0.0117	0.0	37.224998	-80.678886	Sciuridae	0.008064632943791476	0.006200000000000001
Tamias	0.126	0.0117	36.799999	-100.683334	Sciuridae	0.011989859249622451	0.07035
Tamias	0.126	0.0117	36.783333	-100.699997	Sciuridae	0.024737352081419767	0.07035
Tamias	0.126	0.0	37.616669	-91.833336	Sciuridae	0.08257825572688919	0.07035
Tamias	0.126	0.0	37.616669	-91.833336	Sciuridae	0.12396337931142296	0.07035
Tamias	2.588	0.0117	36.266666	-83.13333100000001	Sciuridae	0.4052123067754363	0.4515
Tamias	0.126	0.0117	38.577221	-79.363609	Sciuridae	0.04012322462206309	0.07035
Tamias	0.126	0.0117	35.816666	-94.633331	Sciuridae	0.057868347198220677	0.07035
Tamias	0.126	0.0117	38.833332	-79.29583000000002	Sciuridae	0.02338310729980413	0.07035
Tamias	0.126	0.0117	38.476665	-78.892776	Sciuridae	0.019440705945770173	0.07035
Tamias	0.126	0.0117	38.086109	-79.656944	Sciuridae	0.08576963333306797	0.07035
Tamias	1.8	0.3	39.799999	-77.199997	Sciuridae	0.5757889770373135	0.4515
Tamias	0.126	0.0117	37.097298	-81.33609799999998	Sciuridae	0.08070303432338101	0.07035
Tamias	0.126	0.0117	38.357777	-79.083054	Sciuridae	0.10416658174120964	0.07035
Tamias	0.126	0.0	37.98722100000001	-79.830833	Sciuridae	0.07452863846431004	0.07035
Tamias	1.8	0.3	39.599998	-78.699997	Sciuridae	0.6781705401933968	0.4515
Tamias	0.126	0.0	37.952778	-79.76722	Sciuridae	0.10007562494627244	0.07035
Tamias	0.126	0.0	38.69389	-78.655556	Sciuridae	0.041527015845420914	0.07035
Tamias	0.126	0.0	37.334721	-80.67916899999999	Sciuridae	0.017908782940038732	0.07035
Tamias	2.588	0.0117	38.605556	-79.370834	Sciuridae	1.12895672302328	1.287
Tamias	1.8	0.3	38.700001	-79.300003	Sciuridae	1.352059294240145	1.287
Tamias	1.8	0.3	36.799999	-82.800003	Sciuridae	0.4149437937036105	0.4515
