species	max_age	min_age	lat	lon	family	mean_age	rounded_ages
Tapirus	1.9	0.85	28.133333	-81.63166700000002	Tapiridae	0.884933979049489	1.287
Tapirus	2.5	0.85	28.133333	-81.63166700000002	Tapiridae	1.0958961614447171	1.287
Tapirus	1.8	0.3	27.9	-81.800003	Tapiridae	0.4876694753256553	0.4515
Tapirus	0.126	0.0117	33.783333	-118.300003	Tapiridae	0.11514816367294466	0.07035
Tapirus	1.8	0.3	40.200001	-75.300003	Tapiridae	1.1428497397377309	1.287
Tapirus	1.8	0.3	27.9	-81.800003	Tapiridae	0.6328675803253356	0.4515
Tapirus	0.85	0.4	28.133333	-81.63166700000002	Tapiridae	0.6649365078377287	0.4515
Tapirus	1.8	0.3	27.9	-81.800003	Tapiridae	1.479617646642812	1.287
Tapirus	1.8	0.3	39.599998	-78.699997	Tapiridae	1.3109657421110834	1.287
Tapirus	2.588	0.0117	32.683334	-117.099998	Tapiridae	2.16449741959172	2.19
Tapirus	1.8	0.3	27.9	-82.099998	Tapiridae	1.3962850736379726	1.287
Tapirus	2.5	0.85	32.16667	-106.8333	Tapiridae	1.5820794332262915	1.287
Tapirus	0.126	0.0117	32.714721999999995	-96.707497	Tapiridae	0.07540622040998954	0.07035
Tapirus	0.7809999999999999	0.126	32.984722	-80.167221	Tapiridae	0.3832282694780561	0.4515
Tapirus	1.8	0.3	29.799999	-82.099998	Tapiridae	0.5533004432552036	0.4515
Tapirus	1.8	0.3	27.9	-81.800003	Tapiridae	1.6116771510681105	1.287
Tapirus	2.5	1.9	30.267222	-97.763889	Tapiridae	1.9036244565772824	2.19
Tapirus	1.8	0.3	27.9	-81.800003	Tapiridae	0.8660582912386388	1.287
Tapirus	4.9	2.5	37.0	-103.6333333	Tapiridae	4.079743621910288	4.4665
Tapirus	1.8	0.3	28.799999	-82.199997	Tapiridae	0.874425884638296	1.287
Tapirus	1.8	0.3	33.900002	-117.0	Tapiridae	0.9231730748605582	1.287
Tapirus	1.8	0.3	33.75	-99.5	Tapiridae	1.3020831682678908	1.287
Tapirus	2.588	0.0117	33.683334	-78.88333100000001	Tapiridae	0.8898071152336362	1.287
Tapirus	4.9	1.8	31.5	-105.199997	Tapiridae	2.290579571361622	2.19
Tapirus	1.9	0.85	28.133333	-81.63166700000002	Tapiridae	1.725320001101125	1.287
Tapirus	1.8	0.3	29.683332	-82.566666	Tapiridae	1.5744934156939776	1.287
Tapirus	2.588	0.0117	31.221111	-81.50389100000002	Tapiridae	2.136263403377926	2.19
Tapirus	2.588	0.0117	36.150002	-84.099998	Tapiridae	0.7351889957632831	0.4515
Tapirus	1.8	0.3	34.400002	-98.900002	Tapiridae	1.7979169933870212	1.287
Tapirus	1.8	0.3	29.011944	-82.668053	Tapiridae	0.954843448120116	1.287
Tapirus	2.588	0.0117	35.049999	-97.933334	Tapiridae	2.3510182626125906	2.19
Tapirus	1.8	0.3	27.830278000000003	-80.811386	Tapiridae	0.5147489400187948	0.4515
Tapirus	4.9	0.3	32.0	-106.699997	Tapiridae	4.737566229114463	4.4665
Tapirus	1.8	0.3	27.700001	-82.5	Tapiridae	1.2069712877552738	1.287
Tapirus	1.9	0.85	28.133333	-81.63166700000002	Tapiridae	1.5563430096021968	1.287
Tapirus	1.8	0.3	27.700001	-82.5	Tapiridae	0.4829445062446589	0.4515
Tapirus	1.8	0.3	27.700001	-82.5	Tapiridae	1.0123063535834358	1.287
Tapirus	1.8	0.3	27.700001	-82.5	Tapiridae	0.35736260309290113	0.4515
Tapirus	2.588	0.0117	36.599998	-82.183334	Tapiridae	0.0739276970960833	0.07035
Tapirus	2.588	0.0117	31.191944	-81.540001	Tapiridae	0.2015857632115116	0.4515
Tapirus	1.9	0.85	28.133333	-81.63166700000002	Tapiridae	1.0005318735160027	1.287
Tapirus	4.9	1.8	37.299999	-105.0	Tapiridae	2.915110919637973	3.09
Tapirus	1.8	0.012	33.900002	-117.0	Tapiridae	0.8164589434219075	1.287
Tapirus	0.126	0.0117	34.0	-118.199997	Tapiridae	0.08142025188668088	0.07035
Tapirus	1.8	0.3	42.799999	-124.5	Tapiridae	1.0805871127219209	1.287
Tapirus	1.8	0.3	33.900002	-117.0	Tapiridae	0.6821370177653431	0.4515
Tapirus	0.126	0.0117	33.599998	-117.800003	Tapiridae	0.12398973002019265	0.07035
Tapirus	11.5	9.5	42.716111	-100.8564	Tapiridae	9.797127908643263	9.438
Tapirus	11.5	9.5	42.725556	-100.835	Tapiridae	11.314803707721667	9.438
Tapirus	13.6	10.3	42.633331	-100.050003	Tapiridae	11.077279272509964	9.438
Tapirus	13.6	10.3	40.099998	-98.5	Tapiridae	10.521901001384954	9.438
Tapirus	13.6	10.3	42.799999	-100.800003	Tapiridae	13.406826749334225	12.725000000000001
Tapirus	12.1	9.0	42.694167	-100.856389	Tapiridae	9.22922992343082	9.438
Tapirus	12.1	10.1	35.065833000000005	-100.909722	Tapiridae	11.729897802983462	12.725000000000001
Tapirus	13.6	10.3	42.799999	-100.800003	Tapiridae	12.625611237471235	12.725000000000001
Tapirus	12.5	12.1	42.6425	-100.064444	Tapiridae	12.379705853358779	12.725000000000001
Tapirus	17.5	14.8	41.312928	-105.587253	Tapiridae	16.10416576288617	18.205000000000002
Tapirus	12.5	12.2	40.020833	-98.55083	Tapiridae	12.371341665734587	12.725000000000001
Tapirus	12.2	9.0	42.638333	-102.0703	Tapiridae	10.501634078639137	9.438
Tapirus	11.5	9.5	41.5	-102.5583	Tapiridae	10.901926984936892	9.438
Tapirus	14.8	12.5	42.826667	-97.636389	Tapiridae	13.579019689150725	12.725000000000001
Tapirus	11.5	9.5	42.749722	-100.8142	Tapiridae	10.580034467727797	9.438
Tapirus	13.6	10.3	42.799999	-100.800003	Tapiridae	10.540088946382873	9.438
Tapirus	12.5	12.2	40.020833	-98.56166999999999	Tapiridae	12.466116465553679	12.725000000000001
Tapirus	4.9	1.8	29.879999	-82.66999799999998	Tapiridae	2.593603130715667	3.09
Tapirus	4.9	0.3	29.690001	-82.559998	Tapiridae	0.6988129753274703	0.4515
Tapirus	4.9	0.3	29.799999	-82.099998	Tapiridae	2.7055173470184406	3.09
Tapirus	4.9	1.8	29.0	-82.300003	Tapiridae	2.7281328116446697	3.09
Tapirus	4.9	1.8	27.35	-82.370003	Tapiridae	4.473087352382189	4.4665
Tapirus	4.9	1.8	29.299999	-82.699997	Tapiridae	2.8539113432765446	3.09
Tapirus	4.9	1.8	29.0	-82.68	Tapiridae	4.206355142951563	4.4665
Tapirus	4.9	1.8	29.879999	-82.66999799999998	Tapiridae	4.384241611656072	4.4665
Tapirus	4.9	1.8	29.879999	-82.66999799999998	Tapiridae	3.248974466215832	3.09
Tapirus	4.9	1.8	29.879999	-82.66999799999998	Tapiridae	1.9340875104000848	2.19
Tapirus	4.9	1.8	29.1	-82.66999799999998	Tapiridae	2.033931879546417	2.19
Tapirus	4.9	1.8	29.0	-82.68	Tapiridae	3.167366284857433	3.09
Tapirus	1.8	0.012	33.599998	-117.800003	Tapiridae	0.98594682725556	1.287
Tapirus	0.126	0.0117	36.566666	-110.650002	Tapiridae	0.07467302649077487	0.07035
Tapirus	0.126	0.0117	31.416668	-110.116669	Tapiridae	0.04239542809592409	0.07035
Tapirus	0.126	0.0117	33.599998	-117.800003	Tapiridae	0.09135653446153684	0.07035
Tapirus	4.9	1.8	32.900002	-117.099998	Tapiridae	4.502553102906892	4.4665
Tapirus	4.9	1.8	32.900002	-117.099998	Tapiridae	2.6437163032489384	3.09
Tapirus	1.8	0.3	33.900002	-117.0	Tapiridae	0.9846807035830278	1.287
Tapirus	5.9	4.7	27.6465	-82.0037	Tapiridae	5.4396912259473815	6.2895
Tapirus	7.5	4.7	36.3853	-82.4978	Tapiridae	5.749968064674772	6.2895
Tapirus	15.97	13.6	40.0238	-98.5271	Tapiridae	15.481438104128909	14.895
Tapirus	5.332999999999998	3.6	27.9	-81.800003	Tapiridae	4.436490687607703	4.4665
Tapirus	13.6	12.5	42.779167	-100.7894	Tapiridae	13.59962552758326	12.725000000000001
Tapirus	15.97	13.6	42.799999	-100.800003	Tapiridae	15.931051545733213	14.895
Tapirus	5.9	4.7	27.6946	-81.8732	Tapiridae	5.2101109293780565	4.4665
Tapirus	5.9	4.7	27.7276	-81.9326	Tapiridae	5.6677109979404605	6.2895
Tapirus	7.5	6.7	28.9878	-82.3483	Tapiridae	7.421342820366562	9.438
Tapirus	5.9	4.7	27.835	-81.9715	Tapiridae	4.971241443791579	4.4665
Tapirus	5.9	4.7	27.8011	-81.9317	Tapiridae	4.898406070500879	4.4665
Tapirus	5.9	4.7	27.7069	-81.9213	Tapiridae	4.80851151295475	4.4665
Tapirus	5.9	4.7	27.7276	-81.9326	Tapiridae	4.956876232625182	4.4665
Tapirus	7.5	6.7	28.9878	-82.3483	Tapiridae	7.160145799481544	6.2895
Tapirus	5.9	4.7	27.8101	-82.0312	Tapiridae	5.5246547370432495	6.2895
Tapirus	7.5	6.7	40.395	-100.2578	Tapiridae	7.005423838717363	6.2895
Tapirus	12.1	9.0	42.694167	-100.856389	Tapiridae	9.472484504086296	9.438
Tapirus	7.6	6.8	36.23388900000001	-100.096389	Tapiridae	7.341169355015504	9.438
Tapirus	0.3	0.012	28.799999	-82.199997	Tapiridae	0.2003334056153493	0.4515
Tapirus	2.588	0.0117	35.432896	-83.464355	Tapiridae	0.37767673945170266	0.4515
Tapirus	2.588	0.0117	36.68158	-82.605118	Tapiridae	2.1154183785928042	2.19
Tapirus	2.588	0.0117	36.68158	-82.605118	Tapiridae	0.3829295594349264	0.4515
Tapirus	2.588	0.0117	36.332104	-82.518585	Tapiridae	0.13581807296988427	0.4515
Tapirus	1.8	0.3	38.700001	-98.099998	Tapiridae	0.4024860047879228	0.4515
Tapirus	0.126	0.0117	28.799999	-82.199997	Tapiridae	0.06316273853208844	0.07035
Tapirus	2.588	0.0117	34.200001	-84.800003	Tapiridae	1.7591080165716584	1.287
Tapirus	0.126	0.0117	28.716667	-81.449997	Tapiridae	0.06927518122553238	0.07035
Tapirus	2.588	0.0117	35.533333	-84.433334	Tapiridae	0.7727619135148384	0.4515
Tapirus	1.8	0.3	33.214443	-80.448059	Tapiridae	1.2948253687261355	1.287
Tapirus	1.8	0.3	29.700001	-82.599998	Tapiridae	1.5944081604908575	1.287
Tapirus	0.126	0.0117	29.799999	-82.099998	Tapiridae	0.0998673558677898	0.07035
Tapirus	2.588	0.0117	38.111668	-79.650002	Tapiridae	1.8549375889988355	2.19
Tapirus	0.126	0.0117	38.332222	-79.570274	Tapiridae	0.0189756371011088	0.07035
Tapirus	2.588	0.0117	36.0	-87.0	Tapiridae	0.8266363276793294	1.287
Tapirus	0.126	0.0117	35.816666	-94.633331	Tapiridae	0.02514218183772588	0.07035
Tapirus	0.126	0.0117	27.5	-82.5	Tapiridae	0.1230692038413292	0.07035
Tapirus	2.588	0.0117	35.96117800000001	-85.40080999999998	Tapiridae	0.7119962883067201	0.4515
Tapirus	2.588	0.0117	33.214443	-80.447777	Tapiridae	2.5719095411288624	2.19
Tapirus	0.126	0.0117	31.98333400000001	-81.066666	Tapiridae	0.036121247956721635	0.07035
Tapirus	0.3	0.012	27.799999	-82.800003	Tapiridae	0.2870378711359232	0.4515
Tapirus	0.126	0.0117	32.0	-81.099998	Tapiridae	0.02070986871646496	0.07035
Tapirus	1.8	0.3	29.4	-82.599998	Tapiridae	0.8500699307164459	1.287
Tapirus	0.126	0.0117	29.6	-82.416664	Tapiridae	0.06661588742143154	0.07035
Tapirus	0.7809999999999999	0.126	33.168331	-81.028336	Tapiridae	0.3583257996731152	0.4515
Tapirus	1.8	0.3	28.799168	-82.070274	Tapiridae	0.6162967780352577	0.4515
Tapirus	0.126	0.0117	27.638332	-80.397499	Tapiridae	0.10203237569055698	0.07035
Tapirus	0.126	0.0117	27.17	-81.900002	Tapiridae	0.02489646858018397	0.07035
Tapirus	0.126	0.0117	29.85	-82.599998	Tapiridae	0.023161409504800543	0.07035
Tapirus	0.126	0.0117	28.083332	-80.599998	Tapiridae	0.05615419286438221	0.07035
Tapirus	0.126	0.0117	26.700001	-80.166664	Tapiridae	0.08211242135307457	0.07035
Tapirus	2.588	0.0117	34.65361	-85.416939	Tapiridae	2.071066648811032	2.19
Tapirus	0.126	0.0117	40.427223	-78.388885	Tapiridae	0.04236724403689783	0.07035
Tapirus	0.126	0.0117	27.799999	-82.699997	Tapiridae	0.05893319771353728	0.07035
Tapirus	0.126	0.0117	30.35833400000001	-98.099998	Tapiridae	0.052156064155243084	0.07035
Tapirus	0.126	0.0117	29.4	-82.599998	Tapiridae	0.06884485505204432	0.07035
Tapirus	0.3	0.012	29.1	-82.300003	Tapiridae	0.2328029754243925	0.4515
Tapirus	2.588	0.0117	36.266666	-83.13333100000001	Tapiridae	0.7338244300518086	0.4515
Tapirus	9.0	7.5	29.4087	-82.4323	Tapiridae	7.721995866995711	9.438
Tapirus	10.0	9.0	29.5475	-82.5216	Tapiridae	9.308906272820806	9.438
Tapirus	9.0	7.5	29.6911	-82.5988	Tapiridae	7.577046208373232	9.438
Tapirus	13.6	10.3	29.549999	-82.51666999999998	Tapiridae	11.020653214325836	9.438
Tapirus	10.1	9.0	29.61667000000001	-82.36667	Tapiridae	9.003568727534649	9.438
Tapirus	9.0	7.6	29.61667000000001	-82.36667	Tapiridae	7.732355809688133	9.438
