species	max_age	min_age	lat	lon	family	mean_age	rounded_ages
Thomomys	0.0117	0.0	35.233334	-114.366669	Geomyidae	0.0009432683778005783	0.0021
Thomomys	0.0117	0.0	35.233334	-114.366669	Geomyidae	0.007225225949104209	0.006200000000000001
Thomomys	1.8	0.3	33.900002	-117.0	Geomyidae	0.4910503202137197	0.4515
Thomomys	0.0117	0.0	35.233334	-114.366669	Geomyidae	0.003034227315534397	0.0021
Thomomys	0.126	0.0117	34.883331	-106.883331	Geomyidae	0.014691729881130431	0.07035
Thomomys	1.8	0.3	33.900002	-117.0	Geomyidae	0.6078435466241481	0.4515
Thomomys	0.0117	0.0	35.233334	-114.366669	Geomyidae	0.005070962556345568	0.006200000000000001
Thomomys	0.126	0.0117	31.566668	-108.400002	Geomyidae	0.06400557009680041	0.07035
Thomomys	1.8	0.3	33.900002	-117.0	Geomyidae	0.8040892992295221	1.287
Thomomys	1.8	0.3	33.900002	-117.0	Geomyidae	1.2105460595475388	1.287
Thomomys	0.0117	0.0	35.233334	-114.366669	Geomyidae	0.0068543349303601606	0.006200000000000001
Thomomys	4.9	1.8	33.900002	-117.0	Geomyidae	2.6743593203199527	3.09
Thomomys	0.3	0.012	33.762501	-118.293335	Geomyidae	0.18025279974261865	0.4515
Thomomys	1.8	0.3	33.900002	-117.0	Geomyidae	0.989633303687774	1.287
Thomomys	1.8	0.3	33.900002	-117.0	Geomyidae	0.9848455492214884	1.287
Thomomys	1.8	0.3	33.900002	-117.0	Geomyidae	1.3153874749013563	1.287
Thomomys	1.8	0.3	33.900002	-117.0	Geomyidae	0.8776300364640126	1.287
Thomomys	0.126	0.0117	31.183332	-104.199997	Geomyidae	0.039018178851220435	0.07035
Thomomys	0.0117	0.0	31.183332	-104.199997	Geomyidae	0.004236370312420849	0.006200000000000001
Thomomys	1.8	0.3	33.900002	-117.0	Geomyidae	1.7426021679978219	1.287
Thomomys	1.8	0.012	33.599998	-117.800003	Geomyidae	0.8318630364110872	1.287
Thomomys	1.8	0.3	33.900002	-117.0	Geomyidae	0.8938923098691736	1.287
Thomomys	1.8	0.3	33.900002	-117.0	Geomyidae	0.8670775274199072	1.287
Thomomys	1.8	0.3	33.900002	-117.0	Geomyidae	1.6219372576056368	1.287
Thomomys	1.8	0.3	33.900002	-117.0	Geomyidae	1.0649361561513735	1.287
Thomomys	1.8	0.3	33.900002	-117.0	Geomyidae	1.6278598158608422	1.287
Thomomys	1.8	0.3	33.900002	-117.0	Geomyidae	1.5375992235058196	1.287
Thomomys	0.126	0.0117	33.895278999999995	-117.987503	Geomyidae	0.06880321334595674	0.07035
Thomomys	1.8	0.3	33.900002	-117.0	Geomyidae	0.8954782946358921	1.287
Thomomys	1.8	0.3	33.900002	-117.0	Geomyidae	1.7579262252103491	1.287
Thomomys	1.8	0.3	33.900002	-117.0	Geomyidae	1.3577748556153484	1.287
Thomomys	1.8	0.3	33.900002	-117.0	Geomyidae	0.3692423277761546	0.4515
Thomomys	1.8	0.3	33.900002	-117.0	Geomyidae	1.0493425064686766	1.287
Thomomys	1.8	0.3	33.900002	-117.0	Geomyidae	0.3953730996121644	0.4515
Thomomys	1.8	0.3	33.900002	-117.0	Geomyidae	0.3465346510111356	0.4515
Thomomys	1.8	0.3	33.900002	-117.0	Geomyidae	1.5848942198383635	1.287
Thomomys	1.8	0.3	33.900002	-117.0	Geomyidae	0.4788627769890626	0.4515
Thomomys	0.126	0.0117	38.599998	-121.5	Geomyidae	0.02333025888481004	0.07035
Thomomys	0.126	0.0117	33.749443	-118.278893	Geomyidae	0.06325295609783736	0.07035
Thomomys	0.3	0.012	33.599998	-117.800003	Geomyidae	0.28678837045787203	0.4515
Thomomys	0.126	0.0117	34.0	-118.199997	Geomyidae	0.07584200099615009	0.07035
Thomomys	0.126	0.0117	32.349998	-104.783333	Geomyidae	0.031787472873649324	0.07035
Thomomys	1.9	0.85	39.160833	-119.753889	Geomyidae	1.5932127537750784	1.287
Thomomys	4.9	1.8	38.799999	-119.5	Geomyidae	3.160903651484397	3.09
Thomomys	2.5	1.9	39.160833	-119.753889	Geomyidae	2.1846507559916413	2.19
Thomomys	1.8	0.3	33.900002	-117.0	Geomyidae	0.6609544152338651	0.4515
Thomomys	4.9	2.5	38.555605	-121.468926	Geomyidae	2.7948957858120482	3.09
Thomomys	4.9	2.5	47.0425	-122.893056	Geomyidae	4.487775760012903	4.4665
Thomomys	4.9	2.5	38.555605	-121.468926	Geomyidae	2.721615510042067	3.09
Thomomys	4.9	2.5	38.555605	-121.468926	Geomyidae	3.144036367313334	3.09
Thomomys	4.9	1.8	33.900002	-117.0	Geomyidae	3.8050294628850754	4.4665
Thomomys	4.9	2.5	38.555605	-121.468926	Geomyidae	4.125376842214518	4.4665
Thomomys	4.9	1.8	32.616669	-117.0	Geomyidae	2.060210222379913	2.19
Thomomys	4.9	1.8	33.900002	-117.0	Geomyidae	2.6890388779711785	3.09
Thomomys	4.9	0.3	33.900002	-117.0	Geomyidae	2.2856938899384716	2.19
Thomomys	4.9	1.8	33.900002	-117.0	Geomyidae	4.855456404442254	4.4665
Thomomys	1.8	0.3	33.228889	-116.260277	Geomyidae	1.2211002185719728	1.287
Thomomys	4.9	1.8	33.900002	-117.0	Geomyidae	4.602337530010345	4.4665
Thomomys	4.9	1.8	33.900002	-117.0	Geomyidae	4.573253056753671	4.4665
Thomomys	4.9	1.8	33.900002	-117.0	Geomyidae	4.401793364300003	4.4665
Thomomys	4.9	2.5	32.715	-117.1625	Geomyidae	4.829219626727486	4.4665
Thomomys	4.9	1.8	42.799999	-114.900002	Geomyidae	3.6735982664909903	4.4665
Thomomys	4.9	2.5	38.555605	-121.468926	Geomyidae	3.8308647132603912	4.4665
Thomomys	4.9	1.8	33.900002	-117.0	Geomyidae	2.694665907361045	3.09
Thomomys	4.9	1.8	33.900002	-117.0	Geomyidae	4.551018195563175	4.4665
Thomomys	4.9	1.8	33.900002	-117.0	Geomyidae	4.151299137426315	4.4665
Thomomys	4.9	1.8	46.299999	-119.099998	Geomyidae	3.5151261238770832	3.09
Thomomys	4.9	1.8	33.900002	-117.0	Geomyidae	3.4840756045216934	3.09
Thomomys	4.9	1.8	33.900002	-117.0	Geomyidae	3.126432467094123	3.09
Thomomys	4.9	2.5	43.613739	-116.237651	Geomyidae	4.634739159757173	4.4665
Thomomys	4.9	1.8	47.0	-118.5	Geomyidae	3.7427606388355885	4.4665
Thomomys	0.126	0.0117	40.784	-122.281998	Geomyidae	0.03670915304603427	0.07035
Thomomys	0.126	0.0117	40.784	-122.281998	Geomyidae	0.04011214570591103	0.07035
Thomomys	0.126	0.0117	40.916668	-122.23333	Geomyidae	0.05098583405562247	0.07035
Thomomys	0.126	0.0117	28.799999	-82.199997	Geomyidae	0.1069815716592098	0.07035
Thomomys	1.8	0.3	28.799168	-82.070274	Geomyidae	1.707835663186316	1.287
Thomomys	0.126	0.0117	28.716667	-81.449997	Geomyidae	0.11392593358436715	0.07035
Thomomys	2.5	0.85	28.133333	-81.63166700000002	Geomyidae	1.1611422309069788	1.287
Thomomys	0.126	0.0117	28.716667	-81.449997	Geomyidae	0.12577143873219546	0.07035
Thomomys	1.8	0.3	39.599998	-78.699997	Geomyidae	1.0199402921657834	1.287
Thomomys	1.8	0.3	39.799999	-77.199997	Geomyidae	1.4194617868642434	1.287
Thomomys	1.8	0.3	39.599998	-78.699997	Geomyidae	0.4522526590577795	0.4515
Thomomys	1.8	0.3	38.700001	-79.300003	Geomyidae	1.2914221588298769	1.287
Thomomys	2.588	0.0117	38.605556	-79.370834	Geomyidae	1.3366321172483373	1.287
Thomomys	0.126	0.0117	40.900002	-111.199997	Geomyidae	0.06858680258889717	0.07035
Thomomys	0.126	0.0117	46.200001	-112.76667	Geomyidae	0.0450524125511377	0.07035
Thomomys	0.0117	0.0	46.666668	-113.099998	Geomyidae	0.011656415235432552	0.00995
Thomomys	0.126	0.0117	50.183334	-114.51667	Geomyidae	0.058346730562547376	0.07035
Thomomys	0.126	0.0117	35.533333	-106.800003	Geomyidae	0.014600098746849444	0.07035
Thomomys	1.8	0.3	35.0	-101.900002	Geomyidae	1.3919912093810507	1.287
Thomomys	0.126	0.0117	50.099998	-110.699997	Geomyidae	0.06643195869426176	0.07035
Thomomys	1.8	0.3	34.5	-101.699997	Geomyidae	1.276775558428476	1.287
Thomomys	1.8	0.3	38.900002	-99.400002	Geomyidae	0.4151016999971852	0.4515
Thomomys	1.8	0.3	38.900002	-99.400002	Geomyidae	1.6134294301480454	1.287
Thomomys	0.126	0.0117	38.483334	-107.150002	Geomyidae	0.06163921730969445	0.07035
Thomomys	0.126	0.0117	36.783333	-100.699997	Geomyidae	0.1102404821938901	0.07035
Thomomys	1.8	0.3	50.700001	-107.900002	Geomyidae	1.7577095691968363	1.287
Thomomys	1.8	0.3	38.900002	-99.400002	Geomyidae	0.4142664318730793	0.4515
Thomomys	0.126	0.0117	52.200001	-106.699997	Geomyidae	0.10244731629946267	0.07035
Thomomys	0.126	0.0117	42.799999	-112.900002	Geomyidae	0.12011779453657875	0.07035
Thomomys	0.126	0.0117	43.333332	-120.5	Geomyidae	0.01572403032940306	0.07035
Thomomys	0.126	0.0	39.483334	-114.033333	Geomyidae	0.008616837934052995	0.00995
Thomomys	0.126	0.0	27.0	-104.800003	Geomyidae	0.06962424663069358	0.07035
