species	max_age	min_age	lat	lon	family	mean_age	rounded_ages
Vulpes	0.126	0.0117	40.784	-122.281998	Canidae	0.08377012915814343	0.07035
Vulpes	9.0	6.7	35.474444	-118.9267	Canidae	8.591399955630099	9.438
Vulpes	7.6	6.8	35.474444	-118.926667	Canidae	7.1511790974822125	6.2895
Vulpes	13.6	10.3	35.299999	-118.5	Canidae	13.225122367088515	12.725000000000001
Vulpes	5.9	4.9	38.01	-122.301111	Canidae	5.2446386609984765	4.4665
Vulpes	9.0	7.6	41.925	-118.83611100000002	Canidae	8.636575006595834	9.438
Vulpes	5.9	4.9	28.18222	-81.82417	Canidae	5.848290032792107	6.2895
Vulpes	7.6	6.8	36.114167	-105.978889	Canidae	7.048560281974153	6.2895
Vulpes	9.0	7.5	41.294167	-101.8906	Canidae	8.321232348439118	9.438
Vulpes	7.6	6.8	43.451111	-117.587222	Canidae	7.302701934517398	9.438
Vulpes	7.5	6.7	43.451111	-117.5872	Canidae	7.045512853909483	6.2895
Vulpes	6.8	4.9	38.100556	-114.167778	Canidae	5.021533170871443	4.4665
Vulpes	9.0	7.6	35.462222	-117.520278	Canidae	8.676963868726919	9.438
Vulpes	9.0	6.7	41.3833	-120.6678	Canidae	7.947389720050579	9.438
Vulpes	7.5	4.7	36.0894	-106.0748	Canidae	5.417121879365258	6.2895
Vulpes	7.5	6.7	43.451111	-117.5872	Canidae	7.118435506807523	6.2895
Vulpes	6.8	5.9	35.993333	-100.588333	Canidae	6.026950232360457	6.2895
Vulpes	6.6	6.3	32.445833	-110.4978	Canidae	6.344829576776558	6.2895
Vulpes	6.7	5.9	36.747222	-101.3753	Canidae	5.994487750996388	6.2895
Vulpes	8.0	7.5	41.8833	-118.8343	Canidae	7.7196720456793475	9.438
Vulpes	5.9	4.7	27.8653	-82.0365	Canidae	5.375612447469937	6.2895
Vulpes	7.5	6.7	41.335833	-102.3842	Canidae	7.334385173602043	9.438
Vulpes	8.0	7.5	41.982	-118.8535	Canidae	7.831528041243081	9.438
Vulpes	5.9	4.9	28.5	-108.25	Canidae	5.791701504988346	6.2895
Vulpes	9.0	6.7	35.491389	-117.4022	Canidae	7.791878872463265	9.438
Vulpes	8.0	7.5	41.925	-118.8361	Canidae	7.518252702198813	9.438
Vulpes	6.7	5.9	34.9625	-101.1925	Canidae	6.068873550349369	6.2895
Vulpes	6.8	5.9	34.9625	-101.1925	Canidae	6.4288087250153865	6.2895
Vulpes	7.38	7.2	44.486111	-119.6667	Canidae	7.2810050019695876	9.438
Vulpes	6.7	5.9	34.9625	-101.1925	Canidae	6.250626179458301	6.2895
Vulpes	7.6	6.8	42.198056	-103.780833	Canidae	6.969611016559893	6.2895
Vulpes	6.7	5.9	34.9625	-101.1925	Canidae	6.2076332020961695	6.2895
Vulpes	5.9	4.9	34.613611	-113.535833	Canidae	5.348787060989144	6.2895
Vulpes	7.6	6.8	35.733056	-100.523611	Canidae	7.262607886095608	9.438
Vulpes	7.6	6.8	40.075833	-102.223333	Canidae	7.009587608803217	6.2895
Vulpes	5.89	5.23	38.100556	-114.1678	Canidae	5.235965369634201	4.4665
Vulpes	9.0	7.6	40.809868	-96.675345	Canidae	8.358108481117545	9.438
Vulpes	7.6	6.8	40.395	-100.257778	Canidae	7.160015457017143	6.2895
Vulpes	5.5	4.7	34.613611	-113.5358	Canidae	4.712242122004353	4.4665
Vulpes	6.6	6.3	32.445833	-110.4978	Canidae	6.471935691506345	6.2895
Vulpes	5.5	4.7	34.613611	-113.5372	Canidae	4.71922829944896	4.4665
Vulpes	6.62	5.9	42.7304	-99.5794	Canidae	6.336785727745001	6.2895
Vulpes	7.5	6.7	40.395	-100.2578	Canidae	7.0118865296467385	6.2895
Vulpes	7.6	6.8	44.486111	-119.666667	Canidae	6.997917997555463	6.2895
Vulpes	9.0	7.5	36.09027800000001	-100.0089	Canidae	8.28643648077105	9.438
Vulpes	7.5	7.1	42.790278	-117.7386	Canidae	7.144246533211947	6.2895
Vulpes	7.5	5.2	36.151111	-106.0261	Canidae	5.6527011392795	6.2895
Vulpes	9.0	4.9	40.809868	-96.675345	Canidae	8.322280498682582	9.438
Vulpes	6.8	4.9	32.621944	-110.525833	Canidae	4.932688006418204	4.4665
Vulpes	6.6	6.3	32.445833	-110.4978	Canidae	6.309335247673429	6.2895
Vulpes	6.6	6.3	32.445833	-110.5087	Canidae	6.505257073146201	6.2895
Vulpes	6.7	6.6	35.733056	-100.5236	Canidae	6.633294673672731	6.2895
Vulpes	1.8	0.3	43.599998	-117.5	Canidae	0.5993765423538582	0.4515
Vulpes	9.0	6.8	41.383333	-120.667778	Canidae	8.188284229103587	9.438
Vulpes	7.5	6.7	36.151111	-106.0261	Canidae	7.107136100577417	6.2895
Vulpes	9.0	7.6	42.790278	-117.738611	Canidae	8.354231209332918	9.438
Vulpes	5.5	4.7	34.613611	-113.5358	Canidae	5.276090380762518	4.4665
Vulpes	7.5	5.2	36.1508	-106.0378	Canidae	5.983216014935032	6.2895
Vulpes	7.5	6.7	42.198056	-103.7808	Canidae	6.73968528475994	6.2895
Vulpes	7.5	5.2	36.1613	-106.0263	Canidae	6.50080076679059	6.2895
Vulpes	8.1	5.2	36.078610999999995	-106.0864	Canidae	6.258331632534188	6.2895
Vulpes	7.5	5.2	36.089	-106.0562	Canidae	6.967527536880876	6.2895
Vulpes	7.5	6.7	39.891	-102.2063	Canidae	7.040150214456272	6.2895
Vulpes	9.0	7.6	35.683611	-102.329722	Canidae	8.829060266050753	9.438
Vulpes	15.97	13.6	27.9	-81.800003	Canidae	13.683146491918347	12.725000000000001
Vulpes	1.8	0.3	37.056667	-120.195831	Canidae	0.7589998014298964	0.4515
Vulpes	1.8	0.3	39.299999	-105.699997	Canidae	1.2159766106619652	1.287
Vulpes	1.8	0.3	37.200001	-100.300003	Canidae	1.3026645830913175	1.287
Vulpes	1.8	0.3	39.299999	-105.699997	Canidae	1.5114518525899452	1.287
Vulpes	0.126	0.0117	34.883331	-106.883331	Canidae	0.0419229213869442	0.07035
Vulpes	1.8	0.3	39.299999	-105.699997	Canidae	1.6938805238154224	1.287
Vulpes	1.8	0.3	36.799999	-100.5	Canidae	1.5281539676591518	1.287
Vulpes	1.8	0.3	40.200001	-98.099998	Canidae	0.7768318138536459	1.287
Vulpes	0.126	0.0	39.483334	-114.033333	Canidae	0.023740764210608	0.07035
Vulpes	0.126	0.0117	32.349998	-104.783333	Canidae	0.03908079106699682	0.07035
Vulpes	4.9	1.8	32.716667	-100.916664	Canidae	2.647376195752827	3.09
Vulpes	1.8	0.3	33.900002	-117.0	Canidae	1.5796550457168772	1.287
Vulpes	4.9	2.5	32.518611	-96.380833	Canidae	3.4384976883251226	3.09
Vulpes	0.126	0.0117	32.466667	-112.25	Canidae	0.07627928700941945	0.07035
Vulpes	0.126	0.0117	50.183334	-114.51667	Canidae	0.01940482569394817	0.07035
Vulpes	0.126	0.0117	32.366669	-104.449997	Canidae	0.04482023556818605	0.07035
Vulpes	0.126	0.0117	38.650002	-112.633331	Canidae	0.012509336992670416	0.07035
Vulpes	0.126	0.0117	40.766666	-111.866669	Canidae	0.10555325368483252	0.07035
Vulpes	0.126	0.0	39.483334	-114.033333	Canidae	0.07015271600501509	0.07035
Vulpes	0.126	0.0117	42.783333	-105.683334	Canidae	0.12071723971418798	0.07035
Vulpes	0.126	0.0117	50.183334	-114.51667	Canidae	0.031152367229269617	0.07035
Vulpes	0.126	0.0117	65.349998	-151.0	Canidae	0.06877554927386624	0.07035
Vulpes	0.126	0.0117	44.983334	-108.199997	Canidae	0.09186727181719816	0.07035
Vulpes	0.126	0.0117	34.883331	-106.883331	Canidae	0.09838716347609852	0.07035
Vulpes	0.126	0.0117	32.714721999999995	-96.707497	Canidae	0.02118658588929907	0.07035
Vulpes	0.126	0.0117	27.638332	-80.397499	Canidae	0.07657628348177706	0.07035
Vulpes	0.126	0.0	37.952778	-79.76722	Canidae	0.01613979618908886	0.07035
Vulpes	2.588	0.0117	37.543331	-80.398888	Canidae	1.9933852983852904	2.19
Vulpes	0.0117	0.0	46.666668	-113.099998	Canidae	0.009847181598706052	0.00995
Vulpes	1.8	0.3	39.299999	-105.699997	Canidae	0.9847945361842484	1.287
Vulpes	0.126	0.0117	28.083332	-80.599998	Canidae	0.04796329177477356	0.07035
Vulpes	0.126	0.0117	52.200001	-106.699997	Canidae	0.09816495854461868	0.07035
Vulpes	0.126	0.0117	50.099998	-110.699997	Canidae	0.02633490296446037	0.07035
Vulpes	0.126	0.0117	42.799999	-112.900002	Canidae	0.04645208654939429	0.07035
Vulpes	1.8	0.3	39.299999	-105.699997	Canidae	0.9770185309272152	1.287
Vulpes	1.8	0.3	36.5	-107.0	Canidae	0.4402050134170199	0.4515
Vulpes	1.8	0.3	39.299999	-105.699997	Canidae	0.5086356436444965	0.4515
Vulpes	0.126	0.0117	38.483334	-107.150002	Canidae	0.01784717941591375	0.07035
Vulpes	0.126	0.0117	38.483334	-107.150002	Canidae	0.11774649164984607	0.07035
Vulpes	0.126	0.0117	32.349998	-104.783333	Canidae	0.05178525558851777	0.07035
