species	max_age	min_age	lat	lon	family	mean_age	rounded_ages
Ammospermophilus	0.0	0.0	36.453796000000004	-120.605572	0.0	0.0	0.0021
Ammospermophilus	0.0	0.0	36.817025	-111.630393	0.0	0.0	0.0021
Ammospermophilus	0.0	0.0	33.360694	-112.00407299999999	0.0	0.0	0.0021
Ammospermophilus	0.0	0.0	33.656563	-116.463622	0.0	0.0	0.0021
Ammospermophilus	0.0	0.0	36.724654	-120.757077	0.0	0.0	0.0021
Ammospermophilus	0.0	0.0	32.253856	-111.126796	0.0	0.0	0.0021
Ammospermophilus	0.0	0.0	33.828081	-115.839265	0.0	0.0	0.0021
Ammospermophilus	0.0	0.0	32.296902	-110.71765800000001	0.0	0.0	0.0021
Ammospermophilus	0.0	0.0	33.547484000000004	-112.02076699999999	0.0	0.0	0.0021
Ammospermophilus	0.0	0.0	36.436563	-120.737127	0.0	0.0	0.0021
Ammospermophilus	0.0	0.0	35.20081300000001	-119.61676200000001	0.0	0.0	0.0021
Ammospermophilus	0.0	0.0	36.699124	-120.981637	0.0	0.0	0.0021
Ammospermophilus	0.0	0.0	33.096433000000005	-116.47529399999999	0.0	0.0	0.0021
Ammospermophilus	0.0	0.0	32.09715300000001	-111.01403700000002	0.0	0.0	0.0021
Ammospermophilus	0.0	0.0	33.164958	-111.090271	0.0	0.0	0.0021
Ammospermophilus	0.0	0.0	36.665637	-120.983943	0.0	0.0	0.0021
Ammospermophilus	0.0	0.0	36.430284	-114.513574	0.0	0.0	0.0021
Ammospermophilus	0.0	0.0	34.028583000000005	-116.149304	0.0	0.0	0.0021
Ammospermophilus	0.0	0.0	33.278345	-111.150632	0.0	0.0	0.0021
Ammospermophilus	0.0	0.0	36.430288	-114.51359	0.0	0.0	0.0021
Ammospermophilus	0.0	0.0	34.483901	-114.322455	0.0	0.0	0.0021
Ammospermophilus	0.0	0.0	33.977333	-114.53533700000001	0.0	0.0	0.0021
Ammospermophilus	0.0	0.0	33.784444	-111.82861100000001	0.0	0.0	0.0021
Ammospermophilus	0.0	0.0	36.41317100000001	-120.68413799999999	0.0	0.0	0.0021
Ammospermophilus	0.0	0.0	33.245616999999996	-116.41206299999999	0.0	0.0	0.0021
Ammospermophilus	0.0	0.0	34.839174	-114.52372	0.0	0.0	0.0021
Ammospermophilus	0.0	0.0	36.430405	-114.51379399999999	0.0	0.0	0.0021
Ammospermophilus	0.0	0.0	33.129721999999994	-116.433022	0.0	0.0	0.0021
Ammospermophilus	0.0	0.0	33.131513	-116.432777	0.0	0.0	0.0021
Ammospermophilus	0.0	0.0	34.363242	-114.27914399999999	0.0	0.0	0.0021
Ammospermophilus	0.0	0.0	33.362933	-111.987596	0.0	0.0	0.0021
Ammospermophilus	0.0	0.0	33.761439	-111.83953000000001	0.0	0.0	0.0021
Ammospermophilus	0.0	0.0	33.589923999999996	-112.086353	0.0	0.0	0.0021
Ammospermophilus	0.0	0.0	33.132719	-116.30229299999999	0.0	0.0	0.0021
Ammospermophilus	0.0	0.0	33.097916999999995	-116.471919	0.0	0.0	0.0021
Ammospermophilus	0.0	0.0	33.247032	-116.40546200000001	0.0	0.0	0.0021
Ammospermophilus	0.0	0.0	35.195132	-106.638799	0.0	0.0	0.0021
Ammospermophilus	0.0	0.0	33.467061	-111.914645	0.0	0.0	0.0021
Ammospermophilus	0.0	0.0	33.778071000000004	-116.245149	0.0	0.0	0.0021
Ammospermophilus	0.0	0.0	33.927021999999994	-116.18758000000001	0.0	0.0	0.0021
Ammospermophilus	0.0	0.0	33.723553	-116.41125500000001	0.0	0.0	0.0021
Ammospermophilus	0.0	0.0	33.481148	-111.620461	0.0	0.0	0.0021
Ammospermophilus	0.0	0.0	34.0791	-114.045639	0.0	0.0	0.0021
Ammospermophilus	0.0	0.0	33.047378	-116.43418500000001	0.0	0.0	0.0021
Ammospermophilus	0.0	0.0	33.951107	-116.158327	0.0	0.0	0.0021
Ammospermophilus	0.0	0.0	33.461393	-111.945158	0.0	0.0	0.0021
Ammospermophilus	0.0	0.0	34.202323	-114.151431	0.0	0.0	0.0021
Ammospermophilus	0.0	0.0	33.055457000000004	-116.420803	0.0	0.0	0.0021
Ammospermophilus	0.0	0.0	36.430296999999996	-114.51345900000001	0.0	0.0	0.0021
Ammospermophilus	0.0	0.0	36.142521	-115.41918999999999	0.0	0.0	0.0021
Ammospermophilus	0.0	0.0	36.162484	-115.450075	0.0	0.0	0.0021
Ammospermophilus	0.0	0.0	36.144529	-115.456696	0.0	0.0	0.0021
Ammospermophilus	0.0	0.0	34.202213	-114.15103500000001	0.0	0.0	0.0021
Ammospermophilus	0.0	0.0	36.193672	-115.28063799999998	0.0	0.0	0.0021
Ammospermophilus	0.0	0.0	33.437349	-111.930729	0.0	0.0	0.0021
Ammospermophilus	0.0	0.0	33.467508	-111.60846200000002	0.0	0.0	0.0021
Ammospermophilus	0.0	0.0	36.025912	-114.77014199999999	0.0	0.0	0.0021
Ammospermophilus	0.0	0.0	33.724083	-116.411479	0.0	0.0	0.0021
Ammospermophilus	0.0	0.0	32.63722	-111.4039	0.0	0.0	0.0021
Ammospermophilus	0.0	0.0	33.283242	-114.5883	0.0	0.0	0.0021
Ammospermophilus	0.0	0.0	36.146476	-115.41915300000001	0.0	0.0	0.0021
Ammospermophilus	0.0	0.0	33.724852	-111.49955200000001	0.0	0.0	0.0021
Ammospermophilus	0.0	0.0	39.055465999999996	-108.671577	0.0	0.0	0.0021
Ammospermophilus	0.0	0.0	32.206425	-110.68840700000001	0.0	0.0	0.0021
Ammospermophilus	0.0	0.0	35.03855	-106.496334	0.0	0.0	0.0021
Ammospermophilus	0.0	0.0	31.857805	-106.52673300000001	0.0	0.0	0.0021
Ammospermophilus	0.0	0.0	35.369049	-119.861579	0.0	0.0	0.0021
Ammospermophilus	0.0	0.0	34.12858	-116.037672	0.0	0.0	0.0021
Ammospermophilus	0.0	0.0	36.011245	-115.432043	0.0	0.0	0.0021
Ammospermophilus	0.0	0.0	32.269408	-112.74575300000001	0.0	0.0	0.0021
Ammospermophilus	0.0	0.0	35.420805	-118.15368600000001	0.0	0.0	0.0021
Ammospermophilus	0.0	0.0	31.797140000000002	-110.77385100000001	0.0	0.0	0.0021
Ammospermophilus	0.0	0.0	35.329709	-118.0005	0.0	0.0	0.0021
Ammospermophilus	0.0	0.0	35.225825	-114.68177299999999	0.0	0.0	0.0021
Ammospermophilus	0.0	0.0	33.8373	-116.330855	0.0	0.0	0.0021
Ammospermophilus	0.0	0.0	32.908939000000004	-116.37723799999999	0.0	0.0	0.0021
Ammospermophilus	0.0	0.0	33.25788	-116.406204	0.0	0.0	0.0021
Ammospermophilus	0.0	0.0	33.955735	-112.56251499999999	0.0	0.0	0.0021
Ammospermophilus	0.0	0.0	33.134904999999996	-116.347021	0.0	0.0	0.0021
Ammospermophilus	0.0	0.0	31.921566	-106.51375700000001	0.0	0.0	0.0021
Ammospermophilus	0.0	0.0	36.462934000000004	-116.871297	0.0	0.0	0.0021
Ammospermophilus	0.0	0.0	35.447238	-118.064788	0.0	0.0	0.0021
Ammospermophilus	0.0	0.0	31.919835	-106.51380400000001	0.0	0.0	0.0021
Ammospermophilus	0.0	0.0	35.176049	-119.51895800000001	0.0	0.0	0.0021
Ammospermophilus	0.0	0.0	34.232061	-113.76613300000001	0.0	0.0	0.0021
Ammospermophilus	0.0	0.0	35.229159	-119.93899099999999	0.0	0.0	0.0021
Ammospermophilus	0.0	0.0	33.92642	-116.18746000000002	0.0	0.0	0.0021
Ammospermophilus	0.0	0.0	35.105173	-119.810446	0.0	0.0	0.0021
Ammospermophilus	0.0	0.0	35.003194	-119.344752	0.0	0.0	0.0021
Ammospermophilus	0.0	0.0	33.440545	-111.93681200000002	0.0	0.0	0.0021
Ammospermophilus	0.0	0.0	33.098615	-116.49821399999999	0.0	0.0	0.0021
Ammospermophilus	0.0	0.0	33.475046999999996	-111.61950800000001	0.0	0.0	0.0021
Ammospermophilus	0.0	0.0	33.644147	-116.40088300000001	0.0	0.0	0.0021
Ammospermophilus	0.0	0.0	31.913346	-109.14431599999999	0.0	0.0	0.0021
Ammospermophilus	0.0	0.0	33.973343	-112.08373600000002	0.0	0.0	0.0021
Ammospermophilus	0.0	0.0	35.207546	-119.70678899999999	0.0	0.0	0.0021
Ammospermophilus	0.0	0.0	31.914213	-109.14393899999999	0.0	0.0	0.0021
Ammospermophilus	0.0	0.0	29.497763	-103.466563	0.0	0.0	0.0021
Ammospermophilus	0.0	0.0	35.121632	-119.99458899999999	0.0	0.0	0.0021
Ammospermophilus	0.0	0.0	35.270631	-114.030317	0.0	0.0	0.0021
Ammospermophilus	0.0	0.0	32.451161	-110.942801	0.0	0.0	0.0021
Ammospermophilus	0.0	0.0	34.0262	-116.14697	0.0	0.0	0.0021
Ammospermophilus	0.0	0.0	31.938340000000004	-106.509023	0.0	0.0	0.0021
Ammospermophilus	0.0	0.0	35.114239000000005	-119.57351499999999	0.0	0.0	0.0021
Ammospermophilus	0.0	0.0	33.815579	-115.755931	0.0	0.0	0.0021
Ammospermophilus	0.0	0.0	33.258095000000004	-116.406547	0.0	0.0	0.0021
Ammospermophilus	0.0	0.0	39.17058400000001	-109.00041	0.0	0.0	0.0021
Ammospermophilus	0.0	0.0	35.104473999999996	-119.532178	0.0	0.0	0.0021
Ammospermophilus	0.0	0.0	33.65465	-116.318875	0.0	0.0	0.0021
Ammospermophilus	0.0	0.0	31.798078999999998	-110.79023000000001	0.0	0.0	0.0021
Ammospermophilus	0.0	0.0	33.370378	-116.42270800000001	0.0	0.0	0.0021
Ammospermophilus	0.0	0.0	36.853417	-111.604452	0.0	0.0	0.0021
Ammospermophilus	0.0	0.0	36.017265	-114.761889	0.0	0.0	0.0021
Ammospermophilus	0.0	0.0	33.557970000000005	-112.061399	0.0	0.0	0.0021
Ammospermophilus	0.0	0.0	33.932840999999996	-116.16062	0.0	0.0	0.0021
Ammospermophilus	0.0	0.0	34.165040999999995	-116.387571	0.0	0.0	0.0021
Ammospermophilus	0.0	0.0	31.942003999999997	-110.676441	0.0	0.0	0.0021
Ammospermophilus	0.0	0.0	37.224736	-113.40550900000001	0.0	0.0	0.0021
Ammospermophilus	0.0	0.0	35.838684	-117.896897	0.0	0.0	0.0021
Ammospermophilus	0.0	0.0	33.663005	-116.394605	0.0	0.0	0.0021
Ammospermophilus	0.0	0.0	33.370647999999996	-116.42278600000002	0.0	0.0	0.0021
Ammospermophilus	0.0	0.0	32.188499	-110.75709599999999	0.0	0.0	0.0021
Ammospermophilus	0.0	0.0	31.444515999999997	-110.261152	0.0	0.0	0.0021
Ammospermophilus	0.0	0.0	33.675457	-116.429758	0.0	0.0	0.0021
Ammospermophilus	0.0	0.0	33.993569	-112.6873	0.0	0.0	0.0021
Ammospermophilus	0.0	0.0	33.873415	-115.90099199999999	0.0	0.0	0.0021
Ammospermophilus	0.0	0.0	33.376389	-111.90611299999999	0.0	0.0	0.0021
Ammospermophilus	0.0	0.0	33.825435999999996	-116.326603	0.0	0.0	0.0021
Ammospermophilus	0.0	0.0	42.755183	-120.17083000000001	0.0	0.0	0.0021
Ammospermophilus	0.0	0.0	33.522115	-116.231035	0.0	0.0	0.0021
Ammospermophilus	0.0	0.0	34.505865	-117.466976	0.0	0.0	0.0021
Ammospermophilus	0.0	0.0	33.873415	-115.90099199999999	0.0	0.0	0.0021
Ammospermophilus	0.0	0.0	33.542012	-112.01699199999999	0.0	0.0	0.0021
Ammospermophilus	0.0	0.0	35.191331	-117.88047900000001	0.0	0.0	0.0021
Ammospermophilus	0.0	0.0	36.430575	-114.51311299999999	0.0	0.0	0.0021
Ammospermophilus	0.0	0.0	35.126583000000004	-115.287039	0.0	0.0	0.0021
Ammospermophilus	0.0	0.0	39.055223	-108.561205	0.0	0.0	0.0021
Ammospermophilus	0.0	0.0	33.573879999999996	-116.44629199999999	0.0	0.0	0.0021
Ammospermophilus	0.0	0.0	34.904590999999996	-115.666519	0.0	0.0	0.0021
Ammospermophilus	0.0	0.0	31.904818	-109.158639	0.0	0.0	0.0021
Ammospermophilus	0.0	0.0	36.515146	-120.79988600000001	0.0	0.0	0.0021
Ammospermophilus	0.0	0.0	33.344542	-112.05724199999999	0.0	0.0	0.0021
Ammospermophilus	0.0	0.0	36.151126	-115.42889	0.0	0.0	0.0021
Ammospermophilus	0.0	0.0	32.272285	-111.202739	0.0	0.0	0.0021
Ammospermophilus	0.0	0.0	33.520657	-111.972151	0.0	0.0	0.0021
Ammospermophilus	0.0	0.0	34.316262	-116.443591	0.0	0.0	0.0021
Ammospermophilus	0.0	0.0	32.243784999999995	-111.168594	0.0	0.0	0.0021
Ammospermophilus	0.0	0.0	34.774418	-118.12653300000001	0.0	0.0	0.0021
Ammospermophilus	0.0	0.0	35.191331	-117.88047900000001	0.0	0.0	0.0021
Ammospermophilus	0.0	0.0	39.198671999999995	-109.02521999999999	0.0	0.0	0.0021
Ammospermophilus	0.0	0.0	31.799213	-110.78346299999998	0.0	0.0	0.0021
Ammospermophilus	0.0	0.0	31.798646999999995	-110.79269	0.0	0.0	0.0021
Ammospermophilus	0.0	0.0	35.008412	-119.636027	0.0	0.0	0.0021
Ammospermophilus	0.0	0.0	31.798078999999998	-110.786302	0.0	0.0	0.0021
Ammospermophilus	0.0	0.0	38.641737	-109.47681100000001	0.0	0.0	0.0021
Ammospermophilus	0.0	0.0	36.456191	-120.64808799999999	0.0	0.0	0.0021
Ammospermophilus	0.0	0.0	32.30389	-110.952225	0.0	0.0	0.0021
Ammospermophilus	0.0	0.0	36.439067	-120.67838300000001	0.0	0.0	0.0021
Ammospermophilus	0.0	0.0	33.648158	-116.37556299999999	0.0	0.0	0.0021
Ammospermophilus	0.0	0.0	34.970694	-115.09389499999999	0.0	0.0	0.0021
Ammospermophilus	0.0	0.0	33.906217	-116.038744	0.0	0.0	0.0021
Ammospermophilus	0.0	0.0	36.430226	-114.513628	0.0	0.0	0.0021
Ammospermophilus	0.0	0.0	38.683427	-107.59646200000002	0.0	0.0	0.0021
Ammospermophilus	0.0	0.0	35.858140999999996	-117.912581	0.0	0.0	0.0021
Ammospermophilus	0.0	0.0	37.481932	-118.606881	0.0	0.0	0.0021
Ammospermophilus	0.0	0.0	35.285275	-119.59838700000002	0.0	0.0	0.0021
Ammospermophilus	0.0	0.0	35.070236	-119.635742	0.0	0.0	0.0021
Ammospermophilus	0.0	0.0	36.156064	-115.49446599999999	0.0	0.0	0.0021
Ammospermophilus	0.0	0.0	37.517915	-118.40019199999999	0.0	0.0	0.0021
Ammospermophilus	0.0	0.0	35.038255	-119.757451	0.0	0.0	0.0021
Ammospermophilus	0.0	0.0	32.119627	-110.91684	0.0	0.0	0.0021
Ammospermophilus	0.0	0.0	36.135934000000006	-115.4285	0.0	0.0	0.0021
Ammospermophilus	0.0	0.0	33.835274	-116.305	0.0	0.0	0.0021
Ammospermophilus	0.0	0.0	33.205833	-116.444722	0.0	0.0	0.0021
Ammospermophilus	0.0	0.0	37.481937	-118.6069	0.0	0.0	0.0021
Ammospermophilus	0.0	0.0	33.270427000000005	-116.414667	0.0	0.0	0.0021
Ammospermophilus	0.0	0.0	32.243421999999995	-111.168725	0.0	0.0	0.0021
Ammospermophilus	0.0	0.0	33.727887	-116.40918	0.0	0.0	0.0021
Ammospermophilus	0.0	0.0	39.595641	-119.66838	0.0	0.0	0.0021
Ammospermophilus	0.0	0.0	35.115882	-119.387469	0.0	0.0	0.0021
Ammospermophilus	0.0	0.0	31.921761	-106.51364699999999	0.0	0.0	0.0021
Ammospermophilus	0.0	0.0	35.143284	-115.29176299999999	0.0	0.0	0.0021
Ammospermophilus	0.0	0.0	31.921798	-106.513653	0.0	0.0	0.0021
Ammospermophilus	0.0	0.0	34.921099	-109.80223400000001	0.0	0.0	0.0021
Ammospermophilus	0.0	0.0	29.275303000000005	-103.293373	0.0	0.0	0.0021
Ammospermophilus	0.0	0.0	36.950545	-113.79437	0.0	0.0	0.0021
Ammospermophilus	0.0	0.0	36.429961999999996	-114.513821	0.0	0.0	0.0021
Ammospermophilus	0.0	0.0	33.998360999999996	-116.600025	0.0	0.0	0.0021
Ammospermophilus	0.0	0.0	36.430213	-114.513698	0.0	0.0	0.0021
Ammospermophilus	0.0	0.0	36.492692	-114.159675	0.0	0.0	0.0021
Ammospermophilus	0.0	0.0	34.015988	-116.17258100000001	0.0	0.0	0.0021
Ammospermophilus	0.0	0.0	34.913041	-119.571367	0.0	0.0	0.0021
Ammospermophilus	0.0	0.0	33.270834	-116.418935	0.0	0.0	0.0021
Ammospermophilus	0.0	0.0	32.244013	-111.168174	0.0	0.0	0.0021
Ammospermophilus	0.0	0.0	34.791971999999994	-118.12923899999998	0.0	0.0	0.0021
Ammospermophilus	0.0	0.0	32.333408	-114.078331	0.0	0.0	0.0021
Ammospermophilus	0.0	0.0	33.4635	-111.9442	0.0	0.0	0.0021
Ammospermophilus	0.0	0.0	34.011001	-116.168024	0.0	0.0	0.0021
Ammospermophilus	0.0	0.0	32.098942	-113.467972	0.0	0.0	0.0021
Ammospermophilus	0.0	0.0	36.430359	-114.513325	0.0	0.0	0.0021
Ammospermophilus	0.0	0.0	34.011688	-116.120595	0.0	0.0	0.0021
Ammospermophilus	0.0	0.0	33.456532	-111.47822	0.0	0.0	0.0021
Ammospermophilus	0.0	0.0	36.9499	-113.79832900000001	0.0	0.0	0.0021
Ammospermophilus	0.0	0.0	33.369774	-116.421833	0.0	0.0	0.0021
Ammospermophilus	0.0	0.0	36.151918	-115.454128	0.0	0.0	0.0021
Ammospermophilus	0.0	0.0	32.815808000000004	-114.46200400000001	0.0	0.0	0.0021
Ammospermophilus	0.0	0.0	33.723213	-116.41082	0.0	0.0	0.0021
Ammospermophilus	0.0	0.0	34.822294	-109.846501	0.0	0.0	0.0021
Ammospermophilus	0.0	0.0	33.459724	-111.944572	0.0	0.0	0.0021
Ammospermophilus	0.0	0.0	32.679516	-116.08681499999999	0.0	0.0	0.0021
Ammospermophilus	0.0	0.0	32.244021999999994	-111.168251	0.0	0.0	0.0021
Ammospermophilus	0.0	0.0	33.659915999999996	-116.256628	0.0	0.0	0.0021
Ammospermophilus	0.0	0.0	32.289805	-111.09043600000001	0.0	0.0	0.0021
Ammospermophilus	0.0	0.0	39.223869	-108.865104	0.0	0.0	0.0021
Ammospermophilus	0.0	0.0	33.712863	-115.76236899999999	0.0	0.0	0.0021
Ammospermophilus	0.0	0.0	33.459724	-111.944572	0.0	0.0	0.0021
Ammospermophilus	0.0	0.0	32.299681	-111.08786	0.0	0.0	0.0021
Ammospermophilus	0.0	0.0	33.128147	-112.580467	0.0	0.0	0.0021
Ammospermophilus	0.0	0.0	36.431681	-114.51276999999999	0.0	0.0	0.0021
Ammospermophilus	0.0	0.0	33.459724	-111.944572	0.0	0.0	0.0021
Ammospermophilus	0.0	0.0	32.310340000000004	-110.82144	0.0	0.0	0.0021
Ammospermophilus	0.0	0.0	34.012821	-116.1672	0.0	0.0	0.0021
Ammospermophilus	0.0	0.0	33.926609	-116.187652	0.0	0.0	0.0021
Ammospermophilus	0.0	0.0	33.944703000000004	-112.400801	0.0	0.0	0.0021
Ammospermophilus	0.0	0.0	33.592202	-112.543416	0.0	0.0	0.0021
Ammospermophilus	0.0	0.0	35.043595	-116.285852	0.0	0.0	0.0021
Ammospermophilus	0.0	0.0	35.510185	-115.05546499999998	0.0	0.0	0.0021
Ammospermophilus	0.0	0.0	33.4635	-111.9442	0.0	0.0	0.0021
Ammospermophilus	0.0	0.0	31.914303000000004	-109.14419199999999	0.0	0.0	0.0021
Ammospermophilus	0.0	0.0	33.340953999999996	-116.36336399999999	0.0	0.0	0.0021
Ammospermophilus	0.0	0.0	33.63270900000001	-116.26953700000001	0.0	0.0	0.0021
Ammospermophilus	0.0	0.0	36.887212	-113.929594	0.0	0.0	0.0021
Ammospermophilus	0.0	0.0	34.030414	-116.136306	0.0	0.0	0.0021
Ammospermophilus	0.0	0.0	34.817414	-117.931476	0.0	0.0	0.0021
Ammospermophilus	0.0	0.0	33.738735	-115.86463799999999	0.0	0.0	0.0021
Ammospermophilus	0.0	0.0	33.732240000000004	-116.312839	0.0	0.0	0.0021
Ammospermophilus	0.0	0.0	34.098566999999996	-114.08713600000002	0.0	0.0	0.0021
Ammospermophilus	0.0	0.0	36.653029	-120.870506	0.0	0.0	0.0021
Ammospermophilus	0.0	0.0	34.450346	-117.81773100000001	0.0	0.0	0.0021
Ammospermophilus	0.0	0.0	33.767938	-111.836303	0.0	0.0	0.0021
Ammospermophilus	0.0	0.0	34.632261	-117.996721	0.0	0.0	0.0021
Ammospermophilus	0.0	0.0	36.484545000000004	-114.532701	0.0	0.0	0.0021
Ammospermophilus	0.0	0.0	37.143043	-114.02310800000001	0.0	0.0	0.0021
Ammospermophilus	0.0	0.0	33.754129999999996	-116.281608	0.0	0.0	0.0021
Ammospermophilus	0.0	0.0	34.050695000000005	-116.206175	0.0	0.0	0.0021
Ammospermophilus	0.0	0.0	33.277875	-116.42598000000001	0.0	0.0	0.0021
Ammospermophilus	0.0	0.0	32.387215999999995	-110.953597	0.0	0.0	0.0021
Ammospermophilus	0.0	0.0	33.277875	-116.42598000000001	0.0	0.0	0.0021
Ammospermophilus	0.0	0.0	29.679599	-101.313309	0.0	0.0	0.0021
Ammospermophilus	0.0	0.0	32.229015000000004	-111.07523400000001	0.0	0.0	0.0021
Ammospermophilus	0.0	0.0	35.032463	-111.02219299999999	0.0	0.0	0.0021
Ammospermophilus	0.0	0.0	32.352848	-110.946947	0.0	0.0	0.0021
Ammospermophilus	0.0	0.0	34.656283	-117.69596299999999	0.0	0.0	0.0021
Ammospermophilus	0.0	0.0	35.042986	-115.395629	0.0	0.0	0.0021
Ammospermophilus	0.0	0.0	31.914323	-109.14443999999999	0.0	0.0	0.0021
Ammospermophilus	0.0	0.0	34.986633000000005	-117.20208799999999	0.0	0.0	0.0021
Ammospermophilus	0.0	0.0	29.68535300000001	-101.314707	0.0	0.0	0.0021
Ammospermophilus	0.0	0.0	33.270251	-116.418407	0.0	0.0	0.0021
Ammospermophilus	0.0	0.0	33.4635	-111.9442	0.0	0.0	0.0021
Ammospermophilus	0.0	0.0	31.872736	-106.554172	0.0	0.0	0.0021
Ammospermophilus	0.0	0.0	34.480311	-117.778539	0.0	0.0	0.0021
Ammospermophilus	0.0	0.0	32.242566	-111.169968	0.0	0.0	0.0021
Ammospermophilus	0.0	0.0	34.836331	-119.58986100000001	0.0	0.0	0.0021
Ammospermophilus	0.0	0.0	33.706786	-116.35124099999999	0.0	0.0	0.0021
Ammospermophilus	0.0	0.0	31.829513000000002	-106.521084	0.0	0.0	0.0021
Ammospermophilus	0.0	0.0	34.028051	-116.146603	0.0	0.0	0.0021
Ammospermophilus	0.0	0.0	34.07385900000001	-116.013153	0.0	0.0	0.0021
Ammospermophilus	0.0	0.0	31.913703	-109.141449	0.0	0.0	0.0021
Ammospermophilus	0.0	0.0	33.767431	-112.045178	0.0	0.0	0.0021
Ammospermophilus	0.0	0.0	33.255727	-116.379025	0.0	0.0	0.0021
Ammospermophilus	0.0	0.0	33.712406	-115.762786	0.0	0.0	0.0021
Ammospermophilus	0.0	0.0	34.438829	-117.63458700000001	0.0	0.0	0.0021
Ammospermophilus	0.0	0.0	38.581012	-107.71797	0.0	0.0	0.0021
Ammospermophilus	0.0	0.0	32.385546999999995	-110.95674299999999	0.0	0.0	0.0021
Ammospermophilus	0.0	0.0	38.316041999999996	-111.30510500000001	0.0	0.0	0.0021
Ammospermophilus	0.0	0.0	34.496855	-117.874241	0.0	0.0	0.0021
Ammospermophilus	0.0	0.0	31.921081	-109.12836100000001	0.0	0.0	0.0021
Ammospermophilus	0.0	0.0	37.270563	-113.39206000000001	0.0	0.0	0.0021
Ammospermophilus	0.0	0.0	39.156106	-108.32900500000001	0.0	0.0	0.0021
Ammospermophilus	0.0	0.0	33.543251	-112.024598	0.0	0.0	0.0021
Ammospermophilus	0.0	0.0	33.705014	-116.263876	0.0	0.0	0.0021
Ammospermophilus	0.0	0.0	33.755851	-112.092605	0.0	0.0	0.0021
Ammospermophilus	0.0	0.0	33.270252	-116.418425	0.0	0.0	0.0021
Ammospermophilus	0.0	0.0	33.648355	-116.37565500000001	0.0	0.0	0.0021
Ammospermophilus	0.0	0.0	33.277875	-116.42598000000001	0.0	0.0	0.0021
Ammospermophilus	0.0	0.0	36.151958	-115.43746200000001	0.0	0.0	0.0021
Ammospermophilus	0.0	0.0	33.620189	-116.229491	0.0	0.0	0.0021
Ammospermophilus	0.0	0.0	29.684834999999996	-101.31460799999999	0.0	0.0	0.0021
Ammospermophilus	0.0	0.0	32.25567	-111.201545	0.0	0.0	0.0021
Ammospermophilus	0.0	0.0	32.13002	-111.04805800000001	0.0	0.0	0.0021
Ammospermophilus	0.0	0.0	35.130193	-114.11971100000001	0.0	0.0	0.0021
Ammospermophilus	0.0	0.0	35.17474	-115.406443	0.0	0.0	0.0021
Ammospermophilus	0.0	0.0	35.315118	-115.55083400000001	0.0	0.0	0.0021
Ammospermophilus	0.0	0.0	36.981667	-117.645	0.0	0.0	0.0021
Ammospermophilus	0.0	0.0	35.30965399999999	-115.55684699999999	0.0	0.0	0.0021
Ammospermophilus	0.0	0.0	33.480433000000005	-111.6207	0.0	0.0	0.0021
Ammospermophilus	0.0	0.0	31.914425	-109.144375	0.0	0.0	0.0021
Ammospermophilus	0.0	0.0	32.126995	-111.045953	0.0	0.0	0.0021
Ammospermophilus	0.0	0.0	33.730996000000005	-113.302324	0.0	0.0	0.0021
Ammospermophilus	0.0	0.0	33.926945	-116.1875	0.0	0.0	0.0021
Ammospermophilus	0.0	0.0	36.516194	-120.663519	0.0	0.0	0.0021
Ammospermophilus	0.0	0.0	36.532951000000004	-120.665948	0.0	0.0	0.0021
Ammospermophilus	0.0	0.0	34.473152	-117.840713	0.0	0.0	0.0021
Ammospermophilus	0.0	0.0	33.747723	-115.81004899999999	0.0	0.0	0.0021
Ammospermophilus	0.0	0.0	33.360605	-111.993742	0.0	0.0	0.0021
Ammospermophilus	0.0	0.0	35.162762	-115.44016200000002	0.0	0.0	0.0021
Ammospermophilus	0.0	0.0	35.065973	-115.672731	0.0	0.0	0.0021
Ammospermophilus	0.0	0.0	34.959806	-117.171116	0.0	0.0	0.0021
Ammospermophilus	0.0	0.0	33.683816	-116.364778	0.0	0.0	0.0021
Ammospermophilus	0.0	0.0	33.840878000000004	-115.733112	0.0	0.0	0.0021
Ammospermophilus	0.0	0.0	35.066482	-109.779748	0.0	0.0	0.0021
Ammospermophilus	0.0	0.0	33.736089	-115.812126	0.0	0.0	0.0021
Ammospermophilus	0.0	0.0	33.845327000000005	-116.51008300000001	0.0	0.0	0.0021
Ammospermophilus	0.0	0.0	36.573826000000004	-120.74936299999999	0.0	0.0	0.0021
Ammospermophilus	0.0	0.0	33.684861	-116.364678	0.0	0.0	0.0021
Ammospermophilus	0.0	0.0	33.460851	-111.944822	0.0	0.0	0.0021
Ammospermophilus	0.0	0.0	34.916013	-110.196395	0.0	0.0	0.0021
Ammospermophilus	0.0	0.0	34.00226	-116.178922	0.0	0.0	0.0021
Ammospermophilus	0.0	0.0	35.18705300000001	-106.692673	0.0	0.0	0.0021
Ammospermophilus	0.0	0.0	32.242425	-111.17023600000002	0.0	0.0	0.0021
Ammospermophilus	0.0	0.0	31.913703	-109.141449	0.0	0.0	0.0021
Ammospermophilus	0.0	0.0	33.201985	-116.434459	0.0	0.0	0.0021
Ammospermophilus	0.0	0.0	36.457166	-120.90244399999999	0.0	0.0	0.0021
Ammospermophilus	0.0	0.0	33.926807000000004	-116.187526	0.0	0.0	0.0021
Ammospermophilus	0.0	0.0	36.429703	-114.513512	0.0	0.0	0.0021
Ammospermophilus	0.0	0.0	35.291857	-119.587144	0.0	0.0	0.0021
Ammospermophilus	0.0	0.0	33.27127	-116.41791200000002	0.0	0.0	0.0021
Ammospermophilus	0.0	0.0	34.323776	-116.81720700000001	0.0	0.0	0.0021
Ammospermophilus	0.0	0.0	32.242667	-111.168155	0.0	0.0	0.0021
Ammospermophilus	0.0	0.0	39.40128	-118.64748999999999	0.0	0.0	0.0021
Ammospermophilus	0.0	0.0	33.7451	-111.67868700000001	0.0	0.0	0.0021
Ammospermophilus	0.0	0.0	33.256868	-116.405381	0.0	0.0	0.0021
Ammospermophilus	0.0	0.0	32.189345	-110.70900300000001	0.0	0.0	0.0021
Ammospermophilus	0.0	0.0	33.773503000000005	-111.902767	0.0	0.0	0.0021
Ammospermophilus	0.0	0.0	35.130157000000004	-114.11968300000001	0.0	0.0	0.0021
Ammospermophilus	0.0	0.0	34.00226	-116.178922	0.0	0.0	0.0021
Ammospermophilus	0.0	0.0	32.46122800000001	-110.958797	0.0	0.0	0.0021
Ammospermophilus	0.0	0.0	36.14637800000001	-115.41936100000001	0.0	0.0	0.0021
Ammospermophilus	0.0	0.0	35.162224	-106.718056	0.0	0.0	0.0021
Ammospermophilus	0.0	0.0	31.798123999999998	-110.782408	0.0	0.0	0.0021
Ammospermophilus	0.0	0.0	35.38964	-119.41126200000001	0.0	0.0	0.0021
Ammospermophilus	0.0	0.0	36.430122	-114.51388	0.0	0.0	0.0021
Ammospermophilus	0.0	0.0	31.98071	-109.040621	0.0	0.0	0.0021
Ammospermophilus	0.0	0.0	33.874976000000004	-115.90576200000001	0.0	0.0	0.0021
Ammospermophilus	0.0	0.0	37.79759	-118.528283	0.0	0.0	0.0021
Ammospermophilus	0.0	0.0	37.79753	-118.52816000000001	0.0	0.0	0.0021
Ammospermophilus	0.0	0.0	31.506813	-110.80368500000002	0.0	0.0	0.0021
Ammospermophilus	0.0	0.0	34.498052	-117.913168	0.0	0.0	0.0021
Ammospermophilus	0.0	0.0	31.907145	-109.155869	0.0	0.0	0.0021
Ammospermophilus	0.0	0.0	36.430217	-114.513644	0.0	0.0	0.0021
Ammospermophilus	0.0	0.0	36.146251	-115.429414	0.0	0.0	0.0021
Ammospermophilus	0.0	0.0	38.069210999999996	-117.23058600000002	0.0	0.0	0.0021
Ammospermophilus	0.0	0.0	34.949165	-116.864998	0.0	0.0	0.0021
Ammospermophilus	0.0	0.0	36.125101	-115.47773000000001	0.0	0.0	0.0021
Ammospermophilus	0.0	0.0	32.229165	-111.075276	0.0	0.0	0.0021
Ammospermophilus	0.0	0.0	33.279090999999994	-111.155671	0.0	0.0	0.0021
Ammospermophilus	0.0	0.0	36.430305	-114.51387	0.0	0.0	0.0021
Ammospermophilus	0.0	0.0	38.208901000000004	-111.194148	0.0	0.0	0.0021
Ammospermophilus	0.0	0.0	34.02257	-116.12297099999999	0.0	0.0	0.0021
Ammospermophilus	0.0	0.0	36.14659	-115.42951200000002	0.0	0.0	0.0021
Ammospermophilus	0.0	0.0	32.242563	-111.16873799999999	0.0	0.0	0.0021
Ammospermophilus	0.0	0.0	33.591635	-112.51845	0.0	0.0	0.0021
Ammospermophilus	0.0	0.0	35.189443	-114.05300600000001	0.0	0.0	0.0021
Ammospermophilus	0.0	0.0	35.334117	-119.45093899999999	0.0	0.0	0.0021
Ammospermophilus	0.0	0.0	33.460214	-111.945421	0.0	0.0	0.0021
Ammospermophilus	0.0	0.0	36.485562	-114.53244	0.0	0.0	0.0021
Ammospermophilus	0.0	0.0	31.79669	-110.79892199999999	0.0	0.0	0.0021
Ammospermophilus	0.0	0.0	32.408918	-110.86061799999999	0.0	0.0	0.0021
Ammospermophilus	0.0	0.0	32.293009000000005	-111.21249399999999	0.0	0.0	0.0021
Ammospermophilus	0.0	0.0	42.677823	-118.34678600000001	0.0	0.0	0.0021
Ammospermophilus	0.0	0.0	35.065565	-109.78083000000001	0.0	0.0	0.0021
Ammospermophilus	0.0	0.0	38.054497999999995	-111.971499	0.0	0.0	0.0021
Ammospermophilus	0.0	0.0	35.097747999999996	-119.694057	0.0	0.0	0.0021
Ammospermophilus	0.0	0.0	35.143889	-114.09356299999999	0.0	0.0	0.0021
Ammospermophilus	0.0	0.0	35.048367999999996	-106.477695	0.0	0.0	0.0021
Ammospermophilus	0.0	0.0	33.45225	-111.95536299999999	0.0	0.0	0.0021
Ammospermophilus	0.0	0.0	33.870187	-112.287604	0.0	0.0	0.0021
Ammospermophilus	0.0	0.0	33.926598999999996	-116.186834	0.0	0.0	0.0021
Ammospermophilus	0.0	0.0	33.279222999999995	-111.15511799999999	0.0	0.0	0.0021
Ammospermophilus	0.0	0.0	33.4278	-111.91836699999999	0.0	0.0	0.0021
Ammospermophilus	0.0	0.0	36.441534000000004	-114.51716699999999	0.0	0.0	0.0021
Ammospermophilus	0.0	0.0	33.927122999999995	-116.18756699999999	0.0	0.0	0.0021
Ammospermophilus	0.0	0.0	35.048367999999996	-106.477695	0.0	0.0	0.0021
Ammospermophilus	0.0	0.0	35.323549	-119.92412	0.0	0.0	0.0021
Ammospermophilus	0.0	0.0	33.370265	-116.42265400000001	0.0	0.0	0.0021
Ammospermophilus	0.0	0.0	33.370269	-116.422646	0.0	0.0	0.0021
Ammospermophilus	0.0	0.0	35.18516500000001	-114.565955	0.0	0.0	0.0021
Ammospermophilus	0.0	0.0	35.302369	-115.558821	0.0	0.0	0.0021
Ammospermophilus	0.0	0.0	36.365489000000004	-114.703356	0.0	0.0	0.0021
Ammospermophilus	0.0	0.0	33.712188	-115.76297	0.0	0.0	0.0021
Ammospermophilus	0.0	0.0	33.370094	-116.42250200000001	0.0	0.0	0.0021
Ammospermophilus	0.0	0.0	35.156153	-119.69314299999999	0.0	0.0	0.0021
Ammospermophilus	0.0	0.0	38.428255	-117.479855	0.0	0.0	0.0021
Ammospermophilus	0.0	0.0	33.369846	-116.422223	0.0	0.0	0.0021
Ammospermophilus	0.0	0.0	37.072558	-113.581143	0.0	0.0	0.0021
Ammospermophilus	0.0	0.0	33.873415	-115.90099199999999	0.0	0.0	0.0021
Ammospermophilus	0.0	0.0	35.98057	-116.27366	0.0	0.0	0.0021
Ammospermophilus	0.0	0.0	36.429626	-114.513843	0.0	0.0	0.0021
Ammospermophilus	0.0	0.0	33.278353	-111.15156699999999	0.0	0.0	0.0021
Ammospermophilus	0.0	0.0	32.94396500000001	-116.264374	0.0	0.0	0.0021
Ammospermophilus	0.0	0.0	33.360701	-112.004805	0.0	0.0	0.0021
Ammospermophilus	0.0	0.0	35.394493	-119.853894	0.0	0.0	0.0021
Ammospermophilus	0.0	0.0	36.36528300000001	-114.70326999999999	0.0	0.0	0.0021
Ammospermophilus	0.0	0.0	36.146481	-115.42022	0.0	0.0	0.0021
Ammospermophilus	0.0	0.0	36.430275	-114.51363400000001	0.0	0.0	0.0021
Ammospermophilus	0.0	0.0	31.810126	-106.47882800000001	0.0	0.0	0.0021
Ammospermophilus	0.0	0.0	33.63312	-116.440762	0.0	0.0	0.0021
Ammospermophilus	0.0	0.0	31.810585999999997	-106.47938899999998	0.0	0.0	0.0021
Ammospermophilus	0.0	0.0	36.963634000000006	-113.802279	0.0	0.0	0.0021
Ammospermophilus	0.0	0.0	33.945137	-116.14436299999998	0.0	0.0	0.0021
Ammospermophilus	0.0	0.0	31.809189	-106.47873100000001	0.0	0.0	0.0021
Ammospermophilus	0.0	0.0	31.810414	-106.479054	0.0	0.0	0.0021
Ammospermophilus	0.0	0.0	36.645519	-111.63332700000001	0.0	0.0	0.0021
Ammospermophilus	0.0	0.0	36.430267	-114.513342	0.0	0.0	0.0021
Ammospermophilus	0.0	0.0	31.80902	-106.47548799999998	0.0	0.0	0.0021
Ammospermophilus	0.0	0.0	31.808915000000002	-106.476256	0.0	0.0	0.0021
Ammospermophilus	0.0	0.0	31.809534999999997	-106.476148	0.0	0.0	0.0021
Ammospermophilus	0.0	0.0	36.711684999999996	-120.74538600000001	0.0	0.0	0.0021
Ammospermophilus	0.0	0.0	36.656391	-111.633247	0.0	0.0	0.0021
Ammospermophilus	0.0	0.0	35.042825	-119.815	0.0	0.0	0.0021
Ammospermophilus	0.0	0.0	36.430344	-114.513411	0.0	0.0	0.0021
Ammospermophilus	0.0	0.0	35.128718	-119.98472	0.0	0.0	0.0021
Ammospermophilus	0.0	0.0	33.517092	-115.825787	0.0	0.0	0.0021
Ammospermophilus	0.0	0.0	34.973245	-109.796772	0.0	0.0	0.0021
Ammospermophilus	0.0	0.0	35.136828	-119.605295	0.0	0.0	0.0021
Ammospermophilus	0.0	0.0	31.810631	-106.47923899999999	0.0	0.0	0.0021
Ammospermophilus	0.0	0.0	31.809584	-106.478499	0.0	0.0	0.0021
Ammospermophilus	0.0	0.0	33.836978	-115.868073	0.0	0.0	0.0021
Ammospermophilus	0.0	0.0	35.133121	-119.727483	0.0	0.0	0.0021
Ammospermophilus	0.0	0.0	32.636708	-111.40463799999999	0.0	0.0	0.0021
Ammospermophilus	0.0	0.0	33.63312	-116.440762	0.0	0.0	0.0021
Ammospermophilus	0.0	0.0	32.062005	-110.633672	0.0	0.0	0.0021
Ammospermophilus	0.0	0.0	32.24203	-111.166675	0.0	0.0	0.0021
Ammospermophilus	0.0	0.0	31.921691999999997	-106.51366000000002	0.0	0.0	0.0021
Ammospermophilus	0.0	0.0	33.362632	-111.992204	0.0	0.0	0.0021
Ammospermophilus	0.0	0.0	31.855960999999997	-106.493075	0.0	0.0	0.0021
Ammospermophilus	0.0	0.0	33.459945000000005	-111.94345	0.0	0.0	0.0021
Ammospermophilus	0.0	0.0	36.235382	-115.469334	0.0	0.0	0.0021
Ammospermophilus	0.0	0.0	31.913703	-109.141449	0.0	0.0	0.0021
Ammospermophilus	0.0	0.0	33.364308	-112.029316	0.0	0.0	0.0021
Ammospermophilus	0.0	0.0	36.146231	-115.420153	0.0	0.0	0.0021
Ammospermophilus	0.0	0.0	34.027772999999996	-116.14775800000001	0.0	0.0	0.0021
Ammospermophilus	0.0	0.0	33.139475	-116.374944	0.0	0.0	0.0021
Ammospermophilus	0.0	0.0	33.269927	-116.418568	0.0	0.0	0.0021
Ammospermophilus	0.0	0.0	33.600734	-112.507896	0.0	0.0	0.0021
Ammospermophilus	0.0	0.0	33.261072	-116.41793500000001	0.0	0.0	0.0021
Ammospermophilus	0.0	0.0	32.296735999999996	-111.166615	0.0	0.0	0.0021
Ammospermophilus	0.0	0.0	36.427261	-120.68581100000002	0.0	0.0	0.0021
Ammospermophilus	0.0	0.0	33.222522	-116.45388100000001	0.0	0.0	0.0021
Ammospermophilus	0.0	0.0	33.649155	-116.31760700000001	0.0	0.0	0.0021
Ammospermophilus	0.0	0.0	32.074427	-111.26455	0.0	0.0	0.0021
Ammospermophilus	0.0	0.0	36.146404	-115.42114	0.0	0.0	0.0021
Ammospermophilus	0.0	0.0	32.074919	-111.264478	0.0	0.0	0.0021
Ammospermophilus	0.0	0.0	32.074746999999995	-111.26441499999999	0.0	0.0	0.0021
Ammospermophilus	0.0	0.0	33.642505	-116.31543899999998	0.0	0.0	0.0021
Ammospermophilus	0.0	0.0	33.238167	-116.436453	0.0	0.0	0.0021
Ammospermophilus	0.0	0.0	33.461388	-111.94509	0.0	0.0	0.0021
Ammospermophilus	0.0	0.0	35.857123	-114.651653	0.0	0.0	0.0021
Ammospermophilus	0.0	0.0	43.44506	-116.82836200000001	0.0	0.0	0.0021
Ammospermophilus	0.0	0.0	35.984888	-114.79163500000001	0.0	0.0	0.0021
Ammospermophilus	0.0	0.0	32.082571	-112.900998	0.0	0.0	0.0021
Ammospermophilus	0.0	0.0	29.433251000000002	-103.442402	0.0	0.0	0.0021
Ammospermophilus	0.0	0.0	32.636712	-111.40463799999999	0.0	0.0	0.0021
Ammospermophilus	0.0	0.0	33.875885	-112.30702	0.0	0.0	0.0021
Ammospermophilus	0.0	0.0	35.254585999999996	-119.942154	0.0	0.0	0.0021
Ammospermophilus	0.0	0.0	32.301462	-111.100944	0.0	0.0	0.0021
Ammospermophilus	0.0	0.0	34.048186	-116.38518300000001	0.0	0.0	0.0021
Ammospermophilus	0.0	0.0	33.362417	-111.994129	0.0	0.0	0.0021
Ammospermophilus	0.0	0.0	36.17098	-115.188728	0.0	0.0	0.0021
Ammospermophilus	0.0	0.0	33.362095000000004	-111.994258	0.0	0.0	0.0021
Ammospermophilus	0.0	0.0	32.265091999999996	-111.088936	0.0	0.0	0.0021
Ammospermophilus	0.0	0.0	36.159152	-115.419252	0.0	0.0	0.0021
Ammospermophilus	0.0	0.0	36.241326	-114.513772	0.0	0.0	0.0021
Ammospermophilus	0.0	0.0	36.146396	-115.42031399999999	0.0	0.0	0.0021
Ammospermophilus	0.0	0.0	32.224089	-111.100228	0.0	0.0	0.0021
Ammospermophilus	0.0	0.0	35.259883	-114.743328	0.0	0.0	0.0021
Ammospermophilus	0.0	0.0	34.650614000000004	-117.852989	0.0	0.0	0.0021
Ammospermophilus	0.0	0.0	35.023225	-119.57779199999999	0.0	0.0	0.0021
Ammospermophilus	0.0	0.0	36.485523	-114.53131200000001	0.0	0.0	0.0021
Ammospermophilus	0.0	0.0	33.339341999999995	-112.07513700000001	0.0	0.0	0.0021
Ammospermophilus	0.0	0.0	34.808434999999996	-115.626828	0.0	0.0	0.0021
Ammospermophilus	0.0	0.0	31.897866999999998	-112.907843	0.0	0.0	0.0021
Ammospermophilus	0.0	0.0	35.131831	-119.60768300000001	0.0	0.0	0.0021
Ammospermophilus	0.0	0.0	34.064071999999996	-116.38446100000002	0.0	0.0	0.0021
Ammospermophilus	0.0	0.0	33.463041	-111.943445	0.0	0.0	0.0021
Ammospermophilus	0.0	0.0	33.658627	-116.26947	0.0	0.0	0.0021
Ammospermophilus	0.0	0.0	33.118502	-116.39074	0.0	0.0	0.0021
Ammospermophilus	0.0	0.0	35.195678	-119.78147	0.0	0.0	0.0021
Ammospermophilus	0.0	0.0	33.785499	-116.275062	0.0	0.0	0.0021
Ammospermophilus	0.0	0.0	36.517049	-107.918829	0.0	0.0	0.0021
Ammospermophilus	0.0	0.0	33.612269	-116.29526000000001	0.0	0.0	0.0021
Ammospermophilus	0.0	0.0	34.792308	-118.13856100000001	0.0	0.0	0.0021
Ammospermophilus	0.0	0.0	33.652434	-116.44388500000001	0.0	0.0	0.0021
Ammospermophilus	0.0	0.0	36.462123999999996	-116.87303100000001	0.0	0.0	0.0021
Ammospermophilus	0.0	0.0	33.926571	-116.18721599999999	0.0	0.0	0.0021
Ammospermophilus	0.0	0.0	33.460598	-111.947776	0.0	0.0	0.0021
Ammospermophilus	0.0	0.0	32.241803000000004	-111.16901000000001	0.0	0.0	0.0021
Ammospermophilus	0.0	0.0	36.181349	-115.47471999999999	0.0	0.0	0.0021
Ammospermophilus	0.0	0.0	35.21292899999999	-115.86662	0.0	0.0	0.0021
Ammospermophilus	0.0	0.0	35.015015000000005	-117.917547	0.0	0.0	0.0021
Ammospermophilus	0.0	0.0	32.369966999999995	-106.56129399999999	0.0	0.0	0.0021
Ammospermophilus	0.0	0.0	33.279351	-116.431198	0.0	0.0	0.0021
Ammospermophilus	0.0	0.0	32.369966999999995	-106.56129399999999	0.0	0.0	0.0021
Ammospermophilus	0.0	0.0	31.914795	-109.14711000000001	0.0	0.0	0.0021
Ammospermophilus	0.0	0.0	33.406353	-115.86773799999999	0.0	0.0	0.0021
Ammospermophilus	0.0	0.0	36.146266	-115.420282	0.0	0.0	0.0021
Ammospermophilus	0.0	0.0	34.129464	-116.048798	0.0	0.0	0.0021
Ammospermophilus	0.0	0.0	33.687084999999996	-116.24941799999999	0.0	0.0	0.0021
Ammospermophilus	0.0	0.0	36.609781	-118.128106	0.0	0.0	0.0021
Ammospermophilus	0.0	0.0	33.730326	-111.20381699999999	0.0	0.0	0.0021
Ammospermophilus	0.0	0.0	33.730353	-116.368482	0.0	0.0	0.0021
Ammospermophilus	0.0	0.0	33.74512	-116.37371599999999	0.0	0.0	0.0021
Ammospermophilus	0.0	0.0	37.264905999999996	-113.104347	0.0	0.0	0.0021
Ammospermophilus	0.0	0.0	37.18	-110.65	0.0	0.0	0.0021
Ammospermophilus	0.0	0.0	33.664328999999995	-116.24351200000001	0.0	0.0	0.0021
Ammospermophilus	0.0	0.0	32.329892	-106.59036100000002	0.0	0.0	0.0021
Ammospermophilus	0.0	0.0	36.428931	-114.51121699999999	0.0	0.0	0.0021
Ammospermophilus	0.0	0.0	35.073628	-109.78461399999999	0.0	0.0	0.0021
Ammospermophilus	0.0	0.0	36.440614000000004	-114.51553	0.0	0.0	0.0021
Ammospermophilus	0.0	0.0	37.18	-110.65	0.0	0.0	0.0021
Ammospermophilus	0.0	0.0	38.140716999999995	-117.454048	0.0	0.0	0.0021
Ammospermophilus	0.0	0.0	38.27814	-111.252601	0.0	0.0	0.0021
Ammospermophilus	0.0	0.0	33.279265	-111.155795	0.0	0.0	0.0021
Ammospermophilus	0.0	0.0	35.065931	-109.78204	0.0	0.0	0.0021
Ammospermophilus	0.0	0.0	33.436941999999995	-111.93034399999999	0.0	0.0	0.0021
Ammospermophilus	0.0	0.0	39.300914	-118.399723	0.0	0.0	0.0021
Ammospermophilus	0.0	0.0	33.437253999999996	-111.93036299999999	0.0	0.0	0.0021
Ammospermophilus	0.0	0.0	36.145437	-115.42075600000001	0.0	0.0	0.0021
Ammospermophilus	0.0	0.0	32.395146000000004	-111.14008799999999	0.0	0.0	0.0021
Ammospermophilus	0.0	0.0	33.586713	-112.079975	0.0	0.0	0.0021
Ammospermophilus	0.0	0.0	33.608864000000004	-116.36519799999999	0.0	0.0	0.0021
Ammospermophilus	0.0	0.0	32.2549	-111.19708999999999	0.0	0.0	0.0021
Ammospermophilus	0.0	0.0	35.080328	-109.78401699999999	0.0	0.0	0.0021
Ammospermophilus	0.0	0.0	31.799072	-110.78208300000001	0.0	0.0	0.0021
Ammospermophilus	0.0	0.0	36.16405200000001	-115.50521699999999	0.0	0.0	0.0021
Ammospermophilus	0.0	0.0	33.270393	-116.41843700000001	0.0	0.0	0.0021
Ammospermophilus	0.0	0.0	36.147088000000004	-115.421972	0.0	0.0	0.0021
Ammospermophilus	0.0	0.0	36.158896	-115.43083999999999	0.0	0.0	0.0021
Ammospermophilus	0.0	0.0	36.14488	-115.420464	0.0	0.0	0.0021
Ammospermophilus	0.0	0.0	35.094497	-106.492125	0.0	0.0	0.0021
Ammospermophilus	0.0	0.0	36.146411	-115.43093600000002	0.0	0.0	0.0021
Ammospermophilus	0.0	0.0	36.066145	-115.46435	0.0	0.0	0.0021
Ammospermophilus	0.0	0.0	35.800201	-116.19520700000001	0.0	0.0	0.0021
Ammospermophilus	0.0	0.0	33.26999	-116.419729	0.0	0.0	0.0021
Ammospermophilus	0.0	0.0	36.146755	-115.41963999999999	0.0	0.0	0.0021
Ammospermophilus	0.0	0.0	35.160769	-106.71616499999999	0.0	0.0	0.0021
Ammospermophilus	0.0	0.0	35.219188	-117.76096499999998	0.0	0.0	0.0021
Ammospermophilus	0.0	0.0	35.135939	-114.528598	0.0	0.0	0.0021
Ammospermophilus	0.0	0.0	34.930687	-113.99383300000001	0.0	0.0	0.0021
Ammospermophilus	0.0	0.0	33.270592	-116.419067	0.0	0.0	0.0021
Ammospermophilus	0.0	0.0	33.270676	-116.41793500000001	0.0	0.0	0.0021
Ammospermophilus	0.0	0.0	36.440044	-114.515146	0.0	0.0	0.0021
Ammospermophilus	0.0	0.0	35.343809	-119.88754499999999	0.0	0.0	0.0021
Ammospermophilus	0.0	0.0	37.792617	-118.160706	0.0	0.0	0.0021
Ammospermophilus	0.0	0.0	36.486075	-114.53296499999999	0.0	0.0	0.0021
Ammospermophilus	0.0	0.0	34.728414	-117.78429399999999	0.0	0.0	0.0021
Ammospermophilus	0.0	0.0	33.76545	-115.82885700000001	0.0	0.0	0.0021
Ammospermophilus	0.0	0.0	33.700293	-111.745377	0.0	0.0	0.0021
Ammospermophilus	0.0	0.0	33.364693	-111.981347	0.0	0.0	0.0021
Ammospermophilus	0.0	0.0	34.941792	-114.825502	0.0	0.0	0.0021
Ammospermophilus	0.0	0.0	33.157317	-116.170874	0.0	0.0	0.0021
Ammospermophilus	0.0	0.0	35.160069	-106.6968	0.0	0.0	0.0021
Ammospermophilus	0.0	0.0	34.823064	-109.884826	0.0	0.0	0.0021
Ammospermophilus	0.0	0.0	36.069463	-115.45353200000001	0.0	0.0	0.0021
Ammospermophilus	0.0	0.0	36.485523	-114.53131200000001	0.0	0.0	0.0021
Ammospermophilus	0.0	0.0	33.873415	-115.90099199999999	0.0	0.0	0.0021
Ammospermophilus	0.0	0.0	34.134033	-116.351555	0.0	0.0	0.0021
Ammospermophilus	0.0	0.0	39.054041	-119.612274	0.0	0.0	0.0021
Ammospermophilus	0.0	0.0	34.758695	-117.62246699999999	0.0	0.0	0.0021
Ammospermophilus	0.0	0.0	33.270158	-116.41850500000001	0.0	0.0	0.0021
Ammospermophilus	0.0	0.0	34.133404	-116.049301	0.0	0.0	0.0021
Ammospermophilus	0.0	0.0	36.135161	-115.42821299999999	0.0	0.0	0.0021
Ammospermophilus	0.0	0.0	34.134033	-116.351555	0.0	0.0	0.0021
Ammospermophilus	0.0	0.0	33.76545	-115.82885700000001	0.0	0.0	0.0021
Ammospermophilus	0.0	0.0	32.676006	-116.09383600000001	0.0	0.0	0.0021
Ammospermophilus	0.0	0.0	36.258206	-117.16681799999999	0.0	0.0	0.0021
Ammospermophilus	0.0	0.0	33.270244	-116.418419	0.0	0.0	0.0021
Ammospermophilus	0.0	0.0	33.370298	-116.422626	0.0	0.0	0.0021
Ammospermophilus	0.0	0.0	33.370292	-116.422569	0.0	0.0	0.0021
Ammospermophilus	0.0	0.0	33.699979	-116.374417	0.0	0.0	0.0021
Ammospermophilus	0.0	0.0	34.992477	-117.541723	0.0	0.0	0.0021
Ammospermophilus	0.0	0.0	33.966989	-116.086701	0.0	0.0	0.0021
Ammospermophilus	0.0	0.0	34.452514	-117.81270500000001	0.0	0.0	0.0021
Ammospermophilus	0.0	0.0	35.349099	-119.74444299999999	0.0	0.0	0.0021
Ammospermophilus	0.0	0.0	33.370298	-116.422626	0.0	0.0	0.0021
Ammospermophilus	0.0	0.0	33.097474	-116.47103500000001	0.0	0.0	0.0021
Ammospermophilus	0.0	0.0	32.456508	-110.95986299999998	0.0	0.0	0.0021
Ammospermophilus	0.0	0.0	33.843895	-116.194078	0.0	0.0	0.0021
Ammospermophilus	0.0	0.0	33.370794000000004	-116.422798	0.0	0.0	0.0021
Ammospermophilus	0.0	0.0	36.430588	-114.51369199999999	0.0	0.0	0.0021
Ammospermophilus	0.0	0.0	36.144870000000004	-115.42068300000001	0.0	0.0	0.0021
Ammospermophilus	0.0	0.0	33.275005	-116.426325	0.0	0.0	0.0021
Ammospermophilus	0.0	0.0	36.126656	-115.47574499999999	0.0	0.0	0.0021
Ammospermophilus	0.0	0.0	32.457695	-110.95818	0.0	0.0	0.0021
Ammospermophilus	0.0	0.0	36.430223	-114.51369299999999	0.0	0.0	0.0021
Ammospermophilus	0.0	0.0	35.392876	-119.988285	0.0	0.0	0.0021
Ammospermophilus	0.0	0.0	35.193108	-119.665893	0.0	0.0	0.0021
Ammospermophilus	0.0	0.0	33.668756	-116.41808999999999	0.0	0.0	0.0021
Ammospermophilus	0.0	0.0	36.146239	-115.419921	0.0	0.0	0.0021
Ammospermophilus	0.0	0.0	35.073158	-119.41021299999998	0.0	0.0	0.0021
Ammospermophilus	0.0	0.0	36.146421000000004	-115.420018	0.0	0.0	0.0021
Ammospermophilus	0.0	0.0	36.430378999999995	-114.513558	0.0	0.0	0.0021
Ammospermophilus	0.0	0.0	32.22803	-110.65109199999999	0.0	0.0	0.0021
Ammospermophilus	0.0	0.0	35.038868	-116.382825	0.0	0.0	0.0021
Ammospermophilus	0.0	0.0	35.41665	-115.58416499999998	0.0	0.0	0.0021
Ammospermophilus	0.0	0.0	33.633154	-116.27401699999999	0.0	0.0	0.0021
Ammospermophilus	0.0	0.0	32.174389	-110.71763899999999	0.0	0.0	0.0021
Ammospermophilus	0.0	0.0	36.337831	-115.278475	0.0	0.0	0.0021
Ammospermophilus	0.0	0.0	38.726244	-109.53721000000002	0.0	0.0	0.0021
Ammospermophilus	0.0	0.0	29.271027	-103.29990600000001	0.0	0.0	0.0021
Ammospermophilus	0.0	0.0	32.675119	-116.089509	0.0	0.0	0.0021
Ammospermophilus	0.0	0.0	34.751806	-117.65253799999999	0.0	0.0	0.0021
Ammospermophilus	0.0	0.0	36.144721000000004	-115.420676	0.0	0.0	0.0021
Ammospermophilus	0.0	0.0	35.190979999999996	-119.842685	0.0	0.0	0.0021
Ammospermophilus	0.0	0.0	35.191407	-119.77513700000002	0.0	0.0	0.0021
Ammospermophilus	0.0	0.0	33.739126	-115.80627	0.0	0.0	0.0021
Ammospermophilus	0.0	0.0	36.461085	-116.86809199999999	0.0	0.0	0.0021
Ammospermophilus	0.0	0.0	32.13194	-110.67378000000001	0.0	0.0	0.0021
Ammospermophilus	0.0	0.0	36.430062	-114.513774	0.0	0.0	0.0021
Ammospermophilus	0.0	0.0	35.361828	-117.98455	0.0	0.0	0.0021
Ammospermophilus	0.0	0.0	36.430293	-114.513457	0.0	0.0	0.0021
Ammospermophilus	0.0	0.0	35.065630999999996	-119.839603	0.0	0.0	0.0021
Ammospermophilus	0.0	0.0	36.46118	-116.869152	0.0	0.0	0.0021
Ammospermophilus	0.0	0.0	33.69017	-111.80521	0.0	0.0	0.0021
Ammospermophilus	0.0	0.0	34.806527	-109.83408200000001	0.0	0.0	0.0021
Ammospermophilus	0.0	0.0	32.251945	-111.160625	0.0	0.0	0.0021
Ammospermophilus	0.0	0.0	31.212721999999996	-105.49208300000001	0.0	0.0	0.0021
Ammospermophilus	0.0	0.0	32.866239	-116.231909	0.0	0.0	0.0021
Ammospermophilus	0.0	0.0	35.122341	-115.56521599999999	0.0	0.0	0.0021
Ammospermophilus	0.0	0.0	34.77957	-117.769471	0.0	0.0	0.0021
Ammospermophilus	0.0	0.0	33.758720000000004	-111.83928999999999	0.0	0.0	0.0021
Ammospermophilus	0.0	0.0	32.866239	-116.231909	0.0	0.0	0.0021
Ammospermophilus	0.0	0.0	33.757659999999994	-111.82791999999999	0.0	0.0	0.0021
Ammospermophilus	0.0	0.0	33.69256	-111.79013	0.0	0.0	0.0021
Ammospermophilus	0.0	0.0	35.90064	-117.08207	0.0	0.0	0.0021
Ammospermophilus	0.0	0.0	36.153451000000004	-115.429952	0.0	0.0	0.0021
Ammospermophilus	0.0	0.0	35.000151	-119.631323	0.0	0.0	0.0021
Ammospermophilus	0.0	0.0	36.479644	-114.534295	0.0	0.0	0.0021
Ammospermophilus	0.0	0.0	34.072582000000004	-116.380743	0.0	0.0	0.0021
Ammospermophilus	0.0	0.0	33.259073	-116.40568300000001	0.0	0.0	0.0021
Ammospermophilus	0.0	0.0	39.027263	-108.63213799999998	0.0	0.0	0.0021
Ammospermophilus	0.0	0.0	33.68935	-111.80521	0.0	0.0	0.0021
Ammospermophilus	0.0	0.0	35.139296	-106.71086499999998	0.0	0.0	0.0021
Ammospermophilus	0.0	0.0	32.834769	-112.18126699999999	0.0	0.0	0.0021
Ammospermophilus	0.0	0.0	34.118802	-116.18904099999999	0.0	0.0	0.0021
Ammospermophilus	0.0	0.0	34.026697	-116.07595900000001	0.0	0.0	0.0021
Ammospermophilus	0.0	0.0	31.74363300000001	-110.957628	0.0	0.0	0.0021
Ammospermophilus	0.0	0.0	40.134237	-109.643472	0.0	0.0	0.0021
Ammospermophilus	0.0	0.0	33.647875	-116.37676	0.0	0.0	0.0021
Ammospermophilus	0.0	0.0	33.69107	-111.79843000000001	0.0	0.0	0.0021
Ammospermophilus	0.0	0.0	29.740955	-102.840858	0.0	0.0	0.0021
Ammospermophilus	0.0	0.0	29.278752	-103.302092	0.0	0.0	0.0021
Ammospermophilus	0.0	0.0	32.891515999999996	-109.49845800000001	0.0	0.0	0.0021
Ammospermophilus	0.0	0.0	32.676038	-116.090759	0.0	0.0	0.0021
Ammospermophilus	0.0	0.0	32.676547	-116.081773	0.0	0.0	0.0021
Ammospermophilus	0.0	0.0	33.221865	-116.45550700000001	0.0	0.0	0.0021
Ammospermophilus	0.0	0.0	35.33046599999999	-119.943817	0.0	0.0	0.0021
Ammospermophilus	0.0	0.0	33.362955	-111.98619	0.0	0.0	0.0021
Ammospermophilus	0.0	0.0	29.267885999999997	-103.239421	0.0	0.0	0.0021
Ammospermophilus	0.0	0.0	29.274202000000002	-103.306107	0.0	0.0	0.0021
Ammospermophilus	0.0	0.0	35.36708400000001	-117.652172	0.0	0.0	0.0021
Ammospermophilus	0.0	0.0	36.417164	-114.5504	0.0	0.0	0.0021
Ammospermophilus	0.0	0.0	35.377796999999994	-119.64896200000001	0.0	0.0	0.0021
Ammospermophilus	0.0	0.0	35.373173	-117.99023500000001	0.0	0.0	0.0021
Ammospermophilus	0.0	0.0	35.184	-119.905707	0.0	0.0	0.0021
Ammospermophilus	0.0	0.0	35.082710999999996	-115.455698	0.0	0.0	0.0021
Ammospermophilus	0.0	0.0	29.274202000000002	-103.306107	0.0	0.0	0.0021
Ammospermophilus	0.0	0.0	35.160447	-106.69594	0.0	0.0	0.0021
Ammospermophilus	0.0	0.0	36.01703300000001	-114.762336	0.0	0.0	0.0021
Ammospermophilus	0.0	0.0	35.02756	-119.68403300000001	0.0	0.0	0.0021
Ammospermophilus	0.0	0.0	36.9954	-111.4968	0.0	0.0	0.0021
Ammospermophilus	0.0	0.0	39.119206	-119.707624	0.0	0.0	0.0021
Ammospermophilus	0.0	0.0	35.097864	-119.71493600000001	0.0	0.0	0.0021
Ammospermophilus	0.0	0.0	34.039835	-116.18949199999999	0.0	0.0	0.0021
Ammospermophilus	0.0	0.0	33.315599	-112.023482	0.0	0.0	0.0021
Ammospermophilus	0.0	0.0	34.027935	-116.14713300000001	0.0	0.0	0.0021
Ammospermophilus	0.0	0.0	36.43987	-114.5152	0.0	0.0	0.0021
Ammospermophilus	0.0	0.0	35.066497	-109.779678	0.0	0.0	0.0021
Ammospermophilus	0.0	0.0	36.705752000000004	-120.962217	0.0	0.0	0.0021
Ammospermophilus	0.0	0.0	35.083123	-109.793669	0.0	0.0	0.0021
Ammospermophilus	0.0	0.0	34.014722	-116.1575	0.0	0.0	0.0021
Ammospermophilus	0.0	0.0	33.969328000000004	-111.865175	0.0	0.0	0.0021
Ammospermophilus	0.0	0.0	38.829561	-111.11320900000001	0.0	0.0	0.0021
Ammospermophilus	0.0	0.0	36.866617	-111.587129	0.0	0.0	0.0021
Ammospermophilus	0.0	0.0	33.531503	-112.038128	0.0	0.0	0.0021
Ammospermophilus	0.0	0.0	34.04343	-116.198273	0.0	0.0	0.0021
Ammospermophilus	0.0	0.0	33.359509	-112.002229	0.0	0.0	0.0021
Ammospermophilus	0.0	0.0	36.55367800000001	-120.68753999999998	0.0	0.0	0.0021
Ammospermophilus	0.0	0.0	33.926839	-116.18351000000001	0.0	0.0	0.0021
Ammospermophilus	0.0	0.0	33.462041	-111.94504099999999	0.0	0.0	0.0021
Ammospermophilus	0.0	0.0	35.188606	-106.688247	0.0	0.0	0.0021
Ammospermophilus	0.0	0.0	35.042962	-115.39608799999999	0.0	0.0	0.0021
Ammospermophilus	0.0	0.0	33.360607	-112.024498	0.0	0.0	0.0021
Ammospermophilus	0.0	0.0	34.115990000000004	-116.352306	0.0	0.0	0.0021
Ammospermophilus	0.0	0.0	33.461826	-111.94479399999999	0.0	0.0	0.0021
Ammospermophilus	0.0	0.0	36.069012	-115.457273	0.0	0.0	0.0021
Ammospermophilus	0.0	0.0	34.028361	-116.14529399999999	0.0	0.0	0.0021
Ammospermophilus	0.0	0.0	33.551621000000004	-111.59669299999999	0.0	0.0	0.0021
Ammospermophilus	0.0	0.0	36.717083	-120.92830900000001	0.0	0.0	0.0021
Ammospermophilus	0.0	0.0	29.751154	-100.949595	0.0	0.0	0.0021
Ammospermophilus	0.0	0.0	36.146466	-115.41946599999999	0.0	0.0	0.0021
Ammospermophilus	0.0	0.0	36.136542999999996	-115.45689399999999	0.0	0.0	0.0021
Ammospermophilus	0.0	0.0	36.217869	-117.085397	0.0	0.0	0.0021
Ammospermophilus	0.0	0.0	36.146403	-115.419354	0.0	0.0	0.0021
Ammospermophilus	0.0	0.0	36.059613	-115.109707	0.0	0.0	0.0021
Ammospermophilus	0.0	0.0	31.921733000000003	-106.513747	0.0	0.0	0.0021
Ammospermophilus	0.0	0.0	36.193983	-115.447353	0.0	0.0	0.0021
Ammospermophilus	0.0	0.0	35.189443	-114.05300600000001	0.0	0.0	0.0021
Ammospermophilus	0.0	0.0	36.139827000000004	-115.425265	0.0	0.0	0.0021
Ammospermophilus	0.0	0.0	35.164846000000004	-115.404845	0.0	0.0	0.0021
Ammospermophilus	0.0	0.0	35.048322999999996	-115.395445	0.0	0.0	0.0021
Ammospermophilus	0.0	0.0	36.140935999999996	-115.423891	0.0	0.0	0.0021
Ammospermophilus	0.0	0.0	36.442296999999996	-114.517175	0.0	0.0	0.0021
Ammospermophilus	0.0	0.0	32.040521000000005	-110.653149	0.0	0.0	0.0021
Ammospermophilus	0.0	0.0	33.519552000000004	-111.972003	0.0	0.0	0.0021
Ammospermophilus	0.0	0.0	34.028565	-116.145522	0.0	0.0	0.0021
Ammospermophilus	0.0	0.0	35.800203	-116.194754	0.0	0.0	0.0021
Ammospermophilus	0.0	0.0	31.929995	-106.51306100000001	0.0	0.0	0.0021
Ammospermophilus	0.0	0.0	31.929995	-106.51306100000001	0.0	0.0	0.0021
Ammospermophilus	0.0	0.0	32.269717	-111.19786299999998	0.0	0.0	0.0021
Ammospermophilus	0.0	0.0	34.060552	-116.394524	0.0	0.0	0.0021
Ammospermophilus	0.0	0.0	37.922088	-111.43951299999999	0.0	0.0	0.0021
Ammospermophilus	0.0	0.0	29.283814000000003	-103.34123000000001	0.0	0.0	0.0021
Ammospermophilus	0.0	0.0	33.994305	-115.619496	0.0	0.0	0.0021
Ammospermophilus	0.0	0.0	31.484893	-110.519714	0.0	0.0	0.0021
Ammospermophilus	0.0	0.0	34.21843	-116.341831	0.0	0.0	0.0021
Ammospermophilus	0.0	0.0	32.677305	-116.097829	0.0	0.0	0.0021
Ammospermophilus	0.0	0.0	34.015298	-116.17138999999999	0.0	0.0	0.0021
Ammospermophilus	0.0	0.0	34.134315	-116.11905	0.0	0.0	0.0021
Ammospermophilus	0.0	0.0	36.150775	-115.42673899999998	0.0	0.0	0.0021
Ammospermophilus	0.0	0.0	29.281254999999998	-103.34196800000001	0.0	0.0	0.0021
Ammospermophilus	0.0	0.0	33.053389	-116.56128799999999	0.0	0.0	0.0021
Ammospermophilus	0.0	0.0	32.677305	-116.097829	0.0	0.0	0.0021
Ammospermophilus	0.0	0.0	31.807692	-106.47211399999999	0.0	0.0	0.0021
Ammospermophilus	0.0	0.0	34.060848	-116.199514	0.0	0.0	0.0021
Ammospermophilus	0.0	0.0	36.430211	-114.51366100000001	0.0	0.0	0.0021
Ammospermophilus	0.0	0.0	34.706381	-117.904513	0.0	0.0	0.0021
Ammospermophilus	0.0	0.0	36.193983	-115.447353	0.0	0.0	0.0021
Ammospermophilus	0.0	0.0	36.146954	-115.42125	0.0	0.0	0.0021
Ammospermophilus	0.0	0.0	32.431168	-110.910872	0.0	0.0	0.0021
Ammospermophilus	0.0	0.0	38.477178	-109.339872	0.0	0.0	0.0021
Ammospermophilus	0.0	0.0	38.477178	-109.339872	0.0	0.0	0.0021
Ammospermophilus	0.0	0.0	31.876719	-111.01143799999998	0.0	0.0	0.0021
Ammospermophilus	0.0	0.0	31.981178999999997	-111.303992	0.0	0.0	0.0021
Ammospermophilus	0.0	0.0	32.280584000000005	-111.168305	0.0	0.0	0.0021
Ammospermophilus	0.0	0.0	42.889092	-116.07896399999998	0.0	0.0	0.0021
Ammospermophilus	0.0	0.0	39.911027000000004	-119.549727	0.0	0.0	0.0021
Ammospermophilus	0.0	0.0	33.240514000000005	-116.388704	0.0	0.0	0.0021
Ammospermophilus	0.0	0.0	36.145618	-115.420829	0.0	0.0	0.0021
Ammospermophilus	0.0	0.0	34.903003000000005	-118.59118899999999	0.0	0.0	0.0021
Ammospermophilus	0.0	0.0	37.303269	-115.12556799999999	0.0	0.0	0.0021
Ammospermophilus	0.0	0.0	33.362955	-111.98619	0.0	0.0	0.0021
Ammospermophilus	0.0	0.0	36.442724	-114.51545800000001	0.0	0.0	0.0021
Ammospermophilus	0.0	0.0	37.053396	-112.515106	0.0	0.0	0.0021
Ammospermophilus	0.0	0.0	37.77464000000001	-111.44976899999999	0.0	0.0	0.0021
Ammospermophilus	0.0	0.0	33.597355	-115.35189199999999	0.0	0.0	0.0021
Ammospermophilus	0.0	0.0	36.430161	-114.51371	0.0	0.0	0.0021
Ammospermophilus	0.0	0.0	34.1251	-116.31419199999999	0.0	0.0	0.0021
Ammospermophilus	0.0	0.0	33.347008	-112.08458600000002	0.0	0.0	0.0021
Ammospermophilus	0.0	0.0	34.046588	-116.56691000000001	0.0	0.0	0.0021
Ammospermophilus	0.0	0.0	37.33339	-113.09583700000002	0.0	0.0	0.0021
Ammospermophilus	0.0	0.0	34.468703999999995	-118.19357	0.0	0.0	0.0021
Ammospermophilus	0.0	0.0	33.649337	-111.857064	0.0	0.0	0.0021
Ammospermophilus	0.0	0.0	35.948551	-114.83888600000002	0.0	0.0	0.0021
Ammospermophilus	0.0	0.0	36.145499	-115.42085	0.0	0.0	0.0021
Ammospermophilus	0.0	0.0	33.460598	-111.947776	0.0	0.0	0.0021
Ammospermophilus	0.0	0.0	33.462077	-111.945098	0.0	0.0	0.0021
Ammospermophilus	0.0	0.0	33.669996999999995	-116.40804299999999	0.0	0.0	0.0021
Ammospermophilus	0.0	0.0	36.063853	-115.11281000000001	0.0	0.0	0.0021
Ammospermophilus	0.0	0.0	38.630885	-117.780755	0.0	0.0	0.0021
Ammospermophilus	0.0	0.0	33.585929	-116.42601299999998	0.0	0.0	0.0021
Ammospermophilus	0.0	0.0	43.04395	-116.239943	0.0	0.0	0.0021
Ammospermophilus	0.0	0.0	33.362955	-111.98619	0.0	0.0	0.0021
Ammospermophilus	0.0	0.0	34.082853	-116.114276	0.0	0.0	0.0021
Ammospermophilus	0.0	0.0	36.608833000000004	-118.207333	0.0	0.0	0.0021
Ammospermophilus	0.0	0.0	35.55341400000001	-115.432597	0.0	0.0	0.0021
Ammospermophilus	0.0	0.0	35.010991	-115.473355	0.0	0.0	0.0021
Ammospermophilus	0.0	0.0	33.461307	-111.944571	0.0	0.0	0.0021
Ammospermophilus	0.0	0.0	34.072787	-116.389901	0.0	0.0	0.0021
Ammospermophilus	0.0	0.0	34.017381	-116.16025400000001	0.0	0.0	0.0021
Ammospermophilus	0.0	0.0	36.132675	-115.423285	0.0	0.0	0.0021
Ammospermophilus	0.0	0.0	36.303043	-116.49141200000001	0.0	0.0	0.0021
Ammospermophilus	0.0	0.0	33.9945	-116.06281000000001	0.0	0.0	0.0021
Ammospermophilus	0.0	0.0	35.136131	-115.749953	0.0	0.0	0.0021
Ammospermophilus	0.0	0.0	33.672645	-112.04391000000001	0.0	0.0	0.0021
Ammospermophilus	0.0	0.0	33.873415	-115.90099199999999	0.0	0.0	0.0021
Ammospermophilus	0.0	0.0	34.003293	-116.13248300000001	0.0	0.0	0.0021
Ammospermophilus	0.0	0.0	36.135684999999995	-115.42790600000001	0.0	0.0	0.0021
Ammospermophilus	0.0	0.0	36.147046	-115.41915	0.0	0.0	0.0021
Ammospermophilus	0.0	0.0	34.446595	-117.641949	0.0	0.0	0.0021
Ammospermophilus	0.0	0.0	36.441848	-114.517197	0.0	0.0	0.0021
Ammospermophilus	0.0	0.0	36.430237	-114.513694	0.0	0.0	0.0021
Ammospermophilus	0.0	0.0	33.881510999999996	-115.936384	0.0	0.0	0.0021
Ammospermophilus	0.0	0.0	31.831317	-110.93705	0.0	0.0	0.0021
Ammospermophilus	0.0	0.0	33.878522	-112.141421	0.0	0.0	0.0021
Ammospermophilus	0.0	0.0	33.257811	-116.406122	0.0	0.0	0.0021
Ammospermophilus	0.0	0.0	33.747591	-115.81871899999999	0.0	0.0	0.0021
Ammospermophilus	0.0	0.0	33.873415	-115.90099199999999	0.0	0.0	0.0021
Ammospermophilus	0.0	0.0	34.129343	-116.03693700000001	0.0	0.0	0.0021
Ammospermophilus	0.0	0.0	35.067225	-119.898596	0.0	0.0	0.0021
Ammospermophilus	0.0	0.0	33.215353	-116.45924099999999	0.0	0.0	0.0021
Ammospermophilus	0.0	0.0	32.619858	-116.19054799999999	0.0	0.0	0.0021
Ammospermophilus	0.0	0.0	35.154463	-119.94703899999999	0.0	0.0	0.0021
Ammospermophilus	0.0	0.0	35.125056	-119.606408	0.0	0.0	0.0021
Ammospermophilus	0.0	0.0	35.010328	-119.79359699999999	0.0	0.0	0.0021
Ammospermophilus	0.0	0.0	39.059732000000004	-108.60031799999999	0.0	0.0	0.0021
Ammospermophilus	0.0	0.0	32.261741	-111.211028	0.0	0.0	0.0021
Ammospermophilus	0.0	0.0	33.582782	-112.49877099999999	0.0	0.0	0.0021
Ammospermophilus	0.0	0.0	32.927425	-111.762524	0.0	0.0	0.0021
Ammospermophilus	0.0	0.0	34.73919	-112.00988000000001	0.0	0.0	0.0021
Ammospermophilus	0.0	0.0	30.02898900000001	-103.55784200000001	0.0	0.0	0.0021
Ammospermophilus	0.0	0.0	33.213161	-116.448269	0.0	0.0	0.0021
Ammospermophilus	0.0	0.0	33.941333	-116.13633300000001	0.0	0.0	0.0021
Ammospermophilus	0.0	0.0	32.025048	-110.658813	0.0	0.0	0.0021
Ammospermophilus	0.0	0.0	35.664755	-111.47528500000001	0.0	0.0	0.0021
Ammospermophilus	0.0	0.0	36.361494	-114.514202	0.0	0.0	0.0021
Ammospermophilus	0.0	0.0	36.779369	-117.495355	0.0	0.0	0.0021
Ammospermophilus	0.0	0.0	35.153043	-119.873397	0.0	0.0	0.0021
Ammospermophilus	0.0	0.0	33.352826	-111.789027	0.0	0.0	0.0021
Ammospermophilus	0.0	0.0	32.243519	-111.16678300000001	0.0	0.0	0.0021
Ammospermophilus	0.0	0.0	33.278191	-116.42881000000001	0.0	0.0	0.0021
Ammospermophilus	0.0	0.0	33.874976000000004	-115.90576200000001	0.0	0.0	0.0021
Ammospermophilus	0.0	0.0	33.925253000000005	-115.928849	0.0	0.0	0.0021
Ammospermophilus	0.0	0.0	35.52114500000001	-111.372849	0.0	0.0	0.0021
Ammospermophilus	0.0	0.0	36.462218	-116.867258	0.0	0.0	0.0021
Ammospermophilus	0.0	0.0	36.14633	-115.41911200000001	0.0	0.0	0.0021
Ammospermophilus	0.0	0.0	36.171271999999995	-115.18978100000001	0.0	0.0	0.0021
Ammospermophilus	0.0	0.0	34.832003	-111.766754	0.0	0.0	0.0021
Ammospermophilus	0.0	0.0	43.299279999999996	-116.52509599999999	0.0	0.0	0.0021
Ammospermophilus	0.0	0.0	35.97528300000001	-117.878583	0.0	0.0	0.0021
Ammospermophilus	0.0	0.0	39.075309000000004	-108.705903	0.0	0.0	0.0021
Ammospermophilus	0.0	0.0	33.76545	-115.82885700000001	0.0	0.0	0.0021
Ammospermophilus	0.0	0.0	32.07498	-110.71633100000001	0.0	0.0	0.0021
Ammospermophilus	0.0	0.0	32.748917999999996	-116.151748	0.0	0.0	0.0021
Ammospermophilus	0.0	0.0	32.612536	-116.062274	0.0	0.0	0.0021
Ammospermophilus	0.0	0.0	33.463041	-111.943445	0.0	0.0	0.0021
Ammospermophilus	0.0	0.0	35.111272	-119.806426	0.0	0.0	0.0021
Ammospermophilus	0.0	0.0	33.990860999999995	-116.061333	0.0	0.0	0.0021
Ammospermophilus	0.0	0.0	36.015762	-114.73766699999999	0.0	0.0	0.0021
Ammospermophilus	0.0	0.0	33.714506	-115.514953	0.0	0.0	0.0021
Ammospermophilus	0.0	0.0	35.183652	-119.75974199999999	0.0	0.0	0.0021
Ammospermophilus	0.0	0.0	31.950682	-112.822174	0.0	0.0	0.0021
Ammospermophilus	0.0	0.0	35.287816	-115.58724099999999	0.0	0.0	0.0021
Ammospermophilus	0.0	0.0	33.351121	-112.022552	0.0	0.0	0.0021
Ammospermophilus	0.0	0.0	33.271727	-111.16238100000001	0.0	0.0	0.0021
Ammospermophilus	0.0	0.0	33.977958	-112.72702199999999	0.0	0.0	0.0021
Ammospermophilus	0.0	0.0	35.018777	-119.535653	0.0	0.0	0.0021
Ammospermophilus	0.0	0.0	33.46295300000001	-114.11739299999999	0.0	0.0	0.0021
Ammospermophilus	0.0	0.0	36.546846	-118.086247	0.0	0.0	0.0021
Ammospermophilus	0.0	0.0	32.649114000000004	-116.186728	0.0	0.0	0.0021
Ammospermophilus	0.0	0.0	36.438459	-115.35866499999999	0.0	0.0	0.0021
Ammospermophilus	0.0	0.0	32.657084999999995	-116.09885700000001	0.0	0.0	0.0021
Ammospermophilus	0.0	0.0	39.233317	-109.01046699999999	0.0	0.0	0.0021
Ammospermophilus	0.0	0.0	34.135558	-116.05416899999999	0.0	0.0	0.0021
Ammospermophilus	0.0	0.0	35.382181	-118.113129	0.0	0.0	0.0021
Ammospermophilus	0.0	0.0	36.060736999999996	-107.96151699999999	0.0	0.0	0.0021
Ammospermophilus	0.0	0.0	36.01624	-114.742405	0.0	0.0	0.0021
Ammospermophilus	0.0	0.0	35.167282	-115.429276	0.0	0.0	0.0021
Ammospermophilus	0.0	0.0	36.135518	-115.428114	0.0	0.0	0.0021
Ammospermophilus	0.0	0.0	36.014154	-114.742396	0.0	0.0	0.0021
Ammospermophilus	0.0	0.0	36.135518	-115.428114	0.0	0.0	0.0021
Ammospermophilus	0.0	0.0	36.682148	-114.01353799999998	0.0	0.0	0.0021
Ammospermophilus	0.0	0.0	34.030525	-116.146103	0.0	0.0	0.0021
Ammospermophilus	0.0	0.0	36.169940999999994	-115.13983	0.0	0.0	0.0021
Ammospermophilus	0.0	0.0	36.01282	-114.732111	0.0	0.0	0.0021
Ammospermophilus	0.0	0.0	32.242932	-111.16790800000001	0.0	0.0	0.0021
Ammospermophilus	0.0	0.0	32.23185	-110.95102	0.0	0.0	0.0021
Ammospermophilus	0.0	0.0	35.136672999999995	-119.686613	0.0	0.0	0.0021
Ammospermophilus	0.0	0.0	39.70348900000001	-113.15866499999998	0.0	0.0	0.0021
Ammospermophilus	0.0	0.0	37.083393	-113.93551799999999	0.0	0.0	0.0021
Ammospermophilus	0.0	0.0	32.014157	-112.731171	0.0	0.0	0.0021
Ammospermophilus	0.0	0.0	35.111537	-119.83698600000001	0.0	0.0	0.0021
Ammospermophilus	0.0	0.0	36.017891	-114.738207	0.0	0.0	0.0021
Ammospermophilus	0.0	0.0	36.410928999999996	-114.54673600000001	0.0	0.0	0.0021
Ammospermophilus	0.0	0.0	36.174134	-115.47973200000001	0.0	0.0	0.0021
Ammospermophilus	0.0	0.0	35.70749199999999	-117.847343	0.0	0.0	0.0021
Ammospermophilus	0.0	0.0	36.407865	-120.748934	0.0	0.0	0.0021
Ammospermophilus	0.0	0.0	33.270251	-116.418407	0.0	0.0	0.0021
Ammospermophilus	0.0	0.0	36.14723400000001	-115.41146499999999	0.0	0.0	0.0021
Ammospermophilus	0.0	0.0	32.241554	-110.71643799999998	0.0	0.0	0.0021
Ammospermophilus	0.0	0.0	32.477195	-110.902675	0.0	0.0	0.0021
Ammospermophilus	0.0	0.0	32.243983	-111.16801299999999	0.0	0.0	0.0021
Ammospermophilus	0.0	0.0	36.14627700000001	-115.430796	0.0	0.0	0.0021
Ammospermophilus	0.0	0.0	33.902823	-115.83781	0.0	0.0	0.0021
Ammospermophilus	0.0	0.0	32.231320000000004	-111.14551399999999	0.0	0.0	0.0021
Ammospermophilus	0.0	0.0	35.127346	-106.73678500000001	0.0	0.0	0.0021
Ammospermophilus	0.0	0.0	35.161076	-106.71723100000001	0.0	0.0	0.0021
Ammospermophilus	0.0	0.0	33.585231	-112.07126299999999	0.0	0.0	0.0021
Ammospermophilus	0.0	0.0	35.16121500000001	-119.91206299999999	0.0	0.0	0.0021
Ammospermophilus	0.0	0.0	36.059867	-107.961584	0.0	0.0	0.0021
Ammospermophilus	0.0	0.0	35.363295	-117.98801399999999	0.0	0.0	0.0021
Ammospermophilus	0.0	0.0	37.253082	-112.95473100000001	0.0	0.0	0.0021
Ammospermophilus	0.0	0.0	36.017891	-114.738207	0.0	0.0	0.0021
Ammospermophilus	0.0	0.0	33.99445	-116.06111299999999	0.0	0.0	0.0021
Ammospermophilus	0.0	0.0	33.257811	-116.406122	0.0	0.0	0.0021
Ammospermophilus	0.0	0.0	33.461484999999996	-111.944053	0.0	0.0	0.0021
Ammospermophilus	0.0	0.0	32.221340000000005	-111.02868899999999	0.0	0.0	0.0021
Ammospermophilus	0.0	0.0	36.030433	-107.91044699999999	0.0	0.0	0.0021
Ammospermophilus	0.0	0.0	31.913703	-109.141449	0.0	0.0	0.0021
Ammospermophilus	0.0	0.0	36.010506	-114.728594	0.0	0.0	0.0021
Ammospermophilus	0.0	0.0	33.312032	-112.02367199999999	0.0	0.0	0.0021
Ammospermophilus	0.0	0.0	33.970698	-115.784912	0.0	0.0	0.0021
Ammospermophilus	0.0	0.0	29.29598	-103.238525	0.0	0.0	0.0021
Ammospermophilus	0.0	0.0	34.608295	-117.16210900000002	0.0	0.0	0.0021
Ammospermophilus	0.0	0.0	35.348083	-119.77443999999998	0.0	0.0	0.0021
Ammospermophilus	0.0	0.0	33.797409	-106.86023700000001	0.0	0.0	0.0021
Ammospermophilus	0.0	0.0	34.594463	-111.88040900000001	0.0	0.0	0.0021
Ammospermophilus	0.0	0.0	28.957967	-103.934617	0.0	0.0	0.0021
Ammospermophilus	0.0	0.0	28.831547999999998	-111.94077800000001	0.0	0.0	0.0021
Ammospermophilus	0.0	0.0	29.13232	-110.959672	0.0	0.0	0.0021
Ammospermophilus	0.0	0.0	25.723633	-103.690292	0.0	0.0	0.0021
Ammospermophilus	0.0	0.0	25.719575	-103.691328	0.0	0.0	0.0021
Ammospermophilus	0.0	0.0	27.595598	-113.015266	0.0	0.0	0.0021
Ammospermophilus	0.0	0.0	25.731057	-103.686839	0.0	0.0	0.0021
Ammospermophilus	0.0	0.0	31.1454	-108.334359	0.0	0.0	0.0021
Ammospermophilus	0.0	0.0	31.964142	-116.77694299999999	0.0	0.0	0.0021
Ammospermophilus	0.0	0.0	31.140721999999997	-108.32961200000001	0.0	0.0	0.0021
Ammospermophilus	0.0	0.0	31.140721999999997	-108.32961200000001	0.0	0.0	0.0021
Ammospermophilus	0.0	0.0	31.140721999999997	-108.32961200000001	0.0	0.0	0.0021
Ammospermophilus	0.0	0.0	31.140721999999997	-108.32961200000001	0.0	0.0	0.0021
Ammospermophilus	0.0	0.0	31.125607000000002	-108.35275700000001	0.0	0.0	0.0021
Ammospermophilus	0.0	0.0	31.141596000000003	-108.331498	0.0	0.0	0.0021
Ammospermophilus	0.0	0.0	31.141596000000003	-108.331498	0.0	0.0	0.0021
Ammospermophilus	0.0	0.0	31.140721999999997	-108.32961200000001	0.0	0.0	0.0021
Ammospermophilus	0.0	0.0	31.140721999999997	-108.32961200000001	0.0	0.0	0.0021
Ammospermophilus	0.0	0.0	31.140721999999997	-108.32961200000001	0.0	0.0	0.0021
Ammospermophilus	0.0	0.0	31.141596000000003	-108.331498	0.0	0.0	0.0021
Ammospermophilus	0.0	0.0	31.140721999999997	-108.32961200000001	0.0	0.0	0.0021
Ammospermophilus	0.0	0.0	31.141596000000003	-108.331498	0.0	0.0	0.0021
Ammospermophilus	0.0	0.0	31.140721999999997	-108.32961200000001	0.0	0.0	0.0021
Ammospermophilus	0.0	0.0	31.140721999999997	-108.32961200000001	0.0	0.0	0.0021
Ammospermophilus	0.0	0.0	31.141596000000003	-108.331498	0.0	0.0	0.0021
Ammospermophilus	0.0	0.0	31.140721999999997	-108.32961200000001	0.0	0.0	0.0021
Ammospermophilus	0.0	0.0	30.002096999999996	-115.766419	0.0	0.0	0.0021
Ammospermophilus	0.0	0.0	28.740440000000003	-113.931996	0.0	0.0	0.0021
Ammospermophilus	0.0	0.0	27.508206	-113.01825	0.0	0.0	0.0021
Ammospermophilus	0.0	0.0	30.029543	-112.651604	0.0	0.0	0.0021
Ammospermophilus	0.0	0.0	25.614596	-102.269325	0.0	0.0	0.0021
Ammospermophilus	0.0	0.0	25.615525	-102.27996800000001	0.0	0.0	0.0021
Ammospermophilus	0.0	0.0	28.021608	-111.0503	0.0	0.0	0.0021
Ammospermophilus	0.0	0.0	30.736387	-112.162628	0.0	0.0	0.0021
Ammospermophilus	0.0	0.0	25.708036	-103.700958	0.0	0.0	0.0021
Ammospermophilus	0.0	0.0	25.708117	-103.70084200000001	0.0	0.0	0.0021
Ammospermophilus	0.0	0.0	25.713694	-103.695236	0.0	0.0	0.0021
Ammospermophilus	0.0	0.0	25.713693	-103.695263	0.0	0.0	0.0021
Ammospermophilus	0.0	0.0	25.720387	-103.667637	0.0	0.0	0.0021
Ammospermophilus	0.0	0.0	28.917602000000002	-112.07103700000002	0.0	0.0	0.0021
Ammospermophilus	0.0	0.0	27.437779	-113.12682099999999	0.0	0.0	0.0021
Ammospermophilus	0.0	0.0	30.44284600000001	-116.012743	0.0	0.0	0.0021
Ammospermophilus	0.0	0.0	28.884041999999997	-112.00747	0.0	0.0	0.0021
Ammospermophilus	0.0	0.0	29.961002	-112.657972	0.0	0.0	0.0021
Ammospermophilus	0.0	0.0	25.070794	-103.248482	0.0	0.0	0.0021
Ammospermophilus	0.0	0.0	28.954123	-112.07806699999999	0.0	0.0	0.0021
Ammospermophilus	0.0	0.0	32.565922	-116.04876200000001	0.0	0.0	0.0021
Ammospermophilus	0.0	0.0	32.445228	-115.865268	0.0	0.0	0.0021
Ammospermophilus	0.0	0.0	31.928855	-113.357621	0.0	0.0	0.0021
Ammospermophilus	0.0	0.0	31.054501000000002	-114.994294	0.0	0.0	0.0021
Ammospermophilus	0.0	0.0	28.847084000000002	-111.97684199999999	0.0	0.0	0.0021
Ammospermophilus	0.0	0.0	29.029756	-110.38238500000001	0.0	0.0	0.0021
Ammospermophilus	0.0	0.0	28.822384999999997	-113.5181	0.0	0.0	0.0021
Ammospermophilus	0.0	0.0	29.753899	-114.728233	0.0	0.0	0.0021
Ammospermophilus	0.0	0.0	32.49120300000001	-116.191251	0.0	0.0	0.0021
Ammospermophilus	0.0	0.0	32.496408	-116.00979699999999	0.0	0.0	0.0021
Ammospermophilus	0.0	0.0	32.427233	-116.052177	0.0	0.0	0.0021
Ammospermophilus	0.0	0.0	28.218161	-113.85666	0.0	0.0	0.0021
Ammospermophilus	0.0	0.0	32.50797	-116.359971	0.0	0.0	0.0021
Ammospermophilus	0.0	0.0	27.433831	-112.940087	0.0	0.0	0.0021
Ammospermophilus	0.0	0.0	29.805439	-112.46266899999999	0.0	0.0	0.0021
Ammospermophilus	0.0	0.0	28.875334999999996	-111.954016	0.0	0.0	0.0021
Ammospermophilus	0.0	0.0	28.859979	-111.988349	0.0	0.0	0.0021
Ammospermophilus	0.0	0.0	32.528759	-116.070535	0.0	0.0	0.0021
Ammospermophilus	0.0	0.0	31.173257	-115.65506	0.0	0.0	0.0021
Ammospermophilus	0.0	0.0	28.016944	-113.365	0.0	0.0	0.0021
Ammospermophilus	0.0	0.0	27.986944	-113.902222	0.0	0.0	0.0021
Ammospermophilus	0.0	0.0	27.986944	-113.902222	0.0	0.0	0.0021
Ammospermophilus	0.0	0.0	27.589722	-113.09222199999999	0.0	0.0	0.0021
Ammospermophilus	0.0	0.0	29.900278000000004	-114.950278	0.0	0.0	0.0021
Ammospermophilus	0.0	0.0	27.589722	-113.09222199999999	0.0	0.0	0.0021
Ammospermophilus	0.0	0.0	27.589722	-113.09222199999999	0.0	0.0	0.0021
Ammospermophilus	0.0	0.0	27.589722	-113.09222199999999	0.0	0.0	0.0021
