species	max_age	min_age	lat	lon	family	mean_age	rounded_ages
Antrozous	0.0	0.0	39.178178	-120.738355	0.0	0.0	0.0021
Antrozous	0.0	0.0	37.481863	-111.20973799999999	0.0	0.0	0.0021
Antrozous	0.0	0.0	31.834757	-110.35411699999999	0.0	0.0	0.0021
Antrozous	0.0	0.0	35.130018	-114.119716	0.0	0.0	0.0021
Antrozous	0.0	0.0	30.595434	-103.932435	0.0	0.0	0.0021
Antrozous	0.0	0.0	31.88657700000001	-109.173608	0.0	0.0	0.0021
Antrozous	0.0	0.0	32.013571	-109.342295	0.0	0.0	0.0021
Antrozous	0.0	0.0	29.252501000000002	-103.172226	0.0	0.0	0.0021
Antrozous	0.0	0.0	35.125783	-120.58187099999999	0.0	0.0	0.0021
Antrozous	0.0	0.0	36.486919	-118.83984099999999	0.0	0.0	0.0021
Antrozous	0.0	0.0	34.829066999999995	-111.856195	0.0	0.0	0.0021
Antrozous	0.0	0.0	36.413662	-113.955909	0.0	0.0	0.0021
Antrozous	0.0	0.0	38.776039000000004	-120.973152	0.0	0.0	0.0021
Antrozous	0.0	0.0	36.414970000000004	-113.957307	0.0	0.0	0.0021
Antrozous	0.0	0.0	36.94165	-114.446983	0.0	0.0	0.0021
Antrozous	0.0	0.0	29.787	-99.78	0.0	0.0	0.0021
Antrozous	0.0	0.0	36.461258	-114.25535500000001	0.0	0.0	0.0021
Antrozous	0.0	0.0	32.298681	-106.725485	0.0	0.0	0.0021
Antrozous	0.0	0.0	33.281464	-116.627922	0.0	0.0	0.0021
Antrozous	0.0	0.0	31.713408	-110.873345	0.0	0.0	0.0021
Antrozous	0.0	0.0	31.47118	-110.975598	0.0	0.0	0.0021
Antrozous	0.0	0.0	33.279187	-111.158897	0.0	0.0	0.0021
Antrozous	0.0	0.0	37.866253	-121.881897	0.0	0.0	0.0021
Antrozous	0.0	0.0	35.86282999999999	-120.64339299999999	0.0	0.0	0.0021
Antrozous	0.0	0.0	34.542446999999996	-119.81275500000001	0.0	0.0	0.0021
Antrozous	0.0	0.0	32.424896999999994	-110.920822	0.0	0.0	0.0021
Antrozous	0.0	0.0	34.268744	-118.636303	0.0	0.0	0.0021
Antrozous	0.0	0.0	35.646122	-120.80709399999999	0.0	0.0	0.0021
Antrozous	0.0	0.0	35.130281	-114.119805	0.0	0.0	0.0021
Antrozous	0.0	0.0	36.477383	-121.186792	0.0	0.0	0.0021
Antrozous	0.0	0.0	36.49929	-121.20363300000001	0.0	0.0	0.0021
Antrozous	0.0	0.0	36.223068	-118.830105	0.0	0.0	0.0021
Antrozous	0.0	0.0	30.46767800000001	-101.800776	0.0	0.0	0.0021
Antrozous	0.0	0.0	36.223347	-118.830087	0.0	0.0	0.0021
Antrozous	0.0	0.0	35.028995	-117.021028	0.0	0.0	0.0021
Antrozous	0.0	0.0	34.155502	-118.90888999999999	0.0	0.0	0.0021
Antrozous	0.0	0.0	42.66252100000001	-113.00441000000001	0.0	0.0	0.0021
Antrozous	0.0	0.0	30.595467	-103.932423	0.0	0.0	0.0021
Antrozous	0.0	0.0	33.278934	-111.15806699999999	0.0	0.0	0.0021
Antrozous	0.0	0.0	32.414304	-110.84429399999999	0.0	0.0	0.0021
Antrozous	0.0	0.0	42.677427	-112.986779	0.0	0.0	0.0021
Antrozous	0.0	0.0	32.202944	-106.770126	0.0	0.0	0.0021
Antrozous	0.0	0.0	36.495778	-121.142517	0.0	0.0	0.0021
Antrozous	0.0	0.0	31.73889	-110.88579399999999	0.0	0.0	0.0021
Antrozous	0.0	0.0	33.281575	-116.62816299999999	0.0	0.0	0.0021
Antrozous	0.0	0.0	37.292147	-121.74194299999999	0.0	0.0	0.0021
Antrozous	0.0	0.0	31.713245	-110.874183	0.0	0.0	0.0021
Antrozous	0.0	0.0	32.353445	-109.86492199999999	0.0	0.0	0.0021
Antrozous	0.0	0.0	31.713628000000003	-110.873375	0.0	0.0	0.0021
Antrozous	0.0	0.0	38.666508	-118.978926	0.0	0.0	0.0021
Antrozous	0.0	0.0	35.06675	-109.780952	0.0	0.0	0.0021
Antrozous	0.0	0.0	33.279128	-111.15885300000001	0.0	0.0	0.0021
Antrozous	0.0	0.0	34.956105	-109.783775	0.0	0.0	0.0021
Antrozous	0.0	0.0	39.226007	-119.596864	0.0	0.0	0.0021
Antrozous	0.0	0.0	35.085112	-109.78911000000001	0.0	0.0	0.0021
Antrozous	0.0	0.0	30.7768	-105.0162	0.0	0.0	0.0021
Antrozous	0.0	0.0	36.495796999999996	-121.14238600000002	0.0	0.0	0.0021
Antrozous	0.0	0.0	35.321433	-120.83494499999999	0.0	0.0	0.0021
Antrozous	0.0	0.0	35.365337	-120.836228	0.0	0.0	0.0021
Antrozous	0.0	0.0	30.030306	-103.554962	0.0	0.0	0.0021
Antrozous	0.0	0.0	29.827539	-99.671745	0.0	0.0	0.0021
Antrozous	0.0	0.0	31.05702	-104.80308199999999	0.0	0.0	0.0021
Antrozous	0.0	0.0	36.485237	-121.16753899999999	0.0	0.0	0.0021
Antrozous	0.0	0.0	36.485189	-121.167425	0.0	0.0	0.0021
Antrozous	0.0	0.0	34.455796	-119.184595	0.0	0.0	0.0021
Antrozous	0.0	0.0	32.426918	-110.91658799999999	0.0	0.0	0.0021
Antrozous	0.0	0.0	35.402287	-120.15990500000001	0.0	0.0	0.0021
Antrozous	0.0	0.0	38.235981	-116.824272	0.0	0.0	0.0021
Antrozous	0.0	0.0	32.725157	-107.56421999999999	0.0	0.0	0.0021
Antrozous	0.0	0.0	33.279070000000004	-111.159625	0.0	0.0	0.0021
Antrozous	0.0	0.0	35.311537	-120.68743799999999	0.0	0.0	0.0021
Antrozous	0.0	0.0	38.235981	-116.824272	0.0	0.0	0.0021
Antrozous	0.0	0.0	32.281379	-110.73029199999999	0.0	0.0	0.0021
Antrozous	0.0	0.0	33.211975	-116.939485	0.0	0.0	0.0021
Antrozous	0.0	0.0	42.67755800000001	-112.986672	0.0	0.0	0.0021
Antrozous	0.0	0.0	31.883791	-109.205818	0.0	0.0	0.0021
Antrozous	0.0	0.0	30.77723	-105.015922	0.0	0.0	0.0021
Antrozous	0.0	0.0	30.776784999999997	-105.01621899999999	0.0	0.0	0.0021
Antrozous	0.0	0.0	32.502545	-110.964188	0.0	0.0	0.0021
Antrozous	0.0	0.0	29.197324	-102.869644	0.0	0.0	0.0021
Antrozous	0.0	0.0	35.066481	-109.780041	0.0	0.0	0.0021
Antrozous	0.0	0.0	32.526395	-110.986535	0.0	0.0	0.0021
Antrozous	0.0	0.0	38.908436	-122.265404	0.0	0.0	0.0021
Antrozous	0.0	0.0	29.827539	-99.671745	0.0	0.0	0.0021
Antrozous	0.0	0.0	32.426268	-110.812552	0.0	0.0	0.0021
Antrozous	0.0	0.0	34.814802	-109.86353899999999	0.0	0.0	0.0021
Antrozous	0.0	0.0	31.864586	-109.190574	0.0	0.0	0.0021
Antrozous	0.0	0.0	40.670078000000004	-122.63359799999999	0.0	0.0	0.0021
Antrozous	0.0	0.0	34.000233	-106.989841	0.0	0.0	0.0021
Antrozous	0.0	0.0	32.545046	-110.89276000000001	0.0	0.0	0.0021
Antrozous	0.0	0.0	30.6025	-104.2055	0.0	0.0	0.0021
Antrozous	0.0	0.0	35.09005	-119.735238	0.0	0.0	0.0021
Antrozous	0.0	0.0	39.644564	-120.303725	0.0	0.0	0.0021
Antrozous	0.0	0.0	34.768744	-112.02689	0.0	0.0	0.0021
Antrozous	0.0	0.0	34.768735	-112.02698400000001	0.0	0.0	0.0021
Antrozous	0.0	0.0	33.715706	-116.37316100000001	0.0	0.0	0.0021
Antrozous	0.0	0.0	30.776945	-105.015831	0.0	0.0	0.0021
Antrozous	0.0	0.0	30.766765999999997	-102.469614	0.0	0.0	0.0021
Antrozous	0.0	0.0	38.176041	-122.820072	0.0	0.0	0.0021
Antrozous	0.0	0.0	31.729855	-110.920841	0.0	0.0	0.0021
Antrozous	0.0	0.0	31.713552000000004	-110.87425	0.0	0.0	0.0021
Antrozous	0.0	0.0	31.567769000000002	-111.050941	0.0	0.0	0.0021
Antrozous	0.0	0.0	32.111467	-104.465707	0.0	0.0	0.0021
Antrozous	0.0	0.0	34.692878	-120.041247	0.0	0.0	0.0021
Antrozous	0.0	0.0	34.243596999999994	-110.79741899999999	0.0	0.0	0.0021
Antrozous	0.0	0.0	35.08862	-115.709122	0.0	0.0	0.0021
Antrozous	0.0	0.0	32.451609000000005	-110.87699599999999	0.0	0.0	0.0021
Antrozous	0.0	0.0	36.490386	-121.14748700000001	0.0	0.0	0.0021
Antrozous	0.0	0.0	29.552068	-103.790846	0.0	0.0	0.0021
Antrozous	0.0	0.0	36.490387	-121.147461	0.0	0.0	0.0021
Antrozous	0.0	0.0	36.490386	-121.14748700000001	0.0	0.0	0.0021
Antrozous	0.0	0.0	29.16694600000001	-103.611159	0.0	0.0	0.0021
Antrozous	0.0	0.0	35.198284	-111.651302	0.0	0.0	0.0021
Antrozous	0.0	0.0	36.682077	-110.541069	0.0	0.0	0.0021
Antrozous	0.0	0.0	30.467407	-101.79575600000001	0.0	0.0	0.0021
Antrozous	0.0	0.0	32.008902	-109.360813	0.0	0.0	0.0021
Antrozous	0.0	0.0	47.654796999999995	-119.738675	0.0	0.0	0.0021
Antrozous	0.0	0.0	32.571492	-107.92048999999999	0.0	0.0	0.0021
Antrozous	0.0	0.0	31.938623	-110.075422	0.0	0.0	0.0021
Antrozous	0.0	0.0	38.368522	-122.50836699999999	0.0	0.0	0.0021
Antrozous	0.0	0.0	36.490333	-121.1475	0.0	0.0	0.0021
Antrozous	0.0	0.0	30.029688	-103.557327	0.0	0.0	0.0021
Antrozous	0.0	0.0	30.02970800000001	-103.557273	0.0	0.0	0.0021
Antrozous	0.0	0.0	30.659234	-104.16315300000001	0.0	0.0	0.0021
Antrozous	0.0	0.0	37.418981	-121.368027	0.0	0.0	0.0021
Antrozous	0.0	0.0	39.650378	-121.643932	0.0	0.0	0.0021
Antrozous	0.0	0.0	34.128146	-114.331251	0.0	0.0	0.0021
Antrozous	0.0	0.0	39.763851	-120.61883200000001	0.0	0.0	0.0021
Antrozous	0.0	0.0	39.76456500000001	-120.61961299999999	0.0	0.0	0.0021
Antrozous	0.0	0.0	32.975433	-116.34988700000001	0.0	0.0	0.0021
Antrozous	0.0	0.0	32.975433	-116.34988700000001	0.0	0.0	0.0021
Antrozous	0.0	0.0	35.142844000000004	-116.10528400000001	0.0	0.0	0.0021
Antrozous	0.0	0.0	39.650884999999995	-121.64347099999999	0.0	0.0	0.0021
Antrozous	0.0	0.0	43.346847	-123.43171299999999	0.0	0.0	0.0021
Antrozous	0.0	0.0	39.961926	-119.513855	0.0	0.0	0.0021
Antrozous	0.0	0.0	37.865639	-121.94686899999999	0.0	0.0	0.0021
Antrozous	0.0	0.0	39.649883	-121.64364199999999	0.0	0.0	0.0021
Antrozous	0.0	0.0	39.647498	-121.645063	0.0	0.0	0.0021
Antrozous	0.0	0.0	39.650121999999996	-121.643524	0.0	0.0	0.0021
Antrozous	0.0	0.0	39.650025	-121.642784	0.0	0.0	0.0021
Antrozous	0.0	0.0	30.534612	-103.848311	0.0	0.0	0.0021
Antrozous	0.0	0.0	35.066869	-109.78066899999999	0.0	0.0	0.0021
Antrozous	0.0	0.0	29.557268	-102.94765799999999	0.0	0.0	0.0021
Antrozous	0.0	0.0	29.904891999999997	-104.46380699999999	0.0	0.0	0.0021
Antrozous	0.0	0.0	31.883976	-109.206052	0.0	0.0	0.0021
Antrozous	0.0	0.0	36.27	-112.87	0.0	0.0	0.0021
Antrozous	0.0	0.0	33.23	-115.57	0.0	0.0	0.0021
Antrozous	0.0	0.0	32.05	-110.42	0.0	0.0	0.0021
Antrozous	0.0	0.0	32.05	-110.42	0.0	0.0	0.0021
Antrozous	0.0	0.0	36.17	-112.42	0.0	0.0	0.0021
Antrozous	0.0	0.0	32.05	-110.42	0.0	0.0	0.0021
Antrozous	0.0	0.0	36.25	-112.68	0.0	0.0	0.0021
Antrozous	0.0	0.0	30.972021999999996	-115.74443000000001	0.0	0.0	0.0021
Antrozous	0.0	0.0	30.971784999999997	-115.743333	0.0	0.0	0.0021
Antrozous	0.0	0.0	26.686095	-103.747467	0.0	0.0	0.0021
Antrozous	0.0	0.0	27.134455	-104.90610600000001	0.0	0.0	0.0021
Antrozous	0.0	0.0	25.986424	-102.957094	0.0	0.0	0.0021
Antrozous	0.0	0.0	26.68605800000001	-103.74740600000001	0.0	0.0	0.0021
Antrozous	0.0	0.0	26.686188	-103.747283	0.0	0.0	0.0021
Antrozous	0.0	0.0	25.382625	-100.788834	0.0	0.0	0.0021
Antrozous	0.0	0.0	30.856408000000002	-110.66593799999998	0.0	0.0	0.0021
Antrozous	0.0	0.0	27.137074	-104.922297	0.0	0.0	0.0021
Antrozous	0.0	0.0	27.136540000000004	-104.92676000000002	0.0	0.0	0.0021
Antrozous	0.0	0.0	25.354473000000002	-100.31581800000001	0.0	0.0	0.0021
Antrozous	0.0	0.0	25.031470000000002	-103.071484	0.0	0.0	0.0021
Antrozous	0.0	0.0	25.615842999999998	-100.870192	0.0	0.0	0.0021
Antrozous	0.0	0.0	27.296963	-104.838622	0.0	0.0	0.0021
Antrozous	0.0	0.0	30.4637	-105.0058	0.0	0.0	0.0021
Antrozous	0.0	0.0	25.188918	-99.836303	0.0	0.0	0.0021
Antrozous	0.0	0.0	25.16413	-99.852991	0.0	0.0	0.0021
Antrozous	0.0	0.0	29.187477	-102.93723	0.0	0.0	0.0021
Antrozous	0.0	0.0	26.68625	-103.74745300000001	0.0	0.0	0.0021
Antrozous	0.0	0.0	26.680906	-103.757499	0.0	0.0	0.0021
Antrozous	0.0	0.0	25.316388	-100.21429499999999	0.0	0.0	0.0021
Antrozous	0.0	0.0	29.725784	-114.713773	0.0	0.0	0.0021
Antrozous	0.0	0.0	26.616769	-104.256134	0.0	0.0	0.0021
Antrozous	0.0	0.0	32.386340000000004	-115.925674	0.0	0.0	0.0021
Antrozous	0.0	0.0	26.985132	-102.062983	0.0	0.0	0.0021
Antrozous	0.0	0.0	29.97045	-115.235748	0.0	0.0	0.0021
Antrozous	0.0	0.0	30.908704999999998	-110.60829199999999	0.0	0.0	0.0021
Antrozous	0.0	0.0	26.64361	-103.75809	0.0	0.0	0.0021
Antrozous	0.0	0.0	31.323524	-110.388497	0.0	0.0	0.0021
Antrozous	0.0	0.0	29.509717	-114.304717	0.0	0.0	0.0021
Antrozous	0.0	0.0	26.38695	-111.59976699999999	0.0	0.0	0.0021
Antrozous	0.0	0.0	26.38695	-111.59976699999999	0.0	0.0	0.0021
Antrozous	0.0	0.0	26.38695	-111.59976699999999	0.0	0.0	0.0021
Antrozous	0.0	0.0	26.38695	-111.59976699999999	0.0	0.0	0.0021
Antrozous	0.0	0.0	27.013833	-112.414833	0.0	0.0	0.0021
Antrozous	0.0	0.0	27.013833	-112.414833	0.0	0.0	0.0021
Antrozous	0.0	0.0	29.135167	-114.0695	0.0	0.0	0.0021
Antrozous	0.0	0.0	29.135167	-114.0695	0.0	0.0	0.0021
Antrozous	0.0	0.0	29.509717	-114.304717	0.0	0.0	0.0021
Antrozous	0.0	0.0	29.509717	-114.304717	0.0	0.0	0.0021
Antrozous	0.0	0.0	27.013833	-112.414833	0.0	0.0	0.0021
Antrozous	0.0	0.0	29.135167	-114.0695	0.0	0.0	0.0021
Antrozous	0.0	0.0	29.135167	-114.0695	0.0	0.0	0.0021
Antrozous	0.0	0.0	29.135167	-114.0695	0.0	0.0	0.0021
Antrozous	0.0	0.0	26.38695	-111.59976699999999	0.0	0.0	0.0021
Antrozous	0.0	0.0	27.013833	-112.414833	0.0	0.0	0.0021
Antrozous	0.0	0.0	29.509717	-114.304717	0.0	0.0	0.0021
Antrozous	0.0	0.0	26.38695	-111.59976699999999	0.0	0.0	0.0021
Antrozous	0.0	0.0	29.509717	-114.304717	0.0	0.0	0.0021
Antrozous	0.0	0.0	27.013833	-112.414833	0.0	0.0	0.0021
Antrozous	0.0	0.0	26.38695	-111.59976699999999	0.0	0.0	0.0021
Antrozous	0.0	0.0	26.77177	-111.965332	0.0	0.0	0.0021
Antrozous	0.0	0.0	31.292541999999997	-110.47238	0.0	0.0	0.0021
Antrozous	0.0	0.0	28.859653	-112.02500900000001	0.0	0.0	0.0021
Antrozous	0.0	0.0	26.878056	-113.469444	0.0	0.0	0.0021
Antrozous	0.0	0.0	27.281944	-112.89583300000001	0.0	0.0	0.0021
Antrozous	0.0	0.0	26.878056	-113.469444	0.0	0.0	0.0021
Antrozous	0.0	0.0	26.878056	-113.469444	0.0	0.0	0.0021
Antrozous	0.0	0.0	26.878056	-113.469444	0.0	0.0	0.0021
Antrozous	0.0	0.0	26.878056	-113.469444	0.0	0.0	0.0021
Antrozous	0.0	0.0	30.67225	-115.13538899999999	0.0	0.0	0.0021
Antrozous	0.0	0.0	30.67225	-115.13538899999999	0.0	0.0	0.0021
Antrozous	0.0	0.0	31.139221999999997	-115.420556	0.0	0.0	0.0021
Antrozous	0.0	0.0	30.67225	-115.13538899999999	0.0	0.0	0.0021
Antrozous	0.0	0.0	30.67225	-115.13538899999999	0.0	0.0	0.0021
Antrozous	0.0	0.0	25.930667	-105.95516699999999	0.0	0.0	0.0021
Antrozous	0.0	0.0	26.87112368295	-102.091037788022	0.0	0.0	0.0021
Antrozous	0.0	0.0	26.87112368295	-102.091037788022	0.0	0.0	0.0021
