species	max_age	min_age	lat	lon	family	mean_age	rounded_ages
Blarina	0.0	0.0	28.795790000000004	-97.05221999999999	0.0	0.0	0.0021
Blarina	0.0	0.0	40.851215	-73.943388	0.0	0.0	0.0021
Blarina	0.0	0.0	41.5198	-92.07751400000001	0.0	0.0	0.0021
Blarina	0.0	0.0	34.632463	-84.86596899999998	0.0	0.0	0.0021
Blarina	0.0	0.0	34.964638	-85.375458	0.0	0.0	0.0021
Blarina	0.0	0.0	40.670971	-81.44237199999998	0.0	0.0	0.0021
Blarina	0.0	0.0	39.49872	-82.122886	0.0	0.0	0.0021
Blarina	0.0	0.0	40.076591	-86.022108	0.0	0.0	0.0021
Blarina	0.0	0.0	44.183587	-73.037255	0.0	0.0	0.0021
Blarina	0.0	0.0	43.628807	-72.93973000000003	0.0	0.0	0.0021
Blarina	0.0	0.0	42.978278	-72.572188	0.0	0.0	0.0021
Blarina	0.0	0.0	43.183568	-72.446603	0.0	0.0	0.0021
Blarina	0.0	0.0	42.487667	-84.06594100000002	0.0	0.0	0.0021
Blarina	0.0	0.0	34.774541	-82.360318	0.0	0.0	0.0021
Blarina	0.0	0.0	32.569065	-80.25664499999998	0.0	0.0	0.0021
Blarina	0.0	0.0	31.597045	-89.200608	0.0	0.0	0.0021
Blarina	0.0	0.0	34.909801	-80.826138	0.0	0.0	0.0021
Blarina	0.0	0.0	42.9867	-89.381548	0.0	0.0	0.0021
Blarina	0.0	0.0	33.806205	-84.28379699999998	0.0	0.0	0.0021
Blarina	0.0	0.0	43.025509	-77.06681800000001	0.0	0.0	0.0021
Blarina	0.0	0.0	42.40129	-85.389096	0.0	0.0	0.0021
Blarina	0.0	0.0	39.212247	-76.916655	0.0	0.0	0.0021
Blarina	0.0	0.0	46.797984	-96.12266899999999	0.0	0.0	0.0021
Blarina	0.0	0.0	38.759352	-77.116324	0.0	0.0	0.0021
Blarina	0.0	0.0	42.43931	-71.514928	0.0	0.0	0.0021
Blarina	0.0	0.0	38.629983	-77.560013	0.0	0.0	0.0021
Blarina	0.0	0.0	43.03308	-89.351434	0.0	0.0	0.0021
Blarina	0.0	0.0	34.547464	-86.951144	0.0	0.0	0.0021
Blarina	0.0	0.0	41.602524	-87.89683000000002	0.0	0.0	0.0021
Blarina	0.0	0.0	38.843216999999996	-77.273092	0.0	0.0	0.0021
Blarina	0.0	0.0	44.456158	-72.97203	0.0	0.0	0.0021
Blarina	0.0	0.0	30.120635999999998	-95.775521	0.0	0.0	0.0021
Blarina	0.0	0.0	38.762892	-77.59165899999998	0.0	0.0	0.0021
Blarina	0.0	0.0	38.825594	-77.131653	0.0	0.0	0.0021
Blarina	0.0	0.0	38.756643	-77.113569	0.0	0.0	0.0021
Blarina	0.0	0.0	41.182705	-73.6948	0.0	0.0	0.0021
Blarina	0.0	0.0	39.135869	-77.332185	0.0	0.0	0.0021
Blarina	0.0	0.0	35.817422	-81.180358	0.0	0.0	0.0021
Blarina	0.0	0.0	31.594128	-95.574813	0.0	0.0	0.0021
Blarina	0.0	0.0	38.003454999999995	-78.48627900000002	0.0	0.0	0.0021
Blarina	0.0	0.0	37.210592999999996	-80.407337	0.0	0.0	0.0021
Blarina	0.0	0.0	42.433997	-71.517783	0.0	0.0	0.0021
Blarina	0.0	0.0	35.706042	-82.603811	0.0	0.0	0.0021
Blarina	0.0	0.0	39.34823	-75.134749	0.0	0.0	0.0021
Blarina	0.0	0.0	41.011264000000004	-81.940322	0.0	0.0	0.0021
Blarina	0.0	0.0	42.540858	-76.601167	0.0	0.0	0.0021
Blarina	0.0	0.0	33.524415000000005	-86.834795	0.0	0.0	0.0021
Blarina	0.0	0.0	30.479069	-84.199995	0.0	0.0	0.0021
Blarina	0.0	0.0	41.539392	-88.166928	0.0	0.0	0.0021
Blarina	0.0	0.0	42.492808000000004	-70.842272	0.0	0.0	0.0021
Blarina	0.0	0.0	41.248146999999996	-95.976753	0.0	0.0	0.0021
Blarina	0.0	0.0	42.432133	-71.107943	0.0	0.0	0.0021
Blarina	0.0	0.0	42.307045	-71.091689	0.0	0.0	0.0021
Blarina	0.0	0.0	41.77539	-72.372674	0.0	0.0	0.0021
Blarina	0.0	0.0	41.255469	-73.569789	0.0	0.0	0.0021
Blarina	0.0	0.0	42.431991	-71.10771899999997	0.0	0.0	0.0021
Blarina	0.0	0.0	38.339289	-75.633977	0.0	0.0	0.0021
Blarina	0.0	0.0	44.626585	-73.27578199999998	0.0	0.0	0.0021
Blarina	0.0	0.0	38.084437	-85.780119	0.0	0.0	0.0021
Blarina	0.0	0.0	40.794783	-73.77623	0.0	0.0	0.0021
Blarina	0.0	0.0	40.821159	-81.0961	0.0	0.0	0.0021
Blarina	0.0	0.0	40.705566999999995	-83.307523	0.0	0.0	0.0021
Blarina	0.0	0.0	44.978181	-93.321311	0.0	0.0	0.0021
Blarina	0.0	0.0	41.53735	-81.859596	0.0	0.0	0.0021
Blarina	0.0	0.0	42.025044	-71.189447	0.0	0.0	0.0021
Blarina	0.0	0.0	42.236877	-70.987747	0.0	0.0	0.0021
Blarina	0.0	0.0	39.25382000000001	-75.461272	0.0	0.0	0.0021
Blarina	0.0	0.0	35.508532	-80.834811	0.0	0.0	0.0021
Blarina	0.0	0.0	40.478888	-74.42053299999998	0.0	0.0	0.0021
Blarina	0.0	0.0	38.054255	-76.646299	0.0	0.0	0.0021
Blarina	0.0	0.0	42.6221	-85.97023	0.0	0.0	0.0021
Blarina	0.0	0.0	43.192433	-71.575478	0.0	0.0	0.0021
Blarina	0.0	0.0	47.079293	-96.434426	0.0	0.0	0.0021
Blarina	0.0	0.0	42.175145	-74.020287	0.0	0.0	0.0021
Blarina	0.0	0.0	42.736165	-73.653805	0.0	0.0	0.0021
Blarina	0.0	0.0	42.431247	-71.32583699999998	0.0	0.0	0.0021
Blarina	0.0	0.0	42.388788	-71.279997	0.0	0.0	0.0021
Blarina	0.0	0.0	42.514399	-74.142747	0.0	0.0	0.0021
Blarina	0.0	0.0	30.506926	-86.458019	0.0	0.0	0.0021
Blarina	0.0	0.0	42.536158	-71.50690999999998	0.0	0.0	0.0021
Blarina	0.0	0.0	41.640345	-70.61630600000002	0.0	0.0	0.0021
Blarina	0.0	0.0	42.733123	-96.19581	0.0	0.0	0.0021
Blarina	0.0	0.0	45.251238	-87.106728	0.0	0.0	0.0021
Blarina	0.0	0.0	42.332478	-72.645705	0.0	0.0	0.0021
Blarina	0.0	0.0	44.154952	-73.024777	0.0	0.0	0.0021
Blarina	0.0	0.0	43.425603	-88.071083	0.0	0.0	0.0021
Blarina	0.0	0.0	43.189805	-88.010584	0.0	0.0	0.0021
Blarina	0.0	0.0	41.830523	-87.889573	0.0	0.0	0.0021
Blarina	0.0	0.0	41.001022	-81.975163	0.0	0.0	0.0021
Blarina	0.0	0.0	41.195907	-81.698231	0.0	0.0	0.0021
Blarina	0.0	0.0	41.557041999999996	-75.713476	0.0	0.0	0.0021
Blarina	0.0	0.0	42.481149	-76.454072	0.0	0.0	0.0021
Blarina	0.0	0.0	38.716421999999994	-77.933944	0.0	0.0	0.0021
Blarina	0.0	0.0	36.001945	-78.934448	0.0	0.0	0.0021
Blarina	0.0	0.0	32.541651	-84.6365	0.0	0.0	0.0021
Blarina	0.0	0.0	42.076626	-75.136421	0.0	0.0	0.0021
Blarina	0.0	0.0	32.2501	-86.088888	0.0	0.0	0.0021
Blarina	0.0	0.0	30.439536	-88.83972800000002	0.0	0.0	0.0021
Blarina	0.0	0.0	42.480537	-76.46186999999998	0.0	0.0	0.0021
Blarina	0.0	0.0	44.183895	-73.037609	0.0	0.0	0.0021
Blarina	0.0	0.0	33.90527	-84.373627	0.0	0.0	0.0021
Blarina	0.0	0.0	41.591328000000004	-83.067277	0.0	0.0	0.0021
Blarina	0.0	0.0	41.138039	-81.388113	0.0	0.0	0.0021
Blarina	0.0	0.0	42.475912	-76.451127	0.0	0.0	0.0021
Blarina	0.0	0.0	34.403535999999995	-86.55124599999998	0.0	0.0	0.0021
Blarina	0.0	0.0	38.895099	-79.64764699999998	0.0	0.0	0.0021
Blarina	0.0	0.0	42.190814	-71.10699699999998	0.0	0.0	0.0021
Blarina	0.0	0.0	44.284471999999994	-72.573442	0.0	0.0	0.0021
Blarina	0.0	0.0	42.475535	-71.32668000000002	0.0	0.0	0.0021
Blarina	0.0	0.0	39.880394	-86.30941800000002	0.0	0.0	0.0021
Blarina	0.0	0.0	32.250111	-86.08881600000002	0.0	0.0	0.0021
Blarina	0.0	0.0	29.662020000000002	-95.447942	0.0	0.0	0.0021
Blarina	0.0	0.0	44.007139	-73.260784	0.0	0.0	0.0021
Blarina	0.0	0.0	41.733821999999996	-70.544862	0.0	0.0	0.0021
Blarina	0.0	0.0	42.40842	-72.541922	0.0	0.0	0.0021
Blarina	0.0	0.0	43.31221	-76.780624	0.0	0.0	0.0021
Blarina	0.0	0.0	36.085327	-79.02121700000002	0.0	0.0	0.0021
Blarina	0.0	0.0	44.591181	-72.611046	0.0	0.0	0.0021
Blarina	0.0	0.0	42.537771	-83.847011	0.0	0.0	0.0021
Blarina	0.0	0.0	44.513263	-73.26691	0.0	0.0	0.0021
Blarina	0.0	0.0	38.770771999999994	-77.050514	0.0	0.0	0.0021
Blarina	0.0	0.0	41.485918	-81.098727	0.0	0.0	0.0021
Blarina	0.0	0.0	43.989247	-73.090972	0.0	0.0	0.0021
Blarina	0.0	0.0	39.669272	-76.714037	0.0	0.0	0.0021
Blarina	0.0	0.0	43.713349	-72.901177	0.0	0.0	0.0021
Blarina	0.0	0.0	44.18253	-73.038955	0.0	0.0	0.0021
Blarina	0.0	0.0	43.590828	-84.262836	0.0	0.0	0.0021
Blarina	0.0	0.0	44.007768	-71.022314	0.0	0.0	0.0021
Blarina	0.0	0.0	44.120571999999996	-72.96671500000002	0.0	0.0	0.0021
Blarina	0.0	0.0	39.322133	-77.636667	0.0	0.0	0.0021
Blarina	0.0	0.0	39.558388	-77.598831	0.0	0.0	0.0021
Blarina	0.0	0.0	44.225994	-69.77870300000001	0.0	0.0	0.0021
Blarina	0.0	0.0	39.389887	-76.652855	0.0	0.0	0.0021
Blarina	0.0	0.0	42.706595	-77.458022	0.0	0.0	0.0021
Blarina	0.0	0.0	43.026162	-77.06132099999998	0.0	0.0	0.0021
Blarina	0.0	0.0	44.338291999999996	-70.017875	0.0	0.0	0.0021
Blarina	0.0	0.0	42.306518	-71.09366700000002	0.0	0.0	0.0021
Blarina	0.0	0.0	42.494118	-71.467764	0.0	0.0	0.0021
Blarina	0.0	0.0	39.291607	-77.736552	0.0	0.0	0.0021
Blarina	0.0	0.0	44.26102	-72.569723	0.0	0.0	0.0021
Blarina	0.0	0.0	41.718428	-71.12427199999998	0.0	0.0	0.0021
Blarina	0.0	0.0	44.152877000000004	-73.02445	0.0	0.0	0.0021
Blarina	0.0	0.0	44.150249	-73.01888199999998	0.0	0.0	0.0021
Blarina	0.0	0.0	41.591273	-73.66086700000002	0.0	0.0	0.0021
Blarina	0.0	0.0	38.928883	-77.06868	0.0	0.0	0.0021
Blarina	0.0	0.0	44.150249	-73.01888199999998	0.0	0.0	0.0021
Blarina	0.0	0.0	39.756305	-79.54209300000002	0.0	0.0	0.0021
Blarina	0.0	0.0	44.265763	-72.57529	0.0	0.0	0.0021
Blarina	0.0	0.0	44.272299	-71.250302	0.0	0.0	0.0021
Blarina	0.0	0.0	44.266762	-72.56716800000002	0.0	0.0	0.0021
Blarina	0.0	0.0	44.152961	-73.028869	0.0	0.0	0.0021
Blarina	0.0	0.0	40.791794	-77.89166999999998	0.0	0.0	0.0021
Blarina	0.0	0.0	44.25111	-71.250557	0.0	0.0	0.0021
Blarina	0.0	0.0	42.344488	-88.10516199999998	0.0	0.0	0.0021
Blarina	0.0	0.0	38.835271	-77.482364	0.0	0.0	0.0021
Blarina	0.0	0.0	41.179737	-73.68618000000002	0.0	0.0	0.0021
Blarina	0.0	0.0	41.759605	-69.977487	0.0	0.0	0.0021
Blarina	0.0	0.0	46.302772	-90.83423499999999	0.0	0.0	0.0021
Blarina	0.0	0.0	43.640011	-70.229626	0.0	0.0	0.0021
Blarina	0.0	0.0	41.045842	-81.803787	0.0	0.0	0.0021
Blarina	0.0	0.0	41.595027	-83.007918	0.0	0.0	0.0021
Blarina	0.0	0.0	41.577882	-75.711044	0.0	0.0	0.0021
Blarina	0.0	0.0	46.218191999999995	-89.51483	0.0	0.0	0.0021
Blarina	0.0	0.0	46.207755	-89.479788	0.0	0.0	0.0021
Blarina	0.0	0.0	41.260292	-88.947342	0.0	0.0	0.0021
Blarina	0.0	0.0	42.427595000000004	-76.381842	0.0	0.0	0.0021
Blarina	0.0	0.0	38.783505	-77.800505	0.0	0.0	0.0021
Blarina	0.0	0.0	42.440342	-71.515197	0.0	0.0	0.0021
Blarina	0.0	0.0	44.396623	-72.890866	0.0	0.0	0.0021
Blarina	0.0	0.0	43.118122	-78.454522	0.0	0.0	0.0021
Blarina	0.0	0.0	44.284431	-72.57494399999999	0.0	0.0	0.0021
Blarina	0.0	0.0	44.54785800000001	-92.145072	0.0	0.0	0.0021
Blarina	0.0	0.0	42.281936	-71.137986	0.0	0.0	0.0021
Blarina	0.0	0.0	44.269271999999994	-72.52378900000002	0.0	0.0	0.0021
Blarina	0.0	0.0	40.436762	-79.905495	0.0	0.0	0.0021
Blarina	0.0	0.0	44.92937	-93.304757	0.0	0.0	0.0021
Blarina	0.0	0.0	44.457344	-93.143757	0.0	0.0	0.0021
Blarina	0.0	0.0	43.954786999999996	-72.991087	0.0	0.0	0.0021
Blarina	0.0	0.0	35.802074	-81.422149	0.0	0.0	0.0021
Blarina	0.0	0.0	45.029007	-93.153047	0.0	0.0	0.0021
Blarina	0.0	0.0	42.453297	-71.080151	0.0	0.0	0.0021
Blarina	0.0	0.0	42.457537	-71.541712	0.0	0.0	0.0021
Blarina	0.0	0.0	44.226017	-69.77865899999999	0.0	0.0	0.0021
Blarina	0.0	0.0	40.589608	-79.757308	0.0	0.0	0.0021
Blarina	0.0	0.0	45.043881	-93.09118199999999	0.0	0.0	0.0021
Blarina	0.0	0.0	42.074495	-72.571925	0.0	0.0	0.0021
Blarina	0.0	0.0	40.433338	-86.775492	0.0	0.0	0.0021
Blarina	0.0	0.0	41.53987	-81.596859	0.0	0.0	0.0021
Blarina	0.0	0.0	38.056553	-76.64850899999998	0.0	0.0	0.0021
Blarina	0.0	0.0	39.273241999999996	-77.541135	0.0	0.0	0.0021
Blarina	0.0	0.0	40.989358	-96.216888	0.0	0.0	0.0021
Blarina	0.0	0.0	43.636375	-70.23742800000001	0.0	0.0	0.0021
Blarina	0.0	0.0	44.26795	-72.57385	0.0	0.0	0.0021
Blarina	0.0	0.0	42.391189000000004	-76.37303399999998	0.0	0.0	0.0021
Blarina	0.0	0.0	41.642556	-87.977345	0.0	0.0	0.0021
Blarina	0.0	0.0	30.136969	-84.104782	0.0	0.0	0.0021
Blarina	0.0	0.0	41.84291500000001	-88.049864	0.0	0.0	0.0021
Blarina	0.0	0.0	47.38532	-91.19762	0.0	0.0	0.0021
Blarina	0.0	0.0	38.780362	-77.371162	0.0	0.0	0.0021
Blarina	0.0	0.0	36.665928	-76.528725	0.0	0.0	0.0021
Blarina	0.0	0.0	38.955212	-95.223838	0.0	0.0	0.0021
Blarina	0.0	0.0	38.796304	-77.219678	0.0	0.0	0.0021
Blarina	0.0	0.0	45.195557	-93.641113	0.0	0.0	0.0021
Blarina	0.0	0.0	41.478688	-81.504976	0.0	0.0	0.0021
Blarina	0.0	0.0	41.14515	-81.900095	0.0	0.0	0.0021
Blarina	0.0	0.0	44.363036	-72.74875	0.0	0.0	0.0021
Blarina	0.0	0.0	42.122679	-87.813358	0.0	0.0	0.0021
Blarina	0.0	0.0	39.81723	-84.332123	0.0	0.0	0.0021
Blarina	0.0	0.0	44.796448	-71.856041	0.0	0.0	0.0021
Blarina	0.0	0.0	44.519853999999995	-73.26490799999998	0.0	0.0	0.0021
Blarina	0.0	0.0	47.382795	-91.194012	0.0	0.0	0.0021
Blarina	0.0	0.0	43.192661	-89.21273000000002	0.0	0.0	0.0021
Blarina	0.0	0.0	41.009991	-81.952545	0.0	0.0	0.0021
Blarina	0.0	0.0	44.505687	-73.22930600000002	0.0	0.0	0.0021
Blarina	0.0	0.0	44.506361	-73.229198	0.0	0.0	0.0021
Blarina	0.0	0.0	41.40125	-72.605278	0.0	0.0	0.0021
Blarina	0.0	0.0	38.970582	-92.554833	0.0	0.0	0.0021
Blarina	0.0	0.0	47.383792	-91.20402800000001	0.0	0.0	0.0021
Blarina	0.0	0.0	38.590206	-92.235979	0.0	0.0	0.0021
Blarina	0.0	0.0	30.523737	-90.472588	0.0	0.0	0.0021
Blarina	0.0	0.0	40.295588	-74.718675	0.0	0.0	0.0021
Blarina	0.0	0.0	39.474996999999995	-82.279708	0.0	0.0	0.0021
Blarina	0.0	0.0	42.89780800000001	-87.86613	0.0	0.0	0.0021
Blarina	0.0	0.0	44.480072	-73.186104	0.0	0.0	0.0021
Blarina	0.0	0.0	47.159392	-94.762664	0.0	0.0	0.0021
Blarina	0.0	0.0	41.001329	-81.975346	0.0	0.0	0.0021
Blarina	0.0	0.0	44.6845	-69.17984200000001	0.0	0.0	0.0021
Blarina	0.0	0.0	42.353706	-88.013695	0.0	0.0	0.0021
Blarina	0.0	0.0	41.054821000000004	-73.544759	0.0	0.0	0.0021
Blarina	0.0	0.0	38.999492	-76.873628	0.0	0.0	0.0021
Blarina	0.0	0.0	37.595905	-77.473587	0.0	0.0	0.0021
Blarina	0.0	0.0	38.587167	-92.23464200000001	0.0	0.0	0.0021
Blarina	0.0	0.0	44.082297	-92.539475	0.0	0.0	0.0021
Blarina	0.0	0.0	44.287365	-72.440862	0.0	0.0	0.0021
Blarina	0.0	0.0	42.40593	-71.330733	0.0	0.0	0.0021
Blarina	0.0	0.0	33.565799	-86.950673	0.0	0.0	0.0021
Blarina	0.0	0.0	41.062765999999996	-81.396497	0.0	0.0	0.0021
Blarina	0.0	0.0	38.753058	-77.110559	0.0	0.0	0.0021
Blarina	0.0	0.0	42.640591	-84.515254	0.0	0.0	0.0021
Blarina	0.0	0.0	41.065630999999996	-81.357816	0.0	0.0	0.0021
Blarina	0.0	0.0	43.706115000000004	-70.24094000000001	0.0	0.0	0.0021
Blarina	0.0	0.0	41.012556	-81.394067	0.0	0.0	0.0021
Blarina	0.0	0.0	45.070126	-92.847433	0.0	0.0	0.0021
Blarina	0.0	0.0	41.711765	-73.224002	0.0	0.0	0.0021
Blarina	0.0	0.0	41.579437	-87.950448	0.0	0.0	0.0021
Blarina	0.0	0.0	43.09424600000001	-85.466981	0.0	0.0	0.0021
Blarina	0.0	0.0	43.313102	-84.16481800000003	0.0	0.0	0.0021
Blarina	0.0	0.0	38.877338	-77.139531	0.0	0.0	0.0021
Blarina	0.0	0.0	40.428748999999996	-79.90258	0.0	0.0	0.0021
Blarina	0.0	0.0	39.191075	-76.88584200000003	0.0	0.0	0.0021
Blarina	0.0	0.0	42.460985	-76.477847	0.0	0.0	0.0021
Blarina	0.0	0.0	40.426684	-79.90345	0.0	0.0	0.0021
Blarina	0.0	0.0	40.430323	-79.90289	0.0	0.0	0.0021
Blarina	0.0	0.0	47.383896	-91.185907	0.0	0.0	0.0021
Blarina	0.0	0.0	44.417105	-72.219143	0.0	0.0	0.0021
Blarina	0.0	0.0	38.94622800000001	-92.446573	0.0	0.0	0.0021
Blarina	0.0	0.0	44.466567	-93.19211800000001	0.0	0.0	0.0021
Blarina	0.0	0.0	46.288722	-85.944028	0.0	0.0	0.0021
Blarina	0.0	0.0	39.81005800000001	-75.682156	0.0	0.0	0.0021
Blarina	0.0	0.0	41.518478	-81.523763	0.0	0.0	0.0021
Blarina	0.0	0.0	39.541705	-81.323678	0.0	0.0	0.0021
Blarina	0.0	0.0	44.898338	-93.362634	0.0	0.0	0.0021
Blarina	0.0	0.0	38.834807	-92.402736	0.0	0.0	0.0021
Blarina	0.0	0.0	42.321121999999995	-72.528719	0.0	0.0	0.0021
Blarina	0.0	0.0	41.63762	-87.975175	0.0	0.0	0.0021
Blarina	0.0	0.0	40.037341	-75.69135	0.0	0.0	0.0021
Blarina	0.0	0.0	41.086778	-81.351662	0.0	0.0	0.0021
Blarina	0.0	0.0	38.793447	-77.27165	0.0	0.0	0.0021
Blarina	0.0	0.0	44.828540999999994	-71.948037	0.0	0.0	0.0021
Blarina	0.0	0.0	38.054913	-76.647856	0.0	0.0	0.0021
Blarina	0.0	0.0	40.065011	-75.221655	0.0	0.0	0.0021
Blarina	0.0	0.0	38.540283	-77.369069	0.0	0.0	0.0021
Blarina	0.0	0.0	34.885944	-85.364319	0.0	0.0	0.0021
Blarina	0.0	0.0	42.448837	-76.46778	0.0	0.0	0.0021
Blarina	0.0	0.0	40.021853	-75.109163	0.0	0.0	0.0021
Blarina	0.0	0.0	44.599281	-68.674856	0.0	0.0	0.0021
Blarina	0.0	0.0	38.677433	-78.25370799999997	0.0	0.0	0.0021
Blarina	0.0	0.0	34.839116	-78.73119200000002	0.0	0.0	0.0021
Blarina	0.0	0.0	38.05291	-76.646488	0.0	0.0	0.0021
Blarina	0.0	0.0	32.327597999999995	-97.67554399999999	0.0	0.0	0.0021
Blarina	0.0	0.0	30.379758000000002	-84.984008	0.0	0.0	0.0021
Blarina	0.0	0.0	44.445659	-73.195902	0.0	0.0	0.0021
Blarina	0.0	0.0	41.139789	-81.894876	0.0	0.0	0.0021
Blarina	0.0	0.0	43.036983	-88.925728	0.0	0.0	0.0021
Blarina	0.0	0.0	43.751858	-72.3694	0.0	0.0	0.0021
Blarina	0.0	0.0	36.003813	-78.973493	0.0	0.0	0.0021
Blarina	0.0	0.0	41.983975	-85.768745	0.0	0.0	0.0021
Blarina	0.0	0.0	44.363614	-72.74861999999997	0.0	0.0	0.0021
Blarina	0.0	0.0	33.848420000000004	-84.28684200000002	0.0	0.0	0.0021
Blarina	0.0	0.0	42.470987	-70.916101	0.0	0.0	0.0021
Blarina	0.0	0.0	42.491111	-71.47616	0.0	0.0	0.0021
Blarina	0.0	0.0	38.767227	-77.048642	0.0	0.0	0.0021
Blarina	0.0	0.0	41.010242	-81.951369	0.0	0.0	0.0021
Blarina	0.0	0.0	44.507911	-73.229483	0.0	0.0	0.0021
Blarina	0.0	0.0	43.373713	-72.532928	0.0	0.0	0.0021
Blarina	0.0	0.0	40.547160999999996	-78.41203900000002	0.0	0.0	0.0021
Blarina	0.0	0.0	41.191997	-81.585817	0.0	0.0	0.0021
Blarina	0.0	0.0	41.152489	-81.54857	0.0	0.0	0.0021
Blarina	0.0	0.0	42.16076500000001	-71.13723900000002	0.0	0.0	0.0021
Blarina	0.0	0.0	41.672321999999994	-75.063325	0.0	0.0	0.0021
Blarina	0.0	0.0	41.690784	-91.55275	0.0	0.0	0.0021
Blarina	0.0	0.0	41.563122	-81.437842	0.0	0.0	0.0021
Blarina	0.0	0.0	36.149594	-80.29985699999997	0.0	0.0	0.0021
Blarina	0.0	0.0	42.474463	-83.994576	0.0	0.0	0.0021
Blarina	0.0	0.0	40.515511	-74.222499	0.0	0.0	0.0021
Blarina	0.0	0.0	41.203981	-81.476107	0.0	0.0	0.0021
Blarina	0.0	0.0	33.90143	-83.381744	0.0	0.0	0.0021
Blarina	0.0	0.0	39.038441	-77.48911	0.0	0.0	0.0021
Blarina	0.0	0.0	41.98003	-71.470682	0.0	0.0	0.0021
Blarina	0.0	0.0	42.126419	-71.637733	0.0	0.0	0.0021
Blarina	0.0	0.0	46.199586	-91.095054	0.0	0.0	0.0021
Blarina	0.0	0.0	47.38415300000001	-91.190442	0.0	0.0	0.0021
Blarina	0.0	0.0	38.925388	-77.047067	0.0	0.0	0.0021
Blarina	0.0	0.0	30.545486999999998	-91.102329	0.0	0.0	0.0021
Blarina	0.0	0.0	44.713260999999996	-73.343009	0.0	0.0	0.0021
Blarina	0.0	0.0	43.974748999999996	-73.036765	0.0	0.0	0.0021
Blarina	0.0	0.0	43.184428000000004	-89.21128900000002	0.0	0.0	0.0021
Blarina	0.0	0.0	47.016613	-91.667201	0.0	0.0	0.0021
Blarina	0.0	0.0	39.346338	-77.619701	0.0	0.0	0.0021
Blarina	0.0	0.0	41.095333000000004	-82.0055	0.0	0.0	0.0021
Blarina	0.0	0.0	30.666717	-89.133332	0.0	0.0	0.0021
Blarina	0.0	0.0	39.2936	-84.686964	0.0	0.0	0.0021
Blarina	0.0	0.0	35.544634	-82.370806	0.0	0.0	0.0021
Blarina	0.0	0.0	40.491852	-74.725838	0.0	0.0	0.0021
Blarina	0.0	0.0	40.429629999999996	-79.913575	0.0	0.0	0.0021
Blarina	0.0	0.0	39.12563	-76.907403	0.0	0.0	0.0021
Blarina	0.0	0.0	43.68372	-70.30591700000001	0.0	0.0	0.0021
Blarina	0.0	0.0	38.90563	-76.966009	0.0	0.0	0.0021
Blarina	0.0	0.0	40.444693	-79.89768000000002	0.0	0.0	0.0021
Blarina	0.0	0.0	37.375784	-80.520365	0.0	0.0	0.0021
Blarina	0.0	0.0	43.707142	-70.243462	0.0	0.0	0.0021
Blarina	0.0	0.0	43.817657000000004	-72.542751	0.0	0.0	0.0021
Blarina	0.0	0.0	42.461145	-71.318772	0.0	0.0	0.0021
Blarina	0.0	0.0	38.946259999999995	-92.44653000000001	0.0	0.0	0.0021
Blarina	0.0	0.0	43.820995	-72.637108	0.0	0.0	0.0021
Blarina	0.0	0.0	41.659447	-81.414624	0.0	0.0	0.0021
Blarina	0.0	0.0	40.999316	-81.976114	0.0	0.0	0.0021
Blarina	0.0	0.0	44.688545	-72.66520899999998	0.0	0.0	0.0021
Blarina	0.0	0.0	37.381648	-80.52350200000002	0.0	0.0	0.0021
Blarina	0.0	0.0	39.772355	-81.290975	0.0	0.0	0.0021
Blarina	0.0	0.0	40.828705	-81.76219300000002	0.0	0.0	0.0021
Blarina	0.0	0.0	41.200762	-81.535133	0.0	0.0	0.0021
Blarina	0.0	0.0	40.021084	-81.457971	0.0	0.0	0.0021
Blarina	0.0	0.0	41.131781	-81.539964	0.0	0.0	0.0021
Blarina	0.0	0.0	40.742395	-73.738434	0.0	0.0	0.0021
Blarina	0.0	0.0	41.103989	-81.543708	0.0	0.0	0.0021
Blarina	0.0	0.0	40.30178400000001	-75.035562	0.0	0.0	0.0021
Blarina	0.0	0.0	44.405899	-70.85920899999998	0.0	0.0	0.0021
Blarina	0.0	0.0	41.600747	-81.460105	0.0	0.0	0.0021
Blarina	0.0	0.0	44.71444	-73.33171999999998	0.0	0.0	0.0021
Blarina	0.0	0.0	40.318819	-76.885993	0.0	0.0	0.0021
Blarina	0.0	0.0	40.380557	-74.741964	0.0	0.0	0.0021
Blarina	0.0	0.0	44.421069	-72.772478	0.0	0.0	0.0021
Blarina	0.0	0.0	42.766251000000004	-83.078686	0.0	0.0	0.0021
Blarina	0.0	0.0	41.313414	-81.399511	0.0	0.0	0.0021
Blarina	0.0	0.0	40.022558000000004	-75.105254	0.0	0.0	0.0021
Blarina	0.0	0.0	31.331444	-94.707153	0.0	0.0	0.0021
Blarina	0.0	0.0	43.047227	-72.667843	0.0	0.0	0.0021
Blarina	0.0	0.0	44.024503	-73.184845	0.0	0.0	0.0021
Blarina	0.0	0.0	43.853536	-72.588993	0.0	0.0	0.0021
Blarina	0.0	0.0	43.129301	-72.527827	0.0	0.0	0.0021
Blarina	0.0	0.0	38.773986	-77.05032	0.0	0.0	0.0021
Blarina	0.0	0.0	41.016737	-81.513777	0.0	0.0	0.0021
Blarina	0.0	0.0	40.074882	-84.53598000000002	0.0	0.0	0.0021
Blarina	0.0	0.0	39.586791999999996	-77.003213	0.0	0.0	0.0021
Blarina	0.0	0.0	39.89024600000001	-76.38485	0.0	0.0	0.0021
Blarina	0.0	0.0	42.568366	-72.535515	0.0	0.0	0.0021
Blarina	0.0	0.0	39.214797999999995	-76.91468	0.0	0.0	0.0021
Blarina	0.0	0.0	44.334348999999996	-72.387651	0.0	0.0	0.0021
Blarina	0.0	0.0	38.908038	-76.974492	0.0	0.0	0.0021
Blarina	0.0	0.0	40.273703999999995	-76.40607299999998	0.0	0.0	0.0021
Blarina	0.0	0.0	44.020562	-73.179926	0.0	0.0	0.0021
Blarina	0.0	0.0	38.915805	-76.961062	0.0	0.0	0.0021
Blarina	0.0	0.0	35.35494600000001	-76.972532	0.0	0.0	0.0021
Blarina	0.0	0.0	41.06042100000001	-81.35506600000002	0.0	0.0	0.0021
Blarina	0.0	0.0	42.093903999999995	-80.141925	0.0	0.0	0.0021
Blarina	0.0	0.0	42.468863	-71.358331	0.0	0.0	0.0021
Blarina	0.0	0.0	42.861787	-70.978052	0.0	0.0	0.0021
Blarina	0.0	0.0	42.898031	-70.987868	0.0	0.0	0.0021
Blarina	0.0	0.0	39.063965	-78.06519899999998	0.0	0.0	0.0021
Blarina	0.0	0.0	38.926381	-92.276788	0.0	0.0	0.0021
Blarina	0.0	0.0	28.725803999999997	-97.046785	0.0	0.0	0.0021
Blarina	0.0	0.0	43.100759000000004	-89.35464	0.0	0.0	0.0021
Blarina	0.0	0.0	38.92913400000001	-92.388977	0.0	0.0	0.0021
Blarina	0.0	0.0	35.826498	-82.5493	0.0	0.0	0.0021
Blarina	0.0	0.0	39.279333	-84.74856700000002	0.0	0.0	0.0021
Blarina	0.0	0.0	39.9961	-83.0189	0.0	0.0	0.0021
Blarina	0.0	0.0	39.9961	-83.0189	0.0	0.0	0.0021
Blarina	0.0	0.0	39.9961	-83.0189	0.0	0.0	0.0021
Blarina	0.0	0.0	34.335027000000004	-94.6833	0.0	0.0	0.0021
Blarina	0.0	0.0	43.520745	-80.246353	0.0	0.0	0.0021
Blarina	0.0	0.0	43.348168	-80.11149	0.0	0.0	0.0021
Blarina	0.0	0.0	43.412607	-80.586035	0.0	0.0	0.0021
Blarina	0.0	0.0	43.620149	-79.876233	0.0	0.0	0.0021
Blarina	0.0	0.0	42.670392	-80.403498	0.0	0.0	0.0021
Blarina	0.0	0.0	44.496625	-78.430975	0.0	0.0	0.0021
Blarina	0.0	0.0	43.444423	-79.878791	0.0	0.0	0.0021
Blarina	0.0	0.0	41.918344	-82.510306	0.0	0.0	0.0021
Blarina	0.0	0.0	43.267581	-81.810973	0.0	0.0	0.0021
Blarina	0.0	0.0	41.91585300000001	-82.50943000000002	0.0	0.0	0.0021
Blarina	0.0	0.0	48.468961	-89.281418	0.0	0.0	0.0021
Blarina	0.0	0.0	45.276969	-72.145443	0.0	0.0	0.0021
Blarina	0.0	0.0	44.640042	-63.60676700000001	0.0	0.0	0.0021
Blarina	0.0	0.0	45.297976	-75.814513	0.0	0.0	0.0021
Blarina	0.0	0.0	42.645417	-80.553719	0.0	0.0	0.0021
Blarina	0.0	0.0	45.100372	-77.976228	0.0	0.0	0.0021
Blarina	0.0	0.0	44.84834	-79.229561	0.0	0.0	0.0021
Blarina	0.0	0.0	45.448049	-75.65524	0.0	0.0	0.0021
Blarina	0.0	0.0	43.694456	-80.248161	0.0	0.0	0.0021
Blarina	0.0	0.0	44.497245	-78.43073000000003	0.0	0.0	0.0021
Blarina	0.0	0.0	42.094507	-82.456414	0.0	0.0	0.0021
Blarina	0.0	0.0	43.323788	-80.386448	0.0	0.0	0.0021
Blarina	0.0	0.0	43.354155	-80.351241	0.0	0.0	0.0021
Blarina	0.0	0.0	44.141506	-76.388323	0.0	0.0	0.0021
Blarina	0.0	0.0	43.293021	-79.87870600000002	0.0	0.0	0.0021
Blarina	0.0	0.0	46.024793	-77.802189	0.0	0.0	0.0021
Blarina	0.0	0.0	44.476344	-80.316271	0.0	0.0	0.0021
Blarina	0.0	0.0	42.378764000000004	-82.400574	0.0	0.0	0.0021
Blarina	0.0	0.0	45.189753	-78.231844	0.0	0.0	0.0021
Blarina	0.0	0.0	45.552738	-78.63307900000002	0.0	0.0	0.0021
Blarina	0.0	0.0	43.205657	-79.811464	0.0	0.0	0.0021
Blarina	0.0	0.0	42.214012	-82.789298	0.0	0.0	0.0021
Blarina	0.0	0.0	46.34277700000001	-74.22333499999998	0.0	0.0	0.0021
Blarina	0.0	0.0	44.752308	-76.23625200000002	0.0	0.0	0.0021
Blarina	0.0	0.0	50.073322	-96.817895	0.0	0.0	0.0021
Blarina	0.0	0.0	45.012003	-76.819278	0.0	0.0	0.0021
Blarina	0.0	0.0	45.966806	-66.58456899999999	0.0	0.0	0.0021
Blarina	0.0	0.0	45.62603	-78.42025	0.0	0.0	0.0021
Blarina	0.0	0.0	43.571836	-80.255616	0.0	0.0	0.0021
Blarina	0.0	0.0	45.055113	-79.047878	0.0	0.0	0.0021
Blarina	0.0	0.0	44.981807	-78.016475	0.0	0.0	0.0021
Blarina	0.0	0.0	43.23842	-79.893153	0.0	0.0	0.0021
Blarina	0.0	0.0	44.521	-76.5383	0.0	0.0	0.0021
Blarina	0.0	0.0	45.373248	-75.892349	0.0	0.0	0.0021
Blarina	0.0	0.0	43.465995	-80.221707	0.0	0.0	0.0021
Blarina	0.0	0.0	44.409037	-78.76980400000002	0.0	0.0	0.0021
Blarina	0.0	0.0	46.311982	-83.302076	0.0	0.0	0.0021
Blarina	0.0	0.0	45.369052	-75.79610799999998	0.0	0.0	0.0021
Blarina	0.0	0.0	43.991695	-77.706222	0.0	0.0	0.0021
Blarina	0.0	0.0	46.069381	-81.16642900000002	0.0	0.0	0.0021
Blarina	0.0	0.0	46.214991	-72.143692	0.0	0.0	0.0021
Blarina	0.0	0.0	43.932633	-79.44367199999998	0.0	0.0	0.0021
Blarina	0.0	0.0	43.466312	-80.222002	0.0	0.0	0.0021
Blarina	0.0	0.0	43.039372	-81.271563	0.0	0.0	0.0021
Blarina	0.0	0.0	44.297753	-78.358995	0.0	0.0	0.0021
Blarina	0.0	0.0	44.339698999999996	-78.3037	0.0	0.0	0.0021
Blarina	0.0	0.0	43.903332	-78.869164	0.0	0.0	0.0021
Blarina	0.0	0.0	44.343126	-78.30448100000002	0.0	0.0	0.0021
Blarina	0.0	0.0	42.331882	-82.003152	0.0	0.0	0.0021
Blarina	0.0	0.0	45.459794	-75.657962	0.0	0.0	0.0021
Blarina	0.0	0.0	45.532683	-75.993736	0.0	0.0	0.0021
Blarina	0.0	0.0	45.28373300000001	-75.877726	0.0	0.0	0.0021
Blarina	0.0	0.0	44.041526	-79.943961	0.0	0.0	0.0021
Blarina	0.0	0.0	43.016479	-81.48059	0.0	0.0	0.0021
Blarina	0.0	0.0	44.946713	-75.722912	0.0	0.0	0.0021
Blarina	0.0	0.0	44.947175	-75.722887	0.0	0.0	0.0021
Blarina	0.0	0.0	44.784356	-65.387322	0.0	0.0	0.0021
Blarina	0.0	0.0	44.38107700000001	-77.80158	0.0	0.0	0.0021
Blarina	0.0	0.0	45.897796	-64.22227	0.0	0.0	0.0021
Blarina	0.0	0.0	43.537822999999996	-80.21776700000002	0.0	0.0	0.0021
Blarina	0.0	0.0	49.817861	-74.40405	0.0	0.0	0.0021
Blarina	0.0	0.0	43.900447	-78.623768	0.0	0.0	0.0021
Blarina	0.0	0.0	42.452683	-82.410933	0.0	0.0	0.0021
Blarina	0.0	0.0	44.339794	-78.248019	0.0	0.0	0.0021
Blarina	0.0	0.0	43.949503	-79.78299	0.0	0.0	0.0021
Blarina	0.0	0.0	44.130131	-78.121597	0.0	0.0	0.0021
Blarina	0.0	0.0	44.610052	-77.999117	0.0	0.0	0.0021
Blarina	0.0	0.0	46.629303	-84.476965	0.0	0.0	0.0021
Blarina	0.0	0.0	42.966196000000004	-81.257982	0.0	0.0	0.0021
Blarina	0.0	0.0	44.962282	-76.983946	0.0	0.0	0.0021
Blarina	0.0	0.0	44.506116	-78.472831	0.0	0.0	0.0021
Blarina	0.0	0.0	43.921252	-80.110399	0.0	0.0	0.0021
Blarina	0.0	0.0	43.998251	-77.726331	0.0	0.0	0.0021
Blarina	0.0	0.0	43.996094	-77.706415	0.0	0.0	0.0021
Blarina	0.0	0.0	45.565032	-78.289834	0.0	0.0	0.0021
Blarina	0.0	0.0	44.274311	-78.350763	0.0	0.0	0.0021
Blarina	0.0	0.0	50.641513	-99.970878	0.0	0.0	0.0021
Blarina	0.0	0.0	50.477163	-95.999808	0.0	0.0	0.0021
Blarina	0.0	0.0	42.891971999999996	-79.20639200000002	0.0	0.0	0.0021
Blarina	0.0	0.0	45.588815999999994	-78.372881	0.0	0.0	0.0021
Blarina	0.0	0.0	45.506125	-75.337227	0.0	0.0	0.0021
Blarina	0.0	0.0	44.363521999999996	-78.28878	0.0	0.0	0.0021
Blarina	0.0	0.0	44.362821999999994	-78.28878	0.0	0.0	0.0021
Blarina	0.0	0.0	44.274337	-78.35096	0.0	0.0	0.0021
Blarina	0.0	0.0	44.373497	-79.781118	0.0	0.0	0.0021
Blarina	0.0	0.0	43.61145	-80.14225	0.0	0.0	0.0021
Blarina	0.0	0.0	45.892998	-66.77188100000001	0.0	0.0	0.0021
Blarina	0.0	0.0	44.876283	-76.035484	0.0	0.0	0.0021
Blarina	0.0	0.0	43.191567	-79.82794799999998	0.0	0.0	0.0021
Blarina	0.0	0.0	44.946925	-75.72293	0.0	0.0	0.0021
Blarina	0.0	0.0	44.418833	-78.259163	0.0	0.0	0.0021
Blarina	0.0	0.0	44.909715999999996	-75.689053	0.0	0.0	0.0021
Blarina	0.0	0.0	44.338534	-78.30546700000002	0.0	0.0	0.0021
Blarina	0.0	0.0	48.653618	-93.66346999999999	0.0	0.0	0.0021
Blarina	0.0	0.0	47.324853999999995	-79.441068	0.0	0.0	0.0021
Blarina	0.0	0.0	43.694412	-80.24910799999998	0.0	0.0	0.0021
Blarina	0.0	0.0	43.424739	-80.514889	0.0	0.0	0.0021
Blarina	0.0	0.0	42.259695	-83.06994	0.0	0.0	0.0021
Blarina	0.0	0.0	43.853825	-78.898031	0.0	0.0	0.0021
Blarina	0.0	0.0	48.447006	-89.21688	0.0	0.0	0.0021
Blarina	0.0	0.0	45.291257	-75.82670300000002	0.0	0.0	0.0021
Blarina	0.0	0.0	45.446014	-75.65305699999998	0.0	0.0	0.0021
Blarina	0.0	0.0	45.447221	-75.651676	0.0	0.0	0.0021
Blarina	0.0	0.0	43.914126	-79.699297	0.0	0.0	0.0021
Blarina	0.0	0.0	43.07483	-81.187556	0.0	0.0	0.0021
Blarina	0.0	0.0	43.400801	-80.365853	0.0	0.0	0.0021
Blarina	0.0	0.0	43.816	-79.167	0.0	0.0	0.0021
Blarina	0.0	0.0	43.831	-79.179	0.0	0.0	0.0021
Blarina	0.0	0.0	43.803999999999995	-79.146	0.0	0.0	0.0021
Blarina	0.0	0.0	43.795	-79.124	0.0	0.0	0.0021
Blarina	0.0	0.0	45.121858	-61.904453000000004	0.0	0.0	0.0021
Blarina	0.0	0.0	43.508117999999996	-80.234347	0.0	0.0	0.0021
Blarina	0.0	0.0	44.798922999999995	-79.208752	0.0	0.0	0.0021
Blarina	0.0	0.0	48.665124	-78.539221	0.0	0.0	0.0021
Blarina	0.0	0.0	45.373928	-71.927317	0.0	0.0	0.0021
