species	max_age	min_age	lat	lon	family	mean_age	rounded_ages
Felis	0.0	0.0	33.402752	-111.67945900000001	0.0	0.0	0.0021
Felis	0.0	0.0	38.012071999999996	-122.50469199999999	0.0	0.0	0.0021
Felis	0.0	0.0	37.741695	-122.20859899999999	0.0	0.0	0.0021
Felis	0.0	0.0	36.20914000000001	-83.404146	0.0	0.0	0.0021
Felis	0.0	0.0	37.43136	-122.086729	0.0	0.0	0.0021
Felis	0.0	0.0	40.858501000000004	-73.802589	0.0	0.0	0.0021
Felis	0.0	0.0	32.950656	-105.74458899999999	0.0	0.0	0.0021
Felis	0.0	0.0	40.73973	-73.953638	0.0	0.0	0.0021
Felis	0.0	0.0	29.384055	-94.866212	0.0	0.0	0.0021
Felis	0.0	0.0	30.534774	-91.123351	0.0	0.0	0.0021
Felis	0.0	0.0	39.43278	-82.130464	0.0	0.0	0.0021
Felis	0.0	0.0	30.379906	-87.021485	0.0	0.0	0.0021
Felis	0.0	0.0	38.94622800000001	-92.446573	0.0	0.0	0.0021
Felis	0.0	0.0	33.59584	-101.835329	0.0	0.0	0.0021
Felis	0.0	0.0	31.057238	-97.465562	0.0	0.0	0.0021
Felis	0.0	0.0	30.257692	-95.69339699999999	0.0	0.0	0.0021
Felis	0.0	0.0	31.153025	-97.418463	0.0	0.0	0.0021
Felis	0.0	0.0	38.018119	-121.81966399999999	0.0	0.0	0.0021
Felis	0.0	0.0	32.847903	-95.992253	0.0	0.0	0.0021
Felis	0.0	0.0	29.382184999999996	-94.861277	0.0	0.0	0.0021
Felis	0.0	0.0	30.433642	-84.29384399999998	0.0	0.0	0.0021
Felis	0.0	0.0	38.030586	-84.679383	0.0	0.0	0.0021
Felis	0.0	0.0	28.061206	-97.874539	0.0	0.0	0.0021
Felis	0.0	0.0	38.618947999999996	-121.71141100000001	0.0	0.0	0.0021
Felis	0.0	0.0	34.392158	-118.917045	0.0	0.0	0.0021
Felis	0.0	0.0	43.103989	-87.898003	0.0	0.0	0.0021
Felis	0.0	0.0	32.82496	-96.714435	0.0	0.0	0.0021
Felis	0.0	0.0	30.485805	-84.385715	0.0	0.0	0.0021
Felis	0.0	0.0	38.6198	-89.355369	0.0	0.0	0.0021
Felis	0.0	0.0	32.47935	-99.731959	0.0	0.0	0.0021
Felis	0.0	0.0	26.610013000000002	-82.02542199999998	0.0	0.0	0.0021
Felis	0.0	0.0	32.216542	-98.21491999999999	0.0	0.0	0.0021
Felis	0.0	0.0	39.829582	-74.992357	0.0	0.0	0.0021
Felis	0.0	0.0	29.765015000000002	-95.452405	0.0	0.0	0.0021
Felis	0.0	0.0	40.998325	-74.74623000000003	0.0	0.0	0.0021
Felis	0.0	0.0	32.888117	-97.120136	0.0	0.0	0.0021
Felis	0.0	0.0	34.388458	-118.916375	0.0	0.0	0.0021
Felis	0.0	0.0	32.947236	-97.103476	0.0	0.0	0.0021
Felis	0.0	0.0	30.635067	-97.666275	0.0	0.0	0.0021
Felis	0.0	0.0	37.55315	-84.239891	0.0	0.0	0.0021
Felis	0.0	0.0	40.124952	-86.076204	0.0	0.0	0.0021
Felis	0.0	0.0	34.728984999999994	-86.63969499999996	0.0	0.0	0.0021
Felis	0.0	0.0	26.18195	-80.125959	0.0	0.0	0.0021
Felis	0.0	0.0	32.947228	-97.103474	0.0	0.0	0.0021
Felis	0.0	0.0	35.325647	-94.301601	0.0	0.0	0.0021
Felis	0.0	0.0	41.012376	-81.38631099999998	0.0	0.0	0.0021
Felis	0.0	0.0	39.34633	-77.61986800000003	0.0	0.0	0.0021
Felis	0.0	0.0	33.417068	-111.802773	0.0	0.0	0.0021
Felis	0.0	0.0	30.41940300000001	-84.285608	0.0	0.0	0.0021
Felis	0.0	0.0	31.331509999999998	-94.707243	0.0	0.0	0.0021
Felis	0.0	0.0	42.2035	-122.700722	0.0	0.0	0.0021
Felis	0.0	0.0	42.23301	-121.78955800000001	0.0	0.0	0.0021
Felis	0.0	0.0	42.443961	-76.50188100000003	0.0	0.0	0.0021
Felis	0.0	0.0	31.374159999999996	-94.727423	0.0	0.0	0.0021
Felis	0.0	0.0	38.898615	-76.942621	0.0	0.0	0.0021
Felis	0.0	0.0	29.897405	-97.94833	0.0	0.0	0.0021
Felis	0.0	0.0	32.448105	-93.675877	0.0	0.0	0.0021
Felis	0.0	0.0	28.000835	-81.385814	0.0	0.0	0.0021
Felis	0.0	0.0	30.286733	-97.739359	0.0	0.0	0.0021
Felis	0.0	0.0	39.365790000000004	-99.84584100000001	0.0	0.0	0.0021
Felis	0.0	0.0	41.029346999999994	-73.794287	0.0	0.0	0.0021
Felis	0.0	0.0	39.834243	-74.988652	0.0	0.0	0.0021
Felis	0.0	0.0	37.296155	-78.39729399999997	0.0	0.0	0.0021
Felis	0.0	0.0	29.897728999999998	-97.944388	0.0	0.0	0.0021
Felis	0.0	0.0	26.312013	-80.15515699999997	0.0	0.0	0.0021
Felis	0.0	0.0	40.115927	-76.316077	0.0	0.0	0.0021
Felis	0.0	0.0	32.741225	-97.148064	0.0	0.0	0.0021
Felis	0.0	0.0	34.712693	-86.551147	0.0	0.0	0.0021
Felis	0.0	0.0	34.831987	-86.458078	0.0	0.0	0.0021
Felis	0.0	0.0	41.101566	-81.512357	0.0	0.0	0.0021
Felis	0.0	0.0	41.090652	-73.91791500000002	0.0	0.0	0.0021
Felis	0.0	0.0	38.568692999999996	-121.740278	0.0	0.0	0.0021
Felis	0.0	0.0	41.08741	-73.931977	0.0	0.0	0.0021
Felis	0.0	0.0	25.721562	-80.2793	0.0	0.0	0.0021
Felis	0.0	0.0	34.350103000000004	-119.051872	0.0	0.0	0.0021
Felis	0.0	0.0	39.365790000000004	-99.84584100000001	0.0	0.0	0.0021
Felis	0.0	0.0	37.345107	-121.907623	0.0	0.0	0.0021
Felis	0.0	0.0	41.752262	-87.550015	0.0	0.0	0.0021
Felis	0.0	0.0	34.422742	-119.69783000000001	0.0	0.0	0.0021
Felis	0.0	0.0	32.858129999999996	-96.99309699999999	0.0	0.0	0.0021
Felis	0.0	0.0	42.406463	-85.381024	0.0	0.0	0.0021
Felis	0.0	0.0	32.795883	-116.97100800000001	0.0	0.0	0.0021
Felis	0.0	0.0	35.097233	-106.66943300000001	0.0	0.0	0.0021
Felis	0.0	0.0	31.059109999999997	-97.451948	0.0	0.0	0.0021
Felis	0.0	0.0	44.4966	-68.858528	0.0	0.0	0.0021
Felis	0.0	0.0	38.756459	-121.234452	0.0	0.0	0.0021
Felis	0.0	0.0	37.665329	-85.530751	0.0	0.0	0.0021
Felis	0.0	0.0	39.037682000000004	-123.20175800000001	0.0	0.0	0.0021
Felis	0.0	0.0	39.050138000000004	-123.212274	0.0	0.0	0.0021
Felis	0.0	0.0	40.115927	-76.316077	0.0	0.0	0.0021
Felis	0.0	0.0	41.774190000000004	-87.85916999999998	0.0	0.0	0.0021
Felis	0.0	0.0	39.772797	-75.291162	0.0	0.0	0.0021
Felis	0.0	0.0	41.752262	-87.550015	0.0	0.0	0.0021
Felis	0.0	0.0	42.20388	-122.720978	0.0	0.0	0.0021
Felis	0.0	0.0	31.838969	-106.532674	0.0	0.0	0.0021
Felis	0.0	0.0	39.942567	-104.745387	0.0	0.0	0.0021
Felis	0.0	0.0	38.568692999999996	-121.740278	0.0	0.0	0.0021
Felis	0.0	0.0	40.840363	-73.871462	0.0	0.0	0.0021
Felis	0.0	0.0	28.197809999999997	-81.29375999999998	0.0	0.0	0.0021
Felis	0.0	0.0	40.191691999999996	-75.460512	0.0	0.0	0.0021
Felis	0.0	0.0	47.993075	-122.17603500000001	0.0	0.0	0.0021
Felis	0.0	0.0	41.312474	-74.147257	0.0	0.0	0.0021
Felis	0.0	0.0	29.758478000000004	-95.771464	0.0	0.0	0.0021
Felis	0.0	0.0	29.694678999999997	-95.303726	0.0	0.0	0.0021
Felis	0.0	0.0	29.667562	-95.565922	0.0	0.0	0.0021
Felis	0.0	0.0	29.678967	-95.621174	0.0	0.0	0.0021
Felis	0.0	0.0	38.782687	-90.579914	0.0	0.0	0.0021
Felis	0.0	0.0	29.76277	-95.383022	0.0	0.0	0.0021
Felis	0.0	0.0	30.440642999999998	-90.14376999999999	0.0	0.0	0.0021
Felis	0.0	0.0	27.921649	-81.53785500000002	0.0	0.0	0.0021
Felis	0.0	0.0	27.958008000000003	-81.559235	0.0	0.0	0.0021
Felis	0.0	0.0	27.835565999999996	-81.677518	0.0	0.0	0.0021
Felis	0.0	0.0	38.083077	-122.264927	0.0	0.0	0.0021
Felis	0.0	0.0	28.107546999999997	-82.53228	0.0	0.0	0.0021
Felis	0.0	0.0	29.897665000000003	-97.94431	0.0	0.0	0.0021
Felis	0.0	0.0	40.29557	-74.722213	0.0	0.0	0.0021
Felis	0.0	0.0	26.182608	-98.330523	0.0	0.0	0.0021
Felis	0.0	0.0	26.746492	-80.345212	0.0	0.0	0.0021
Felis	0.0	0.0	31.75658300000001	-94.578225	0.0	0.0	0.0021
Felis	0.0	0.0	29.794613000000002	-95.505792	0.0	0.0	0.0021
Felis	0.0	0.0	40.706598	-73.82779000000002	0.0	0.0	0.0021
Felis	0.0	0.0	32.21380300000001	-98.22054200000001	0.0	0.0	0.0021
Felis	0.0	0.0	35.23485200000001	-78.069019	0.0	0.0	0.0021
Felis	0.0	0.0	40.781138	-73.901822	0.0	0.0	0.0021
Felis	0.0	0.0	26.181921	-98.050517	0.0	0.0	0.0021
Felis	0.0	0.0	29.719625	-95.343972	0.0	0.0	0.0021
Felis	0.0	0.0	41.369312	-81.54097	0.0	0.0	0.0021
Felis	0.0	0.0	40.834491	-73.86314200000002	0.0	0.0	0.0021
Felis	0.0	0.0	30.215790000000002	-97.787915	0.0	0.0	0.0021
Felis	0.0	0.0	31.683854999999998	-89.37722600000002	0.0	0.0	0.0021
Felis	0.0	0.0	39.392972	-76.60927	0.0	0.0	0.0021
Felis	0.0	0.0	41.041672999999996	-95.749835	0.0	0.0	0.0021
Felis	0.0	0.0	25.771401	-80.35535	0.0	0.0	0.0021
Felis	0.0	0.0	31.32583300000001	-88.41833299999998	0.0	0.0	0.0021
Felis	0.0	0.0	38.771865999999996	-90.652235	0.0	0.0	0.0021
Felis	0.0	0.0	27.761375	-81.38934	0.0	0.0	0.0021
Felis	0.0	0.0	45.419216	-93.19323	0.0	0.0	0.0021
Felis	0.0	0.0	26.159519	-97.990837	0.0	0.0	0.0021
Felis	0.0	0.0	32.829463	-97.162339	0.0	0.0	0.0021
Felis	0.0	0.0	44.496911	-73.201321	0.0	0.0	0.0021
Felis	0.0	0.0	40.116423	-76.315608	0.0	0.0	0.0021
Felis	0.0	0.0	29.38925200000001	-94.88359200000001	0.0	0.0	0.0021
Felis	0.0	0.0	29.689320000000002	-95.423181	0.0	0.0	0.0021
Felis	0.0	0.0	29.76277	-95.383022	0.0	0.0	0.0021
Felis	0.0	0.0	29.681864	-95.711438	0.0	0.0	0.0021
Felis	0.0	0.0	30.211607	-92.020264	0.0	0.0	0.0021
Felis	0.0	0.0	33.79722	-84.412711	0.0	0.0	0.0021
Felis	0.0	0.0	34.732043	-86.542052	0.0	0.0	0.0021
Felis	0.0	0.0	38.017593	-77.920852	0.0	0.0	0.0021
Felis	0.0	0.0	29.389757	-94.883953	0.0	0.0	0.0021
Felis	0.0	0.0	30.171317	-81.848807	0.0	0.0	0.0021
Felis	0.0	0.0	37.328031	-77.558339	0.0	0.0	0.0021
Felis	0.0	0.0	28.014578000000004	-81.591189	0.0	0.0	0.0021
Felis	0.0	0.0	25.789417	-80.214203	0.0	0.0	0.0021
Felis	0.0	0.0	29.738184999999998	-95.733144	0.0	0.0	0.0021
Felis	0.0	0.0	43.969644	-70.290818	0.0	0.0	0.0021
Felis	0.0	0.0	32.966155	-97.2585	0.0	0.0	0.0021
Felis	0.0	0.0	29.718021999999998	-95.342972	0.0	0.0	0.0021
Felis	0.0	0.0	40.549625	-124.093208	0.0	0.0	0.0021
Felis	0.0	0.0	33.241172999999996	-86.83521	0.0	0.0	0.0021
Felis	0.0	0.0	31.756596999999996	-94.578087	0.0	0.0	0.0021
Felis	0.0	0.0	38.093142	-122.278397	0.0	0.0	0.0021
Felis	0.0	0.0	25.943304	-80.155648	0.0	0.0	0.0021
Felis	0.0	0.0	41.077465000000004	-75.13118100000001	0.0	0.0	0.0021
Felis	0.0	0.0	29.770825	-95.61242	0.0	0.0	0.0021
Felis	0.0	0.0	32.806182	-97.297434	0.0	0.0	0.0021
Felis	0.0	0.0	45.421483	-93.188826	0.0	0.0	0.0021
Felis	0.0	0.0	38.894279	-76.945068	0.0	0.0	0.0021
Felis	0.0	0.0	38.989684000000004	-77.000236	0.0	0.0	0.0021
Felis	0.0	0.0	40.682046	-73.87279000000002	0.0	0.0	0.0021
Felis	0.0	0.0	29.759002000000002	-95.371379	0.0	0.0	0.0021
Felis	0.0	0.0	27.988091999999998	-82.33124699999998	0.0	0.0	0.0021
Felis	0.0	0.0	33.232754	-86.695115	0.0	0.0	0.0021
Felis	0.0	0.0	30.014886999999998	-97.161303	0.0	0.0	0.0021
Felis	0.0	0.0	37.229681	-121.97682900000001	0.0	0.0	0.0021
Felis	0.0	0.0	38.396824	-76.662143	0.0	0.0	0.0021
Felis	0.0	0.0	38.885869	-76.856626	0.0	0.0	0.0021
Felis	0.0	0.0	42.482819	-76.370508	0.0	0.0	0.0021
Felis	0.0	0.0	32.210175	-80.704978	0.0	0.0	0.0021
Felis	0.0	0.0	36.227777	-95.854561	0.0	0.0	0.0021
Felis	0.0	0.0	26.143006	-80.104523	0.0	0.0	0.0021
Felis	0.0	0.0	34.259499	-118.74256899999999	0.0	0.0	0.0021
Felis	0.0	0.0	48.751911	-122.47868500000001	0.0	0.0	0.0021
Felis	0.0	0.0	29.695139	-95.530262	0.0	0.0	0.0021
Felis	0.0	0.0	41.10411	-81.5128	0.0	0.0	0.0021
Felis	0.0	0.0	38.908814	-76.990832	0.0	0.0	0.0021
Felis	0.0	0.0	47.50383400000001	-117.595854	0.0	0.0	0.0021
Felis	0.0	0.0	40.142672	-74.985196	0.0	0.0	0.0021
Felis	0.0	0.0	36.211701	-79.51333100000002	0.0	0.0	0.0021
Felis	0.0	0.0	39.050167	-77.026764	0.0	0.0	0.0021
Felis	0.0	0.0	42.445227	-83.9948	0.0	0.0	0.0021
Felis	0.0	0.0	31.063658	-97.456405	0.0	0.0	0.0021
Felis	0.0	0.0	38.941534000000004	-76.86078499999998	0.0	0.0	0.0021
Felis	0.0	0.0	40.691795	-73.934105	0.0	0.0	0.0021
Felis	0.0	0.0	44.397785999999996	-72.96347800000002	0.0	0.0	0.0021
Felis	0.0	0.0	41.866219	-71.415382	0.0	0.0	0.0021
Felis	0.0	0.0	40.945355	-75.531341	0.0	0.0	0.0021
Felis	0.0	0.0	40.970039	-75.210561	0.0	0.0	0.0021
Felis	0.0	0.0	42.20395	-122.72068	0.0	0.0	0.0021
Felis	0.0	0.0	31.104303	-97.511087	0.0	0.0	0.0021
Felis	0.0	0.0	38.902583	-76.987792	0.0	0.0	0.0021
Felis	0.0	0.0	29.459775	-98.47009200000001	0.0	0.0	0.0021
Felis	0.0	0.0	32.242783	-80.688347	0.0	0.0	0.0021
Felis	0.0	0.0	38.901165	-76.838604	0.0	0.0	0.0021
Felis	0.0	0.0	36.415185	-90.623023	0.0	0.0	0.0021
Felis	0.0	0.0	36.415172	-90.623039	0.0	0.0	0.0021
Felis	0.0	0.0	29.699725	-95.5289	0.0	0.0	0.0021
Felis	0.0	0.0	44.657615	-90.17465	0.0	0.0	0.0021
Felis	0.0	0.0	28.651774	-97.387872	0.0	0.0	0.0021
Felis	0.0	0.0	33.578367	-101.866517	0.0	0.0	0.0021
Felis	0.0	0.0	29.752564000000003	-95.359794	0.0	0.0	0.0021
Felis	0.0	0.0	35.81102	-83.571997	0.0	0.0	0.0021
Felis	0.0	0.0	38.808039	-76.82318199999997	0.0	0.0	0.0021
Felis	0.0	0.0	33.021843	-97.136602	0.0	0.0	0.0021
Felis	0.0	0.0	34.243703000000004	-119.19200000000001	0.0	0.0	0.0021
Felis	0.0	0.0	36.914483000000004	-78.641624	0.0	0.0	0.0021
Felis	0.0	0.0	40.686414	-111.541206	0.0	0.0	0.0021
Felis	0.0	0.0	40.752658000000004	-73.892554	0.0	0.0	0.0021
Felis	0.0	0.0	37.218038	-121.881643	0.0	0.0	0.0021
Felis	0.0	0.0	40.70494	-79.557425	0.0	0.0	0.0021
Felis	0.0	0.0	48.374388	-114.17279199999999	0.0	0.0	0.0021
Felis	0.0	0.0	40.021946	-75.207358	0.0	0.0	0.0021
Felis	0.0	0.0	37.971795	-78.956233	0.0	0.0	0.0021
Felis	0.0	0.0	30.222225	-97.735283	0.0	0.0	0.0021
Felis	0.0	0.0	35.752525	-86.90452900000004	0.0	0.0	0.0021
Felis	0.0	0.0	40.44663	-78.25609399999998	0.0	0.0	0.0021
Felis	0.0	0.0	43.077191	-76.147728	0.0	0.0	0.0021
Felis	0.0	0.0	40.408970000000004	-97.63868199999999	0.0	0.0	0.0021
Felis	0.0	0.0	25.772997	-80.218829	0.0	0.0	0.0021
Felis	0.0	0.0	31.405033000000003	-84.959202	0.0	0.0	0.0021
Felis	0.0	0.0	40.809006	-81.945141	0.0	0.0	0.0021
Felis	0.0	0.0	26.183515	-98.329552	0.0	0.0	0.0021
Felis	0.0	0.0	33.675157	-78.901771	0.0	0.0	0.0021
Felis	0.0	0.0	37.329518	-79.823977	0.0	0.0	0.0021
Felis	0.0	0.0	36.157645	-95.999408	0.0	0.0	0.0021
Felis	0.0	0.0	30.429863	-92.30018100000001	0.0	0.0	0.0021
Felis	0.0	0.0	29.750536999999998	-95.38086700000001	0.0	0.0	0.0021
Felis	0.0	0.0	32.541531	-95.608902	0.0	0.0	0.0021
Felis	0.0	0.0	37.221609	-121.86011	0.0	0.0	0.0021
Felis	0.0	0.0	42.888397	-85.911085	0.0	0.0	0.0021
Felis	0.0	0.0	41.544826	-82.747501	0.0	0.0	0.0021
Felis	0.0	0.0	40.79493400000001	-86.782085	0.0	0.0	0.0021
Felis	0.0	0.0	34.994979	-85.32585999999998	0.0	0.0	0.0021
Felis	0.0	0.0	29.871859000000004	-98.48527800000001	0.0	0.0	0.0021
Felis	0.0	0.0	39.978761999999996	-76.796543	0.0	0.0	0.0021
Felis	0.0	0.0	32.849517999999996	-95.993677	0.0	0.0	0.0021
Felis	0.0	0.0	41.397779	-81.271116	0.0	0.0	0.0021
Felis	0.0	0.0	40.777367	-81.89402	0.0	0.0	0.0021
Felis	0.0	0.0	41.23687	-73.011911	0.0	0.0	0.0021
Felis	0.0	0.0	32.233313	-110.91474199999999	0.0	0.0	0.0021
Felis	0.0	0.0	42.398678000000004	-76.55674	0.0	0.0	0.0021
Felis	0.0	0.0	36.286148	-95.82470699999999	0.0	0.0	0.0021
Felis	0.0	0.0	40.457859	-74.598901	0.0	0.0	0.0021
Felis	0.0	0.0	41.109253	-73.443864	0.0	0.0	0.0021
Felis	0.0	0.0	37.793161	-122.47522	0.0	0.0	0.0021
Felis	0.0	0.0	38.870311	-76.926615	0.0	0.0	0.0021
Felis	0.0	0.0	38.913087	-77.01391600000002	0.0	0.0	0.0021
Felis	0.0	0.0	44.22101	-73.31335200000002	0.0	0.0	0.0021
Felis	0.0	0.0	35.533614	-85.98324000000002	0.0	0.0	0.0021
Felis	0.0	0.0	33.386334000000005	-112.14658	0.0	0.0	0.0021
Felis	0.0	0.0	42.747389	-77.782602	0.0	0.0	0.0021
Felis	0.0	0.0	39.36715	-91.559384	0.0	0.0	0.0021
Felis	0.0	0.0	41.824109	-72.919999	0.0	0.0	0.0021
Felis	0.0	0.0	38.726209000000004	-121.18306000000001	0.0	0.0	0.0021
Felis	0.0	0.0	42.308023	-122.834919	0.0	0.0	0.0021
Felis	0.0	0.0	31.636732000000002	-106.25656799999999	0.0	0.0	0.0021
Felis	0.0	0.0	35.42652800000001	-88.272609	0.0	0.0	0.0021
Felis	0.0	0.0	41.10924	-73.443907	0.0	0.0	0.0021
Felis	0.0	0.0	32.469695	-99.752266	0.0	0.0	0.0021
Felis	0.0	0.0	30.323968	-97.717105	0.0	0.0	0.0021
Felis	0.0	0.0	37.339151	-122.00883700000001	0.0	0.0	0.0021
Felis	0.0	0.0	42.292671	-83.76231800000002	0.0	0.0	0.0021
Felis	0.0	0.0	31.85412800000001	-106.60390500000001	0.0	0.0	0.0021
Felis	0.0	0.0	39.828871	-74.990647	0.0	0.0	0.0021
Felis	0.0	0.0	37.260490000000004	-113.28996200000002	0.0	0.0	0.0021
Felis	0.0	0.0	32.963449	-105.80296799999999	0.0	0.0	0.0021
Felis	0.0	0.0	30.566761	-91.162707	0.0	0.0	0.0021
Felis	0.0	0.0	29.385487	-94.871478	0.0	0.0	0.0021
Felis	0.0	0.0	33.770785	-98.39106899999999	0.0	0.0	0.0021
Felis	0.0	0.0	28.233620000000002	-82.181195	0.0	0.0	0.0021
Felis	0.0	0.0	41.33502100000001	-72.074389	0.0	0.0	0.0021
Felis	0.0	0.0	39.828993	-74.990544	0.0	0.0	0.0021
Felis	0.0	0.0	31.07747	-97.42199699999999	0.0	0.0	0.0021
Felis	0.0	0.0	32.609465	-97.405197	0.0	0.0	0.0021
Felis	0.0	0.0	41.436678	-81.843166	0.0	0.0	0.0021
Felis	0.0	0.0	39.011532	-77.030449	0.0	0.0	0.0021
Felis	0.0	0.0	29.382559999999998	-94.86279	0.0	0.0	0.0021
Felis	0.0	0.0	42.47885	-76.48845	0.0	0.0	0.0021
Felis	0.0	0.0	32.91777800000001	-85.189541	0.0	0.0	0.0021
Felis	0.0	0.0	39.828851	-74.990624	0.0	0.0	0.0021
Felis	0.0	0.0	31.058296999999996	-97.362062	0.0	0.0	0.0021
Felis	0.0	0.0	33.120604	-80.116936	0.0	0.0	0.0021
Felis	0.0	0.0	28.509744	-81.07091	0.0	0.0	0.0021
Felis	0.0	0.0	29.38500800000001	-94.870132	0.0	0.0	0.0021
Felis	0.0	0.0	31.448713	-94.726303	0.0	0.0	0.0021
Felis	0.0	0.0	31.331509999999998	-94.707243	0.0	0.0	0.0021
Felis	0.0	0.0	33.010353	-96.643209	0.0	0.0	0.0021
Felis	0.0	0.0	31.331509999999998	-94.707243	0.0	0.0	0.0021
Felis	0.0	0.0	32.279563	-111.02164099999999	0.0	0.0	0.0021
Felis	0.0	0.0	40.708743	-79.2141	0.0	0.0	0.0021
Felis	0.0	0.0	29.385113	-94.870513	0.0	0.0	0.0021
Felis	0.0	0.0	40.111263	-74.86359399999998	0.0	0.0	0.0021
Felis	0.0	0.0	29.56873400000001	-95.66759499999999	0.0	0.0	0.0021
Felis	0.0	0.0	32.935308	-96.699845	0.0	0.0	0.0021
Felis	0.0	0.0	30.336598	-97.37006099999999	0.0	0.0	0.0021
Felis	0.0	0.0	40.511466999999996	-74.664745	0.0	0.0	0.0021
Felis	0.0	0.0	32.279745	-111.021231	0.0	0.0	0.0021
Felis	0.0	0.0	29.783787	-98.786079	0.0	0.0	0.0021
Felis	0.0	0.0	29.389373	-94.883668	0.0	0.0	0.0021
Felis	0.0	0.0	33.182778000000006	-96.613056	0.0	0.0	0.0021
Felis	0.0	0.0	30.280583	-97.73483900000001	0.0	0.0	0.0021
Felis	0.0	0.0	40.405359999999995	-105.0969	0.0	0.0	0.0021
Felis	0.0	0.0	29.389373	-94.883523	0.0	0.0	0.0021
Felis	0.0	0.0	38.982639	-123.704858	0.0	0.0	0.0021
Felis	0.0	0.0	29.384846999999997	-94.869558	0.0	0.0	0.0021
Felis	0.0	0.0	35.772218	-78.685232	0.0	0.0	0.0021
Felis	0.0	0.0	32.691549	-97.1915	0.0	0.0	0.0021
Felis	0.0	0.0	40.869163	-81.418927	0.0	0.0	0.0021
Felis	0.0	0.0	29.389602000000004	-94.884535	0.0	0.0	0.0021
Felis	0.0	0.0	40.754166999999995	-73.947862	0.0	0.0	0.0021
Felis	0.0	0.0	32.66857	-97.287399	0.0	0.0	0.0021
Felis	0.0	0.0	32.668586	-97.287386	0.0	0.0	0.0021
Felis	0.0	0.0	28.034839	-97.517288	0.0	0.0	0.0021
Felis	0.0	0.0	30.38312100000001	-90.102531	0.0	0.0	0.0021
Felis	0.0	0.0	30.212691999999997	-92.015518	0.0	0.0	0.0021
Felis	0.0	0.0	35.830363	-78.767301	0.0	0.0	0.0021
Felis	0.0	0.0	37.403528	-88.954543	0.0	0.0	0.0021
Felis	0.0	0.0	34.010829	-80.928682	0.0	0.0	0.0021
Felis	0.0	0.0	32.668309	-97.28922800000001	0.0	0.0	0.0021
Felis	0.0	0.0	29.382793	-94.863683	0.0	0.0	0.0021
Felis	0.0	0.0	39.863781	-75.193383	0.0	0.0	0.0021
Felis	0.0	0.0	43.814721	-93.104546	0.0	0.0	0.0021
Felis	0.0	0.0	39.829608	-74.992016	0.0	0.0	0.0021
Felis	0.0	0.0	34.734261	-86.57281	0.0	0.0	0.0021
Felis	0.0	0.0	30.20443	-90.18461500000001	0.0	0.0	0.0021
Felis	0.0	0.0	29.496392999999998	-101.04307	0.0	0.0	0.0021
Felis	0.0	0.0	37.228219	-97.38556899999999	0.0	0.0	0.0021
Felis	0.0	0.0	40.016684999999995	-75.10781899999998	0.0	0.0	0.0021
Felis	0.0	0.0	29.655208000000002	-95.49506099999999	0.0	0.0	0.0021
Felis	0.0	0.0	40.690566	-73.964291	0.0	0.0	0.0021
Felis	0.0	0.0	33.454051	-89.40821	0.0	0.0	0.0021
Felis	0.0	0.0	30.121392999999998	-97.33890699999999	0.0	0.0	0.0021
Felis	0.0	0.0	37.046264	-97.050301	0.0	0.0	0.0021
Felis	0.0	0.0	31.043091999999998	-97.39031999999999	0.0	0.0	0.0021
Felis	0.0	0.0	30.261117	-97.74033299999999	0.0	0.0	0.0021
Felis	0.0	0.0	29.741016	-95.501628	0.0	0.0	0.0021
Felis	0.0	0.0	35.772551	-78.653988	0.0	0.0	0.0021
Felis	0.0	0.0	35.857555	-78.58113	0.0	0.0	0.0021
Felis	0.0	0.0	29.384428000000003	-94.868548	0.0	0.0	0.0021
Felis	0.0	0.0	26.181834	-98.05046999999999	0.0	0.0	0.0021
Felis	0.0	0.0	43.312248	-84.163013	0.0	0.0	0.0021
Felis	0.0	0.0	40.78970800000001	-74.140464	0.0	0.0	0.0021
Felis	0.0	0.0	30.49708900000001	-97.734026	0.0	0.0	0.0021
Felis	0.0	0.0	46.603713	-120.475774	0.0	0.0	0.0021
Felis	0.0	0.0	30.285138	-97.73433	0.0	0.0	0.0021
Felis	0.0	0.0	30.181602	-93.217813	0.0	0.0	0.0021
Felis	0.0	0.0	28.3325	-81.522224	0.0	0.0	0.0021
Felis	0.0	0.0	39.829879999999996	-74.99190899999998	0.0	0.0	0.0021
Felis	0.0	0.0	40.01749	-75.107926	0.0	0.0	0.0021
Felis	0.0	0.0	31.667955	-94.880769	0.0	0.0	0.0021
Felis	0.0	0.0	29.389146999999998	-94.882922	0.0	0.0	0.0021
Felis	0.0	0.0	33.033351	-97.157678	0.0	0.0	0.0021
Felis	0.0	0.0	37.525721999999995	-120.855397	0.0	0.0	0.0021
Felis	0.0	0.0	25.522607	-80.467568	0.0	0.0	0.0021
Felis	0.0	0.0	29.72072600000001	-95.343694	0.0	0.0	0.0021
Felis	0.0	0.0	35.759268	-78.663332	0.0	0.0	0.0021
Felis	0.0	0.0	32.275335	-107.71070900000001	0.0	0.0	0.0021
Felis	0.0	0.0	31.057167	-97.46537	0.0	0.0	0.0021
Felis	0.0	0.0	29.765161	-95.412828	0.0	0.0	0.0021
Felis	0.0	0.0	31.058342	-97.37371999999999	0.0	0.0	0.0021
Felis	0.0	0.0	36.422779	-89.695557	0.0	0.0	0.0021
Felis	0.0	0.0	37.523976	-120.855686	0.0	0.0	0.0021
Felis	0.0	0.0	35.772424	-78.648889	0.0	0.0	0.0021
Felis	0.0	0.0	33.049613	-97.171471	0.0	0.0	0.0021
Felis	0.0	0.0	37.560903	-88.895836	0.0	0.0	0.0021
Felis	0.0	0.0	40.887034	-73.83954	0.0	0.0	0.0021
Felis	0.0	0.0	33.180677	-94.744096	0.0	0.0	0.0021
Felis	0.0	0.0	25.73726	-80.309493	0.0	0.0	0.0021
Felis	0.0	0.0	29.572328000000002	-95.6679	0.0	0.0	0.0021
Felis	0.0	0.0	25.748962	-80.205887	0.0	0.0	0.0021
Felis	0.0	0.0	40.028215	-75.11296899999998	0.0	0.0	0.0021
Felis	0.0	0.0	40.87857800000001	-73.906313	0.0	0.0	0.0021
Felis	0.0	0.0	33.386885	-80.950916	0.0	0.0	0.0021
Felis	0.0	0.0	29.741692999999998	-95.50188399999999	0.0	0.0	0.0021
Felis	0.0	0.0	37.33246	-122.099246	0.0	0.0	0.0021
Felis	0.0	0.0	42.449555	-83.98725999999998	0.0	0.0	0.0021
Felis	0.0	0.0	44.376022	-72.906403	0.0	0.0	0.0021
Felis	0.0	0.0	38.260862	-119.219497	0.0	0.0	0.0021
Felis	0.0	0.0	39.889319	-75.638412	0.0	0.0	0.0021
Felis	0.0	0.0	30.351384999999997	-97.695068	0.0	0.0	0.0021
Felis	0.0	0.0	30.396853000000004	-90.170798	0.0	0.0	0.0021
Felis	0.0	0.0	28.061628999999996	-82.41423	0.0	0.0	0.0021
Felis	0.0	0.0	42.576269	-87.908056	0.0	0.0	0.0021
Felis	0.0	0.0	34.141907	-116.085182	0.0	0.0	0.0021
Felis	0.0	0.0	48.74319000000001	-122.476739	0.0	0.0	0.0021
Felis	0.0	0.0	42.449672	-83.986214	0.0	0.0	0.0021
Felis	0.0	0.0	32.801387	-96.79979300000001	0.0	0.0	0.0021
Felis	0.0	0.0	39.050171	-77.027046	0.0	0.0	0.0021
Felis	0.0	0.0	30.343153000000004	-90.124684	0.0	0.0	0.0021
Felis	0.0	0.0	30.218713	-97.769088	0.0	0.0	0.0021
Felis	0.0	0.0	32.79817	-97.7948	0.0	0.0	0.0021
Felis	0.0	0.0	29.695028999999998	-95.52936700000001	0.0	0.0	0.0021
Felis	0.0	0.0	43.523861	-71.65283199999998	0.0	0.0	0.0021
Felis	0.0	0.0	30.672012	-96.38490300000001	0.0	0.0	0.0021
Felis	0.0	0.0	31.290288	-92.498051	0.0	0.0	0.0021
Felis	0.0	0.0	40.041016	-75.114174	0.0	0.0	0.0021
Felis	0.0	0.0	40.073996	-75.0427	0.0	0.0	0.0021
Felis	0.0	0.0	39.287708	-103.062072	0.0	0.0	0.0021
Felis	0.0	0.0	43.523998999999996	-71.652834	0.0	0.0	0.0021
Felis	0.0	0.0	37.272844	-107.885419	0.0	0.0	0.0021
Felis	0.0	0.0	39.525295	-74.536036	0.0	0.0	0.0021
Felis	0.0	0.0	41.105072	-81.512292	0.0	0.0	0.0021
Felis	0.0	0.0	42.01722	-76.546418	0.0	0.0	0.0021
Felis	0.0	0.0	38.907151	-121.06169799999999	0.0	0.0	0.0021
Felis	0.0	0.0	43.599983	-111.123947	0.0	0.0	0.0021
Felis	0.0	0.0	38.679652000000004	-78.21990500000003	0.0	0.0	0.0021
Felis	0.0	0.0	41.356285	-88.850987	0.0	0.0	0.0021
Felis	0.0	0.0	39.342151	-76.60135799999998	0.0	0.0	0.0021
Felis	0.0	0.0	41.450298	-81.84103	0.0	0.0	0.0021
Felis	0.0	0.0	31.331509999999998	-94.707243	0.0	0.0	0.0021
Felis	0.0	0.0	39.994411	-105.122993	0.0	0.0	0.0021
Felis	0.0	0.0	41.421211	-87.254265	0.0	0.0	0.0021
Felis	0.0	0.0	29.389136999999998	-94.883393	0.0	0.0	0.0021
Felis	0.0	0.0	40.875026	-73.432615	0.0	0.0	0.0021
Felis	0.0	0.0	28.0605	-82.409338	0.0	0.0	0.0021
Felis	0.0	0.0	26.193913000000002	-80.280552	0.0	0.0	0.0021
Felis	0.0	0.0	28.218899	-82.457594	0.0	0.0	0.0021
Felis	0.0	0.0	36.257458	-95.745864	0.0	0.0	0.0021
Felis	0.0	0.0	31.054866999999998	-97.464762	0.0	0.0	0.0021
Felis	0.0	0.0	29.383762	-94.866603	0.0	0.0	0.0021
Felis	0.0	0.0	44.345253	-72.4617	0.0	0.0	0.0021
Felis	0.0	0.0	29.699755	-95.528526	0.0	0.0	0.0021
Felis	0.0	0.0	45.391536	-93.186594	0.0	0.0	0.0021
Felis	0.0	0.0	28.662667	-98.25581	0.0	0.0	0.0021
Felis	0.0	0.0	42.412242	-85.382548	0.0	0.0	0.0021
Felis	0.0	0.0	32.252525	-83.614784	0.0	0.0	0.0021
Felis	0.0	0.0	40.688611	-74.111538	0.0	0.0	0.0021
Felis	0.0	0.0	37.040974	-78.2762	0.0	0.0	0.0021
Felis	0.0	0.0	30.640663	-88.231645	0.0	0.0	0.0021
Felis	0.0	0.0	38.313796999999994	-88.949883	0.0	0.0	0.0021
Felis	0.0	0.0	29.765290999999998	-95.45166800000001	0.0	0.0	0.0021
Felis	0.0	0.0	37.955813	-119.118595	0.0	0.0	0.0021
Felis	0.0	0.0	41.326640999999995	-88.91001899999998	0.0	0.0	0.0021
Felis	0.0	0.0	40.814133	-73.911975	0.0	0.0	0.0021
Felis	0.0	0.0	31.444169	-94.692841	0.0	0.0	0.0021
Felis	0.0	0.0	45.391689	-93.18714	0.0	0.0	0.0021
Felis	0.0	0.0	40.684141	-112.05453100000001	0.0	0.0	0.0021
Felis	0.0	0.0	40.73690300000001	-73.81823100000003	0.0	0.0	0.0021
Felis	0.0	0.0	32.116323	-80.82528	0.0	0.0	0.0021
Felis	0.0	0.0	30.459293	-92.229208	0.0	0.0	0.0021
Felis	0.0	0.0	35.80583	-84.911858	0.0	0.0	0.0021
Felis	0.0	0.0	29.790478000000004	-95.545805	0.0	0.0	0.0021
Felis	0.0	0.0	40.790826	-73.927341	0.0	0.0	0.0021
Felis	0.0	0.0	29.527798999999998	-82.290988	0.0	0.0	0.0021
Felis	0.0	0.0	35.748539	-77.599535	0.0	0.0	0.0021
Felis	0.0	0.0	29.160562	-98.129858	0.0	0.0	0.0021
Felis	0.0	0.0	32.73097	-97.148064	0.0	0.0	0.0021
Felis	0.0	0.0	32.738755	-97.109414	0.0	0.0	0.0021
Felis	0.0	0.0	32.731408	-97.147767	0.0	0.0	0.0021
Felis	0.0	0.0	34.804522	-80.846698	0.0	0.0	0.0021
Felis	0.0	0.0	28.065959999999997	-82.41249	0.0	0.0	0.0021
Felis	0.0	0.0	31.876787	-109.06217099999999	0.0	0.0	0.0021
Felis	0.0	0.0	32.7093	-97.138419	0.0	0.0	0.0021
Felis	0.0	0.0	44.788132	-117.830734	0.0	0.0	0.0021
Felis	0.0	0.0	46.8885	-113.97386200000001	0.0	0.0	0.0021
Felis	0.0	0.0	41.39070200000001	-81.869134	0.0	0.0	0.0021
Felis	0.0	0.0	31.047544	-97.362611	0.0	0.0	0.0021
Felis	0.0	0.0	39.625921999999996	-89.731397	0.0	0.0	0.0021
Felis	0.0	0.0	29.612879	-82.362595	0.0	0.0	0.0021
Felis	0.0	0.0	41.809209	-72.565241	0.0	0.0	0.0021
Felis	0.0	0.0	31.077489	-97.421888	0.0	0.0	0.0021
Felis	0.0	0.0	31.08268300000001	-101.131801	0.0	0.0	0.0021
Felis	0.0	0.0	36.02169	-78.921348	0.0	0.0	0.0021
Felis	0.0	0.0	45.412663	-84.903083	0.0	0.0	0.0021
Felis	0.0	0.0	29.752501000000002	-82.231143	0.0	0.0	0.0021
Felis	0.0	0.0	30.175613000000002	-95.533583	0.0	0.0	0.0021
Felis	0.0	0.0	37.619953	-77.395492	0.0	0.0	0.0021
Felis	0.0	0.0	29.629935999999997	-82.368622	0.0	0.0	0.0021
Felis	0.0	0.0	37.78719	-121.306945	0.0	0.0	0.0021
Felis	0.0	0.0	45.385394	-93.183104	0.0	0.0	0.0021
Felis	0.0	0.0	39.264592	-76.431708	0.0	0.0	0.0021
Felis	0.0	0.0	40.718638	-74.07785799999998	0.0	0.0	0.0021
Felis	0.0	0.0	34.993871999999996	-108.081153	0.0	0.0	0.0021
Felis	0.0	0.0	28.061544	-82.41470699999998	0.0	0.0	0.0021
Felis	0.0	0.0	45.399094	-93.194917	0.0	0.0	0.0021
Felis	0.0	0.0	45.400779	-93.198008	0.0	0.0	0.0021
Felis	0.0	0.0	40.776313	-74.434617	0.0	0.0	0.0021
Felis	0.0	0.0	29.390404999999998	-94.885775	0.0	0.0	0.0021
Felis	0.0	0.0	29.649838	-82.315528	0.0	0.0	0.0021
Felis	0.0	0.0	37.43185	-122.08751000000001	0.0	0.0	0.0021
Felis	0.0	0.0	32.848123	-95.992212	0.0	0.0	0.0021
Felis	0.0	0.0	39.032339	-76.787205	0.0	0.0	0.0021
Felis	0.0	0.0	39.608158	-105.02328100000001	0.0	0.0	0.0021
Felis	0.0	0.0	32.995086	-96.738817	0.0	0.0	0.0021
Felis	0.0	0.0	29.389979999999998	-94.88552800000001	0.0	0.0	0.0021
Felis	0.0	0.0	39.485473999999996	-87.328863	0.0	0.0	0.0021
Felis	0.0	0.0	38.186526	-76.427887	0.0	0.0	0.0021
Felis	0.0	0.0	29.648994000000002	-82.345448	0.0	0.0	0.0021
Felis	0.0	0.0	40.29822100000001	-83.075008	0.0	0.0	0.0021
Felis	0.0	0.0	25.773751	-80.309175	0.0	0.0	0.0021
Felis	0.0	0.0	45.421543	-93.18933100000001	0.0	0.0	0.0021
Felis	0.0	0.0	45.421521999999996	-93.189073	0.0	0.0	0.0021
Felis	0.0	0.0	40.686284	-73.884553	0.0	0.0	0.0021
Felis	0.0	0.0	34.392192	-118.91711299999999	0.0	0.0	0.0021
Felis	0.0	0.0	33.78648	-84.327933	0.0	0.0	0.0021
Felis	0.0	0.0	28.024928999999997	-82.430982	0.0	0.0	0.0021
Felis	0.0	0.0	39.155621999999994	-84.50179200000002	0.0	0.0	0.0021
Felis	0.0	0.0	29.624329	-82.360725	0.0	0.0	0.0021
Felis	0.0	0.0	29.72672	-84.98663	0.0	0.0	0.0021
Felis	0.0	0.0	29.650108000000003	-82.34043	0.0	0.0	0.0021
Felis	0.0	0.0	44.990963	-93.06138	0.0	0.0	0.0021
Felis	0.0	0.0	29.77140300000001	-95.57	0.0	0.0	0.0021
Felis	0.0	0.0	41.311867	-81.14184399999998	0.0	0.0	0.0021
Felis	0.0	0.0	37.986175	-87.5136	0.0	0.0	0.0021
Felis	0.0	0.0	47.13902	-94.764617	0.0	0.0	0.0021
Felis	0.0	0.0	33.682407	-105.923882	0.0	0.0	0.0021
Felis	0.0	0.0	25.797848000000002	-80.359383	0.0	0.0	0.0021
Felis	0.0	0.0	30.715959	-95.55259699999999	0.0	0.0	0.0021
Felis	0.0	0.0	40.953338	-80.169235	0.0	0.0	0.0021
Felis	0.0	0.0	30.713198	-95.55035699999999	0.0	0.0	0.0021
Felis	0.0	0.0	37.532662	-77.410253	0.0	0.0	0.0021
Felis	0.0	0.0	29.504322	-82.280109	0.0	0.0	0.0021
Felis	0.0	0.0	35.021561	-110.69541100000001	0.0	0.0	0.0021
Felis	0.0	0.0	29.377738	-94.84732	0.0	0.0	0.0021
Felis	0.0	0.0	38.752487	-108.079292	0.0	0.0	0.0021
Felis	0.0	0.0	29.775226	-96.968612	0.0	0.0	0.0021
Felis	0.0	0.0	30.715601	-95.55285	0.0	0.0	0.0021
Felis	0.0	0.0	29.3872	-94.877073	0.0	0.0	0.0021
Felis	0.0	0.0	41.311038	-81.143073	0.0	0.0	0.0021
Felis	0.0	0.0	38.064344	-122.805066	0.0	0.0	0.0021
Felis	0.0	0.0	29.384597999999997	-94.868967	0.0	0.0	0.0021
Felis	0.0	0.0	29.3835	-94.865698	0.0	0.0	0.0021
Felis	0.0	0.0	29.384873	-94.86943199999999	0.0	0.0	0.0021
Felis	0.0	0.0	29.385455	-94.87108	0.0	0.0	0.0021
Felis	0.0	0.0	29.630188	-82.363297	0.0	0.0	0.0021
Felis	0.0	0.0	41.311896999999995	-81.142967	0.0	0.0	0.0021
Felis	0.0	0.0	40.864252	-75.617942	0.0	0.0	0.0021
Felis	0.0	0.0	40.720558000000004	-74.053969	0.0	0.0	0.0021
Felis	0.0	0.0	41.311721999999996	-81.568176	0.0	0.0	0.0021
Felis	0.0	0.0	31.775	-94.67707	0.0	0.0	0.0021
Felis	0.0	0.0	42.50197100000001	-76.55645200000002	0.0	0.0	0.0021
Felis	0.0	0.0	29.384395	-94.86721	0.0	0.0	0.0021
Felis	0.0	0.0	38.898556	-76.94244	0.0	0.0	0.0021
Felis	0.0	0.0	40.875256	-73.07893299999998	0.0	0.0	0.0021
Felis	0.0	0.0	29.385205	-94.87095	0.0	0.0	0.0021
Felis	0.0	0.0	29.384971999999998	-94.869997	0.0	0.0	0.0021
Felis	0.0	0.0	38.99242	-76.92115799999998	0.0	0.0	0.0021
Felis	0.0	0.0	45.40382	-93.199128	0.0	0.0	0.0021
Felis	0.0	0.0	40.753454999999995	-74.217012	0.0	0.0	0.0021
Felis	0.0	0.0	34.348411999999996	-119.050683	0.0	0.0	0.0021
Felis	0.0	0.0	40.719440999999996	-74.053846	0.0	0.0	0.0021
Felis	0.0	0.0	40.852333	-73.986951	0.0	0.0	0.0021
Felis	0.0	0.0	26.182183	-80.12605699999997	0.0	0.0	0.0021
Felis	0.0	0.0	40.810642	-74.247636	0.0	0.0	0.0021
Felis	0.0	0.0	29.393973	-94.887923	0.0	0.0	0.0021
Felis	0.0	0.0	29.37596	-95.597286	0.0	0.0	0.0021
Felis	0.0	0.0	29.812939	-95.617851	0.0	0.0	0.0021
Felis	0.0	0.0	40.753370000000004	-74.21695	0.0	0.0	0.0021
Felis	0.0	0.0	40.690118	-74.098286	0.0	0.0	0.0021
Felis	0.0	0.0	39.155190999999995	-84.500912	0.0	0.0	0.0021
Felis	0.0	0.0	40.753454999999995	-74.217012	0.0	0.0	0.0021
Felis	0.0	0.0	40.792817	-73.921649	0.0	0.0	0.0021
Felis	0.0	0.0	32.806118	-96.60805	0.0	0.0	0.0021
Felis	0.0	0.0	33.214616	-115.519908	0.0	0.0	0.0021
Felis	0.0	0.0	34.968005	-110.64604399999999	0.0	0.0	0.0021
Felis	0.0	0.0	29.384732	-94.86917700000001	0.0	0.0	0.0021
Felis	0.0	0.0	29.389963	-94.8846	0.0	0.0	0.0021
Felis	0.0	0.0	44.604991999999996	-123.37964699999999	0.0	0.0	0.0021
Felis	0.0	0.0	29.389607	-94.88340699999999	0.0	0.0	0.0021
Felis	0.0	0.0	38.946259999999995	-92.44653000000001	0.0	0.0	0.0021
Felis	0.0	0.0	38.946054	-92.446713	0.0	0.0	0.0021
Felis	0.0	0.0	30.460355	-97.762035	0.0	0.0	0.0021
Felis	0.0	0.0	32.885816999999996	-97.28274499999999	0.0	0.0	0.0021
Felis	0.0	0.0	38.946259999999995	-92.44653000000001	0.0	0.0	0.0021
Felis	0.0	0.0	29.672487	-95.569887	0.0	0.0	0.0021
Felis	0.0	0.0	38.946083	-92.446663	0.0	0.0	0.0021
Felis	0.0	0.0	29.705545	-96.536222	0.0	0.0	0.0021
Felis	0.0	0.0	33.459728000000005	-101.9334	0.0	0.0	0.0021
Felis	0.0	0.0	32.958791999999995	-96.935086	0.0	0.0	0.0021
Felis	0.0	0.0	32.886051	-97.281774	0.0	0.0	0.0021
Felis	0.0	0.0	38.946040999999994	-92.446691	0.0	0.0	0.0021
Felis	0.0	0.0	29.385471999999996	-94.871625	0.0	0.0	0.0021
Felis	0.0	0.0	38.94622800000001	-92.446573	0.0	0.0	0.0021
Felis	0.0	0.0	44.499181	-73.236365	0.0	0.0	0.0021
Felis	0.0	0.0	32.749486	-97.27687900000001	0.0	0.0	0.0021
Felis	0.0	0.0	32.719353999999996	-97.387999	0.0	0.0	0.0021
Felis	0.0	0.0	44.602282	-69.332727	0.0	0.0	0.0021
Felis	0.0	0.0	35.151606	-106.584166	0.0	0.0	0.0021
Felis	0.0	0.0	31.539538	-110.756196	0.0	0.0	0.0021
Felis	0.0	0.0	44.516139	-73.23893000000002	0.0	0.0	0.0021
Felis	0.0	0.0	29.650094	-82.340388	0.0	0.0	0.0021
Felis	0.0	0.0	40.489532000000004	-74.42739499999998	0.0	0.0	0.0021
Felis	0.0	0.0	31.331485999999998	-94.70721999999999	0.0	0.0	0.0021
Felis	0.0	0.0	29.707821999999997	-96.21970300000001	0.0	0.0	0.0021
Felis	0.0	0.0	29.650509999999997	-82.33989	0.0	0.0	0.0021
Felis	0.0	0.0	30.38545	-97.680982	0.0	0.0	0.0021
Felis	0.0	0.0	30.116126	-97.34053399999999	0.0	0.0	0.0021
Felis	0.0	0.0	32.813788	-96.843946	0.0	0.0	0.0021
Felis	0.0	0.0	37.546995	-122.23605	0.0	0.0	0.0021
Felis	0.0	0.0	30.978116999999997	-100.457536	0.0	0.0	0.0021
Felis	0.0	0.0	42.924721999999996	-123.30083300000001	0.0	0.0	0.0021
Felis	0.0	0.0	37.433423	-122.097199	0.0	0.0	0.0021
Felis	0.0	0.0	29.944344	-98.027608	0.0	0.0	0.0021
Felis	0.0	0.0	40.587784	-74.350145	0.0	0.0	0.0021
Felis	0.0	0.0	29.382474	-94.85939	0.0	0.0	0.0021
Felis	0.0	0.0	31.770818	-106.504896	0.0	0.0	0.0021
Felis	0.0	0.0	31.771421999999998	-106.50488100000001	0.0	0.0	0.0021
Felis	0.0	0.0	32.279272	-111.02068200000001	0.0	0.0	0.0021
Felis	0.0	0.0	30.121230999999998	-97.341356	0.0	0.0	0.0021
Felis	0.0	0.0	42.55813	-75.19925699999997	0.0	0.0	0.0021
Felis	0.0	0.0	40.833867	-74.39115	0.0	0.0	0.0021
Felis	0.0	0.0	30.116119	-97.340074	0.0	0.0	0.0021
Felis	0.0	0.0	39.012702000000004	-76.929355	0.0	0.0	0.0021
Felis	0.0	0.0	29.902795	-97.94581600000001	0.0	0.0	0.0021
Felis	0.0	0.0	29.651229999999998	-82.346549	0.0	0.0	0.0021
Felis	0.0	0.0	25.433104999999998	-80.50385899999998	0.0	0.0	0.0021
Felis	0.0	0.0	37.532536	-122.248104	0.0	0.0	0.0021
Felis	0.0	0.0	40.741014	-74.173647	0.0	0.0	0.0021
Felis	0.0	0.0	45.400778	-93.196925	0.0	0.0	0.0021
Felis	0.0	0.0	37.392027	-93.89530400000001	0.0	0.0	0.0021
Felis	0.0	0.0	39.916134	-74.597903	0.0	0.0	0.0021
Felis	0.0	0.0	31.331485999999998	-94.70721999999999	0.0	0.0	0.0021
Felis	0.0	0.0	35.248143	-112.189722	0.0	0.0	0.0021
Felis	0.0	0.0	35.248703000000006	-112.19221100000001	0.0	0.0	0.0021
Felis	0.0	0.0	44.254459999999995	-88.424295	0.0	0.0	0.0021
Felis	0.0	0.0	31.770111	-106.505779	0.0	0.0	0.0021
Felis	0.0	0.0	40.741215000000004	-74.17365699999998	0.0	0.0	0.0021
Felis	0.0	0.0	32.216462	-80.758963	0.0	0.0	0.0021
Felis	0.0	0.0	37.144031	-76.458477	0.0	0.0	0.0021
Felis	0.0	0.0	36.01097700000001	-78.93211099999998	0.0	0.0	0.0021
Felis	0.0	0.0	32.141439	-80.790192	0.0	0.0	0.0021
Felis	0.0	0.0	47.17129600000001	-94.756827	0.0	0.0	0.0021
Felis	0.0	0.0	26.268199	-80.170801	0.0	0.0	0.0021
Felis	0.0	0.0	46.863161	-123.049007	0.0	0.0	0.0021
Felis	0.0	0.0	35.998333	-78.916969	0.0	0.0	0.0021
Felis	0.0	0.0	29.677684999999997	-82.308352	0.0	0.0	0.0021
Felis	0.0	0.0	32.1968	-80.69663800000002	0.0	0.0	0.0021
Felis	0.0	0.0	34.217222	-119.15611100000001	0.0	0.0	0.0021
Felis	0.0	0.0	43.745752	-97.850489	0.0	0.0	0.0021
Felis	0.0	0.0	31.053539	-97.459717	0.0	0.0	0.0021
Felis	0.0	0.0	43.74622	-72.382063	0.0	0.0	0.0021
Felis	0.0	0.0	39.581249	-78.26831800000002	0.0	0.0	0.0021
Felis	0.0	0.0	39.76643	-89.68959	0.0	0.0	0.0021
Felis	0.0	0.0	40.516936	-74.44067199999998	0.0	0.0	0.0021
Felis	0.0	0.0	32.19664	-80.698063	0.0	0.0	0.0021
Felis	0.0	0.0	29.379617	-94.853549	0.0	0.0	0.0021
Felis	0.0	0.0	40.964641	-79.634388	0.0	0.0	0.0021
Felis	0.0	0.0	29.379617	-94.853549	0.0	0.0	0.0021
Felis	0.0	0.0	34.281504	-119.30677299999999	0.0	0.0	0.0021
Felis	0.0	0.0	37.23512	-112.85569699999999	0.0	0.0	0.0021
Felis	0.0	0.0	39.830108	-74.99188000000002	0.0	0.0	0.0021
Felis	0.0	0.0	39.644478	-76.766075	0.0	0.0	0.0021
Felis	0.0	0.0	39.535533	-77.603837	0.0	0.0	0.0021
Felis	0.0	0.0	40.236265	-74.525684	0.0	0.0	0.0021
Felis	0.0	0.0	41.389783	-81.695495	0.0	0.0	0.0021
Felis	0.0	0.0	35.998055	-78.916664	0.0	0.0	0.0021
Felis	0.0	0.0	40.538755	-85.66862900000002	0.0	0.0	0.0021
Felis	0.0	0.0	35.214534	-90.196483	0.0	0.0	0.0021
Felis	0.0	0.0	41.586705	-81.565287	0.0	0.0	0.0021
Felis	0.0	0.0	37.36505800000001	-121.85708999999999	0.0	0.0	0.0021
Felis	0.0	0.0	29.588292	-95.004637	0.0	0.0	0.0021
Felis	0.0	0.0	41.192445	-111.941874	0.0	0.0	0.0021
Felis	0.0	0.0	34.994004	-90.351562	0.0	0.0	0.0021
Felis	0.0	0.0	32.813788	-96.843946	0.0	0.0	0.0021
Felis	0.0	0.0	25.736697	-80.31032900000002	0.0	0.0	0.0021
Felis	0.0	0.0	32.278713	-111.024403	0.0	0.0	0.0021
Felis	0.0	0.0	31.769009000000004	-106.503527	0.0	0.0	0.0021
Felis	0.0	0.0	35.189994	-89.772769	0.0	0.0	0.0021
Felis	0.0	0.0	37.380266	-121.73973500000001	0.0	0.0	0.0021
Felis	0.0	0.0	30.417972	-97.75853599999999	0.0	0.0	0.0021
Felis	0.0	0.0	34.695332	-86.756287	0.0	0.0	0.0021
Felis	0.0	0.0	40.944835	-73.721814	0.0	0.0	0.0021
Felis	0.0	0.0	27.871979999999997	-97.324005	0.0	0.0	0.0021
Felis	0.0	0.0	31.059010999999998	-97.465333	0.0	0.0	0.0021
Felis	0.0	0.0	31.331512	-94.707235	0.0	0.0	0.0021
Felis	0.0	0.0	29.643299	-82.39501899999998	0.0	0.0	0.0021
Felis	0.0	0.0	25.650263	-80.406337	0.0	0.0	0.0021
Felis	0.0	0.0	31.769567	-106.50469199999999	0.0	0.0	0.0021
Felis	0.0	0.0	32.31994	-106.763654	0.0	0.0	0.0021
Felis	0.0	0.0	31.867478000000002	-97.36904799999999	0.0	0.0	0.0021
Felis	0.0	0.0	31.08806400000001	-97.305978	0.0	0.0	0.0021
Felis	0.0	0.0	26.388446999999996	-80.11344100000002	0.0	0.0	0.0021
Felis	0.0	0.0	37.431575	-122.088499	0.0	0.0	0.0021
Felis	0.0	0.0	31.716924	-110.625114	0.0	0.0	0.0021
Felis	0.0	0.0	33.168695	-97.031851	0.0	0.0	0.0021
Felis	0.0	0.0	29.650775	-82.340562	0.0	0.0	0.0021
Felis	0.0	0.0	41.325878	-81.56265	0.0	0.0	0.0021
Felis	0.0	0.0	37.433704999999996	-122.096434	0.0	0.0	0.0021
Felis	0.0	0.0	41.432375	-81.401735	0.0	0.0	0.0021
Felis	0.0	0.0	29.617241999999997	-82.37048	0.0	0.0	0.0021
Felis	0.0	0.0	37.411665	-77.67955699999997	0.0	0.0	0.0021
Felis	0.0	0.0	34.937649	-117.15398400000001	0.0	0.0	0.0021
Felis	0.0	0.0	32.974753	-96.885165	0.0	0.0	0.0021
Felis	0.0	0.0	44.419197	-121.75572199999999	0.0	0.0	0.0021
Felis	0.0	0.0	34.937405	-117.155731	0.0	0.0	0.0021
Felis	0.0	0.0	40.74835	-74.323219	0.0	0.0	0.0021
Felis	0.0	0.0	29.596988	-97.543655	0.0	0.0	0.0021
Felis	0.0	0.0	29.385763	-94.873037	0.0	0.0	0.0021
Felis	0.0	0.0	42.247624	-84.742993	0.0	0.0	0.0021
Felis	0.0	0.0	41.764782000000004	-78.02619200000002	0.0	0.0	0.0021
Felis	0.0	0.0	30.236178999999996	-93.227665	0.0	0.0	0.0021
Felis	0.0	0.0	31.331512	-94.707235	0.0	0.0	0.0021
Felis	0.0	0.0	29.95557	-90.06703900000002	0.0	0.0	0.0021
Felis	0.0	0.0	39.216827	-104.81472	0.0	0.0	0.0021
Felis	0.0	0.0	40.785871	-73.916005	0.0	0.0	0.0021
Felis	0.0	0.0	40.397745	-122.20255900000001	0.0	0.0	0.0021
Felis	0.0	0.0	38.367245000000004	-122.257089	0.0	0.0	0.0021
Felis	0.0	0.0	42.166424	-76.928777	0.0	0.0	0.0021
Felis	0.0	0.0	34.936159	-116.66409099999998	0.0	0.0	0.0021
Felis	0.0	0.0	37.439088	-122.09724399999999	0.0	0.0	0.0021
Felis	0.0	0.0	32.497888	-96.966336	0.0	0.0	0.0021
Felis	0.0	0.0	42.75196500000001	-73.80196	0.0	0.0	0.0021
Felis	0.0	0.0	35.917418	-83.60395	0.0	0.0	0.0021
Felis	0.0	0.0	33.943645000000004	-97.117425	0.0	0.0	0.0021
Felis	0.0	0.0	44.340855	-72.461197	0.0	0.0	0.0021
Felis	0.0	0.0	45.581978	-94.390335	0.0	0.0	0.0021
Felis	0.0	0.0	37.421529	-122.08671399999999	0.0	0.0	0.0021
Felis	0.0	0.0	45.397983	-93.192336	0.0	0.0	0.0021
Felis	0.0	0.0	45.394141	-93.192371	0.0	0.0	0.0021
Felis	0.0	0.0	37.671019	-80.89178299999998	0.0	0.0	0.0021
Felis	0.0	0.0	44.459022	-67.93361	0.0	0.0	0.0021
Felis	0.0	0.0	45.04065	-92.811897	0.0	0.0	0.0021
Felis	0.0	0.0	45.392666	-93.191255	0.0	0.0	0.0021
Felis	0.0	0.0	40.961227	-76.882184	0.0	0.0	0.0021
Felis	0.0	0.0	44.956944	-93.166115	0.0	0.0	0.0021
Felis	0.0	0.0	45.42154	-93.188624	0.0	0.0	0.0021
Felis	0.0	0.0	25.724224	-80.32673100000002	0.0	0.0	0.0021
Felis	0.0	0.0	37.315758	-121.927376	0.0	0.0	0.0021
Felis	0.0	0.0	45.421513	-93.189716	0.0	0.0	0.0021
Felis	0.0	0.0	32.973110999999996	-96.65108599999999	0.0	0.0	0.0021
Felis	0.0	0.0	44.555943	-67.87025600000001	0.0	0.0	0.0021
Felis	0.0	0.0	29.67222000000001	-95.56965	0.0	0.0	0.0021
Felis	0.0	0.0	44.951333	-93.072035	0.0	0.0	0.0021
Felis	0.0	0.0	30.327126	-97.67336999999999	0.0	0.0	0.0021
Felis	0.0	0.0	44.931449	-123.04079499999999	0.0	0.0	0.0021
Felis	0.0	0.0	31.331485999999998	-94.70721999999999	0.0	0.0	0.0021
Felis	0.0	0.0	45.404128	-93.198978	0.0	0.0	0.0021
Felis	0.0	0.0	40.777528000000004	-74.431664	0.0	0.0	0.0021
Felis	0.0	0.0	42.377319	-71.072209	0.0	0.0	0.0021
Felis	0.0	0.0	29.385022999999997	-94.870632	0.0	0.0	0.0021
Felis	0.0	0.0	29.582417	-95.572692	0.0	0.0	0.0021
Felis	0.0	0.0	30.495846999999998	-97.730863	0.0	0.0	0.0021
Felis	0.0	0.0	30.892162	-94.41109499999999	0.0	0.0	0.0021
Felis	0.0	0.0	36.795782	-119.41089699999999	0.0	0.0	0.0021
Felis	0.0	0.0	37.791686999999996	-122.16568899999999	0.0	0.0	0.0021
Felis	0.0	0.0	38.26602800000001	-78.555931	0.0	0.0	0.0021
Felis	0.0	0.0	40.830555	-73.98042199999998	0.0	0.0	0.0021
Felis	0.0	0.0	33.445491	-101.851625	0.0	0.0	0.0021
Felis	0.0	0.0	41.523644	-90.577637	0.0	0.0	0.0021
Felis	0.0	0.0	40.19315	-75.456	0.0	0.0	0.0021
Felis	0.0	0.0	32.886577	-97.280827	0.0	0.0	0.0021
Felis	0.0	0.0	38.946259999999995	-92.44653000000001	0.0	0.0	0.0021
Felis	0.0	0.0	41.266421	-96.05072	0.0	0.0	0.0021
Felis	0.0	0.0	45.401465	-93.19811899999999	0.0	0.0	0.0021
Felis	0.0	0.0	29.387802	-94.879207	0.0	0.0	0.0021
Felis	0.0	0.0	30.121228000000002	-97.341183	0.0	0.0	0.0021
Felis	0.0	0.0	40.787878000000006	-74.388207	0.0	0.0	0.0021
Felis	0.0	0.0	34.188067	-118.34071599999999	0.0	0.0	0.0021
Felis	0.0	0.0	40.775514	-74.429086	0.0	0.0	0.0021
Felis	0.0	0.0	32.883941	-97.280508	0.0	0.0	0.0021
Felis	0.0	0.0	28.309613	-81.44995	0.0	0.0	0.0021
Felis	0.0	0.0	30.231451	-93.22191600000001	0.0	0.0	0.0021
Felis	0.0	0.0	28.146125	-82.75676800000002	0.0	0.0	0.0021
Felis	0.0	0.0	32.884015000000005	-97.280827	0.0	0.0	0.0021
Felis	0.0	0.0	40.775514	-74.429086	0.0	0.0	0.0021
Felis	0.0	0.0	33.525746999999996	-101.913492	0.0	0.0	0.0021
Felis	0.0	0.0	30.159564000000003	-97.328338	0.0	0.0	0.0021
Felis	0.0	0.0	32.991487	-96.64231	0.0	0.0	0.0021
Felis	0.0	0.0	31.769368	-106.506429	0.0	0.0	0.0021
Felis	0.0	0.0	35.447639	-118.91641299999999	0.0	0.0	0.0021
Felis	0.0	0.0	32.931964	-96.75765899999999	0.0	0.0	0.0021
Felis	0.0	0.0	42.185192	-111.40126699999999	0.0	0.0	0.0021
Felis	0.0	0.0	30.116436	-97.277642	0.0	0.0	0.0021
Felis	0.0	0.0	28.316367	-81.59388100000002	0.0	0.0	0.0021
Felis	0.0	0.0	38.912288000000004	-111.934053	0.0	0.0	0.0021
Felis	0.0	0.0	38.933597999999996	-92.28335600000001	0.0	0.0	0.0021
Felis	0.0	0.0	27.468097999999998	-97.86144499999999	0.0	0.0	0.0021
Felis	0.0	0.0	48.92845300000001	-119.429603	0.0	0.0	0.0021
Felis	0.0	0.0	41.152722999999995	-87.894475	0.0	0.0	0.0021
Felis	0.0	0.0	30.385389	-97.680591	0.0	0.0	0.0021
Felis	0.0	0.0	39.155208	-84.5001	0.0	0.0	0.0021
Felis	0.0	0.0	32.751577000000005	-99.02044699999999	0.0	0.0	0.0021
Felis	0.0	0.0	37.42869500000001	-122.07369399999999	0.0	0.0	0.0021
Felis	0.0	0.0	40.016589	-75.107907	0.0	0.0	0.0021
Felis	0.0	0.0	30.464979999999997	-97.759236	0.0	0.0	0.0021
Felis	0.0	0.0	32.706843	-97.358949	0.0	0.0	0.0021
Felis	0.0	0.0	30.979219	-96.759555	0.0	0.0	0.0021
Felis	0.0	0.0	45.359495	-117.16285400000001	0.0	0.0	0.0021
Felis	0.0	0.0	38.68056	-121.069552	0.0	0.0	0.0021
Felis	0.0	0.0	40.657666	-89.58295	0.0	0.0	0.0021
Felis	0.0	0.0	30.167262	-97.402478	0.0	0.0	0.0021
Felis	0.0	0.0	29.914634000000003	-96.893169	0.0	0.0	0.0021
Felis	0.0	0.0	32.707939	-97.35838199999999	0.0	0.0	0.0021
Felis	0.0	0.0	29.791001	-90.13079	0.0	0.0	0.0021
Felis	0.0	0.0	30.472416	-90.991885	0.0	0.0	0.0021
Felis	0.0	0.0	29.78487800000001	-98.708945	0.0	0.0	0.0021
Felis	0.0	0.0	30.214223999999998	-97.77715699999999	0.0	0.0	0.0021
Felis	0.0	0.0	32.426706	-100.392494	0.0	0.0	0.0021
Felis	0.0	0.0	30.216366999999998	-97.850383	0.0	0.0	0.0021
Felis	0.0	0.0	31.950626	-99.9479	0.0	0.0	0.0021
Felis	0.0	0.0	35.66695900000001	-78.845472	0.0	0.0	0.0021
Felis	0.0	0.0	30.383290000000002	-97.025975	0.0	0.0	0.0021
Felis	0.0	0.0	32.806487	-96.803747	0.0	0.0	0.0021
Felis	0.0	0.0	32.85152	-96.660609	0.0	0.0	0.0021
Felis	0.0	0.0	41.020203	-73.794297	0.0	0.0	0.0021
Felis	0.0	0.0	34.076941	-118.130509	0.0	0.0	0.0021
Felis	0.0	0.0	32.802238	-96.808575	0.0	0.0	0.0021
Felis	0.0	0.0	32.806571000000005	-96.803278	0.0	0.0	0.0021
Felis	0.0	0.0	29.784447999999998	-98.707629	0.0	0.0	0.0021
Felis	0.0	0.0	30.424155	-91.099944	0.0	0.0	0.0021
Felis	0.0	0.0	30.331999999999997	-97.67416700000001	0.0	0.0	0.0021
Felis	0.0	0.0	35.683239	-78.936729	0.0	0.0	0.0021
Felis	0.0	0.0	41.010422999999996	-81.397717	0.0	0.0	0.0021
Felis	0.0	0.0	43.263327000000004	-123.46720900000001	0.0	0.0	0.0021
Felis	0.0	0.0	39.686327	-76.270138	0.0	0.0	0.0021
Felis	0.0	0.0	43.263298	-123.46711499999999	0.0	0.0	0.0021
Felis	0.0	0.0	37.415436	-122.007251	0.0	0.0	0.0021
Felis	0.0	0.0	30.357578000000004	-103.65977099999999	0.0	0.0	0.0021
Felis	0.0	0.0	30.278221999999996	-97.750817	0.0	0.0	0.0021
Felis	0.0	0.0	30.241301	-97.700529	0.0	0.0	0.0021
Felis	0.0	0.0	30.372931	-97.64931700000001	0.0	0.0	0.0021
Felis	0.0	0.0	30.37282	-97.649091	0.0	0.0	0.0021
Felis	0.0	0.0	30.426528	-103.69824	0.0	0.0	0.0021
Felis	0.0	0.0	30.241722999999997	-95.96159200000001	0.0	0.0	0.0021
Felis	0.0	0.0	30.241945	-95.9617	0.0	0.0	0.0021
Felis	0.0	0.0	30.247575	-97.70090400000001	0.0	0.0	0.0021
Felis	0.0	0.0	30.465190000000003	-97.758822	0.0	0.0	0.0021
Felis	0.0	0.0	29.914149	-96.893907	0.0	0.0	0.0021
Felis	0.0	0.0	30.017182000000002	-97.14704	0.0	0.0	0.0021
Felis	0.0	0.0	30.194956	-97.610236	0.0	0.0	0.0021
Felis	0.0	0.0	25.788969	-80.226439	0.0	0.0	0.0021
Felis	0.0	0.0	30.241151000000002	-97.700447	0.0	0.0	0.0021
Felis	0.0	0.0	30.464949	-97.75925600000001	0.0	0.0	0.0021
Felis	0.0	0.0	30.167341999999998	-97.402585	0.0	0.0	0.0021
Felis	0.0	0.0	44.69909000000001	-73.467044	0.0	0.0	0.0021
Felis	0.0	0.0	30.091134000000004	-97.416866	0.0	0.0	0.0021
Felis	0.0	0.0	44.898203	-93.363487	0.0	0.0	0.0021
Felis	0.0	0.0	40.70692800000001	-79.50797299999998	0.0	0.0	0.0021
Felis	0.0	0.0	30.507813	-97.771098	0.0	0.0	0.0021
Felis	0.0	0.0	41.743077	-124.18127700000001	0.0	0.0	0.0021
Felis	0.0	0.0	30.248217999999998	-97.702781	0.0	0.0	0.0021
Felis	0.0	0.0	30.027684999999998	-95.258587	0.0	0.0	0.0021
Felis	0.0	0.0	40.150057000000004	-88.96640500000002	0.0	0.0	0.0021
Felis	0.0	0.0	48.198712	-122.125142	0.0	0.0	0.0021
Felis	0.0	0.0	41.455143	-90.864184	0.0	0.0	0.0021
Felis	0.0	0.0	38.705727	-121.01037	0.0	0.0	0.0021
Felis	0.0	0.0	33.531442999999996	-101.886585	0.0	0.0	0.0021
Felis	0.0	0.0	39.9515	-75.165	0.0	0.0	0.0021
Felis	0.0	0.0	29.1845	-99.79225100000001	0.0	0.0	0.0021
Felis	0.0	0.0	30.854886999999998	-93.641535	0.0	0.0	0.0021
Felis	0.0	0.0	39.058061	-77.020039	0.0	0.0	0.0021
Felis	0.0	0.0	41.251845	-80.758122	0.0	0.0	0.0021
Felis	0.0	0.0	40.654296	-73.86060400000002	0.0	0.0	0.0021
Felis	0.0	0.0	40.864746000000004	-73.87796999999998	0.0	0.0	0.0021
Felis	0.0	0.0	41.0	-81.3667	0.0	0.0	0.0021
Felis	0.0	0.0	39.9833	-82.9167	0.0	0.0	0.0021
Felis	0.0	0.0	43.831953999999996	-79.28600300000002	0.0	0.0	0.0021
Felis	0.0	0.0	43.159375	-79.246863	0.0	0.0	0.0021
Felis	0.0	0.0	43.257748	-79.84729499999997	0.0	0.0	0.0021
Felis	0.0	0.0	45.445656	-75.652011	0.0	0.0	0.0021
Felis	0.0	0.0	44.144309	-76.708375	0.0	0.0	0.0021
Felis	0.0	0.0	50.978586	-114.081448	0.0	0.0	0.0021
Felis	0.0	0.0	43.653226000000004	-79.383184	0.0	0.0	0.0021
Felis	0.0	0.0	43.443883	-80.47740300000002	0.0	0.0	0.0021
Felis	0.0	0.0	49.41598	-123.61456100000001	0.0	0.0	0.0021
Felis	0.0	0.0	44.141387	-76.388763	0.0	0.0	0.0021
Felis	0.0	0.0	53.465763	-113.597928	0.0	0.0	0.0021
Felis	0.0	0.0	44.49662	-77.509383	0.0	0.0	0.0021
Felis	0.0	0.0	45.350908000000004	-75.617986	0.0	0.0	0.0021
Felis	0.0	0.0	43.185466999999996	-80.65929	0.0	0.0	0.0021
Felis	0.0	0.0	45.444203	-75.66033900000002	0.0	0.0	0.0021
Felis	0.0	0.0	43.58895	-80.552667	0.0	0.0	0.0021
Felis	0.0	0.0	45.353767	-75.79428100000001	0.0	0.0	0.0021
Felis	0.0	0.0	44.674698	-79.359403	0.0	0.0	0.0021
Felis	0.0	0.0	44.674714	-79.362415	0.0	0.0	0.0021
Felis	0.0	0.0	44.25111	-78.105278	0.0	0.0	0.0021
Felis	0.0	0.0	45.383368	-74.021827	0.0	0.0	0.0021
Felis	0.0	0.0	45.087937	-64.368619	0.0	0.0	0.0021
Felis	0.0	0.0	43.732584	-79.789663	0.0	0.0	0.0021
Felis	0.0	0.0	45.44560900000001	-75.655272	0.0	0.0	0.0021
Felis	0.0	0.0	51.09301	-114.144676	0.0	0.0	0.0021
Felis	0.0	0.0	43.241537	-79.821534	0.0	0.0	0.0021
Felis	0.0	0.0	45.78711	-66.19324	0.0	0.0	0.0021
Felis	0.0	0.0	43.599506	-79.55592299999998	0.0	0.0	0.0021
Felis	0.0	0.0	43.655524	-80.341627	0.0	0.0	0.0021
Felis	0.0	0.0	45.368547	-75.797791	0.0	0.0	0.0021
Felis	0.0	0.0	53.873298	-122.775673	0.0	0.0	0.0021
Felis	0.0	0.0	45.9763	-60.4371	0.0	0.0	0.0021
Felis	0.0	0.0	45.445732	-75.65049300000003	0.0	0.0	0.0021
Felis	0.0	0.0	45.446876	-75.651721	0.0	0.0	0.0021
Felis	0.0	0.0	43.163667	-80.301905	0.0	0.0	0.0021
Felis	0.0	0.0	43.652907	-80.035872	0.0	0.0	0.0021
Felis	0.0	0.0	44.23538	-76.526575	0.0	0.0	0.0021
Felis	0.0	0.0	45.425788	-75.40045699999997	0.0	0.0	0.0021
Felis	0.0	0.0	28.623758000000002	-106.077478	0.0	0.0	0.0021
Felis	0.0	0.0	28.623797999999997	-106.077473	0.0	0.0	0.0021
Felis	0.0	0.0	28.623758000000002	-106.077478	0.0	0.0	0.0021
Felis	0.0	0.0	25.793472	-100.284715	0.0	0.0	0.0021
Felis	0.0	0.0	28.679240000000004	-106.13835700000001	0.0	0.0	0.0021
Felis	0.0	0.0	28.623781	-106.077578	0.0	0.0	0.0021
Felis	0.0	0.0	25.639326	-100.303366	0.0	0.0	0.0021
Felis	0.0	0.0	25.669329	-100.303228	0.0	0.0	0.0021
Felis	0.0	0.0	25.9316	-100.37348100000001	0.0	0.0	0.0021
Felis	0.0	0.0	28.67923900000001	-106.13839499999999	0.0	0.0	0.0021
Felis	0.0	0.0	28.623797999999997	-106.077482	0.0	0.0	0.0021
Felis	0.0	0.0	28.623907	-106.07751	0.0	0.0	0.0021
Felis	0.0	0.0	28.725495000000002	-106.09458500000001	0.0	0.0	0.0021
Felis	0.0	0.0	28.623758000000002	-106.077478	0.0	0.0	0.0021
Felis	0.0	0.0	25.684526	-100.264237	0.0	0.0	0.0021
Felis	0.0	0.0	29.052516999999998	-107.864182	0.0	0.0	0.0021
Felis	0.0	0.0	30.072824	-115.707771	0.0	0.0	0.0021
Felis	0.0	0.0	30.039525	-115.774397	0.0	0.0	0.0021
Felis	0.0	0.0	29.067589	-110.934044	0.0	0.0	0.0021
Felis	0.0	0.0	25.799392	-100.24603	0.0	0.0	0.0021
Felis	0.0	0.0	28.148978000000003	-108.519267	0.0	0.0	0.0021
Felis	0.0	0.0	29.016813	-110.953644	0.0	0.0	0.0021
Felis	0.0	0.0	32.4097	-117.06002	0.0	0.0	0.0021
Felis	0.0	0.0	25.447577	-100.84456	0.0	0.0	0.0021
Felis	0.0	0.0	31.328840000000003	-109.932004	0.0	0.0	0.0021
