species	max_age	min_age	lat	lon	family	mean_age	rounded_ages
Kogia	0.0	0.0	43.291109999999996	-124.278803	0.0	0.0	0.0021
Kogia	0.0	0.0	38.317775	-123.02608300000001	0.0	0.0	0.0021
Kogia	0.0	0.0	41.151456	-73.11523199999998	0.0	0.0	0.0021
Kogia	0.0	0.0	28.05	-80.55	0.0	0.0	0.0021
Kogia	0.0	0.0	26.92	-80.08	0.0	0.0	0.0021
Kogia	0.0	0.0	33.48	-79.07	0.0	0.0	0.0021
Kogia	0.0	0.0	33.73	-78.8	0.0	0.0	0.0021
Kogia	0.0	0.0	26.97	-80.17	0.0	0.0	0.0021
Kogia	0.0	0.0	26.92	-80.12	0.0	0.0	0.0021
Kogia	0.0	0.0	33.9	-78.28	0.0	0.0	0.0021
Kogia	0.0	0.0	33.25	-79.17	0.0	0.0	0.0021
Kogia	0.0	0.0	29.13	-80.97	0.0	0.0	0.0021
Kogia	0.0	0.0	28.33	-80.6	0.0	0.0	0.0021
Kogia	0.0	0.0	31.93	-81.05	0.0	0.0	0.0021
Kogia	0.0	0.0	27.28	-80.22	0.0	0.0	0.0021
Kogia	0.0	0.0	26.62	-80.13	0.0	0.0	0.0021
Kogia	0.0	0.0	32.1	-80.82	0.0	0.0	0.0021
Kogia	0.0	0.0	32.1686	-80.7139	0.0	0.0	0.0021
Kogia	0.0	0.0	30.35	-86.98	0.0	0.0	0.0021
Kogia	0.0	0.0	28.12	-80.57	0.0	0.0	0.0021
Kogia	0.0	0.0	27.75	-82.77	0.0	0.0	0.0021
Kogia	0.0	0.0	27.2042	-80.1964	0.0	0.0	0.0021
Kogia	0.0	0.0	33.4894	-79.0789	0.0	0.0	0.0021
Kogia	0.0	0.0	34.17	-77.82	0.0	0.0	0.0021
Kogia	0.0	0.0	30.4	-88.83	0.0	0.0	0.0021
Kogia	0.0	0.0	33.3244	-79.1583	0.0	0.0	0.0021
Kogia	0.0	0.0	28.4	-80.58	0.0	0.0	0.0021
Kogia	0.0	0.0	28.97	-80.85	0.0	0.0	0.0021
Kogia	0.0	0.0	33.65	-78.92	0.0	0.0	0.0021
Kogia	0.0	0.0	29.92	-81.28	0.0	0.0	0.0021
Kogia	0.0	0.0	32.12	-81.12	0.0	0.0	0.0021
Kogia	0.0	0.0	29.92	-81.28	0.0	0.0	0.0021
Kogia	0.0	0.0	29.92	-81.28	0.0	0.0	0.0021
Kogia	0.0	0.0	33.02	-79.53	0.0	0.0	0.0021
Kogia	0.0	0.0	32.12	-80.83	0.0	0.0	0.0021
Kogia	0.0	0.0	29.3	-81.05	0.0	0.0	0.0021
Kogia	0.0	0.0	40.8258	-72.5278	0.0	0.0	0.0021
Kogia	0.0	0.0	29.18	-80.98	0.0	0.0	0.0021
Kogia	0.0	0.0	33.8	-78.68	0.0	0.0	0.0021
Kogia	0.0	0.0	28.22	-80.58	0.0	0.0	0.0021
Kogia	0.0	0.0	29.88	-81.27	0.0	0.0	0.0021
Kogia	0.0	0.0	33.68	-78.87	0.0	0.0	0.0021
Kogia	0.0	0.0	30.38	-81.43	0.0	0.0	0.0021
Kogia	0.0	0.0	40.7667	-73.9986	0.0	0.0	0.0021
Kogia	0.0	0.0	28.4	-80.58	0.0	0.0	0.0021
Kogia	0.0	0.0	29.77	-81.22	0.0	0.0	0.0021
Kogia	0.0	0.0	30.28	-81.38	0.0	0.0	0.0021
Kogia	0.0	0.0	26.18	-81.82	0.0	0.0	0.0021
Kogia	0.0	0.0	29.22	-81.0	0.0	0.0	0.0021
Kogia	0.0	0.0	33.83	-78.6	0.0	0.0	0.0021
Kogia	0.0	0.0	29.38	-81.08	0.0	0.0	0.0021
Kogia	0.0	0.0	33.83	-79.58	0.0	0.0	0.0021
Kogia	0.0	0.0	28.02	-80.53	0.0	0.0	0.0021
Kogia	0.0	0.0	29.22	-81.0	0.0	0.0	0.0021
Kogia	0.0	0.0	31.72	-81.12	0.0	0.0	0.0021
Kogia	0.0	0.0	26.0	-80.12	0.0	0.0	0.0021
Kogia	0.0	0.0	41.67	-71.43	0.0	0.0	0.0021
Kogia	0.0	0.0	29.9	-81.28	0.0	0.0	0.0021
Kogia	0.0	0.0	33.32	-79.15	0.0	0.0	0.0021
Kogia	0.0	0.0	28.28	-80.6	0.0	0.0	0.0021
Kogia	0.0	0.0	29.77	-81.25	0.0	0.0	0.0021
Kogia	0.0	0.0	28.35	-80.58	0.0	0.0	0.0021
Kogia	0.0	0.0	27.33	-82.55	0.0	0.0	0.0021
Kogia	0.0	0.0	32.15	-80.78	0.0	0.0	0.0021
Kogia	0.0	0.0	31.87	-81.0	0.0	0.0	0.0021
Kogia	0.0	0.0	27.73	-82.75	0.0	0.0	0.0021
Kogia	0.0	0.0	29.92	-81.28	0.0	0.0	0.0021
Kogia	0.0	0.0	29.35	-81.07	0.0	0.0	0.0021
Kogia	0.0	0.0	30.2	-85.83	0.0	0.0	0.0021
Kogia	0.0	0.0	32.2606	-80.6308	0.0	0.0	0.0021
Kogia	0.0	0.0	29.02	-80.88	0.0	0.0	0.0021
Kogia	0.0	0.0	29.45	-81.12	0.0	0.0	0.0021
Kogia	0.0	0.0	29.13	-80.95	0.0	0.0	0.0021
Kogia	0.0	0.0	29.13	-80.95	0.0	0.0	0.0021
Kogia	0.0	0.0	28.25	-82.7	0.0	0.0	0.0021
Kogia	0.0	0.0	29.78	-93.2	0.0	0.0	0.0021
Kogia	0.0	0.0	31.72	-81.13	0.0	0.0	0.0021
Kogia	0.0	0.0	28.08	-80.55	0.0	0.0	0.0021
Kogia	0.0	0.0	30.02	-81.32	0.0	0.0	0.0021
Kogia	0.0	0.0	26.25	-80.13	0.0	0.0	0.0021
Kogia	0.0	0.0	33.57	-79.0	0.0	0.0	0.0021
Kogia	0.0	0.0	26.13	-81.8	0.0	0.0	0.0021
Kogia	0.0	0.0	26.13	-81.8	0.0	0.0	0.0021
Kogia	0.0	0.0	27.83	-82.83	0.0	0.0	0.0021
Kogia	0.0	0.0	26.42	-80.12	0.0	0.0	0.0021
Kogia	0.0	0.0	40.0	-75.0	0.0	0.0	0.0021
Kogia	0.0	0.0	29.67	-81.2	0.0	0.0	0.0021
Kogia	0.0	0.0	40.0	-75.0	0.0	0.0	0.0021
Kogia	0.0	0.0	29.67	-81.2	0.0	0.0	0.0021
Kogia	0.0	0.0	33.52	-79.05	0.0	0.0	0.0021
Kogia	0.0	0.0	29.67	-81.2	0.0	0.0	0.0021
Kogia	0.0	0.0	29.47	-81.12	0.0	0.0	0.0021
Kogia	0.0	0.0	29.75	-81.25	0.0	0.0	0.0021
Kogia	0.0	0.0	27.7331	-82.6244	0.0	0.0	0.0021
Kogia	0.0	0.0	29.02	-80.88	0.0	0.0	0.0021
Kogia	0.0	0.0	28.8	-82.72	0.0	0.0	0.0021
Kogia	0.0	0.0	27.78	-80.47	0.0	0.0	0.0021
Kogia	0.0	0.0	29.28	-81.03	0.0	0.0	0.0021
Kogia	0.0	0.0	27.88	-82.85	0.0	0.0	0.0021
Kogia	0.0	0.0	25.58	-80.32	0.0	0.0	0.0021
Kogia	0.0	0.0	27.7	-82.73	0.0	0.0	0.0021
Kogia	0.0	0.0	27.7	-82.73	0.0	0.0	0.0021
Kogia	0.0	0.0	27.7	-82.73	0.0	0.0	0.0021
Kogia	0.0	0.0	35.18	-76.7	0.0	0.0	0.0021
Kogia	0.0	0.0	28.2	-80.58	0.0	0.0	0.0021
Kogia	0.0	0.0	30.02	-81.32	0.0	0.0	0.0021
Kogia	0.0	0.0	27.4	-80.27	0.0	0.0	0.0021
Kogia	0.0	0.0	33.27	-79.17	0.0	0.0	0.0021
Kogia	0.0	0.0	28.42	-80.57	0.0	0.0	0.0021
Kogia	0.0	0.0	27.35	-80.25	0.0	0.0	0.0021
Kogia	0.0	0.0	31.0	-81.45	0.0	0.0	0.0021
Kogia	0.0	0.0	26.88	-82.33	0.0	0.0	0.0021
Kogia	0.0	0.0	29.65	-81.2	0.0	0.0	0.0021
Kogia	0.0	0.0	26.92	-80.08	0.0	0.0	0.0021
Kogia	0.0	0.0	27.23	-80.2	0.0	0.0	0.0021
Kogia	0.0	0.0	31.08	-81.42	0.0	0.0	0.0021
Kogia	0.0	0.0	40.7839	-72.6675	0.0	0.0	0.0021
Kogia	0.0	0.0	29.33	-81.07	0.0	0.0	0.0021
Kogia	0.0	0.0	26.5	-80.08	0.0	0.0	0.0021
Kogia	0.0	0.0	29.33	-81.07	0.0	0.0	0.0021
Kogia	0.0	0.0	27.4	-80.27	0.0	0.0	0.0021
Kogia	0.0	0.0	27.73	-82.75	0.0	0.0	0.0021
Kogia	0.0	0.0	29.22	-81.0	0.0	0.0	0.0021
Kogia	0.0	0.0	41.625	-70.37	0.0	0.0	0.0021
Kogia	0.0	0.0	29.03	-80.9	0.0	0.0	0.0021
Kogia	0.0	0.0	26.72	-82.07	0.0	0.0	0.0021
Kogia	0.0	0.0	28.2	-80.58	0.0	0.0	0.0021
Kogia	0.0	0.0	33.42	-79.12	0.0	0.0	0.0021
Kogia	0.0	0.0	39.4167	-74.925	0.0	0.0	0.0021
Kogia	0.0	0.0	39.4167	-74.925	0.0	0.0	0.0021
Kogia	0.0	0.0	29.55	-81.15	0.0	0.0	0.0021
Kogia	0.0	0.0	28.07	-80.55	0.0	0.0	0.0021
Kogia	0.0	0.0	36.87	-121.82	0.0	0.0	0.0021
Kogia	0.0	0.0	36.9194	-76.1333	0.0	0.0	0.0021
Kogia	0.0	0.0	36.6861	-75.9194	0.0	0.0	0.0021
Kogia	0.0	0.0	40.3775	-75.9769	0.0	0.0	0.0021
Kogia	0.0	0.0	26.4444	-81.93	0.0	0.0	0.0021
Kogia	0.0	0.0	34.97	-78.92	0.0	0.0	0.0021
Kogia	0.0	0.0	37.9	-122.63	0.0	0.0	0.0021
Kogia	0.0	0.0	30.23	-81.38	0.0	0.0	0.0021
Kogia	0.0	0.0	30.35	-89.08	0.0	0.0	0.0021
Kogia	0.0	0.0	29.53	-81.15	0.0	0.0	0.0021
Kogia	0.0	0.0	30.37	-89.08	0.0	0.0	0.0021
Kogia	0.0	0.0	31.82	-81.05	0.0	0.0	0.0021
Kogia	0.0	0.0	29.8503	-81.2656	0.0	0.0	0.0021
Kogia	0.0	0.0	30.5083	-81.4417	0.0	0.0	0.0021
Kogia	0.0	0.0	30.38	-88.88	0.0	0.0	0.0021
Kogia	0.0	0.0	26.13	-80.12	0.0	0.0	0.0021
Kogia	0.0	0.0	25.8022	-81.4686	0.0	0.0	0.0021
Kogia	0.0	0.0	28.9181	-80.8161	0.0	0.0	0.0021
Kogia	0.0	0.0	29.2269	-81.0056	0.0	0.0	0.0021
Kogia	0.0	0.0	33.57	-79.0	0.0	0.0	0.0021
Kogia	0.0	0.0	29.53	-81.15	0.0	0.0	0.0021
Kogia	0.0	0.0	30.32	-81.4	0.0	0.0	0.0021
Kogia	0.0	0.0	28.75	-80.7542	0.0	0.0	0.0021
Kogia	0.0	0.0	27.97	-82.82	0.0	0.0	0.0021
Kogia	0.0	0.0	34.63	-77.15	0.0	0.0	0.0021
Kogia	0.0	0.0	27.4972	-97.32	0.0	0.0	0.0021
Kogia	0.0	0.0	29.33	-81.07	0.0	0.0	0.0021
Kogia	0.0	0.0	44.5328	-67.8189	0.0	0.0	0.0021
Kogia	0.0	0.0	32.25	-80.7	0.0	0.0	0.0021
Kogia	0.0	0.0	33.6811	-78.8889	0.0	0.0	0.0021
Kogia	0.0	0.0	26.13	-81.8	0.0	0.0	0.0021
Kogia	0.0	0.0	28.0844	-80.5539	0.0	0.0	0.0021
Kogia	0.0	0.0	34.3	-77.7	0.0	0.0	0.0021
Kogia	0.0	0.0	29.8	-81.25	0.0	0.0	0.0021
Kogia	0.0	0.0	28.2417	-80.6	0.0	0.0	0.0021
Kogia	0.0	0.0	28.8331	-80.7731	0.0	0.0	0.0021
Kogia	0.0	0.0	28.0472	-80.5472	0.0	0.0	0.0021
Kogia	0.0	0.0	40.9433	-72.1944	0.0	0.0	0.0021
Kogia	0.0	0.0	27.78	-82.78	0.0	0.0	0.0021
Kogia	0.0	0.0	33.35	-79.15	0.0	0.0	0.0021
Kogia	0.0	0.0	28.4083	-80.5897	0.0	0.0	0.0021
Kogia	0.0	0.0	30.23	-81.37	0.0	0.0	0.0021
Kogia	0.0	0.0	32.1314	-80.7722	0.0	0.0	0.0021
Kogia	0.0	0.0	32.2806	-80.5903	0.0	0.0	0.0021
Kogia	0.0	0.0	27.97	-82.82	0.0	0.0	0.0021
Kogia	0.0	0.0	27.2067	-82.5167	0.0	0.0	0.0021
Kogia	0.0	0.0	29.88	-85.37	0.0	0.0	0.0021
Kogia	0.0	0.0	29.0	-81.0	0.0	0.0	0.0021
Kogia	0.0	0.0	34.43	-77.52	0.0	0.0	0.0021
Kogia	0.0	0.0	27.78	-82.8	0.0	0.0	0.0021
Kogia	0.0	0.0	29.3	-81.05	0.0	0.0	0.0021
Kogia	0.0	0.0	27.5417	-82.62	0.0	0.0	0.0021
Kogia	0.0	0.0	29.2	-81.0	0.0	0.0	0.0021
Kogia	0.0	0.0	29.77	-81.25	0.0	0.0	0.0021
Kogia	0.0	0.0	27.77	-82.77	0.0	0.0	0.0021
Kogia	0.0	0.0	48.0	-122.0	0.0	0.0	0.0021
Kogia	0.0	0.0	35.33	-120.87	0.0	0.0	0.0021
Kogia	0.0	0.0	32.58	-117.132	0.0	0.0	0.0021
Kogia	0.0	0.0	27.3439	-82.6069	0.0	0.0	0.0021
Kogia	0.0	0.0	28.6375	-82.6556	0.0	0.0	0.0021
Kogia	0.0	0.0	31.95	-80.97	0.0	0.0	0.0021
Kogia	0.0	0.0	28.0097	-80.5389	0.0	0.0	0.0021
Kogia	0.0	0.0	27.4	-80.5	0.0	0.0	0.0021
Kogia	0.0	0.0	40.9497	-72.1783	0.0	0.0	0.0021
Kogia	0.0	0.0	29.77	-81.25	0.0	0.0	0.0021
Kogia	0.0	0.0	27.0	-80.27	0.0	0.0	0.0021
Kogia	0.0	0.0	28.23	-80.6	0.0	0.0	0.0021
Kogia	0.0	0.0	29.0	-81.25	0.0	0.0	0.0021
Kogia	0.0	0.0	28.1775	-80.5897	0.0	0.0	0.0021
Kogia	0.0	0.0	32.1417	-80.75	0.0	0.0	0.0021
Kogia	0.0	0.0	28.2025	-80.5956	0.0	0.0	0.0021
Kogia	0.0	0.0	27.3153	-80.2917	0.0	0.0	0.0021
Kogia	0.0	0.0	32.25	-80.62	0.0	0.0	0.0021
Kogia	0.0	0.0	36.9	-75.9883	0.0	0.0	0.0021
Kogia	0.0	0.0	27.25	-97.42	0.0	0.0	0.0021
Kogia	0.0	0.0	31.7542	-81.0972	0.0	0.0	0.0021
Kogia	0.0	0.0	26.1183	-80.1042	0.0	0.0	0.0021
Kogia	0.0	0.0	28.2044	-80.5881	0.0	0.0	0.0021
Kogia	0.0	0.0	30.0	-81.38	0.0	0.0	0.0021
Kogia	0.0	0.0	29.85	-81.25	0.0	0.0	0.0021
Kogia	0.0	0.0	28.1542	-80.5847	0.0	0.0	0.0021
Kogia	0.0	0.0	41.63	-70.22	0.0	0.0	0.0021
Kogia	0.0	0.0	40.6894	-75.9897	0.0	0.0	0.0021
Kogia	0.0	0.0	32.1817	-80.705	0.0	0.0	0.0021
Kogia	0.0	0.0	30.2444	-81.3792	0.0	0.0	0.0021
Kogia	0.0	0.0	32.2783	-80.59	0.0	0.0	0.0021
Kogia	0.0	0.0	32.2783	-80.59	0.0	0.0	0.0021
Kogia	0.0	0.0	36.8283	-75.9683	0.0	0.0	0.0021
Kogia	0.0	0.0	31.8444	-81.0583	0.0	0.0	0.0021
Kogia	0.0	0.0	28.43	-81.45	0.0	0.0	0.0021
Kogia	0.0	0.0	35.2383	-77.5583	0.0	0.0	0.0021
Kogia	0.0	0.0	26.0083	-80.1133	0.0	0.0	0.0021
Kogia	0.0	0.0	29.6639	-81.2083	0.0	0.0	0.0021
Kogia	0.0	0.0	30.155	-85.6683	0.0	0.0	0.0021
Kogia	0.0	0.0	30.3269	-87.3	0.0	0.0	0.0021
Kogia	0.0	0.0	29.5167	-81.1467	0.0	0.0	0.0021
Kogia	0.0	0.0	29.2	-81.0	0.0	0.0	0.0021
Kogia	0.0	0.0	30.2417	-81.3783	0.0	0.0	0.0021
Kogia	0.0	0.0	34.6425	-77.0994	0.0	0.0	0.0021
Kogia	0.0	0.0	29.2083	-81.0	0.0	0.0	0.0021
Kogia	0.0	0.0	42.32	-70.9	0.0	0.0	0.0021
Kogia	0.0	0.0	42.32	-70.9	0.0	0.0	0.0021
Kogia	0.0	0.0	31.95	-81.4042	0.0	0.0	0.0021
Kogia	0.0	0.0	28.17	-80.67	0.0	0.0	0.0021
Kogia	0.0	0.0	30.3333	-81.3917	0.0	0.0	0.0021
Kogia	0.0	0.0	26.0667	-80.1083	0.0	0.0	0.0021
Kogia	0.0	0.0	42.97	-124.13	0.0	0.0	0.0021
Kogia	0.0	0.0	27.23	-80.25	0.0	0.0	0.0021
Kogia	0.0	0.0	40.88	-72.55	0.0	0.0	0.0021
Kogia	0.0	0.0	32.3083	-80.6958	0.0	0.0	0.0021
Kogia	0.0	0.0	33.25	-79.2	0.0	0.0	0.0021
Kogia	0.0	0.0	29.02	-80.93	0.0	0.0	0.0021
Kogia	0.0	0.0	29.8517	-81.2817	0.0	0.0	0.0021
Kogia	0.0	0.0	29.77	-81.25	0.0	0.0	0.0021
Kogia	0.0	0.0	27.28	-80.23	0.0	0.0	0.0021
Kogia	0.0	0.0	36.87	-75.98	0.0	0.0	0.0021
Kogia	0.0	0.0	36.8233	-75.975	0.0	0.0	0.0021
Kogia	0.0	0.0	36.97	-76.4	0.0	0.0	0.0021
Kogia	0.0	0.0	27.83	-80.48	0.0	0.0	0.0021
Kogia	0.0	0.0	29.68	-81.22	0.0	0.0	0.0021
Kogia	0.0	0.0	27.75	-82.67	0.0	0.0	0.0021
Kogia	0.0	0.0	29.17	-81.0	0.0	0.0	0.0021
Kogia	0.0	0.0	27.92	-80.53	0.0	0.0	0.0021
Kogia	0.0	0.0	33.9	-78.4	0.0	0.0	0.0021
Kogia	0.0	0.0	29.83	-81.27	0.0	0.0	0.0021
Kogia	0.0	0.0	29.9	-81.32	0.0	0.0	0.0021
Kogia	0.0	0.0	29.88	-81.27	0.0	0.0	0.0021
Kogia	0.0	0.0	29.02	-80.88	0.0	0.0	0.0021
Kogia	0.0	0.0	29.07	-80.92	0.0	0.0	0.0021
Kogia	0.0	0.0	30.3	-81.4	0.0	0.0	0.0021
Kogia	0.0	0.0	31.8	-81.08	0.0	0.0	0.0021
Kogia	0.0	0.0	28.07	-80.55	0.0	0.0	0.0021
Kogia	0.0	0.0	30.32	-81.4	0.0	0.0	0.0021
Kogia	0.0	0.0	29.48	-81.13	0.0	0.0	0.0021
Kogia	0.0	0.0	29.48	-81.13	0.0	0.0	0.0021
Kogia	0.0	0.0	28.07	-80.63	0.0	0.0	0.0021
Kogia	0.0	0.0	27.23	-80.25	0.0	0.0	0.0021
Kogia	0.0	0.0	28.15	-80.58	0.0	0.0	0.0021
Kogia	0.0	0.0	28.07	-80.63	0.0	0.0	0.0021
Kogia	0.0	0.0	41.83	-71.42	0.0	0.0	0.0021
Kogia	0.0	0.0	26.95	-80.13	0.0	0.0	0.0021
Kogia	0.0	0.0	27.82	-80.47	0.0	0.0	0.0021
Kogia	0.0	0.0	33.7	-78.88	0.0	0.0	0.0021
Kogia	0.0	0.0	29.28	-81.05	0.0	0.0	0.0021
Kogia	0.0	0.0	32.67	-117.17	0.0	0.0	0.0021
Kogia	0.0	0.0	32.75	-117.17	0.0	0.0	0.0021
Kogia	0.0	0.0	30.28	-81.38	0.0	0.0	0.0021
Kogia	0.0	0.0	40.87	-72.87	0.0	0.0	0.0021
Kogia	0.0	0.0	37.38	-76.78	0.0	0.0	0.0021
Kogia	0.0	0.0	26.0	-80.13	0.0	0.0	0.0021
Kogia	0.0	0.0	35.92	-78.0	0.0	0.0	0.0021
Kogia	0.0	0.0	40.87	-72.87	0.0	0.0	0.0021
Kogia	0.0	0.0	40.88	-72.4	0.0	0.0	0.0021
Kogia	0.0	0.0	40.88	-72.55	0.0	0.0	0.0021
Kogia	0.0	0.0	28.0	-80.53	0.0	0.0	0.0021
Kogia	0.0	0.0	29.98	-81.4	0.0	0.0	0.0021
Kogia	0.0	0.0	29.47	-81.12	0.0	0.0	0.0021
Kogia	0.0	0.0	29.85	-81.25	0.0	0.0	0.0021
Kogia	0.0	0.0	34.7	-76.78	0.0	0.0	0.0021
Kogia	0.0	0.0	38.395	-75.07	0.0	0.0	0.0021
Kogia	0.0	0.0	25.85	-81.28	0.0	0.0	0.0021
Kogia	0.0	0.0	29.7	-81.22	0.0	0.0	0.0021
Kogia	0.0	0.0	29.72	-81.2	0.0	0.0	0.0021
Kogia	0.0	0.0	36.73	-75.93	0.0	0.0	0.0021
Kogia	0.0	0.0	32.05	-80.93	0.0	0.0	0.0021
Kogia	0.0	0.0	42.42	-71.92	0.0	0.0	0.0021
Kogia	0.0	0.0	40.87	-72.5	0.0	0.0	0.0021
Kogia	0.0	0.0	31.8	-81.08	0.0	0.0	0.0021
Kogia	0.0	0.0	27.131458000000002	-114.31643700000001	0.0	0.0	0.0021
