species	max_age	min_age	lat	lon	family	mean_age	rounded_ages
Mustela	0.0	0.0	32.551303000000004	-117.11236699999999	0.0	0.0	0.0021
Mustela	0.0	0.0	33.046756	-116.936692	0.0	0.0	0.0021
Mustela	0.0	0.0	43.857087	-72.87280600000003	0.0	0.0	0.0021
Mustela	0.0	0.0	39.084182	-107.012952	0.0	0.0	0.0021
Mustela	0.0	0.0	42.875616	-72.816125	0.0	0.0	0.0021
Mustela	0.0	0.0	33.038695000000004	-116.93753799999999	0.0	0.0	0.0021
Mustela	0.0	0.0	42.034207	-73.145829	0.0	0.0	0.0021
Mustela	0.0	0.0	45.401433000000004	-93.198922	0.0	0.0	0.0021
Mustela	0.0	0.0	42.034318	-73.14584599999998	0.0	0.0	0.0021
Mustela	0.0	0.0	40.079648999999996	-88.29854	0.0	0.0	0.0021
Mustela	0.0	0.0	45.420515	-93.193291	0.0	0.0	0.0021
Mustela	0.0	0.0	43.342168	-89.89934699999998	0.0	0.0	0.0021
Mustela	0.0	0.0	37.377767999999996	-122.209239	0.0	0.0	0.0021
Mustela	0.0	0.0	42.440146	-71.51507	0.0	0.0	0.0021
Mustela	0.0	0.0	43.712887	-72.548891	0.0	0.0	0.0021
Mustela	0.0	0.0	47.661061	-122.12253500000001	0.0	0.0	0.0021
Mustela	0.0	0.0	35.255575	-106.60319299999999	0.0	0.0	0.0021
Mustela	0.0	0.0	35.332375	-112.8655	0.0	0.0	0.0021
Mustela	0.0	0.0	36.955575	-122.08519	0.0	0.0	0.0021
Mustela	0.0	0.0	35.23782	-106.60669299999999	0.0	0.0	0.0021
Mustela	0.0	0.0	59.43545500000001	-151.707923	0.0	0.0	0.0021
Mustela	0.0	0.0	45.56065	-122.408722	0.0	0.0	0.0021
Mustela	0.0	0.0	43.834125	-72.357012	0.0	0.0	0.0021
Mustela	0.0	0.0	43.014841	-89.220727	0.0	0.0	0.0021
Mustela	0.0	0.0	37.926878	-122.141428	0.0	0.0	0.0021
Mustela	0.0	0.0	43.132393	-72.52954100000002	0.0	0.0	0.0021
Mustela	0.0	0.0	37.503335	-122.47650800000001	0.0	0.0	0.0021
Mustela	0.0	0.0	41.514241999999996	-80.049408	0.0	0.0	0.0021
Mustela	0.0	0.0	29.771759999999997	-93.44012	0.0	0.0	0.0021
Mustela	0.0	0.0	29.497635	-102.896435	0.0	0.0	0.0021
Mustela	0.0	0.0	44.543749	-72.39750500000002	0.0	0.0	0.0021
Mustela	0.0	0.0	42.033827	-73.14579	0.0	0.0	0.0021
Mustela	0.0	0.0	35.299268	-112.96942299999999	0.0	0.0	0.0021
Mustela	0.0	0.0	47.001391	-123.005124	0.0	0.0	0.0021
Mustela	0.0	0.0	37.832417	-122.537217	0.0	0.0	0.0021
Mustela	0.0	0.0	39.246503000000004	-123.46675	0.0	0.0	0.0021
Mustela	0.0	0.0	36.95298	-122.08133600000001	0.0	0.0	0.0021
Mustela	0.0	0.0	44.35277	-72.62008900000002	0.0	0.0	0.0021
Mustela	0.0	0.0	38.22303400000001	-122.60127299999999	0.0	0.0	0.0021
Mustela	0.0	0.0	41.500849	-73.182982	0.0	0.0	0.0021
Mustela	0.0	0.0	42.869926	-72.89835500000002	0.0	0.0	0.0021
Mustela	0.0	0.0	38.167465	-122.58143600000001	0.0	0.0	0.0021
Mustela	0.0	0.0	40.956445	-111.931696	0.0	0.0	0.0021
Mustela	0.0	0.0	42.121829	-71.203233	0.0	0.0	0.0021
Mustela	0.0	0.0	36.949562	-122.064553	0.0	0.0	0.0021
Mustela	0.0	0.0	35.277113	-120.7128	0.0	0.0	0.0021
Mustela	0.0	0.0	38.188059	-122.659255	0.0	0.0	0.0021
Mustela	0.0	0.0	36.95758	-122.059517	0.0	0.0	0.0021
Mustela	0.0	0.0	38.554165999999995	-78.444927	0.0	0.0	0.0021
Mustela	0.0	0.0	42.454034	-71.294563	0.0	0.0	0.0021
Mustela	0.0	0.0	61.062135999999995	-149.808747	0.0	0.0	0.0021
Mustela	0.0	0.0	38.958737	-106.98832800000001	0.0	0.0	0.0021
Mustela	0.0	0.0	32.998409	-116.964679	0.0	0.0	0.0021
Mustela	0.0	0.0	38.118645	-122.945733	0.0	0.0	0.0021
Mustela	0.0	0.0	41.810947	-72.233795	0.0	0.0	0.0021
Mustela	0.0	0.0	61.061935	-149.808945	0.0	0.0	0.0021
Mustela	0.0	0.0	33.08031	-116.83965	0.0	0.0	0.0021
Mustela	0.0	0.0	47.838188	-122.221876	0.0	0.0	0.0021
Mustela	0.0	0.0	38.37555800000001	-122.90538799999999	0.0	0.0	0.0021
Mustela	0.0	0.0	46.109546	-123.85457199999999	0.0	0.0	0.0021
Mustela	0.0	0.0	42.459412	-78.01063	0.0	0.0	0.0021
Mustela	0.0	0.0	61.061925	-149.808883	0.0	0.0	0.0021
Mustela	0.0	0.0	44.04923400000001	-73.292167	0.0	0.0	0.0021
Mustela	0.0	0.0	38.118625	-122.945778	0.0	0.0	0.0021
Mustela	0.0	0.0	38.213281	-122.973749	0.0	0.0	0.0021
Mustela	0.0	0.0	47.091533	-99.819425	0.0	0.0	0.0021
Mustela	0.0	0.0	40.694355	-82.19077800000002	0.0	0.0	0.0021
Mustela	0.0	0.0	39.490424	-123.795327	0.0	0.0	0.0021
Mustela	0.0	0.0	40.369105	-105.63991000000001	0.0	0.0	0.0021
Mustela	0.0	0.0	44.490353000000006	-109.9999	0.0	0.0	0.0021
Mustela	0.0	0.0	41.752373	-74.19483199999998	0.0	0.0	0.0021
Mustela	0.0	0.0	36.003436	-118.36984	0.0	0.0	0.0021
Mustela	0.0	0.0	37.480964	-122.452431	0.0	0.0	0.0021
Mustela	0.0	0.0	59.106023	-135.527707	0.0	0.0	0.0021
Mustela	0.0	0.0	45.491728	-110.995699	0.0	0.0	0.0021
Mustela	0.0	0.0	47.000471999999995	-123.00313600000001	0.0	0.0	0.0021
Mustela	0.0	0.0	45.909766999999995	-122.588647	0.0	0.0	0.0021
Mustela	0.0	0.0	44.6101	-122.83989	0.0	0.0	0.0021
Mustela	0.0	0.0	39.193851	-106.338297	0.0	0.0	0.0021
Mustela	0.0	0.0	37.502099	-106.63958999999998	0.0	0.0	0.0021
Mustela	0.0	0.0	39.489369	-123.80005200000001	0.0	0.0	0.0021
Mustela	0.0	0.0	46.682972	-92.552878	0.0	0.0	0.0021
Mustela	0.0	0.0	48.688321	-113.736368	0.0	0.0	0.0021
Mustela	0.0	0.0	41.319178	-122.490261	0.0	0.0	0.0021
Mustela	0.0	0.0	45.467987	-122.364639	0.0	0.0	0.0021
Mustela	0.0	0.0	38.262768	-122.67319499999999	0.0	0.0	0.0021
Mustela	0.0	0.0	44.893851	-72.691699	0.0	0.0	0.0021
Mustela	0.0	0.0	47.210457	-92.774652	0.0	0.0	0.0021
Mustela	0.0	0.0	35.433253	-113.22851899999999	0.0	0.0	0.0021
Mustela	0.0	0.0	33.202571	-117.07383200000001	0.0	0.0	0.0021
Mustela	0.0	0.0	37.811941	-107.664506	0.0	0.0	0.0021
Mustela	0.0	0.0	37.620117	-122.49233600000001	0.0	0.0	0.0021
Mustela	0.0	0.0	40.696865	-124.269407	0.0	0.0	0.0021
Mustela	0.0	0.0	47.672916	-117.870547	0.0	0.0	0.0021
Mustela	0.0	0.0	42.231541	-74.150116	0.0	0.0	0.0021
Mustela	0.0	0.0	38.02724	-122.61426999999999	0.0	0.0	0.0021
Mustela	0.0	0.0	47.682858	-122.25183500000001	0.0	0.0	0.0021
Mustela	0.0	0.0	44.340881	-72.461311	0.0	0.0	0.0021
Mustela	0.0	0.0	32.840544	-117.033212	0.0	0.0	0.0021
Mustela	0.0	0.0	40.954921	-111.91702099999999	0.0	0.0	0.0021
Mustela	0.0	0.0	43.057590999999995	-118.83928300000001	0.0	0.0	0.0021
Mustela	0.0	0.0	38.317904999999996	-123.03506499999999	0.0	0.0	0.0021
Mustela	0.0	0.0	38.284143	-122.73088899999999	0.0	0.0	0.0021
Mustela	0.0	0.0	41.18502	-81.273085	0.0	0.0	0.0021
Mustela	0.0	0.0	41.48389	-112.30426200000001	0.0	0.0	0.0021
Mustela	0.0	0.0	44.359705	-70.084112	0.0	0.0	0.0021
Mustela	0.0	0.0	47.405068	-122.15925700000001	0.0	0.0	0.0021
Mustela	0.0	0.0	33.528503	-116.80149499999999	0.0	0.0	0.0021
Mustela	0.0	0.0	34.842304999999996	-119.063973	0.0	0.0	0.0021
Mustela	0.0	0.0	38.141292	-122.700824	0.0	0.0	0.0021
Mustela	0.0	0.0	34.650261	-86.03420200000002	0.0	0.0	0.0021
Mustela	0.0	0.0	41.48246500000001	-112.143805	0.0	0.0	0.0021
Mustela	0.0	0.0	44.947375	-110.306852	0.0	0.0	0.0021
Mustela	0.0	0.0	39.974476	-105.656529	0.0	0.0	0.0021
Mustela	0.0	0.0	37.048033000000004	-122.23754199999999	0.0	0.0	0.0021
Mustela	0.0	0.0	61.07765300000001	-149.82728799999995	0.0	0.0	0.0021
Mustela	0.0	0.0	37.418255	-122.232308	0.0	0.0	0.0021
Mustela	0.0	0.0	37.916531	-119.253143	0.0	0.0	0.0021
Mustela	0.0	0.0	37.363894	-80.583815	0.0	0.0	0.0021
Mustela	0.0	0.0	37.497565	-122.49619799999999	0.0	0.0	0.0021
Mustela	0.0	0.0	42.444501	-119.72550600000001	0.0	0.0	0.0021
Mustela	0.0	0.0	29.49884	-99.737089	0.0	0.0	0.0021
Mustela	0.0	0.0	43.851803000000004	-69.625811	0.0	0.0	0.0021
Mustela	0.0	0.0	42.386163	-114.515375	0.0	0.0	0.0021
Mustela	0.0	0.0	38.406803000000004	-122.849962	0.0	0.0	0.0021
Mustela	0.0	0.0	40.60888	-123.55288999999999	0.0	0.0	0.0021
Mustela	0.0	0.0	48.694912	-113.72114499999999	0.0	0.0	0.0021
Mustela	0.0	0.0	42.9564	-75.930739	0.0	0.0	0.0021
Mustela	0.0	0.0	37.497442	-122.49616999999999	0.0	0.0	0.0021
Mustela	0.0	0.0	38.347458	-122.967858	0.0	0.0	0.0021
Mustela	0.0	0.0	37.643861	-112.82921200000001	0.0	0.0	0.0021
Mustela	0.0	0.0	46.27637100000001	-122.229375	0.0	0.0	0.0021
Mustela	0.0	0.0	43.379788	-124.099713	0.0	0.0	0.0021
Mustela	0.0	0.0	43.608055	-72.408938	0.0	0.0	0.0021
Mustela	0.0	0.0	63.114803	-151.19259499999995	0.0	0.0	0.0021
Mustela	0.0	0.0	33.134525	-116.52606200000001	0.0	0.0	0.0021
Mustela	0.0	0.0	38.85350800000001	-106.927525	0.0	0.0	0.0021
Mustela	0.0	0.0	39.941732	-104.87681699999999	0.0	0.0	0.0021
Mustela	0.0	0.0	39.813454	-104.86229399999999	0.0	0.0	0.0021
Mustela	0.0	0.0	47.450183	-112.892875	0.0	0.0	0.0021
Mustela	0.0	0.0	45.561877	-122.39948700000001	0.0	0.0	0.0021
Mustela	0.0	0.0	43.911654999999996	-73.065712	0.0	0.0	0.0021
Mustela	0.0	0.0	39.864565	-104.888202	0.0	0.0	0.0021
Mustela	0.0	0.0	39.843363000000004	-104.85445	0.0	0.0	0.0021
Mustela	0.0	0.0	39.593125	-105.72478400000001	0.0	0.0	0.0021
Mustela	0.0	0.0	44.280844	-71.276495	0.0	0.0	0.0021
Mustela	0.0	0.0	40.306041	-121.218951	0.0	0.0	0.0021
Mustela	0.0	0.0	39.97496500000001	-104.82301700000001	0.0	0.0	0.0021
Mustela	0.0	0.0	40.56968300000001	-111.62253500000001	0.0	0.0	0.0021
Mustela	0.0	0.0	45.562804	-122.31295	0.0	0.0	0.0021
Mustela	0.0	0.0	39.937494	-104.842563	0.0	0.0	0.0021
Mustela	0.0	0.0	42.602453000000004	-71.517714	0.0	0.0	0.0021
Mustela	0.0	0.0	47.295759000000004	-114.783005	0.0	0.0	0.0021
Mustela	0.0	0.0	42.77299	-72.48690400000002	0.0	0.0	0.0021
Mustela	0.0	0.0	48.466421000000004	-121.05791799999999	0.0	0.0	0.0021
Mustela	0.0	0.0	37.429195	-122.17585	0.0	0.0	0.0021
Mustela	0.0	0.0	42.772997	-72.48690400000002	0.0	0.0	0.0021
Mustela	0.0	0.0	43.954786999999996	-72.991087	0.0	0.0	0.0021
Mustela	0.0	0.0	42.95064	-122.17342	0.0	0.0	0.0021
Mustela	0.0	0.0	38.404845	-122.84699499999999	0.0	0.0	0.0021
Mustela	0.0	0.0	46.842732	-113.98668300000001	0.0	0.0	0.0021
Mustela	0.0	0.0	43.156326	-70.767363	0.0	0.0	0.0021
Mustela	0.0	0.0	38.402910999999996	-122.847022	0.0	0.0	0.0021
Mustela	0.0	0.0	46.842715999999996	-113.98670700000001	0.0	0.0	0.0021
Mustela	0.0	0.0	38.089071999999994	-122.916642	0.0	0.0	0.0021
Mustela	0.0	0.0	37.448408	-122.444249	0.0	0.0	0.0021
Mustela	0.0	0.0	47.158833	-113.58129	0.0	0.0	0.0021
Mustela	0.0	0.0	44.243766	-72.941668	0.0	0.0	0.0021
Mustela	0.0	0.0	43.838187	-72.153803	0.0	0.0	0.0021
Mustela	0.0	0.0	43.751858	-72.369597	0.0	0.0	0.0021
Mustela	0.0	0.0	40.038896	-109.183176	0.0	0.0	0.0021
Mustela	0.0	0.0	45.954155	-123.931428	0.0	0.0	0.0021
Mustela	0.0	0.0	38.920526	-107.262425	0.0	0.0	0.0021
Mustela	0.0	0.0	44.659805	-111.107344	0.0	0.0	0.0021
Mustela	0.0	0.0	37.239338000000004	-80.422394	0.0	0.0	0.0021
Mustela	0.0	0.0	38.404638	-122.84784499999999	0.0	0.0	0.0021
Mustela	0.0	0.0	43.894876000000004	-69.97257900000001	0.0	0.0	0.0021
Mustela	0.0	0.0	40.777194	-111.85972	0.0	0.0	0.0021
Mustela	0.0	0.0	40.280453	-106.86323	0.0	0.0	0.0021
Mustela	0.0	0.0	32.543439	-117.117322	0.0	0.0	0.0021
Mustela	0.0	0.0	44.338421999999994	-72.997703	0.0	0.0	0.0021
Mustela	0.0	0.0	43.132368	-72.525655	0.0	0.0	0.0021
Mustela	0.0	0.0	44.583087	-70.190511	0.0	0.0	0.0021
Mustela	0.0	0.0	41.797226	-72.135237	0.0	0.0	0.0021
Mustela	0.0	0.0	47.475423	-91.106398	0.0	0.0	0.0021
Mustela	0.0	0.0	35.533506	-78.594359	0.0	0.0	0.0021
Mustela	0.0	0.0	45.289294	-93.13105300000001	0.0	0.0	0.0021
Mustela	0.0	0.0	41.797212	-72.13523	0.0	0.0	0.0021
Mustela	0.0	0.0	44.51688400000001	-73.241199	0.0	0.0	0.0021
Mustela	0.0	0.0	35.056567	-120.603925	0.0	0.0	0.0021
Mustela	0.0	0.0	44.214331	-73.06971	0.0	0.0	0.0021
Mustela	0.0	0.0	29.271161	-103.299625	0.0	0.0	0.0021
Mustela	0.0	0.0	38.33511	-123.06762900000001	0.0	0.0	0.0021
Mustela	0.0	0.0	43.796453	-112.17261	0.0	0.0	0.0021
Mustela	0.0	0.0	39.967304	-105.234196	0.0	0.0	0.0021
Mustela	0.0	0.0	37.466956	-122.44578700000001	0.0	0.0	0.0021
Mustela	0.0	0.0	36.560187	-118.74311000000002	0.0	0.0	0.0021
Mustela	0.0	0.0	46.414341	-123.93411200000001	0.0	0.0	0.0021
Mustela	0.0	0.0	48.702003999999995	-122.35439299999999	0.0	0.0	0.0021
Mustela	0.0	0.0	35.406931	-118.523444	0.0	0.0	0.0021
Mustela	0.0	0.0	35.365945	-120.84999199999999	0.0	0.0	0.0021
Mustela	0.0	0.0	43.889144	-72.836371	0.0	0.0	0.0021
Mustela	0.0	0.0	38.117302	-122.933885	0.0	0.0	0.0021
Mustela	0.0	0.0	47.405177	-122.271286	0.0	0.0	0.0021
Mustela	0.0	0.0	41.129048	-81.353472	0.0	0.0	0.0021
Mustela	0.0	0.0	43.921642999999996	-72.827871	0.0	0.0	0.0021
Mustela	0.0	0.0	40.395567	-105.712445	0.0	0.0	0.0021
Mustela	0.0	0.0	43.614445	-110.66875900000001	0.0	0.0	0.0021
Mustela	0.0	0.0	42.303917	-74.12512199999998	0.0	0.0	0.0021
Mustela	0.0	0.0	42.676092	-72.463723	0.0	0.0	0.0021
Mustela	0.0	0.0	38.062647	-119.23656000000001	0.0	0.0	0.0021
Mustela	0.0	0.0	39.405606	-105.30993899999999	0.0	0.0	0.0021
Mustela	0.0	0.0	42.280035	-71.179969	0.0	0.0	0.0021
Mustela	0.0	0.0	36.7296	-118.959153	0.0	0.0	0.0021
Mustela	0.0	0.0	37.44298	-122.429724	0.0	0.0	0.0021
Mustela	0.0	0.0	38.048344	-119.262781	0.0	0.0	0.0021
Mustela	0.0	0.0	48.50868	-120.75381399999999	0.0	0.0	0.0021
Mustela	0.0	0.0	42.30584	-73.006197	0.0	0.0	0.0021
Mustela	0.0	0.0	35.129607	-106.68388	0.0	0.0	0.0021
Mustela	0.0	0.0	37.338432	-107.916899	0.0	0.0	0.0021
Mustela	0.0	0.0	40.573249	-111.50119199999999	0.0	0.0	0.0021
Mustela	0.0	0.0	42.481108	-71.310211	0.0	0.0	0.0021
Mustela	0.0	0.0	48.380741	-115.319755	0.0	0.0	0.0021
Mustela	0.0	0.0	41.194813	-103.685198	0.0	0.0	0.0021
Mustela	0.0	0.0	38.929291	-104.815525	0.0	0.0	0.0021
Mustela	0.0	0.0	42.364521	-76.353663	0.0	0.0	0.0021
Mustela	0.0	0.0	37.457516999999996	-122.44438899999999	0.0	0.0	0.0021
Mustela	0.0	0.0	44.148254	-74.905273	0.0	0.0	0.0021
Mustela	0.0	0.0	40.267483	-105.61397	0.0	0.0	0.0021
Mustela	0.0	0.0	41.245821	-73.670824	0.0	0.0	0.0021
Mustela	0.0	0.0	35.484288	-113.102691	0.0	0.0	0.0021
Mustela	0.0	0.0	41.636015	-88.416552	0.0	0.0	0.0021
Mustela	0.0	0.0	37.458014	-122.444282	0.0	0.0	0.0021
Mustela	0.0	0.0	39.33995	-120.338447	0.0	0.0	0.0021
Mustela	0.0	0.0	37.458048	-122.443067	0.0	0.0	0.0021
Mustela	0.0	0.0	38.938114	-105.530441	0.0	0.0	0.0021
Mustela	0.0	0.0	48.424774	-122.30701599999999	0.0	0.0	0.0021
Mustela	0.0	0.0	35.51003	-113.06273700000001	0.0	0.0	0.0021
Mustela	0.0	0.0	29.258621999999995	-100.41025	0.0	0.0	0.0021
Mustela	0.0	0.0	35.558177	-113.098004	0.0	0.0	0.0021
Mustela	0.0	0.0	35.368429	-112.87863	0.0	0.0	0.0021
Mustela	0.0	0.0	35.470591	-113.022995	0.0	0.0	0.0021
Mustela	0.0	0.0	35.290168	-112.84390800000001	0.0	0.0	0.0021
Mustela	0.0	0.0	35.47658	-113.10976399999998	0.0	0.0	0.0021
Mustela	0.0	0.0	35.280546	-112.95999599999999	0.0	0.0	0.0021
Mustela	0.0	0.0	35.59973	-113.155859	0.0	0.0	0.0021
Mustela	0.0	0.0	35.453492	-113.07980800000001	0.0	0.0	0.0021
Mustela	0.0	0.0	45.1858	-93.08234200000001	0.0	0.0	0.0021
Mustela	0.0	0.0	43.925826	-72.877711	0.0	0.0	0.0021
Mustela	0.0	0.0	43.764741	-73.191562	0.0	0.0	0.0021
Mustela	0.0	0.0	38.198304	-122.96196299999998	0.0	0.0	0.0021
Mustela	0.0	0.0	35.498098999999996	-113.017684	0.0	0.0	0.0021
Mustela	0.0	0.0	42.780234	-73.790894	0.0	0.0	0.0021
Mustela	0.0	0.0	40.302233	-105.638406	0.0	0.0	0.0021
Mustela	0.0	0.0	44.031914	-92.42713499999999	0.0	0.0	0.0021
Mustela	0.0	0.0	33.797563000000004	-106.879498	0.0	0.0	0.0021
Mustela	0.0	0.0	35.087895	-106.399758	0.0	0.0	0.0021
Mustela	0.0	0.0	32.546638	-117.118427	0.0	0.0	0.0021
Mustela	0.0	0.0	35.303108	-120.79975	0.0	0.0	0.0021
Mustela	0.0	0.0	41.497313	-118.984393	0.0	0.0	0.0021
Mustela	0.0	0.0	38.214388	-122.97477099999999	0.0	0.0	0.0021
Mustela	0.0	0.0	34.130792	-119.10528000000001	0.0	0.0	0.0021
Mustela	0.0	0.0	42.9125	-73.808611	0.0	0.0	0.0021
Mustela	0.0	0.0	42.717172999999995	-73.861631	0.0	0.0	0.0021
Mustela	0.0	0.0	45.738606	-122.705423	0.0	0.0	0.0021
Mustela	0.0	0.0	71.299808	-156.695222	0.0	0.0	0.0021
Mustela	0.0	0.0	40.124045	-80.631599	0.0	0.0	0.0021
Mustela	0.0	0.0	40.367778	-107.027222	0.0	0.0	0.0021
Mustela	0.0	0.0	33.535398	-117.261071	0.0	0.0	0.0021
Mustela	0.0	0.0	47.417155	-122.161553	0.0	0.0	0.0021
Mustela	0.0	0.0	43.574275	-110.74074499999999	0.0	0.0	0.0021
Mustela	0.0	0.0	40.367778	-107.026944	0.0	0.0	0.0021
Mustela	0.0	0.0	42.764888	-71.84617	0.0	0.0	0.0021
Mustela	0.0	0.0	39.762955	-89.762597	0.0	0.0	0.0021
Mustela	0.0	0.0	40.749012	-124.183792	0.0	0.0	0.0021
Mustela	0.0	0.0	40.415985	-111.647819	0.0	0.0	0.0021
Mustela	0.0	0.0	46.12312100000001	-123.87745100000001	0.0	0.0	0.0021
Mustela	0.0	0.0	40.199207	-105.63089099999999	0.0	0.0	0.0021
Mustela	0.0	0.0	44.304933	-73.062859	0.0	0.0	0.0021
Mustela	0.0	0.0	36.973733	-121.46185	0.0	0.0	0.0021
Mustela	0.0	0.0	41.274925	-120.211229	0.0	0.0	0.0021
Mustela	0.0	0.0	44.952951	-116.05433400000001	0.0	0.0	0.0021
Mustela	0.0	0.0	41.562559	-111.747895	0.0	0.0	0.0021
Mustela	0.0	0.0	40.349292	-105.620499	0.0	0.0	0.0021
Mustela	0.0	0.0	43.997857	-90.527313	0.0	0.0	0.0021
Mustela	0.0	0.0	40.988252	-111.770518	0.0	0.0	0.0021
Mustela	0.0	0.0	40.602071	-111.585695	0.0	0.0	0.0021
Mustela	0.0	0.0	29.633084000000004	-99.884203	0.0	0.0	0.0021
Mustela	0.0	0.0	45.400128	-93.19663800000001	0.0	0.0	0.0021
Mustela	0.0	0.0	26.228917	-97.347298	0.0	0.0	0.0021
Mustela	0.0	0.0	26.22884	-97.34716999999999	0.0	0.0	0.0021
Mustela	0.0	0.0	44.76347	-116.041329	0.0	0.0	0.0021
Mustela	0.0	0.0	41.366031	-111.62768600000001	0.0	0.0	0.0021
Mustela	0.0	0.0	38.218951000000004	-122.976623	0.0	0.0	0.0021
Mustela	0.0	0.0	38.18985	-122.954439	0.0	0.0	0.0021
Mustela	0.0	0.0	39.301838000000004	-84.688271	0.0	0.0	0.0021
Mustela	0.0	0.0	38.092832	-122.92305	0.0	0.0	0.0021
Mustela	0.0	0.0	41.347813	-88.18466	0.0	0.0	0.0021
Mustela	0.0	0.0	37.47685	-122.44861499999999	0.0	0.0	0.0021
Mustela	0.0	0.0	42.040847	-112.796159	0.0	0.0	0.0021
Mustela	0.0	0.0	36.335564	-84.712814	0.0	0.0	0.0021
Mustela	0.0	0.0	42.040847	-112.796159	0.0	0.0	0.0021
Mustela	0.0	0.0	46.563937	-114.082967	0.0	0.0	0.0021
Mustela	0.0	0.0	48.695448999999996	-113.717849	0.0	0.0	0.0021
Mustela	0.0	0.0	37.559447	-112.487167	0.0	0.0	0.0021
Mustela	0.0	0.0	64.56424	-165.5099	0.0	0.0	0.0021
Mustela	0.0	0.0	38.210392	-122.96985500000001	0.0	0.0	0.0021
Mustela	0.0	0.0	43.706824	-70.242922	0.0	0.0	0.0021
Mustela	0.0	0.0	38.824053	-104.85848500000002	0.0	0.0	0.0021
Mustela	0.0	0.0	40.339729	-105.573357	0.0	0.0	0.0021
Mustela	0.0	0.0	44.51542	-72.792192	0.0	0.0	0.0021
Mustela	0.0	0.0	48.759613	-113.787022	0.0	0.0	0.0021
Mustela	0.0	0.0	38.859038	-107.23540700000001	0.0	0.0	0.0021
Mustela	0.0	0.0	40.274203	-105.63670900000001	0.0	0.0	0.0021
Mustela	0.0	0.0	36.64962	-118.73635	0.0	0.0	0.0021
Mustela	0.0	0.0	44.613448	-122.846202	0.0	0.0	0.0021
Mustela	0.0	0.0	38.190395	-122.956244	0.0	0.0	0.0021
Mustela	0.0	0.0	26.195676000000002	-97.40146700000001	0.0	0.0	0.0021
Mustela	0.0	0.0	42.789505	-73.79478399999998	0.0	0.0	0.0021
Mustela	0.0	0.0	39.178684999999994	-120.115113	0.0	0.0	0.0021
Mustela	0.0	0.0	43.5481	-119.618154	0.0	0.0	0.0021
Mustela	0.0	0.0	40.589708	-111.587832	0.0	0.0	0.0021
Mustela	0.0	0.0	41.464015	-111.49448500000001	0.0	0.0	0.0021
Mustela	0.0	0.0	41.002658000000004	-81.97541	0.0	0.0	0.0021
Mustela	0.0	0.0	40.699593	-106.905305	0.0	0.0	0.0021
Mustela	0.0	0.0	40.278665999999994	-106.85618799999999	0.0	0.0	0.0021
Mustela	0.0	0.0	38.887405	-78.168708	0.0	0.0	0.0021
Mustela	0.0	0.0	32.714773	-116.761757	0.0	0.0	0.0021
Mustela	0.0	0.0	30.382045	-88.74175600000002	0.0	0.0	0.0021
Mustela	0.0	0.0	35.627871999999996	-121.159072	0.0	0.0	0.0021
Mustela	0.0	0.0	40.90508	-111.929612	0.0	0.0	0.0021
Mustela	0.0	0.0	40.820343	-81.096198	0.0	0.0	0.0021
Mustela	0.0	0.0	38.362790999999994	-122.73371399999999	0.0	0.0	0.0021
Mustela	0.0	0.0	43.642508	-110.80275	0.0	0.0	0.0021
Mustela	0.0	0.0	40.512875	-81.27460500000002	0.0	0.0	0.0021
Mustela	0.0	0.0	35.572069	-121.112489	0.0	0.0	0.0021
Mustela	0.0	0.0	37.455391999999996	-122.443999	0.0	0.0	0.0021
Mustela	0.0	0.0	44.472992	-90.855767	0.0	0.0	0.0021
Mustela	0.0	0.0	45.799467	-122.711822	0.0	0.0	0.0021
Mustela	0.0	0.0	40.580128	-111.61933400000001	0.0	0.0	0.0021
Mustela	0.0	0.0	48.759613	-113.787022	0.0	0.0	0.0021
Mustela	0.0	0.0	35.979438	-118.596476	0.0	0.0	0.0021
Mustela	0.0	0.0	42.30079600000001	-85.244843	0.0	0.0	0.0021
Mustela	0.0	0.0	44.480128	-73.185824	0.0	0.0	0.0021
Mustela	0.0	0.0	38.448275	-119.971951	0.0	0.0	0.0021
Mustela	0.0	0.0	60.920278	-149.640278	0.0	0.0	0.0021
Mustela	0.0	0.0	39.161011	-105.38684099999999	0.0	0.0	0.0021
Mustela	0.0	0.0	39.183587	-82.4721	0.0	0.0	0.0021
Mustela	0.0	0.0	41.322744	-81.408666	0.0	0.0	0.0021
Mustela	0.0	0.0	43.870667	-72.598	0.0	0.0	0.0021
Mustela	0.0	0.0	47.284459999999996	-92.586952	0.0	0.0	0.0021
Mustela	0.0	0.0	33.21837	-117.03419699999999	0.0	0.0	0.0021
Mustela	0.0	0.0	34.149495	-118.954532	0.0	0.0	0.0021
Mustela	0.0	0.0	43.612198	-73.048562	0.0	0.0	0.0021
Mustela	0.0	0.0	43.612291	-73.049205	0.0	0.0	0.0021
Mustela	0.0	0.0	38.232444	-122.961656	0.0	0.0	0.0021
Mustela	0.0	0.0	47.705	-122.014	0.0	0.0	0.0021
Mustela	0.0	0.0	35.076107	-119.669853	0.0	0.0	0.0021
Mustela	0.0	0.0	43.850667	-72.589833	0.0	0.0	0.0021
Mustela	0.0	0.0	41.105114	-80.188583	0.0	0.0	0.0021
Mustela	0.0	0.0	38.42423	-123.115	0.0	0.0	0.0021
Mustela	0.0	0.0	30.382045	-88.741755	0.0	0.0	0.0021
Mustela	0.0	0.0	33.357988	-117.17491100000001	0.0	0.0	0.0021
Mustela	0.0	0.0	45.111706	-123.31378899999999	0.0	0.0	0.0021
Mustela	0.0	0.0	39.343923	-120.12905500000001	0.0	0.0	0.0021
Mustela	0.0	0.0	39.781313	-120.32415400000001	0.0	0.0	0.0021
Mustela	0.0	0.0	34.425999	-119.800969	0.0	0.0	0.0021
Mustela	0.0	0.0	32.556055	-117.09317	0.0	0.0	0.0021
Mustela	0.0	0.0	32.857769	-116.91273999999999	0.0	0.0	0.0021
Mustela	0.0	0.0	42.682438	-72.47246700000002	0.0	0.0	0.0021
Mustela	0.0	0.0	32.858149	-116.91498	0.0	0.0	0.0021
Mustela	0.0	0.0	42.569171000000004	-72.534176	0.0	0.0	0.0021
Mustela	0.0	0.0	43.6715	-110.49733300000001	0.0	0.0	0.0021
Mustela	0.0	0.0	32.856924	-116.91918100000001	0.0	0.0	0.0021
Mustela	0.0	0.0	35.540239	-121.09173100000001	0.0	0.0	0.0021
Mustela	0.0	0.0	40.951076	-111.908524	0.0	0.0	0.0021
Mustela	0.0	0.0	34.187977000000004	-118.901425	0.0	0.0	0.0021
Mustela	0.0	0.0	35.152581	-119.86548	0.0	0.0	0.0021
Mustela	0.0	0.0	40.93245	-111.949482	0.0	0.0	0.0021
Mustela	0.0	0.0	48.198712	-122.125142	0.0	0.0	0.0021
Mustela	0.0	0.0	38.121047	-122.94231200000002	0.0	0.0	0.0021
Mustela	0.0	0.0	42.2553	-87.88382299999998	0.0	0.0	0.0021
Mustela	0.0	0.0	40.341442	-105.56731599999999	0.0	0.0	0.0021
Mustela	0.0	0.0	37.312705	-122.187871	0.0	0.0	0.0021
Mustela	0.0	0.0	32.924333000000004	-117.241836	0.0	0.0	0.0021
Mustela	0.0	0.0	46.901638	-110.937377	0.0	0.0	0.0021
Mustela	0.0	0.0	48.867095	-113.75086100000001	0.0	0.0	0.0021
Mustela	0.0	0.0	40.731909	-110.86775800000001	0.0	0.0	0.0021
Mustela	0.0	0.0	40.342793	-105.68363899999999	0.0	0.0	0.0021
Mustela	0.0	0.0	38.855552	-107.256927	0.0	0.0	0.0021
Mustela	0.0	0.0	40.031648	-105.537525	0.0	0.0	0.0021
Mustela	0.0	0.0	40.943222999999996	-122.893549	0.0	0.0	0.0021
Mustela	0.0	0.0	34.204172	-117.404205	0.0	0.0	0.0021
Mustela	0.0	0.0	42.427769	-83.989244	0.0	0.0	0.0021
Mustela	0.0	0.0	38.506521	-109.20533200000001	0.0	0.0	0.0021
Mustela	0.0	0.0	37.7625	-119.57888899999999	0.0	0.0	0.0021
Mustela	0.0	0.0	43.448163	-103.517833	0.0	0.0	0.0021
Mustela	0.0	0.0	41.370271	-111.76828300000001	0.0	0.0	0.0021
Mustela	0.0	0.0	35.346457	-112.848467	0.0	0.0	0.0021
Mustela	0.0	0.0	44.261139	-72.581475	0.0	0.0	0.0021
Mustela	0.0	0.0	41.369946	-111.76678000000001	0.0	0.0	0.0021
Mustela	0.0	0.0	43.629273	-72.939477	0.0	0.0	0.0021
Mustela	0.0	0.0	33.011143	-116.85980500000001	0.0	0.0	0.0021
Mustela	0.0	0.0	48.36325	-120.163845	0.0	0.0	0.0021
Mustela	0.0	0.0	39.876333	-107.763725	0.0	0.0	0.0021
Mustela	0.0	0.0	43.873498	-116.499301	0.0	0.0	0.0021
Mustela	0.0	0.0	43.873498	-116.499301	0.0	0.0	0.0021
Mustela	0.0	0.0	43.873498	-116.499301	0.0	0.0	0.0021
Mustela	0.0	0.0	43.873498	-116.499301	0.0	0.0	0.0021
Mustela	0.0	0.0	43.873498	-116.499301	0.0	0.0	0.0021
Mustela	0.0	0.0	38.695201000000004	-105.04916599999999	0.0	0.0	0.0021
Mustela	0.0	0.0	40.85576	-105.648587	0.0	0.0	0.0021
Mustela	0.0	0.0	37.63612	-118.893367	0.0	0.0	0.0021
Mustela	0.0	0.0	39.369805	-120.08453600000001	0.0	0.0	0.0021
Mustela	0.0	0.0	39.363928	-115.212795	0.0	0.0	0.0021
Mustela	0.0	0.0	36.984455	-122.08866100000002	0.0	0.0	0.0021
Mustela	0.0	0.0	38.19232	-122.96002	0.0	0.0	0.0021
Mustela	0.0	0.0	35.45374	-113.13009199999999	0.0	0.0	0.0021
Mustela	0.0	0.0	37.310072	-115.129938	0.0	0.0	0.0021
Mustela	0.0	0.0	37.712208000000004	-119.116173	0.0	0.0	0.0021
Mustela	0.0	0.0	44.397791999999995	-92.101148	0.0	0.0	0.0021
Mustela	0.0	0.0	44.397791999999995	-92.101148	0.0	0.0	0.0021
Mustela	0.0	0.0	44.397791999999995	-92.101148	0.0	0.0	0.0021
Mustela	0.0	0.0	41.385822	-81.225702	0.0	0.0	0.0021
Mustela	0.0	0.0	63.72309	-148.957883	0.0	0.0	0.0021
Mustela	0.0	0.0	36.609592	-118.75206299999999	0.0	0.0	0.0021
Mustela	0.0	0.0	39.113975	-106.56663300000001	0.0	0.0	0.0021
Mustela	0.0	0.0	39.422036999999996	-120.26251699999999	0.0	0.0	0.0021
Mustela	0.0	0.0	35.131031	-106.6826	0.0	0.0	0.0021
Mustela	0.0	0.0	43.133041	-72.52606899999998	0.0	0.0	0.0021
Mustela	0.0	0.0	36.991585	-122.060852	0.0	0.0	0.0021
Mustela	0.0	0.0	38.900998	-120.031654	0.0	0.0	0.0021
Mustela	0.0	0.0	35.095169	-106.69258899999998	0.0	0.0	0.0021
Mustela	0.0	0.0	41.912571	-73.7684	0.0	0.0	0.0021
Mustela	0.0	0.0	35.131031	-106.6826	0.0	0.0	0.0021
Mustela	0.0	0.0	35.588057	-105.67699099999999	0.0	0.0	0.0021
Mustela	0.0	0.0	40.946195	-111.936522	0.0	0.0	0.0021
Mustela	0.0	0.0	25.870716	-97.43783	0.0	0.0	0.0021
Mustela	0.0	0.0	40.661982	-106.322928	0.0	0.0	0.0021
Mustela	0.0	0.0	39.643378999999996	-105.59225	0.0	0.0	0.0021
Mustela	0.0	0.0	42.020426	-79.16996400000002	0.0	0.0	0.0021
Mustela	0.0	0.0	33.148818	-116.41690200000001	0.0	0.0	0.0021
Mustela	0.0	0.0	43.41665	-113.51665	0.0	0.0	0.0021
Mustela	0.0	0.0	47.632465	-108.18450700000001	0.0	0.0	0.0021
Mustela	0.0	0.0	37.080071999999994	-118.34343	0.0	0.0	0.0021
Mustela	0.0	0.0	44.427963	-110.58845500000001	0.0	0.0	0.0021
Mustela	0.0	0.0	43.781068	-112.156057	0.0	0.0	0.0021
Mustela	0.0	0.0	45.984722	-66.5925	0.0	0.0	0.0021
Mustela	0.0	0.0	46.174363	-84.025428	0.0	0.0	0.0021
Mustela	0.0	0.0	44.708382	-63.7616	0.0	0.0	0.0021
Mustela	0.0	0.0	43.957971	-78.979251	0.0	0.0	0.0021
Mustela	0.0	0.0	43.609909	-65.796351	0.0	0.0	0.0021
Mustela	0.0	0.0	45.59661	-64.951851	0.0	0.0	0.0021
Mustela	0.0	0.0	45.480042	-76.076616	0.0	0.0	0.0021
Mustela	0.0	0.0	43.895569	-77.09960699999998	0.0	0.0	0.0021
Mustela	0.0	0.0	41.9295	-82.512745	0.0	0.0	0.0021
Mustela	0.0	0.0	62.461686	-114.368845	0.0	0.0	0.0021
Mustela	0.0	0.0	46.059692999999996	-64.761779	0.0	0.0	0.0021
Mustela	0.0	0.0	51.182617	-115.57125	0.0	0.0	0.0021
Mustela	0.0	0.0	53.828984	-132.164647	0.0	0.0	0.0021
Mustela	0.0	0.0	45.587832	-78.369157	0.0	0.0	0.0021
Mustela	0.0	0.0	45.58764	-78.369089	0.0	0.0	0.0021
Mustela	0.0	0.0	55.24346800000001	-84.319476	0.0	0.0	0.0021
Mustela	0.0	0.0	49.923411	-111.688971	0.0	0.0	0.0021
Mustela	0.0	0.0	46.497023999999996	-80.974476	0.0	0.0	0.0021
Mustela	0.0	0.0	45.293954	-75.813174	0.0	0.0	0.0021
Mustela	0.0	0.0	45.469319	-64.771904	0.0	0.0	0.0021
Mustela	0.0	0.0	44.473106	-64.636162	0.0	0.0	0.0021
Mustela	0.0	0.0	46.514638	-84.303331	0.0	0.0	0.0021
Mustela	0.0	0.0	44.634594	-79.477409	0.0	0.0	0.0021
Mustela	0.0	0.0	46.512018	-84.35001899999997	0.0	0.0	0.0021
Mustela	0.0	0.0	44.634357	-79.476922	0.0	0.0	0.0021
Mustela	0.0	0.0	45.9053	-72.504272	0.0	0.0	0.0021
Mustela	0.0	0.0	43.754768	-79.643567	0.0	0.0	0.0021
Mustela	0.0	0.0	45.613667	-71.060714	0.0	0.0	0.0021
Mustela	0.0	0.0	42.839821	-80.641266	0.0	0.0	0.0021
Mustela	0.0	0.0	43.272838	-79.899194	0.0	0.0	0.0021
Mustela	0.0	0.0	44.379901000000004	-76.296749	0.0	0.0	0.0021
Mustela	0.0	0.0	49.517241999999996	-86.174194	0.0	0.0	0.0021
Mustela	0.0	0.0	45.33152800000001	-75.80859699999998	0.0	0.0	0.0021
Mustela	0.0	0.0	45.679896	-73.52273000000002	0.0	0.0	0.0021
Mustela	0.0	0.0	71.993195	-125.29593500000001	0.0	0.0	0.0021
Mustela	0.0	0.0	44.010025	-80.51265	0.0	0.0	0.0021
Mustela	0.0	0.0	72.329881	-124.999283	0.0	0.0	0.0021
Mustela	0.0	0.0	45.118272	-79.558022	0.0	0.0	0.0021
Mustela	0.0	0.0	49.008354	-88.256524	0.0	0.0	0.0021
Mustela	0.0	0.0	46.300608000000004	-66.522046	0.0	0.0	0.0021
Mustela	0.0	0.0	48.456311	-71.00986	0.0	0.0	0.0021
Mustela	0.0	0.0	45.931732000000004	-66.656621	0.0	0.0	0.0021
Mustela	0.0	0.0	50.4296	-96.44549599999999	0.0	0.0	0.0021
Mustela	0.0	0.0	45.230004	-75.608637	0.0	0.0	0.0021
Mustela	0.0	0.0	51.2588	-110.79651799999999	0.0	0.0	0.0021
Mustela	0.0	0.0	42.30316	-81.85283000000003	0.0	0.0	0.0021
Mustela	0.0	0.0	43.207497	-79.80568000000002	0.0	0.0	0.0021
Mustela	0.0	0.0	44.834871	-81.051041	0.0	0.0	0.0021
Mustela	0.0	0.0	44.620387	-78.12664699999998	0.0	0.0	0.0021
Mustela	0.0	0.0	45.762254	-60.240097	0.0	0.0	0.0021
Mustela	0.0	0.0	50.016936	-96.92669699999999	0.0	0.0	0.0021
Mustela	0.0	0.0	53.372331	-132.214564	0.0	0.0	0.0021
Mustela	0.0	0.0	45.755795	-60.24181700000001	0.0	0.0	0.0021
Mustela	0.0	0.0	46.18357	-82.90864	0.0	0.0	0.0021
Mustela	0.0	0.0	43.382023	-80.570864	0.0	0.0	0.0021
Mustela	0.0	0.0	51.146398	-114.10516899999999	0.0	0.0	0.0021
Mustela	0.0	0.0	45.456339	-64.805374	0.0	0.0	0.0021
Mustela	0.0	0.0	50.702162	-114.185728	0.0	0.0	0.0021
Mustela	0.0	0.0	50.695803999999995	-114.16018799999999	0.0	0.0	0.0021
Mustela	0.0	0.0	49.689783	-123.17943700000001	0.0	0.0	0.0021
Mustela	0.0	0.0	46.933405	-83.91100899999998	0.0	0.0	0.0021
Mustela	0.0	0.0	46.933405	-83.91100899999998	0.0	0.0	0.0021
Mustela	0.0	0.0	42.998369	-81.26391	0.0	0.0	0.0021
Mustela	0.0	0.0	46.627202000000004	-84.473582	0.0	0.0	0.0021
Mustela	0.0	0.0	49.774563	-97.185097	0.0	0.0	0.0021
Mustela	0.0	0.0	46.627238	-84.473617	0.0	0.0	0.0021
Mustela	0.0	0.0	42.316666999999995	-81.85	0.0	0.0	0.0021
Mustela	0.0	0.0	45.030572	-76.39970100000002	0.0	0.0	0.0021
Mustela	0.0	0.0	49.469614	-114.198376	0.0	0.0	0.0021
Mustela	0.0	0.0	73.155636	-79.934007	0.0	0.0	0.0021
Mustela	0.0	0.0	44.07953300000001	-79.352522	0.0	0.0	0.0021
Mustela	0.0	0.0	64.445787	-110.539073	0.0	0.0	0.0021
Mustela	0.0	0.0	50.035746	-100.207352	0.0	0.0	0.0021
Mustela	0.0	0.0	45.864306	-66.698931	0.0	0.0	0.0021
Mustela	0.0	0.0	43.676247	-79.924447	0.0	0.0	0.0021
Mustela	0.0	0.0	48.090897	-77.780733	0.0	0.0	0.0021
Mustela	0.0	0.0	44.497107	-78.43053499999998	0.0	0.0	0.0021
Mustela	0.0	0.0	45.600238	-65.122703	0.0	0.0	0.0021
Mustela	0.0	0.0	43.536291999999996	-80.21749	0.0	0.0	0.0021
Mustela	0.0	0.0	48.681765999999996	-93.690405	0.0	0.0	0.0021
Mustela	0.0	0.0	45.583958	-78.359258	0.0	0.0	0.0021
Mustela	0.0	0.0	45.024028	-73.082362	0.0	0.0	0.0021
Mustela	0.0	0.0	49.669782	-109.527603	0.0	0.0	0.0021
Mustela	0.0	0.0	50.519851	-114.765887	0.0	0.0	0.0021
Mustela	0.0	0.0	43.346996999999995	-79.866473	0.0	0.0	0.0021
Mustela	0.0	0.0	45.299093	-75.865788	0.0	0.0	0.0021
Mustela	0.0	0.0	50.656997	-99.940825	0.0	0.0	0.0021
Mustela	0.0	0.0	45.293453	-75.82333	0.0	0.0	0.0021
Mustela	0.0	0.0	52.126811	-106.623451	0.0	0.0	0.0021
Mustela	0.0	0.0	52.886315	-118.05612099999999	0.0	0.0	0.0021
Mustela	0.0	0.0	49.786612	-57.868131999999996	0.0	0.0	0.0021
Mustela	0.0	0.0	53.236427	-112.902482	0.0	0.0	0.0021
Mustela	0.0	0.0	50.281673	-119.286478	0.0	0.0	0.0021
Mustela	0.0	0.0	43.803999999999995	-79.146	0.0	0.0	0.0021
Mustela	0.0	0.0	45.813853	-64.321127	0.0	0.0	0.0021
Mustela	0.0	0.0	41.962771999999994	-82.51844	0.0	0.0	0.0021
Mustela	0.0	0.0	73.238456	-119.54700000000001	0.0	0.0	0.0021
Mustela	0.0	0.0	43.940413	-76.869028	0.0	0.0	0.0021
Mustela	0.0	0.0	49.476182	-117.39836100000001	0.0	0.0	0.0021
Mustela	0.0	0.0	45.373810999999996	-75.79603	0.0	0.0	0.0021
Mustela	0.0	0.0	58.692909	-94.13720699999999	0.0	0.0	0.0021
Mustela	0.0	0.0	53.465361	-132.304796	0.0	0.0	0.0021
Mustela	0.0	0.0	53.56837700000001	-113.271371	0.0	0.0	0.0021
Mustela	0.0	0.0	44.944232	-75.71985	0.0	0.0	0.0021
Mustela	0.0	0.0	64.672772	-138.393384	0.0	0.0	0.0021
Mustela	0.0	0.0	46.819849	-71.228334	0.0	0.0	0.0021
Mustela	0.0	0.0	44.250433	-76.616325	0.0	0.0	0.0021
Mustela	0.0	0.0	60.233312	-132.91548899999998	0.0	0.0	0.0021
Mustela	0.0	0.0	45.361707	-79.28263000000003	0.0	0.0	0.0021
Mustela	0.0	0.0	45.345559	-71.744605	0.0	0.0	0.0021
Mustela	0.0	0.0	53.478035	-112.98957800000001	0.0	0.0	0.0021
Mustela	0.0	0.0	50.287372999999995	-92.96666	0.0	0.0	0.0021
Mustela	0.0	0.0	48.868697999999995	-88.269373	0.0	0.0	0.0021
Mustela	0.0	0.0	31.709671999999998	-116.611253	0.0	0.0	0.0021
Mustela	0.0	0.0	25.655482	-103.368092	0.0	0.0	0.0021
Mustela	0.0	0.0	25.49219	-100.525213	0.0	0.0	0.0021
Mustela	0.0	0.0	25.430937	-100.12329100000001	0.0	0.0	0.0021
Mustela	0.0	0.0	25.284126999999998	-100.969849	0.0	0.0	0.0021
Mustela	0.0	0.0	30.836667	-108.59166699999999	0.0	0.0	0.0021
Mustela	0.0	0.0	30.735	-108.38	0.0	0.0	0.0021
Mustela	0.0	0.0	30.856666999999998	-108.46	0.0	0.0	0.0021
Mustela	0.0	0.0	30.898333	-108.396667	0.0	0.0	0.0021
Mustela	0.0	0.0	30.826666999999997	-108.45	0.0	0.0	0.0021
