species	max_age	min_age	lat	lon	family	mean_age	rounded_ages
Neotoma	0.0	0.0	32.952162	-117.21598700000001	0.0	0.0	0.0021
Neotoma	0.0	0.0	32.842528	-117.03461399999999	0.0	0.0	0.0021
Neotoma	0.0	0.0	30.140233000000002	-97.175208	0.0	0.0	0.0021
Neotoma	0.0	0.0	37.48516	-122.28375	0.0	0.0	0.0021
Neotoma	0.0	0.0	37.186888	-121.99036299999999	0.0	0.0	0.0021
Neotoma	0.0	0.0	37.9351	-122.543067	0.0	0.0	0.0021
Neotoma	0.0	0.0	38.01051500000001	-122.49818	0.0	0.0	0.0021
Neotoma	0.0	0.0	34.28521	-118.826775	0.0	0.0	0.0021
Neotoma	0.0	0.0	38.695052000000004	-122.890992	0.0	0.0	0.0021
Neotoma	0.0	0.0	32.746759999999995	-116.573953	0.0	0.0	0.0021
Neotoma	0.0	0.0	38.664728000000004	-78.215278	0.0	0.0	0.0021
Neotoma	0.0	0.0	36.994997999999995	-122.03827199999999	0.0	0.0	0.0021
Neotoma	0.0	0.0	37.892767	-122.242451	0.0	0.0	0.0021
Neotoma	0.0	0.0	38.339893	-122.594045	0.0	0.0	0.0021
Neotoma	0.0	0.0	37.196369	-121.98178899999999	0.0	0.0	0.0021
Neotoma	0.0	0.0	38.045878	-122.855842	0.0	0.0	0.0021
Neotoma	0.0	0.0	32.862809999999996	-117.19544099999999	0.0	0.0	0.0021
Neotoma	0.0	0.0	27.920645	-97.60583299999999	0.0	0.0	0.0021
Neotoma	0.0	0.0	33.095594	-116.46991100000001	0.0	0.0	0.0021
Neotoma	0.0	0.0	32.681391999999995	-116.53145500000001	0.0	0.0	0.0021
Neotoma	0.0	0.0	27.920645	-97.60583299999999	0.0	0.0	0.0021
Neotoma	0.0	0.0	30.026651	-95.720139	0.0	0.0	0.0021
Neotoma	0.0	0.0	33.656114	-117.818979	0.0	0.0	0.0021
Neotoma	0.0	0.0	34.755395	-118.49251000000001	0.0	0.0	0.0021
Neotoma	0.0	0.0	38.345527000000004	-122.531228	0.0	0.0	0.0021
Neotoma	0.0	0.0	37.165079999999996	-121.65566299999999	0.0	0.0	0.0021
Neotoma	0.0	0.0	38.341085	-122.540402	0.0	0.0	0.0021
Neotoma	0.0	0.0	37.52493	-122.32191999999999	0.0	0.0	0.0021
Neotoma	0.0	0.0	38.344497	-122.531345	0.0	0.0	0.0021
Neotoma	0.0	0.0	38.695724	-123.433692	0.0	0.0	0.0021
Neotoma	0.0	0.0	38.353208	-122.537194	0.0	0.0	0.0021
Neotoma	0.0	0.0	38.348363	-122.523225	0.0	0.0	0.0021
Neotoma	0.0	0.0	38.345348	-122.53130800000001	0.0	0.0	0.0021
Neotoma	0.0	0.0	36.655097	-121.77555	0.0	0.0	0.0021
Neotoma	0.0	0.0	38.344348	-122.53103700000001	0.0	0.0	0.0021
Neotoma	0.0	0.0	38.344783	-122.53181000000001	0.0	0.0	0.0021
Neotoma	0.0	0.0	34.566145	-94.17844000000001	0.0	0.0	0.0021
Neotoma	0.0	0.0	32.725359000000005	-116.985398	0.0	0.0	0.0021
Neotoma	0.0	0.0	34.621662	-115.17813000000001	0.0	0.0	0.0021
Neotoma	0.0	0.0	36.686805	-121.780875	0.0	0.0	0.0021
Neotoma	0.0	0.0	37.442027	-122.27146	0.0	0.0	0.0021
Neotoma	0.0	0.0	32.780738	-117.074386	0.0	0.0	0.0021
Neotoma	0.0	0.0	37.403116	-122.24428799999998	0.0	0.0	0.0021
Neotoma	0.0	0.0	32.841738	-117.0344	0.0	0.0	0.0021
Neotoma	0.0	0.0	32.903319	-116.370972	0.0	0.0	0.0021
Neotoma	0.0	0.0	32.780905	-117.07498600000001	0.0	0.0	0.0021
Neotoma	0.0	0.0	32.780314000000004	-117.072071	0.0	0.0	0.0021
Neotoma	0.0	0.0	37.822216	-122.146042	0.0	0.0	0.0021
Neotoma	0.0	0.0	37.465925	-122.28908899999999	0.0	0.0	0.0021
Neotoma	0.0	0.0	32.816307	-117.008872	0.0	0.0	0.0021
Neotoma	0.0	0.0	37.401679	-122.21512	0.0	0.0	0.0021
Neotoma	0.0	0.0	38.005838	-122.509634	0.0	0.0	0.0021
Neotoma	0.0	0.0	38.082144	-122.82476799999999	0.0	0.0	0.0021
Neotoma	0.0	0.0	34.110896999999994	-118.56405500000001	0.0	0.0	0.0021
Neotoma	0.0	0.0	37.427252	-89.538555	0.0	0.0	0.0021
Neotoma	0.0	0.0	37.995975	-122.563378	0.0	0.0	0.0021
Neotoma	0.0	0.0	32.780274	-117.07201599999999	0.0	0.0	0.0021
Neotoma	0.0	0.0	37.94210800000001	-122.30219199999999	0.0	0.0	0.0021
Neotoma	0.0	0.0	32.780285	-117.07207	0.0	0.0	0.0021
Neotoma	0.0	0.0	37.361763	-122.18904199999999	0.0	0.0	0.0021
Neotoma	0.0	0.0	32.780895	-117.074692	0.0	0.0	0.0021
Neotoma	0.0	0.0	32.818364	-117.051833	0.0	0.0	0.0021
Neotoma	0.0	0.0	38.007664	-122.508175	0.0	0.0	0.0021
Neotoma	0.0	0.0	33.014261	-116.44483400000001	0.0	0.0	0.0021
Neotoma	0.0	0.0	35.01096	-85.363419	0.0	0.0	0.0021
Neotoma	0.0	0.0	27.575115000000004	-99.429887	0.0	0.0	0.0021
Neotoma	0.0	0.0	38.040662	-122.803727	0.0	0.0	0.0021
Neotoma	0.0	0.0	32.834113	-116.851417	0.0	0.0	0.0021
Neotoma	0.0	0.0	34.356047	-119.013122	0.0	0.0	0.0021
Neotoma	0.0	0.0	37.994636	-122.513875	0.0	0.0	0.0021
Neotoma	0.0	0.0	33.603584999999995	-117.650696	0.0	0.0	0.0021
Neotoma	0.0	0.0	37.915518	-121.94731200000001	0.0	0.0	0.0021
Neotoma	0.0	0.0	39.199298	-96.69632800000001	0.0	0.0	0.0021
Neotoma	0.0	0.0	38.007075	-122.49353799999999	0.0	0.0	0.0021
Neotoma	0.0	0.0	32.921508	-117.07965	0.0	0.0	0.0021
Neotoma	0.0	0.0	37.966081	-122.626122	0.0	0.0	0.0021
Neotoma	0.0	0.0	34.356122	-119.012961	0.0	0.0	0.0021
Neotoma	0.0	0.0	36.756027	-121.703333	0.0	0.0	0.0021
Neotoma	0.0	0.0	33.344263	-116.90822	0.0	0.0	0.0021
Neotoma	0.0	0.0	34.703565999999995	-120.44419199999999	0.0	0.0	0.0021
Neotoma	0.0	0.0	37.404875	-122.421605	0.0	0.0	0.0021
Neotoma	0.0	0.0	34.305138	-119.101294	0.0	0.0	0.0021
Neotoma	0.0	0.0	32.806576	-117.19201399999999	0.0	0.0	0.0021
Neotoma	0.0	0.0	38.396203	-122.98313799999998	0.0	0.0	0.0021
Neotoma	0.0	0.0	37.965981	-122.26671699999999	0.0	0.0	0.0021
Neotoma	0.0	0.0	34.086121	-119.04486999999999	0.0	0.0	0.0021
Neotoma	0.0	0.0	36.109733	-115.452653	0.0	0.0	0.0021
Neotoma	0.0	0.0	37.964626	-122.26491000000001	0.0	0.0	0.0021
Neotoma	0.0	0.0	36.123416999999996	-115.454117	0.0	0.0	0.0021
Neotoma	0.0	0.0	34.142918	-119.07089199999999	0.0	0.0	0.0021
Neotoma	0.0	0.0	44.368053	-121.35421699999999	0.0	0.0	0.0021
Neotoma	0.0	0.0	31.921164	-109.127991	0.0	0.0	0.0021
Neotoma	0.0	0.0	33.655629	-117.82240800000001	0.0	0.0	0.0021
Neotoma	0.0	0.0	39.433353000000004	-120.25198999999999	0.0	0.0	0.0021
Neotoma	0.0	0.0	39.431858	-120.24066200000001	0.0	0.0	0.0021
Neotoma	0.0	0.0	38.489228000000004	-122.871788	0.0	0.0	0.0021
Neotoma	0.0	0.0	33.164331	-116.356973	0.0	0.0	0.0021
Neotoma	0.0	0.0	33.172666	-116.35311599999999	0.0	0.0	0.0021
Neotoma	0.0	0.0	33.002095000000004	-116.441344	0.0	0.0	0.0021
Neotoma	0.0	0.0	33.536678	-111.433644	0.0	0.0	0.0021
Neotoma	0.0	0.0	33.001862	-116.44305700000001	0.0	0.0	0.0021
Neotoma	0.0	0.0	38.363278	-122.552498	0.0	0.0	0.0021
Neotoma	0.0	0.0	33.167877000000004	-116.35576499999999	0.0	0.0	0.0021
Neotoma	0.0	0.0	30.470554999999997	-90.11861400000001	0.0	0.0	0.0021
Neotoma	0.0	0.0	38.001758	-122.51705	0.0	0.0	0.0021
Neotoma	0.0	0.0	38.001681	-122.519628	0.0	0.0	0.0021
Neotoma	0.0	0.0	38.001908	-122.519369	0.0	0.0	0.0021
Neotoma	0.0	0.0	37.500458	-122.29516299999999	0.0	0.0	0.0021
Neotoma	0.0	0.0	37.466326	-122.27835800000001	0.0	0.0	0.0021
Neotoma	0.0	0.0	37.292263	-122.055501	0.0	0.0	0.0021
Neotoma	0.0	0.0	33.155633	-116.48276299999999	0.0	0.0	0.0021
Neotoma	0.0	0.0	33.633651	-116.270733	0.0	0.0	0.0021
Neotoma	0.0	0.0	36.506313	-121.111953	0.0	0.0	0.0021
Neotoma	0.0	0.0	37.396977	-122.203299	0.0	0.0	0.0021
Neotoma	0.0	0.0	33.021947	-116.455933	0.0	0.0	0.0021
Neotoma	0.0	0.0	33.001999	-116.43901100000001	0.0	0.0	0.0021
Neotoma	0.0	0.0	37.47009	-122.28152299999999	0.0	0.0	0.0021
Neotoma	0.0	0.0	38.612676	-122.781765	0.0	0.0	0.0021
Neotoma	0.0	0.0	35.050348	-120.62105	0.0	0.0	0.0021
Neotoma	0.0	0.0	33.021958000000005	-116.45574199999999	0.0	0.0	0.0021
Neotoma	0.0	0.0	37.401326	-122.192719	0.0	0.0	0.0021
Neotoma	0.0	0.0	37.99884	-122.760042	0.0	0.0	0.0021
Neotoma	0.0	0.0	38.06545	-122.849492	0.0	0.0	0.0021
Neotoma	0.0	0.0	33.667590999999994	-116.397847	0.0	0.0	0.0021
Neotoma	0.0	0.0	37.400299	-122.201999	0.0	0.0	0.0021
Neotoma	0.0	0.0	34.031025	-117.531898	0.0	0.0	0.0021
Neotoma	0.0	0.0	37.470106	-122.27875	0.0	0.0	0.0021
Neotoma	0.0	0.0	37.218511	-122.01973400000001	0.0	0.0	0.0021
Neotoma	0.0	0.0	38.71518	-123.02383300000001	0.0	0.0	0.0021
Neotoma	0.0	0.0	33.667387	-116.402229	0.0	0.0	0.0021
Neotoma	0.0	0.0	32.795233	-117.07396899999999	0.0	0.0	0.0021
Neotoma	0.0	0.0	38.716728	-123.45766299999998	0.0	0.0	0.0021
Neotoma	0.0	0.0	37.867946	-122.228932	0.0	0.0	0.0021
Neotoma	0.0	0.0	33.367248	-116.418623	0.0	0.0	0.0021
Neotoma	0.0	0.0	37.909855	-122.26530100000001	0.0	0.0	0.0021
Neotoma	0.0	0.0	32.822676	-117.01525500000001	0.0	0.0	0.0021
Neotoma	0.0	0.0	37.740203	-122.093624	0.0	0.0	0.0021
Neotoma	0.0	0.0	37.197403	-121.980944	0.0	0.0	0.0021
Neotoma	0.0	0.0	33.151241999999996	-117.246974	0.0	0.0	0.0021
Neotoma	0.0	0.0	32.787816	-117.079904	0.0	0.0	0.0021
Neotoma	0.0	0.0	37.543797999999995	-122.267999	0.0	0.0	0.0021
Neotoma	0.0	0.0	37.38198	-122.17670600000001	0.0	0.0	0.0021
Neotoma	0.0	0.0	30.428353	-97.708925	0.0	0.0	0.0021
Neotoma	0.0	0.0	37.472338	-122.28111100000001	0.0	0.0	0.0021
Neotoma	0.0	0.0	37.466163	-122.278225	0.0	0.0	0.0021
Neotoma	0.0	0.0	36.985017	-122.062242	0.0	0.0	0.0021
Neotoma	0.0	0.0	32.84782	-117.03648999999999	0.0	0.0	0.0021
Neotoma	0.0	0.0	37.526943	-122.32351799999999	0.0	0.0	0.0021
Neotoma	0.0	0.0	36.686142	-121.77613799999999	0.0	0.0	0.0021
Neotoma	0.0	0.0	37.385953	-122.179278	0.0	0.0	0.0021
Neotoma	0.0	0.0	32.820505	-117.0118	0.0	0.0	0.0021
Neotoma	0.0	0.0	33.047149	-116.4361	0.0	0.0	0.0021
Neotoma	0.0	0.0	34.07393	-118.454696	0.0	0.0	0.0021
Neotoma	0.0	0.0	37.407005	-122.243897	0.0	0.0	0.0021
Neotoma	0.0	0.0	36.67942	-121.774025	0.0	0.0	0.0021
Neotoma	0.0	0.0	44.564566	-123.26204299999999	0.0	0.0	0.0021
Neotoma	0.0	0.0	36.680303	-121.77431499999999	0.0	0.0	0.0021
Neotoma	0.0	0.0	37.853838	-122.201783	0.0	0.0	0.0021
Neotoma	0.0	0.0	34.177262	-118.09436200000002	0.0	0.0	0.0021
Neotoma	0.0	0.0	29.616560999999997	-82.292614	0.0	0.0	0.0021
Neotoma	0.0	0.0	26.797139	-80.271751	0.0	0.0	0.0021
Neotoma	0.0	0.0	32.83971	-96.82049	0.0	0.0	0.0021
Neotoma	0.0	0.0	30.329315	-97.55511700000001	0.0	0.0	0.0021
Neotoma	0.0	0.0	34.304615999999996	-119.102901	0.0	0.0	0.0021
Neotoma	0.0	0.0	41.471270000000004	-120.40661000000001	0.0	0.0	0.0021
Neotoma	0.0	0.0	37.147778	-121.77464099999999	0.0	0.0	0.0021
Neotoma	0.0	0.0	33.68578	-117.490748	0.0	0.0	0.0021
Neotoma	0.0	0.0	38.081417	-122.73420300000001	0.0	0.0	0.0021
Neotoma	0.0	0.0	33.6741	-111.70647	0.0	0.0	0.0021
Neotoma	0.0	0.0	31.979823	-109.125227	0.0	0.0	0.0021
Neotoma	0.0	0.0	40.790746999999996	-119.208533	0.0	0.0	0.0021
Neotoma	0.0	0.0	38.054865	-122.86306100000002	0.0	0.0	0.0021
Neotoma	0.0	0.0	32.85901	-117.214054	0.0	0.0	0.0021
Neotoma	0.0	0.0	38.055514	-122.865698	0.0	0.0	0.0021
Neotoma	0.0	0.0	32.856029	-117.221507	0.0	0.0	0.0021
Neotoma	0.0	0.0	38.375753	-122.880146	0.0	0.0	0.0021
Neotoma	0.0	0.0	32.817564000000004	-117.192229	0.0	0.0	0.0021
Neotoma	0.0	0.0	32.864087	-117.21335	0.0	0.0	0.0021
Neotoma	0.0	0.0	38.05267	-122.86797299999999	0.0	0.0	0.0021
Neotoma	0.0	0.0	38.054848	-122.86577199999999	0.0	0.0	0.0021
Neotoma	0.0	0.0	32.856969	-117.218535	0.0	0.0	0.0021
Neotoma	0.0	0.0	32.85893	-117.214124	0.0	0.0	0.0021
Neotoma	0.0	0.0	33.081501	-116.521165	0.0	0.0	0.0021
Neotoma	0.0	0.0	32.856127	-117.22101799999999	0.0	0.0	0.0021
Neotoma	0.0	0.0	38.018947	-122.660164	0.0	0.0	0.0021
Neotoma	0.0	0.0	38.700908	-123.43416699999999	0.0	0.0	0.0021
Neotoma	0.0	0.0	32.856179	-117.220894	0.0	0.0	0.0021
Neotoma	0.0	0.0	34.200362	-118.83381399999999	0.0	0.0	0.0021
Neotoma	0.0	0.0	38.059535	-122.85313500000001	0.0	0.0	0.0021
Neotoma	0.0	0.0	32.938527	-116.24523	0.0	0.0	0.0021
Neotoma	0.0	0.0	38.062536	-122.862245	0.0	0.0	0.0021
Neotoma	0.0	0.0	32.858915	-117.21416299999999	0.0	0.0	0.0021
Neotoma	0.0	0.0	32.857603999999995	-117.22261100000001	0.0	0.0	0.0021
Neotoma	0.0	0.0	37.932945000000004	-122.69911299999998	0.0	0.0	0.0021
Neotoma	0.0	0.0	33.738717	-108.77593300000001	0.0	0.0	0.0021
Neotoma	0.0	0.0	25.682508	-80.673159	0.0	0.0	0.0021
Neotoma	0.0	0.0	37.500082	-122.360234	0.0	0.0	0.0021
Neotoma	0.0	0.0	43.593491	-115.978806	0.0	0.0	0.0021
Neotoma	0.0	0.0	37.933721999999996	-122.68132	0.0	0.0	0.0021
Neotoma	0.0	0.0	37.405228	-122.243903	0.0	0.0	0.0021
Neotoma	0.0	0.0	25.682508	-80.673159	0.0	0.0	0.0021
Neotoma	0.0	0.0	32.704267	-116.52228400000001	0.0	0.0	0.0021
Neotoma	0.0	0.0	32.750958000000004	-116.49869299999999	0.0	0.0	0.0021
Neotoma	0.0	0.0	32.704267	-116.52228400000001	0.0	0.0	0.0021
Neotoma	0.0	0.0	32.703292	-116.522346	0.0	0.0	0.0021
Neotoma	0.0	0.0	37.910214	-122.26401499999999	0.0	0.0	0.0021
Neotoma	0.0	0.0	35.97004099999999	-117.90851799999999	0.0	0.0	0.0021
Neotoma	0.0	0.0	32.703296	-116.524452	0.0	0.0	0.0021
Neotoma	0.0	0.0	35.34401	-120.730277	0.0	0.0	0.0021
Neotoma	0.0	0.0	32.704807	-116.52453600000001	0.0	0.0	0.0021
Neotoma	0.0	0.0	32.706417	-116.51775400000001	0.0	0.0	0.0021
Neotoma	0.0	0.0	32.704121	-116.525253	0.0	0.0	0.0021
Neotoma	0.0	0.0	32.705692	-116.51536599999999	0.0	0.0	0.0021
Neotoma	0.0	0.0	32.703812	-116.513939	0.0	0.0	0.0021
Neotoma	0.0	0.0	37.895214	-122.49816899999999	0.0	0.0	0.0021
Neotoma	0.0	0.0	38.69663900000001	-80.701864	0.0	0.0	0.0021
Neotoma	0.0	0.0	32.706215	-116.51943999999999	0.0	0.0	0.0021
Neotoma	0.0	0.0	30.470244	-88.79759200000002	0.0	0.0	0.0021
Neotoma	0.0	0.0	37.404515	-122.241098	0.0	0.0	0.0021
Neotoma	0.0	0.0	34.127466	-118.598724	0.0	0.0	0.0021
Neotoma	0.0	0.0	32.706894	-116.519005	0.0	0.0	0.0021
Neotoma	0.0	0.0	32.70575	-116.515442	0.0	0.0	0.0021
Neotoma	0.0	0.0	32.706795	-116.519241	0.0	0.0	0.0021
Neotoma	0.0	0.0	32.704594	-116.52413200000001	0.0	0.0	0.0021
Neotoma	0.0	0.0	32.705223	-116.518631	0.0	0.0	0.0021
Neotoma	0.0	0.0	38.566745000000004	-122.684697	0.0	0.0	0.0021
Neotoma	0.0	0.0	39.704995000000004	-120.683167	0.0	0.0	0.0021
Neotoma	0.0	0.0	32.704066999999995	-116.525352	0.0	0.0	0.0021
Neotoma	0.0	0.0	38.001008	-122.46171499999998	0.0	0.0	0.0021
Neotoma	0.0	0.0	37.886833	-122.23409299999999	0.0	0.0	0.0021
Neotoma	0.0	0.0	38.010331	-122.76751100000001	0.0	0.0	0.0021
Neotoma	0.0	0.0	32.703445	-116.51365700000001	0.0	0.0	0.0021
Neotoma	0.0	0.0	32.707592	-116.518358	0.0	0.0	0.0021
Neotoma	0.0	0.0	32.704784000000004	-116.514626	0.0	0.0	0.0021
Neotoma	0.0	0.0	37.146574	-122.001995	0.0	0.0	0.0021
Neotoma	0.0	0.0	32.703869	-116.525726	0.0	0.0	0.0021
Neotoma	0.0	0.0	38.437575	-122.627045	0.0	0.0	0.0021
Neotoma	0.0	0.0	32.704781	-116.52060700000001	0.0	0.0	0.0021
Neotoma	0.0	0.0	32.704071	-116.52088	0.0	0.0	0.0021
Neotoma	0.0	0.0	25.728793	-80.759103	0.0	0.0	0.0021
Neotoma	0.0	0.0	37.818102	-122.14580900000001	0.0	0.0	0.0021
Neotoma	0.0	0.0	38.037228999999996	-122.80034099999999	0.0	0.0	0.0021
Neotoma	0.0	0.0	38.00532800000001	-122.508147	0.0	0.0	0.0021
Neotoma	0.0	0.0	33.534935	-117.26055600000001	0.0	0.0	0.0021
Neotoma	0.0	0.0	38.037253	-122.80033200000001	0.0	0.0	0.0021
Neotoma	0.0	0.0	37.997181	-122.202428	0.0	0.0	0.0021
Neotoma	0.0	0.0	37.888729	-122.23403200000001	0.0	0.0	0.0021
Neotoma	0.0	0.0	38.011251	-122.51982199999999	0.0	0.0	0.0021
Neotoma	0.0	0.0	37.894890000000004	-122.497955	0.0	0.0	0.0021
Neotoma	0.0	0.0	25.911735999999998	-80.838312	0.0	0.0	0.0021
Neotoma	0.0	0.0	38.047056	-122.48451200000001	0.0	0.0	0.0021
Neotoma	0.0	0.0	37.964638	-122.728256	0.0	0.0	0.0021
Neotoma	0.0	0.0	37.964001	-122.72793700000001	0.0	0.0	0.0021
Neotoma	0.0	0.0	35.513348	-93.326364	0.0	0.0	0.0021
Neotoma	0.0	0.0	35.450263	-120.691282	0.0	0.0	0.0021
Neotoma	0.0	0.0	32.853665	-117.225889	0.0	0.0	0.0021
Neotoma	0.0	0.0	32.198642	-110.75565300000001	0.0	0.0	0.0021
Neotoma	0.0	0.0	37.964793	-122.72863100000001	0.0	0.0	0.0021
Neotoma	0.0	0.0	41.617382	-112.55094	0.0	0.0	0.0021
Neotoma	0.0	0.0	37.959122	-122.722587	0.0	0.0	0.0021
Neotoma	0.0	0.0	33.091198	-117.294403	0.0	0.0	0.0021
Neotoma	0.0	0.0	37.997925	-122.503022	0.0	0.0	0.0021
Neotoma	0.0	0.0	37.843728999999996	-122.52682800000001	0.0	0.0	0.0021
Neotoma	0.0	0.0	32.931125	-116.27664299999999	0.0	0.0	0.0021
Neotoma	0.0	0.0	32.977778	-116.28583300000001	0.0	0.0	0.0021
Neotoma	0.0	0.0	33.531597	-117.242997	0.0	0.0	0.0021
Neotoma	0.0	0.0	36.429536999999996	-114.513865	0.0	0.0	0.0021
Neotoma	0.0	0.0	32.879601	-117.039746	0.0	0.0	0.0021
Neotoma	0.0	0.0	37.958882	-122.722824	0.0	0.0	0.0021
Neotoma	0.0	0.0	37.96458	-122.72851399999999	0.0	0.0	0.0021
Neotoma	0.0	0.0	32.972221999999995	-116.284167	0.0	0.0	0.0021
Neotoma	0.0	0.0	38.024956	-122.56233300000001	0.0	0.0	0.0021
Neotoma	0.0	0.0	38.727238	-123.476487	0.0	0.0	0.0021
Neotoma	0.0	0.0	38.759863	-123.520028	0.0	0.0	0.0021
Neotoma	0.0	0.0	37.967486	-122.730892	0.0	0.0	0.0021
Neotoma	0.0	0.0	34.102511	-117.02465	0.0	0.0	0.0021
Neotoma	0.0	0.0	26.127067999999998	-97.951336	0.0	0.0	0.0021
Neotoma	0.0	0.0	37.754199	-122.078822	0.0	0.0	0.0021
Neotoma	0.0	0.0	38.716747	-123.45765	0.0	0.0	0.0021
Neotoma	0.0	0.0	34.006993	-117.80719599999999	0.0	0.0	0.0021
Neotoma	0.0	0.0	33.000652	-116.433544	0.0	0.0	0.0021
Neotoma	0.0	0.0	33.23699000000001	-117.042282	0.0	0.0	0.0021
Neotoma	0.0	0.0	33.274	-116.42	0.0	0.0	0.0021
Neotoma	0.0	0.0	33.129197999999995	-116.301718	0.0	0.0	0.0021
Neotoma	0.0	0.0	33.129197999999995	-116.301718	0.0	0.0	0.0021
Neotoma	0.0	0.0	38.374356	-122.49346000000001	0.0	0.0	0.0021
Neotoma	0.0	0.0	33.50085	-112.54201299999998	0.0	0.0	0.0021
Neotoma	0.0	0.0	35.540324	-121.084452	0.0	0.0	0.0021
Neotoma	0.0	0.0	33.096348	-116.475677	0.0	0.0	0.0021
Neotoma	0.0	0.0	30.369765	-91.185364	0.0	0.0	0.0021
Neotoma	0.0	0.0	33.154353	-116.480217	0.0	0.0	0.0021
Neotoma	0.0	0.0	37.459173	-122.284476	0.0	0.0	0.0021
Neotoma	0.0	0.0	32.838225	-117.02478899999998	0.0	0.0	0.0021
Neotoma	0.0	0.0	33.186471999999995	-116.325373	0.0	0.0	0.0021
Neotoma	0.0	0.0	37.405619	-122.235303	0.0	0.0	0.0021
Neotoma	0.0	0.0	37.402377	-122.243205	0.0	0.0	0.0021
Neotoma	0.0	0.0	28.29062	-97.206491	0.0	0.0	0.0021
Neotoma	0.0	0.0	36.467603999999994	-116.32539299999999	0.0	0.0	0.0021
Neotoma	0.0	0.0	32.033395	-102.07045600000001	0.0	0.0	0.0021
Neotoma	0.0	0.0	38.042355	-122.804804	0.0	0.0	0.0021
Neotoma	0.0	0.0	37.526784	-90.421741	0.0	0.0	0.0021
Neotoma	0.0	0.0	37.972198999999996	-118.559036	0.0	0.0	0.0021
Neotoma	0.0	0.0	33.697379999999995	-116.312375	0.0	0.0	0.0021
Neotoma	0.0	0.0	37.88016	-122.18818	0.0	0.0	0.0021
Neotoma	0.0	0.0	38.044090000000004	-122.74883500000001	0.0	0.0	0.0021
Neotoma	0.0	0.0	38.044090000000004	-122.74883500000001	0.0	0.0	0.0021
Neotoma	0.0	0.0	38.044090000000004	-122.74883500000001	0.0	0.0	0.0021
Neotoma	0.0	0.0	31.842146999999997	-109.074725	0.0	0.0	0.0021
Neotoma	0.0	0.0	30.216788	-97.42518100000001	0.0	0.0	0.0021
Neotoma	0.0	0.0	32.578863	-111.32738700000002	0.0	0.0	0.0021
Neotoma	0.0	0.0	37.953314	-122.717127	0.0	0.0	0.0021
Neotoma	0.0	0.0	37.040063	-121.392026	0.0	0.0	0.0021
Neotoma	0.0	0.0	37.02702	-122.21488799999999	0.0	0.0	0.0021
Neotoma	0.0	0.0	38.63195	-122.946211	0.0	0.0	0.0021
Neotoma	0.0	0.0	37.520478000000004	-122.325675	0.0	0.0	0.0021
Neotoma	0.0	0.0	32.319784999999996	-111.016517	0.0	0.0	0.0021
Neotoma	0.0	0.0	37.746513	-122.07312900000001	0.0	0.0	0.0021
Neotoma	0.0	0.0	37.293794	-122.074161	0.0	0.0	0.0021
Neotoma	0.0	0.0	32.514365999999995	-85.611485	0.0	0.0	0.0021
Neotoma	0.0	0.0	37.764418	-122.086052	0.0	0.0	0.0021
Neotoma	0.0	0.0	37.397071999999994	-121.80851100000001	0.0	0.0	0.0021
Neotoma	0.0	0.0	36.197803	-115.388947	0.0	0.0	0.0021
Neotoma	0.0	0.0	36.14505	-115.355208	0.0	0.0	0.0021
Neotoma	0.0	0.0	31.143803000000002	-92.396951	0.0	0.0	0.0021
Neotoma	0.0	0.0	37.768763	-122.08614399999999	0.0	0.0	0.0021
Neotoma	0.0	0.0	30.436557	-104.310285	0.0	0.0	0.0021
Neotoma	0.0	0.0	32.750772	-116.49688400000001	0.0	0.0	0.0021
Neotoma	0.0	0.0	32.945457	-117.077968	0.0	0.0	0.0021
Neotoma	0.0	0.0	36.19928	-115.388283	0.0	0.0	0.0021
Neotoma	0.0	0.0	27.667982000000002	-97.32658599999999	0.0	0.0	0.0021
Neotoma	0.0	0.0	38.376415	-122.920751	0.0	0.0	0.0021
Neotoma	0.0	0.0	31.519382	-100.51474	0.0	0.0	0.0021
Neotoma	0.0	0.0	37.934133	-122.679997	0.0	0.0	0.0021
Neotoma	0.0	0.0	32.859522999999996	-117.21224299999999	0.0	0.0	0.0021
Neotoma	0.0	0.0	37.196719	-121.981351	0.0	0.0	0.0021
Neotoma	0.0	0.0	25.389597	-80.58742	0.0	0.0	0.0021
Neotoma	0.0	0.0	32.859639	-117.211863	0.0	0.0	0.0021
Neotoma	0.0	0.0	37.223405	-121.853614	0.0	0.0	0.0021
Neotoma	0.0	0.0	34.211863	-118.808578	0.0	0.0	0.0021
Neotoma	0.0	0.0	42.054675	-123.62058799999998	0.0	0.0	0.0021
Neotoma	0.0	0.0	33.177727000000004	-116.352649	0.0	0.0	0.0021
Neotoma	0.0	0.0	32.775213	-117.19609399999999	0.0	0.0	0.0021
Neotoma	0.0	0.0	41.234871999999996	-124.02081899999999	0.0	0.0	0.0021
Neotoma	0.0	0.0	37.032964	-122.044	0.0	0.0	0.0021
Neotoma	0.0	0.0	32.853286	-116.574894	0.0	0.0	0.0021
Neotoma	0.0	0.0	39.336537	-123.08714599999999	0.0	0.0	0.0021
Neotoma	0.0	0.0	36.588978000000004	-116.984549	0.0	0.0	0.0021
Neotoma	0.0	0.0	33.845549	-118.389975	0.0	0.0	0.0021
Neotoma	0.0	0.0	36.588936	-116.984597	0.0	0.0	0.0021
Neotoma	0.0	0.0	36.589006	-116.984493	0.0	0.0	0.0021
Neotoma	0.0	0.0	34.473048	-97.08314399999999	0.0	0.0	0.0021
Neotoma	0.0	0.0	32.497681	-96.960285	0.0	0.0	0.0021
Neotoma	0.0	0.0	36.590616	-116.990495	0.0	0.0	0.0021
Neotoma	0.0	0.0	32.859878	-116.224158	0.0	0.0	0.0021
Neotoma	0.0	0.0	37.550277	-122.508051	0.0	0.0	0.0021
Neotoma	0.0	0.0	35.020542	-115.40769399999999	0.0	0.0	0.0021
Neotoma	0.0	0.0	37.55027800000001	-122.50805600000001	0.0	0.0	0.0021
Neotoma	0.0	0.0	36.747310999999996	-95.980818	0.0	0.0	0.0021
Neotoma	0.0	0.0	37.911317	-122.268321	0.0	0.0	0.0021
Neotoma	0.0	0.0	33.822128	-98.689465	0.0	0.0	0.0021
Neotoma	0.0	0.0	34.777165000000004	-118.45038799999999	0.0	0.0	0.0021
Neotoma	0.0	0.0	37.530495	-122.494032	0.0	0.0	0.0021
Neotoma	0.0	0.0	38.701104	-109.72958799999999	0.0	0.0	0.0021
Neotoma	0.0	0.0	35.776508	-115.863647	0.0	0.0	0.0021
Neotoma	0.0	0.0	36.453694	-115.702097	0.0	0.0	0.0021
Neotoma	0.0	0.0	38.516193	-122.858677	0.0	0.0	0.0021
Neotoma	0.0	0.0	38.516537	-122.85812299999999	0.0	0.0	0.0021
Neotoma	0.0	0.0	38.516911	-122.855852	0.0	0.0	0.0021
Neotoma	0.0	0.0	37.345147999999995	-122.144355	0.0	0.0	0.0021
Neotoma	0.0	0.0	37.190488	-121.92581799999999	0.0	0.0	0.0021
Neotoma	0.0	0.0	33.596635	-117.75911599999999	0.0	0.0	0.0021
Neotoma	0.0	0.0	33.849009	-86.565449	0.0	0.0	0.0021
Neotoma	0.0	0.0	37.22099	-97.522645	0.0	0.0	0.0021
Neotoma	0.0	0.0	34.995121999999995	-119.51815	0.0	0.0	0.0021
Neotoma	0.0	0.0	30.573767	-100.642438	0.0	0.0	0.0021
Neotoma	0.0	0.0	34.162240000000004	-118.085	0.0	0.0	0.0021
Neotoma	0.0	0.0	37.029697999999996	-122.046031	0.0	0.0	0.0021
Neotoma	0.0	0.0	38.061388	-122.853928	0.0	0.0	0.0021
Neotoma	0.0	0.0	39.977219	-105.50908000000001	0.0	0.0	0.0021
Neotoma	0.0	0.0	37.507159	-122.260522	0.0	0.0	0.0021
Neotoma	0.0	0.0	30.425	-91.024167	0.0	0.0	0.0021
Neotoma	0.0	0.0	37.173169	-122.00166599999999	0.0	0.0	0.0021
Neotoma	0.0	0.0	33.648029	-111.85776100000001	0.0	0.0	0.0021
Neotoma	0.0	0.0	37.915318	-122.51916499999999	0.0	0.0	0.0021
Neotoma	0.0	0.0	29.614219	-82.365411	0.0	0.0	0.0021
Neotoma	0.0	0.0	37.362565000000004	-122.234191	0.0	0.0	0.0021
Neotoma	0.0	0.0	32.6846	-116.853972	0.0	0.0	0.0021
Neotoma	0.0	0.0	37.199375	-122.28486699999999	0.0	0.0	0.0021
Neotoma	0.0	0.0	29.659971999999996	-96.244417	0.0	0.0	0.0021
Neotoma	0.0	0.0	32.539678	-99.71112600000001	0.0	0.0	0.0021
Neotoma	0.0	0.0	29.573625	-95.563903	0.0	0.0	0.0021
Neotoma	0.0	0.0	37.807043	-122.149736	0.0	0.0	0.0021
Neotoma	0.0	0.0	32.689531	-116.848206	0.0	0.0	0.0021
Neotoma	0.0	0.0	34.113928	-118.75747700000001	0.0	0.0	0.0021
Neotoma	0.0	0.0	33.593173	-95.93639399999999	0.0	0.0	0.0021
Neotoma	0.0	0.0	30.945895	-103.78469100000001	0.0	0.0	0.0021
Neotoma	0.0	0.0	35.702622999999996	-114.850536	0.0	0.0	0.0021
Neotoma	0.0	0.0	36.488378000000004	-121.149667	0.0	0.0	0.0021
Neotoma	0.0	0.0	41.39817100000001	-123.83140900000001	0.0	0.0	0.0021
Neotoma	0.0	0.0	33.459965000000004	-111.94475	0.0	0.0	0.0021
Neotoma	0.0	0.0	33.459965000000004	-111.94475	0.0	0.0	0.0021
Neotoma	0.0	0.0	38.400845000000004	-122.57100700000001	0.0	0.0	0.0021
Neotoma	0.0	0.0	41.335321	-124.14453700000001	0.0	0.0	0.0021
Neotoma	0.0	0.0	37.334511	-122.12184599999999	0.0	0.0	0.0021
Neotoma	0.0	0.0	47.6	-109.3	0.0	0.0	0.0021
Neotoma	0.0	0.0	37.767602000000004	-122.10961599999999	0.0	0.0	0.0021
Neotoma	0.0	0.0	37.025408	-86.12615	0.0	0.0	0.0021
Neotoma	0.0	0.0	38.344402	-123.05554599999999	0.0	0.0	0.0021
Neotoma	0.0	0.0	36.884207	-82.53598000000002	0.0	0.0	0.0021
Neotoma	0.0	0.0	37.601321999999996	-83.806855	0.0	0.0	0.0021
Neotoma	0.0	0.0	38.367471	-122.507571	0.0	0.0	0.0021
Neotoma	0.0	0.0	37.635026	-122.025155	0.0	0.0	0.0021
Neotoma	0.0	0.0	37.944665	-122.156103	0.0	0.0	0.0021
Neotoma	0.0	0.0	37.832518	-122.51486399999999	0.0	0.0	0.0021
Neotoma	0.0	0.0	37.46997800000001	-122.279873	0.0	0.0	0.0021
Neotoma	0.0	0.0	37.526924	-122.497569	0.0	0.0	0.0021
Neotoma	0.0	0.0	38.0362	-122.74712199999999	0.0	0.0	0.0021
Neotoma	0.0	0.0	29.660333	-96.244167	0.0	0.0	0.0021
Neotoma	0.0	0.0	37.618838000000004	-122.48808500000001	0.0	0.0	0.0021
Neotoma	0.0	0.0	37.523067	-122.47178600000001	0.0	0.0	0.0021
Neotoma	0.0	0.0	37.538977	-122.475548	0.0	0.0	0.0021
Neotoma	0.0	0.0	37.52486500000001	-122.476805	0.0	0.0	0.0021
Neotoma	0.0	0.0	37.523409	-122.48323700000002	0.0	0.0	0.0021
Neotoma	0.0	0.0	37.536623999999996	-122.47958100000001	0.0	0.0	0.0021
Neotoma	0.0	0.0	37.530814	-122.48773700000001	0.0	0.0	0.0021
Neotoma	0.0	0.0	37.536035	-122.48033899999999	0.0	0.0	0.0021
Neotoma	0.0	0.0	37.525389000000004	-122.468845	0.0	0.0	0.0021
Neotoma	0.0	0.0	37.526987	-122.497708	0.0	0.0	0.0021
Neotoma	0.0	0.0	37.540682000000004	-122.473421	0.0	0.0	0.0021
Neotoma	0.0	0.0	37.571612	-122.464262	0.0	0.0	0.0021
Neotoma	0.0	0.0	37.574933	-122.46596100000001	0.0	0.0	0.0021
Neotoma	0.0	0.0	37.543708	-122.470925	0.0	0.0	0.0021
Neotoma	0.0	0.0	37.542357	-122.472278	0.0	0.0	0.0021
Neotoma	0.0	0.0	37.54976	-122.45979799999999	0.0	0.0	0.0021
Neotoma	0.0	0.0	37.54314	-122.47130600000001	0.0	0.0	0.0021
Neotoma	0.0	0.0	37.537728	-122.477979	0.0	0.0	0.0021
Neotoma	0.0	0.0	37.573415999999995	-122.465926	0.0	0.0	0.0021
Neotoma	0.0	0.0	37.525837	-122.473448	0.0	0.0	0.0021
Neotoma	0.0	0.0	37.545695	-122.469497	0.0	0.0	0.0021
Neotoma	0.0	0.0	37.530934	-122.486853	0.0	0.0	0.0021
Neotoma	0.0	0.0	37.538634	-122.475824	0.0	0.0	0.0021
Neotoma	0.0	0.0	37.53030800000001	-122.489428	0.0	0.0	0.0021
Neotoma	0.0	0.0	37.52329500000001	-122.48213500000001	0.0	0.0	0.0021
Neotoma	0.0	0.0	37.539264	-122.475072	0.0	0.0	0.0021
Neotoma	0.0	0.0	37.530221000000004	-122.489503	0.0	0.0	0.0021
Neotoma	0.0	0.0	37.522056	-122.485495	0.0	0.0	0.0021
Neotoma	0.0	0.0	37.540279999999996	-122.473891	0.0	0.0	0.0021
Neotoma	0.0	0.0	37.459105	-122.38501200000002	0.0	0.0	0.0021
Neotoma	0.0	0.0	37.523878	-122.47943400000001	0.0	0.0	0.0021
Neotoma	0.0	0.0	37.517839	-122.486225	0.0	0.0	0.0021
Neotoma	0.0	0.0	37.574816999999996	-122.46256000000001	0.0	0.0	0.0021
Neotoma	0.0	0.0	37.571338	-122.464598	0.0	0.0	0.0021
Neotoma	0.0	0.0	37.520375	-122.47414199999999	0.0	0.0	0.0021
Neotoma	0.0	0.0	37.548697	-122.46942800000001	0.0	0.0	0.0021
Neotoma	0.0	0.0	37.524761	-122.47488999999999	0.0	0.0	0.0021
Neotoma	0.0	0.0	37.530394	-122.489341	0.0	0.0	0.0021
Neotoma	0.0	0.0	37.574884000000004	-122.46536499999999	0.0	0.0	0.0021
Neotoma	0.0	0.0	37.539998	-122.474301	0.0	0.0	0.0021
Neotoma	0.0	0.0	37.52711400000001	-122.49766100000001	0.0	0.0	0.0021
Neotoma	0.0	0.0	37.522963	-122.472058	0.0	0.0	0.0021
Neotoma	0.0	0.0	37.910346000000004	-122.26581599999999	0.0	0.0	0.0021
Neotoma	0.0	0.0	37.573372	-122.466925	0.0	0.0	0.0021
Neotoma	0.0	0.0	37.536959	-122.47934	0.0	0.0	0.0021
Neotoma	0.0	0.0	37.543444	-122.47115900000001	0.0	0.0	0.0021
Neotoma	0.0	0.0	37.537331	-122.47898	0.0	0.0	0.0021
Neotoma	0.0	0.0	37.523846999999996	-122.470105	0.0	0.0	0.0021
Neotoma	0.0	0.0	37.538589	-122.475808	0.0	0.0	0.0021
Neotoma	0.0	0.0	37.540975	-122.473184	0.0	0.0	0.0021
Neotoma	0.0	0.0	37.537329	-122.47901399999999	0.0	0.0	0.0021
Neotoma	0.0	0.0	37.540873	-122.473251	0.0	0.0	0.0021
Neotoma	0.0	0.0	37.538585	-122.47584599999999	0.0	0.0	0.0021
Neotoma	0.0	0.0	37.540331	-122.47381299999999	0.0	0.0	0.0021
Neotoma	0.0	0.0	37.542336	-122.47231799999999	0.0	0.0	0.0021
Neotoma	0.0	0.0	37.912	-122.26795800000001	0.0	0.0	0.0021
Neotoma	0.0	0.0	37.544699	-122.47008100000001	0.0	0.0	0.0021
Neotoma	0.0	0.0	37.518398	-122.47539099999999	0.0	0.0	0.0021
Neotoma	0.0	0.0	37.526918	-122.49808200000001	0.0	0.0	0.0021
Neotoma	0.0	0.0	37.527176000000004	-122.49763899999999	0.0	0.0	0.0021
Neotoma	0.0	0.0	37.52062100000001	-122.47393500000001	0.0	0.0	0.0021
Neotoma	0.0	0.0	37.520782000000004	-122.47391499999999	0.0	0.0	0.0021
Neotoma	0.0	0.0	37.573331	-122.46557800000001	0.0	0.0	0.0021
Neotoma	0.0	0.0	37.52512	-122.47458700000001	0.0	0.0	0.0021
Neotoma	0.0	0.0	37.523571000000004	-122.470474	0.0	0.0	0.0021
Neotoma	0.0	0.0	37.530574	-122.48862700000001	0.0	0.0	0.0021
Neotoma	0.0	0.0	37.573464	-122.465777	0.0	0.0	0.0021
Neotoma	0.0	0.0	37.540014	-122.47423700000002	0.0	0.0	0.0021
Neotoma	0.0	0.0	37.517895	-122.48042199999999	0.0	0.0	0.0021
Neotoma	0.0	0.0	37.909833	-122.26548400000001	0.0	0.0	0.0021
Neotoma	0.0	0.0	37.4661	-122.2848	0.0	0.0	0.0021
Neotoma	0.0	0.0	34.026751000000004	-116.145513	0.0	0.0	0.0021
Neotoma	0.0	0.0	36.724612	-114.71516499999998	0.0	0.0	0.0021
Neotoma	0.0	0.0	32.913331	-96.88457199999999	0.0	0.0	0.0021
Neotoma	0.0	0.0	36.210389	-115.441099	0.0	0.0	0.0021
Neotoma	0.0	0.0	38.574009999999994	-122.6845	0.0	0.0	0.0021
Neotoma	0.0	0.0	37.501597	-122.49688700000002	0.0	0.0	0.0021
Neotoma	0.0	0.0	38.574009999999994	-122.6845	0.0	0.0	0.0021
Neotoma	0.0	0.0	38.356625	-122.54346699999999	0.0	0.0	0.0021
Neotoma	0.0	0.0	39.750776	-79.711925	0.0	0.0	0.0021
Neotoma	0.0	0.0	34.171003999999996	-118.956956	0.0	0.0	0.0021
Neotoma	0.0	0.0	37.802842	-122.404063	0.0	0.0	0.0021
Neotoma	0.0	0.0	46.941365999999995	-119.958178	0.0	0.0	0.0021
Neotoma	0.0	0.0	30.375319	-88.70769	0.0	0.0	0.0021
Neotoma	0.0	0.0	34.200333	-118.21433300000001	0.0	0.0	0.0021
Neotoma	0.0	0.0	37.071523	-121.889248	0.0	0.0	0.0021
Neotoma	0.0	0.0	37.410427	-122.234248	0.0	0.0	0.0021
Neotoma	0.0	0.0	38.57101	-122.686494	0.0	0.0	0.0021
Neotoma	0.0	0.0	32.075479	-110.71896699999999	0.0	0.0	0.0021
Neotoma	0.0	0.0	32.069328999999996	-110.71571200000001	0.0	0.0	0.0021
Neotoma	0.0	0.0	37.520936999999996	-122.324177	0.0	0.0	0.0021
Neotoma	0.0	0.0	37.526517	-122.32311599999998	0.0	0.0	0.0021
Neotoma	0.0	0.0	37.21337800000001	-121.884041	0.0	0.0	0.0021
Neotoma	0.0	0.0	37.525991999999995	-122.320954	0.0	0.0	0.0021
Neotoma	0.0	0.0	37.521883	-122.324423	0.0	0.0	0.0021
Neotoma	0.0	0.0	37.525333	-122.32183300000001	0.0	0.0	0.0021
Neotoma	0.0	0.0	37.526333	-122.32066699999999	0.0	0.0	0.0021
Neotoma	0.0	0.0	34.184841999999996	-118.09544199999999	0.0	0.0	0.0021
Neotoma	0.0	0.0	37.460008	-122.28281499999999	0.0	0.0	0.0021
Neotoma	0.0	0.0	37.523953999999996	-122.320275	0.0	0.0	0.0021
Neotoma	0.0	0.0	37.525917	-122.31848600000001	0.0	0.0	0.0021
Neotoma	0.0	0.0	37.519047	-122.320177	0.0	0.0	0.0021
Neotoma	0.0	0.0	37.460113	-122.2828	0.0	0.0	0.0021
Neotoma	0.0	0.0	38.062985	-122.81401699999999	0.0	0.0	0.0021
Neotoma	0.0	0.0	30.390386	-88.779933	0.0	0.0	0.0021
Neotoma	0.0	0.0	45.954817999999996	-123.93153799999999	0.0	0.0	0.0021
Neotoma	0.0	0.0	37.396853	-122.203402	0.0	0.0	0.0021
Neotoma	0.0	0.0	25.85343	-97.417252	0.0	0.0	0.0021
Neotoma	0.0	0.0	38.06280200000001	-122.815474	0.0	0.0	0.0021
Neotoma	0.0	0.0	38.43030200000001	-122.95961399999999	0.0	0.0	0.0021
Neotoma	0.0	0.0	37.922901	-122.30129099999999	0.0	0.0	0.0021
Neotoma	0.0	0.0	37.334920000000004	-122.093972	0.0	0.0	0.0021
Neotoma	0.0	0.0	39.431443	-120.24138899999998	0.0	0.0	0.0021
Neotoma	0.0	0.0	37.403382	-122.21575	0.0	0.0	0.0021
Neotoma	0.0	0.0	37.881397	-122.38361499999999	0.0	0.0	0.0021
Neotoma	0.0	0.0	37.912002	-122.26811000000001	0.0	0.0	0.0021
Neotoma	0.0	0.0	38.111333	-122.8895	0.0	0.0	0.0021
Neotoma	0.0	0.0	37.087087	-122.06385900000001	0.0	0.0	0.0021
Neotoma	0.0	0.0	37.313507	-122.18911200000001	0.0	0.0	0.0021
Neotoma	0.0	0.0	37.423316	-122.28448799999998	0.0	0.0	0.0021
Neotoma	0.0	0.0	34.892047999999996	-118.54486399999999	0.0	0.0	0.0021
Neotoma	0.0	0.0	37.409866	-122.224884	0.0	0.0	0.0021
Neotoma	0.0	0.0	36.64759	-121.75748300000001	0.0	0.0	0.0021
Neotoma	0.0	0.0	32.657084999999995	-116.09885700000001	0.0	0.0	0.0021
Neotoma	0.0	0.0	34.693653000000005	-119.371596	0.0	0.0	0.0021
Neotoma	0.0	0.0	30.382437	-88.70869300000004	0.0	0.0	0.0021
Neotoma	0.0	0.0	33.288876	-116.654789	0.0	0.0	0.0021
Neotoma	0.0	0.0	33.924953	-115.92933400000001	0.0	0.0	0.0021
Neotoma	0.0	0.0	32.371725	-112.86071000000001	0.0	0.0	0.0021
Neotoma	0.0	0.0	39.651656	-121.64134399999999	0.0	0.0	0.0021
Neotoma	0.0	0.0	32.846415	-116.97218600000001	0.0	0.0	0.0021
Neotoma	0.0	0.0	46.940487	-119.95749199999999	0.0	0.0	0.0021
Neotoma	0.0	0.0	37.576223999999996	-121.87231399999999	0.0	0.0	0.0021
Neotoma	0.0	0.0	30.834274	-93.683515	0.0	0.0	0.0021
Neotoma	0.0	0.0	36.057460999999996	-112.140933	0.0	0.0	0.0021
Neotoma	0.0	0.0	31.823171999999996	-106.133103	0.0	0.0	0.0021
Neotoma	0.0	0.0	35.829701	-118.294329	0.0	0.0	0.0021
Neotoma	0.0	0.0	32.335225	-111.180539	0.0	0.0	0.0021
Neotoma	0.0	0.0	35.598948	-118.49776000000001	0.0	0.0	0.0021
Neotoma	0.0	0.0	35.598948	-118.49776000000001	0.0	0.0	0.0021
Neotoma	0.0	0.0	47.847715	-120.707605	0.0	0.0	0.0021
Neotoma	0.0	0.0	35.598948	-118.49776000000001	0.0	0.0	0.0021
Neotoma	0.0	0.0	35.598948	-118.49776000000001	0.0	0.0	0.0021
Neotoma	0.0	0.0	32.216439	-110.921729	0.0	0.0	0.0021
Neotoma	0.0	0.0	26.601999999999997	-98.649	0.0	0.0	0.0021
Neotoma	0.0	0.0	30.960471999999996	-93.681656	0.0	0.0	0.0021
Neotoma	0.0	0.0	34.605469	-117.15798999999998	0.0	0.0	0.0021
Neotoma	0.0	0.0	40.422073	-77.133605	0.0	0.0	0.0021
Neotoma	0.0	0.0	36.378548415150796	-121.556667111111	0.0	0.0	0.0021
Neotoma	0.0	0.0	36.378548415150796	-121.556667111111	0.0	0.0	0.0021
Neotoma	0.0	0.0	51.026844	-115.03453700000001	0.0	0.0	0.0021
Neotoma	0.0	0.0	50.181139	-119.336324	0.0	0.0	0.0021
Neotoma	0.0	0.0	50.630155	-114.683774	0.0	0.0	0.0021
Neotoma	0.0	0.0	64.225628	-128.360875	0.0	0.0	0.0021
Neotoma	0.0	0.0	50.744523	-120.11310900000001	0.0	0.0	0.0021
Neotoma	0.0	0.0	25.633081	-100.205262	0.0	0.0	0.0021
Neotoma	0.0	0.0	25.790657	-100.346707	0.0	0.0	0.0021
Neotoma	0.0	0.0	29.29655300000001	-109.71948400000001	0.0	0.0	0.0021
Neotoma	0.0	0.0	29.294888	-109.716351	0.0	0.0	0.0021
Neotoma	0.0	0.0	31.304796000000003	-106.46564599999999	0.0	0.0	0.0021
Neotoma	0.0	0.0	31.615965999999997	-106.83191299999999	0.0	0.0	0.0021
Neotoma	0.0	0.0	31.276011999999998	-106.572278	0.0	0.0	0.0021
Neotoma	0.0	0.0	25.040582	-103.17767099999999	0.0	0.0	0.0021
Neotoma	0.0	0.0	25.608647	-100.530181	0.0	0.0	0.0021
Neotoma	0.0	0.0	26.66208300000001	-103.776542	0.0	0.0	0.0021
Neotoma	0.0	0.0	26.674119	-103.790611	0.0	0.0	0.0021
Neotoma	0.0	0.0	26.674119	-103.790611	0.0	0.0	0.0021
Neotoma	0.0	0.0	26.691931	-103.740825	0.0	0.0	0.0021
Neotoma	0.0	0.0	26.691931	-103.740825	0.0	0.0	0.0021
Neotoma	0.0	0.0	26.691931	-103.740825	0.0	0.0	0.0021
Neotoma	0.0	0.0	26.674119	-103.790611	0.0	0.0	0.0021
Neotoma	0.0	0.0	26.691931	-103.740825	0.0	0.0	0.0021
Neotoma	0.0	0.0	26.75745	-103.770122	0.0	0.0	0.0021
Neotoma	0.0	0.0	26.674119	-103.790611	0.0	0.0	0.0021
Neotoma	0.0	0.0	26.674119	-103.790611	0.0	0.0	0.0021
Neotoma	0.0	0.0	26.691931	-103.740825	0.0	0.0	0.0021
Neotoma	0.0	0.0	26.691931	-103.740825	0.0	0.0	0.0021
Neotoma	0.0	0.0	26.691931	-103.740825	0.0	0.0	0.0021
Neotoma	0.0	0.0	26.691931	-103.740825	0.0	0.0	0.0021
Neotoma	0.0	0.0	26.674119	-103.790611	0.0	0.0	0.0021
Neotoma	0.0	0.0	26.75745	-103.770122	0.0	0.0	0.0021
Neotoma	0.0	0.0	26.674119	-103.790611	0.0	0.0	0.0021
Neotoma	0.0	0.0	26.691931	-103.740825	0.0	0.0	0.0021
Neotoma	0.0	0.0	26.691931	-103.740825	0.0	0.0	0.0021
Neotoma	0.0	0.0	26.674119	-103.790611	0.0	0.0	0.0021
Neotoma	0.0	0.0	26.691931	-103.740825	0.0	0.0	0.0021
Neotoma	0.0	0.0	26.691931	-103.740825	0.0	0.0	0.0021
Neotoma	0.0	0.0	26.691931	-103.740825	0.0	0.0	0.0021
Neotoma	0.0	0.0	26.691931	-103.740825	0.0	0.0	0.0021
Neotoma	0.0	0.0	26.674119	-103.790611	0.0	0.0	0.0021
Neotoma	0.0	0.0	26.691931	-103.740825	0.0	0.0	0.0021
Neotoma	0.0	0.0	26.674119	-103.790611	0.0	0.0	0.0021
Neotoma	0.0	0.0	26.691931	-103.740825	0.0	0.0	0.0021
Neotoma	0.0	0.0	26.691931	-103.740825	0.0	0.0	0.0021
Neotoma	0.0	0.0	26.674119	-103.790611	0.0	0.0	0.0021
Neotoma	0.0	0.0	26.674119	-103.790611	0.0	0.0	0.0021
Neotoma	0.0	0.0	26.691931	-103.740825	0.0	0.0	0.0021
Neotoma	0.0	0.0	26.674119	-103.790611	0.0	0.0	0.0021
Neotoma	0.0	0.0	26.691931	-103.740825	0.0	0.0	0.0021
Neotoma	0.0	0.0	26.691931	-103.740825	0.0	0.0	0.0021
Neotoma	0.0	0.0	26.691931	-103.740825	0.0	0.0	0.0021
Neotoma	0.0	0.0	26.66208300000001	-103.776542	0.0	0.0	0.0021
Neotoma	0.0	0.0	26.691931	-103.740825	0.0	0.0	0.0021
Neotoma	0.0	0.0	26.75745	-103.770122	0.0	0.0	0.0021
Neotoma	0.0	0.0	26.674119	-103.790611	0.0	0.0	0.0021
Neotoma	0.0	0.0	26.691931	-103.740825	0.0	0.0	0.0021
Neotoma	0.0	0.0	26.75745	-103.770122	0.0	0.0	0.0021
Neotoma	0.0	0.0	26.75745	-103.770122	0.0	0.0	0.0021
Neotoma	0.0	0.0	26.691931	-103.740825	0.0	0.0	0.0021
Neotoma	0.0	0.0	26.691931	-103.740825	0.0	0.0	0.0021
Neotoma	0.0	0.0	26.674119	-103.790611	0.0	0.0	0.0021
Neotoma	0.0	0.0	26.674119	-103.790611	0.0	0.0	0.0021
Neotoma	0.0	0.0	26.691931	-103.740825	0.0	0.0	0.0021
Neotoma	0.0	0.0	26.674119	-103.790611	0.0	0.0	0.0021
Neotoma	0.0	0.0	26.691931	-103.740825	0.0	0.0	0.0021
Neotoma	0.0	0.0	26.691931	-103.740825	0.0	0.0	0.0021
Neotoma	0.0	0.0	26.691931	-103.740825	0.0	0.0	0.0021
Neotoma	0.0	0.0	26.691931	-103.740825	0.0	0.0	0.0021
Neotoma	0.0	0.0	26.691931	-103.740825	0.0	0.0	0.0021
Neotoma	0.0	0.0	26.674119	-103.790611	0.0	0.0	0.0021
Neotoma	0.0	0.0	26.75745	-103.770122	0.0	0.0	0.0021
Neotoma	0.0	0.0	26.674119	-103.790611	0.0	0.0	0.0021
Neotoma	0.0	0.0	26.691931	-103.740825	0.0	0.0	0.0021
Neotoma	0.0	0.0	26.674119	-103.790611	0.0	0.0	0.0021
Neotoma	0.0	0.0	26.66208300000001	-103.776542	0.0	0.0	0.0021
Neotoma	0.0	0.0	26.691931	-103.740825	0.0	0.0	0.0021
Neotoma	0.0	0.0	26.691931	-103.740825	0.0	0.0	0.0021
Neotoma	0.0	0.0	26.691931	-103.740825	0.0	0.0	0.0021
Neotoma	0.0	0.0	26.674119	-103.790611	0.0	0.0	0.0021
Neotoma	0.0	0.0	26.691931	-103.740825	0.0	0.0	0.0021
Neotoma	0.0	0.0	26.674119	-103.790611	0.0	0.0	0.0021
Neotoma	0.0	0.0	26.691931	-103.740825	0.0	0.0	0.0021
Neotoma	0.0	0.0	26.691931	-103.740825	0.0	0.0	0.0021
Neotoma	0.0	0.0	26.673992	-103.790614	0.0	0.0	0.0021
Neotoma	0.0	0.0	26.674119	-103.790611	0.0	0.0	0.0021
Neotoma	0.0	0.0	26.691931	-103.740825	0.0	0.0	0.0021
Neotoma	0.0	0.0	26.75745	-103.770122	0.0	0.0	0.0021
Neotoma	0.0	0.0	26.75745	-103.770122	0.0	0.0	0.0021
Neotoma	0.0	0.0	26.75745	-103.770122	0.0	0.0	0.0021
Neotoma	0.0	0.0	26.691931	-103.740825	0.0	0.0	0.0021
Neotoma	0.0	0.0	26.691931	-103.740825	0.0	0.0	0.0021
Neotoma	0.0	0.0	26.674119	-103.790611	0.0	0.0	0.0021
Neotoma	0.0	0.0	26.692014	-103.741036	0.0	0.0	0.0021
Neotoma	0.0	0.0	26.692014	-103.741036	0.0	0.0	0.0021
Neotoma	0.0	0.0	26.692933	-103.740833	0.0	0.0	0.0021
Neotoma	0.0	0.0	26.692014	-103.741036	0.0	0.0	0.0021
Neotoma	0.0	0.0	26.692933	-103.740833	0.0	0.0	0.0021
Neotoma	0.0	0.0	26.692014	-103.741036	0.0	0.0	0.0021
Neotoma	0.0	0.0	26.692014	-103.741036	0.0	0.0	0.0021
Neotoma	0.0	0.0	26.692014	-103.741036	0.0	0.0	0.0021
Neotoma	0.0	0.0	26.757506	-103.770292	0.0	0.0	0.0021
Neotoma	0.0	0.0	26.692014	-103.741036	0.0	0.0	0.0021
Neotoma	0.0	0.0	26.692014	-103.741036	0.0	0.0	0.0021
Neotoma	0.0	0.0	26.692014	-103.741036	0.0	0.0	0.0021
Neotoma	0.0	0.0	26.692014	-103.741036	0.0	0.0	0.0021
Neotoma	0.0	0.0	26.692014	-103.741036	0.0	0.0	0.0021
Neotoma	0.0	0.0	26.692014	-103.741036	0.0	0.0	0.0021
Neotoma	0.0	0.0	26.692014	-103.741036	0.0	0.0	0.0021
Neotoma	0.0	0.0	26.757583	-103.77005	0.0	0.0	0.0021
Neotoma	0.0	0.0	26.769046999999997	-103.786511	0.0	0.0	0.0021
Neotoma	0.0	0.0	26.674119	-103.790611	0.0	0.0	0.0021
Neotoma	0.0	0.0	26.674269	-103.79114200000001	0.0	0.0	0.0021
Neotoma	0.0	0.0	26.692933	-103.740833	0.0	0.0	0.0021
Neotoma	0.0	0.0	26.692014	-103.741036	0.0	0.0	0.0021
Neotoma	0.0	0.0	26.692933	-103.740833	0.0	0.0	0.0021
Neotoma	0.0	0.0	26.692933	-103.740833	0.0	0.0	0.0021
Neotoma	0.0	0.0	26.692014	-103.741036	0.0	0.0	0.0021
Neotoma	0.0	0.0	26.692014	-103.741036	0.0	0.0	0.0021
Neotoma	0.0	0.0	26.692014	-103.741036	0.0	0.0	0.0021
Neotoma	0.0	0.0	26.692014	-103.741036	0.0	0.0	0.0021
Neotoma	0.0	0.0	26.757583	-103.77005	0.0	0.0	0.0021
Neotoma	0.0	0.0	26.691931	-103.740825	0.0	0.0	0.0021
Neotoma	0.0	0.0	26.692014	-103.741036	0.0	0.0	0.0021
Neotoma	0.0	0.0	26.692933	-103.740833	0.0	0.0	0.0021
Neotoma	0.0	0.0	26.691931	-103.740825	0.0	0.0	0.0021
Neotoma	0.0	0.0	26.692014	-103.741036	0.0	0.0	0.0021
Neotoma	0.0	0.0	26.692014	-103.741036	0.0	0.0	0.0021
Neotoma	0.0	0.0	26.66208300000001	-103.776542	0.0	0.0	0.0021
Neotoma	0.0	0.0	26.691931	-103.740825	0.0	0.0	0.0021
Neotoma	0.0	0.0	26.691931	-103.740825	0.0	0.0	0.0021
Neotoma	0.0	0.0	26.691931	-103.740825	0.0	0.0	0.0021
Neotoma	0.0	0.0	26.691931	-103.740825	0.0	0.0	0.0021
Neotoma	0.0	0.0	26.691931	-103.740825	0.0	0.0	0.0021
Neotoma	0.0	0.0	26.691931	-103.740825	0.0	0.0	0.0021
Neotoma	0.0	0.0	26.66208300000001	-103.776542	0.0	0.0	0.0021
Neotoma	0.0	0.0	26.66208300000001	-103.776542	0.0	0.0	0.0021
Neotoma	0.0	0.0	26.66208300000001	-103.776542	0.0	0.0	0.0021
Neotoma	0.0	0.0	26.66208300000001	-103.776542	0.0	0.0	0.0021
Neotoma	0.0	0.0	26.691931	-103.740825	0.0	0.0	0.0021
Neotoma	0.0	0.0	26.691931	-103.740825	0.0	0.0	0.0021
Neotoma	0.0	0.0	26.662803000000004	-103.776364	0.0	0.0	0.0021
Neotoma	0.0	0.0	26.691931	-103.740825	0.0	0.0	0.0021
Neotoma	0.0	0.0	26.691931	-103.740825	0.0	0.0	0.0021
Neotoma	0.0	0.0	26.691931	-103.740825	0.0	0.0	0.0021
Neotoma	0.0	0.0	26.691931	-103.740825	0.0	0.0	0.0021
Neotoma	0.0	0.0	26.692339	-103.742006	0.0	0.0	0.0021
Neotoma	0.0	0.0	26.692339	-103.742006	0.0	0.0	0.0021
Neotoma	0.0	0.0	26.66208300000001	-103.776542	0.0	0.0	0.0021
Neotoma	0.0	0.0	26.691931	-103.740825	0.0	0.0	0.0021
Neotoma	0.0	0.0	26.674269	-103.79114200000001	0.0	0.0	0.0021
Neotoma	0.0	0.0	26.66208300000001	-103.776542	0.0	0.0	0.0021
Neotoma	0.0	0.0	26.66208300000001	-103.776542	0.0	0.0	0.0021
Neotoma	0.0	0.0	26.66208300000001	-103.776542	0.0	0.0	0.0021
Neotoma	0.0	0.0	26.66208300000001	-103.776542	0.0	0.0	0.0021
Neotoma	0.0	0.0	26.674128000000003	-103.790661	0.0	0.0	0.0021
Neotoma	0.0	0.0	26.691931	-103.740825	0.0	0.0	0.0021
Neotoma	0.0	0.0	26.674269	-103.79114200000001	0.0	0.0	0.0021
Neotoma	0.0	0.0	26.66208300000001	-103.776542	0.0	0.0	0.0021
Neotoma	0.0	0.0	26.674269	-103.79114200000001	0.0	0.0	0.0021
Neotoma	0.0	0.0	26.674269	-103.79114200000001	0.0	0.0	0.0021
Neotoma	0.0	0.0	26.66208300000001	-103.776542	0.0	0.0	0.0021
Neotoma	0.0	0.0	26.674128000000003	-103.790661	0.0	0.0	0.0021
Neotoma	0.0	0.0	26.66208300000001	-103.776542	0.0	0.0	0.0021
Neotoma	0.0	0.0	26.66208300000001	-103.776542	0.0	0.0	0.0021
Neotoma	0.0	0.0	26.691931	-103.740825	0.0	0.0	0.0021
Neotoma	0.0	0.0	26.692339	-103.742006	0.0	0.0	0.0021
Neotoma	0.0	0.0	26.691931	-103.740825	0.0	0.0	0.0021
Neotoma	0.0	0.0	26.66208300000001	-103.776542	0.0	0.0	0.0021
Neotoma	0.0	0.0	26.674128000000003	-103.790661	0.0	0.0	0.0021
Neotoma	0.0	0.0	26.674128000000003	-103.790661	0.0	0.0	0.0021
Neotoma	0.0	0.0	26.692339	-103.742006	0.0	0.0	0.0021
Neotoma	0.0	0.0	26.691931	-103.740825	0.0	0.0	0.0021
Neotoma	0.0	0.0	26.691931	-103.740825	0.0	0.0	0.0021
Neotoma	0.0	0.0	26.692014	-103.741036	0.0	0.0	0.0021
Neotoma	0.0	0.0	26.691931	-103.740825	0.0	0.0	0.0021
Neotoma	0.0	0.0	26.674128000000003	-103.790661	0.0	0.0	0.0021
Neotoma	0.0	0.0	26.674269	-103.79114200000001	0.0	0.0	0.0021
Neotoma	0.0	0.0	26.66208300000001	-103.776542	0.0	0.0	0.0021
Neotoma	0.0	0.0	26.691931	-103.740825	0.0	0.0	0.0021
Neotoma	0.0	0.0	26.691931	-103.740825	0.0	0.0	0.0021
Neotoma	0.0	0.0	26.691931	-103.740825	0.0	0.0	0.0021
Neotoma	0.0	0.0	26.66208300000001	-103.776542	0.0	0.0	0.0021
Neotoma	0.0	0.0	26.66208300000001	-103.776542	0.0	0.0	0.0021
Neotoma	0.0	0.0	26.691931	-103.740825	0.0	0.0	0.0021
Neotoma	0.0	0.0	26.692339	-103.742006	0.0	0.0	0.0021
Neotoma	0.0	0.0	26.692339	-103.742006	0.0	0.0	0.0021
Neotoma	0.0	0.0	26.691931	-103.740825	0.0	0.0	0.0021
Neotoma	0.0	0.0	26.691931	-103.740825	0.0	0.0	0.0021
Neotoma	0.0	0.0	26.691931	-103.740825	0.0	0.0	0.0021
Neotoma	0.0	0.0	26.66208300000001	-103.776542	0.0	0.0	0.0021
Neotoma	0.0	0.0	26.691931	-103.740825	0.0	0.0	0.0021
Neotoma	0.0	0.0	26.692339	-103.742006	0.0	0.0	0.0021
Neotoma	0.0	0.0	26.691931	-103.740825	0.0	0.0	0.0021
Neotoma	0.0	0.0	26.674269	-103.79114200000001	0.0	0.0	0.0021
Neotoma	0.0	0.0	26.66208300000001	-103.776542	0.0	0.0	0.0021
Neotoma	0.0	0.0	26.692339	-103.742006	0.0	0.0	0.0021
Neotoma	0.0	0.0	26.674269	-103.79114200000001	0.0	0.0	0.0021
Neotoma	0.0	0.0	26.691931	-103.740825	0.0	0.0	0.0021
Neotoma	0.0	0.0	26.66208300000001	-103.776542	0.0	0.0	0.0021
Neotoma	0.0	0.0	26.674119	-103.790611	0.0	0.0	0.0021
Neotoma	0.0	0.0	26.674269	-103.79114200000001	0.0	0.0	0.0021
Neotoma	0.0	0.0	26.691931	-103.740825	0.0	0.0	0.0021
Neotoma	0.0	0.0	26.674128000000003	-103.790661	0.0	0.0	0.0021
Neotoma	0.0	0.0	26.66208300000001	-103.776542	0.0	0.0	0.0021
Neotoma	0.0	0.0	26.692339	-103.742006	0.0	0.0	0.0021
Neotoma	0.0	0.0	26.691931	-103.740825	0.0	0.0	0.0021
Neotoma	0.0	0.0	26.691931	-103.740825	0.0	0.0	0.0021
Neotoma	0.0	0.0	26.691931	-103.740825	0.0	0.0	0.0021
Neotoma	0.0	0.0	26.692339	-103.742006	0.0	0.0	0.0021
Neotoma	0.0	0.0	26.691931	-103.740825	0.0	0.0	0.0021
Neotoma	0.0	0.0	26.691931	-103.740825	0.0	0.0	0.0021
Neotoma	0.0	0.0	26.691931	-103.740825	0.0	0.0	0.0021
Neotoma	0.0	0.0	26.691931	-103.740825	0.0	0.0	0.0021
Neotoma	0.0	0.0	26.66208300000001	-103.776542	0.0	0.0	0.0021
Neotoma	0.0	0.0	26.691931	-103.740825	0.0	0.0	0.0021
Neotoma	0.0	0.0	26.674128000000003	-103.790661	0.0	0.0	0.0021
Neotoma	0.0	0.0	26.691931	-103.740825	0.0	0.0	0.0021
Neotoma	0.0	0.0	26.692014	-103.741036	0.0	0.0	0.0021
Neotoma	0.0	0.0	26.691931	-103.740825	0.0	0.0	0.0021
Neotoma	0.0	0.0	26.66208300000001	-103.776542	0.0	0.0	0.0021
Neotoma	0.0	0.0	26.692339	-103.742006	0.0	0.0	0.0021
Neotoma	0.0	0.0	26.66208300000001	-103.776542	0.0	0.0	0.0021
Neotoma	0.0	0.0	26.692339	-103.742006	0.0	0.0	0.0021
Neotoma	0.0	0.0	26.691931	-103.740825	0.0	0.0	0.0021
Neotoma	0.0	0.0	26.66208300000001	-103.776542	0.0	0.0	0.0021
Neotoma	0.0	0.0	26.692339	-103.742006	0.0	0.0	0.0021
Neotoma	0.0	0.0	26.66208300000001	-103.776542	0.0	0.0	0.0021
Neotoma	0.0	0.0	26.691931	-103.740825	0.0	0.0	0.0021
Neotoma	0.0	0.0	26.674128000000003	-103.790661	0.0	0.0	0.0021
Neotoma	0.0	0.0	26.691931	-103.740825	0.0	0.0	0.0021
Neotoma	0.0	0.0	26.66208300000001	-103.776542	0.0	0.0	0.0021
Neotoma	0.0	0.0	26.692339	-103.742006	0.0	0.0	0.0021
Neotoma	0.0	0.0	26.691931	-103.740825	0.0	0.0	0.0021
Neotoma	0.0	0.0	26.691931	-103.740825	0.0	0.0	0.0021
Neotoma	0.0	0.0	26.691931	-103.740825	0.0	0.0	0.0021
Neotoma	0.0	0.0	26.691931	-103.740825	0.0	0.0	0.0021
Neotoma	0.0	0.0	26.66208300000001	-103.776542	0.0	0.0	0.0021
Neotoma	0.0	0.0	26.662803000000004	-103.776364	0.0	0.0	0.0021
Neotoma	0.0	0.0	26.692339	-103.742006	0.0	0.0	0.0021
Neotoma	0.0	0.0	26.66208300000001	-103.776542	0.0	0.0	0.0021
Neotoma	0.0	0.0	26.691931	-103.740825	0.0	0.0	0.0021
Neotoma	0.0	0.0	26.691931	-103.740825	0.0	0.0	0.0021
Neotoma	0.0	0.0	26.692339	-103.742006	0.0	0.0	0.0021
Neotoma	0.0	0.0	26.691931	-103.740825	0.0	0.0	0.0021
Neotoma	0.0	0.0	26.66208300000001	-103.776542	0.0	0.0	0.0021
Neotoma	0.0	0.0	26.691931	-103.740825	0.0	0.0	0.0021
Neotoma	0.0	0.0	26.66208300000001	-103.776542	0.0	0.0	0.0021
Neotoma	0.0	0.0	26.66208300000001	-103.776542	0.0	0.0	0.0021
Neotoma	0.0	0.0	26.662803000000004	-103.776364	0.0	0.0	0.0021
Neotoma	0.0	0.0	26.66208300000001	-103.776542	0.0	0.0	0.0021
Neotoma	0.0	0.0	26.691931	-103.740825	0.0	0.0	0.0021
Neotoma	0.0	0.0	26.691931	-103.740825	0.0	0.0	0.0021
Neotoma	0.0	0.0	26.674128000000003	-103.790661	0.0	0.0	0.0021
Neotoma	0.0	0.0	26.692339	-103.742006	0.0	0.0	0.0021
Neotoma	0.0	0.0	26.66208300000001	-103.776542	0.0	0.0	0.0021
Neotoma	0.0	0.0	26.692014	-103.741036	0.0	0.0	0.0021
Neotoma	0.0	0.0	26.66208300000001	-103.776542	0.0	0.0	0.0021
Neotoma	0.0	0.0	26.66208300000001	-103.776542	0.0	0.0	0.0021
Neotoma	0.0	0.0	26.691931	-103.740825	0.0	0.0	0.0021
Neotoma	0.0	0.0	26.691931	-103.740825	0.0	0.0	0.0021
Neotoma	0.0	0.0	26.691931	-103.740825	0.0	0.0	0.0021
Neotoma	0.0	0.0	26.691931	-103.740825	0.0	0.0	0.0021
Neotoma	0.0	0.0	26.691931	-103.740825	0.0	0.0	0.0021
Neotoma	0.0	0.0	26.692339	-103.742006	0.0	0.0	0.0021
Neotoma	0.0	0.0	26.691931	-103.740825	0.0	0.0	0.0021
Neotoma	0.0	0.0	26.66208300000001	-103.776542	0.0	0.0	0.0021
Neotoma	0.0	0.0	26.75745	-103.770122	0.0	0.0	0.0021
Neotoma	0.0	0.0	26.693069	-103.740822	0.0	0.0	0.0021
Neotoma	0.0	0.0	26.693069	-103.740822	0.0	0.0	0.0021
Neotoma	0.0	0.0	26.662803000000004	-103.776364	0.0	0.0	0.0021
Neotoma	0.0	0.0	26.693069	-103.740822	0.0	0.0	0.0021
Neotoma	0.0	0.0	26.75745	-103.770122	0.0	0.0	0.0021
Neotoma	0.0	0.0	26.662803000000004	-103.776364	0.0	0.0	0.0021
Neotoma	0.0	0.0	26.693069	-103.740822	0.0	0.0	0.0021
Neotoma	0.0	0.0	26.757392	-103.770844	0.0	0.0	0.0021
Neotoma	0.0	0.0	26.693069	-103.740822	0.0	0.0	0.0021
Neotoma	0.0	0.0	26.693069	-103.740822	0.0	0.0	0.0021
Neotoma	0.0	0.0	26.693069	-103.740822	0.0	0.0	0.0021
Neotoma	0.0	0.0	26.691931	-103.740825	0.0	0.0	0.0021
Neotoma	0.0	0.0	26.662803000000004	-103.776364	0.0	0.0	0.0021
Neotoma	0.0	0.0	26.757392	-103.770844	0.0	0.0	0.0021
Neotoma	0.0	0.0	26.693069	-103.740822	0.0	0.0	0.0021
Neotoma	0.0	0.0	26.693069	-103.740822	0.0	0.0	0.0021
Neotoma	0.0	0.0	26.75745	-103.770122	0.0	0.0	0.0021
Neotoma	0.0	0.0	26.693069	-103.740822	0.0	0.0	0.0021
Neotoma	0.0	0.0	26.693069	-103.740822	0.0	0.0	0.0021
Neotoma	0.0	0.0	26.662803000000004	-103.776364	0.0	0.0	0.0021
Neotoma	0.0	0.0	26.662803000000004	-103.776364	0.0	0.0	0.0021
Neotoma	0.0	0.0	26.75745	-103.770122	0.0	0.0	0.0021
Neotoma	0.0	0.0	26.768364000000002	-103.786689	0.0	0.0	0.0021
Neotoma	0.0	0.0	26.693069	-103.740822	0.0	0.0	0.0021
Neotoma	0.0	0.0	26.691931	-103.740825	0.0	0.0	0.0021
Neotoma	0.0	0.0	26.764456	-103.78909399999999	0.0	0.0	0.0021
Neotoma	0.0	0.0	26.691931	-103.740825	0.0	0.0	0.0021
Neotoma	0.0	0.0	26.75745	-103.770122	0.0	0.0	0.0021
Neotoma	0.0	0.0	26.662803000000004	-103.776364	0.0	0.0	0.0021
Neotoma	0.0	0.0	26.662803000000004	-103.776364	0.0	0.0	0.0021
Neotoma	0.0	0.0	26.764456	-103.78909399999999	0.0	0.0	0.0021
Neotoma	0.0	0.0	26.674119	-103.790611	0.0	0.0	0.0021
Neotoma	0.0	0.0	26.693069	-103.740822	0.0	0.0	0.0021
Neotoma	0.0	0.0	26.662803000000004	-103.776364	0.0	0.0	0.0021
Neotoma	0.0	0.0	26.662803000000004	-103.776364	0.0	0.0	0.0021
Neotoma	0.0	0.0	26.692339	-103.742006	0.0	0.0	0.0021
Neotoma	0.0	0.0	26.693069	-103.740822	0.0	0.0	0.0021
Neotoma	0.0	0.0	26.693069	-103.740822	0.0	0.0	0.0021
Neotoma	0.0	0.0	26.662803000000004	-103.776364	0.0	0.0	0.0021
Neotoma	0.0	0.0	26.764456	-103.78909399999999	0.0	0.0	0.0021
Neotoma	0.0	0.0	26.693069	-103.740822	0.0	0.0	0.0021
Neotoma	0.0	0.0	26.662803000000004	-103.776364	0.0	0.0	0.0021
Neotoma	0.0	0.0	26.75745	-103.770122	0.0	0.0	0.0021
Neotoma	0.0	0.0	26.693069	-103.740822	0.0	0.0	0.0021
Neotoma	0.0	0.0	26.75745	-103.770122	0.0	0.0	0.0021
Neotoma	0.0	0.0	26.75745	-103.770122	0.0	0.0	0.0021
Neotoma	0.0	0.0	26.764456	-103.78909399999999	0.0	0.0	0.0021
Neotoma	0.0	0.0	26.757353000000002	-103.770394	0.0	0.0	0.0021
Neotoma	0.0	0.0	26.693069	-103.740822	0.0	0.0	0.0021
Neotoma	0.0	0.0	26.693069	-103.740822	0.0	0.0	0.0021
Neotoma	0.0	0.0	26.757583	-103.77005	0.0	0.0	0.0021
Neotoma	0.0	0.0	26.764456	-103.78909399999999	0.0	0.0	0.0021
Neotoma	0.0	0.0	26.75745	-103.770122	0.0	0.0	0.0021
Neotoma	0.0	0.0	26.692339	-103.742006	0.0	0.0	0.0021
Neotoma	0.0	0.0	26.693069	-103.740822	0.0	0.0	0.0021
Neotoma	0.0	0.0	26.662803000000004	-103.776364	0.0	0.0	0.0021
Neotoma	0.0	0.0	26.75745	-103.770122	0.0	0.0	0.0021
Neotoma	0.0	0.0	26.757392	-103.770844	0.0	0.0	0.0021
Neotoma	0.0	0.0	26.693069	-103.740822	0.0	0.0	0.0021
Neotoma	0.0	0.0	26.662803000000004	-103.776364	0.0	0.0	0.0021
Neotoma	0.0	0.0	26.662803000000004	-103.776364	0.0	0.0	0.0021
Neotoma	0.0	0.0	26.693069	-103.740822	0.0	0.0	0.0021
Neotoma	0.0	0.0	26.662803000000004	-103.776364	0.0	0.0	0.0021
Neotoma	0.0	0.0	26.691931	-103.740825	0.0	0.0	0.0021
Neotoma	0.0	0.0	26.662803000000004	-103.776364	0.0	0.0	0.0021
Neotoma	0.0	0.0	26.764456	-103.78909399999999	0.0	0.0	0.0021
Neotoma	0.0	0.0	26.693069	-103.740822	0.0	0.0	0.0021
Neotoma	0.0	0.0	26.693069	-103.740822	0.0	0.0	0.0021
Neotoma	0.0	0.0	26.757392	-103.770844	0.0	0.0	0.0021
Neotoma	0.0	0.0	26.768364000000002	-103.786689	0.0	0.0	0.0021
Neotoma	0.0	0.0	26.662803000000004	-103.776364	0.0	0.0	0.0021
Neotoma	0.0	0.0	26.674119	-103.790611	0.0	0.0	0.0021
Neotoma	0.0	0.0	26.757392	-103.770844	0.0	0.0	0.0021
Neotoma	0.0	0.0	26.757583	-103.77005	0.0	0.0	0.0021
Neotoma	0.0	0.0	26.75745	-103.770122	0.0	0.0	0.0021
Neotoma	0.0	0.0	26.693069	-103.740822	0.0	0.0	0.0021
Neotoma	0.0	0.0	26.75745	-103.770122	0.0	0.0	0.0021
Neotoma	0.0	0.0	26.693069	-103.740822	0.0	0.0	0.0021
Neotoma	0.0	0.0	26.66208300000001	-103.776542	0.0	0.0	0.0021
Neotoma	0.0	0.0	26.75745	-103.770122	0.0	0.0	0.0021
Neotoma	0.0	0.0	26.662803000000004	-103.776364	0.0	0.0	0.0021
Neotoma	0.0	0.0	26.674119	-103.790611	0.0	0.0	0.0021
Neotoma	0.0	0.0	30.619444	-108.825556	0.0	0.0	0.0021
Neotoma	0.0	0.0	30.656111	-108.79166699999999	0.0	0.0	0.0021
Neotoma	0.0	0.0	28.016944	-113.365	0.0	0.0	0.0021
Neotoma	0.0	0.0	26.878056	-113.469444	0.0	0.0	0.0021
Neotoma	0.0	0.0	26.203611	-112.317778	0.0	0.0	0.0021
Neotoma	0.0	0.0	27.2075	-114.152222	0.0	0.0	0.0021
Neotoma	0.0	0.0	27.815556	-113.26888899999999	0.0	0.0	0.0021
Neotoma	0.0	0.0	27.815556	-113.26888899999999	0.0	0.0	0.0021
Neotoma	0.0	0.0	27.168056	-114.156944	0.0	0.0	0.0021
Neotoma	0.0	0.0	27.815556	-113.26888899999999	0.0	0.0	0.0021
Neotoma	0.0	0.0	27.815556	-113.26888899999999	0.0	0.0	0.0021
Neotoma	0.0	0.0	27.815556	-113.26888899999999	0.0	0.0	0.0021
Neotoma	0.0	0.0	28.198333	-113.79722199999999	0.0	0.0	0.0021
Neotoma	0.0	0.0	30.549444	-108.620833	0.0	0.0	0.0021
Neotoma	0.0	0.0	31.211667	-108.962778	0.0	0.0	0.0021
Neotoma	0.0	0.0	30.549444	-108.620833	0.0	0.0	0.0021
Neotoma	0.0	0.0	27.219333000000002	-107.1485	0.0	0.0	0.0021
Neotoma	0.0	0.0	29.051944	-113.981389	0.0	0.0	0.0021
Neotoma	0.0	0.0	29.922778000000005	-114.950278	0.0	0.0	0.0021
Neotoma	0.0	0.0	29.922778000000005	-114.950278	0.0	0.0	0.0021
Neotoma	0.0	0.0	30.695	-108.293333	0.0	0.0	0.0021
Neotoma	0.0	0.0	30.735	-108.38	0.0	0.0	0.0021
Neotoma	0.0	0.0	30.836667	-108.51	0.0	0.0	0.0021
Neotoma	0.0	0.0	30.791666999999997	-108.543333	0.0	0.0	0.0021
