species	max_age	min_age	lat	lon	family	mean_age	rounded_ages
Ochotona	0.0	0.0	39.089042	-107.02919299999999	0.0	0.0	0.0021
Ochotona	0.0	0.0	44.427968	-110.588454	0.0	0.0	0.0021
Ochotona	0.0	0.0	40.626173	-121.278826	0.0	0.0	0.0021
Ochotona	0.0	0.0	46.784701	-121.780528	0.0	0.0	0.0021
Ochotona	0.0	0.0	46.60609	-121.69065800000001	0.0	0.0	0.0021
Ochotona	0.0	0.0	39.578379999999996	-104.740082	0.0	0.0	0.0021
Ochotona	0.0	0.0	40.394018	-105.689617	0.0	0.0	0.0021
Ochotona	0.0	0.0	46.788732	-121.783464	0.0	0.0	0.0021
Ochotona	0.0	0.0	35.793831	-105.780856	0.0	0.0	0.0021
Ochotona	0.0	0.0	46.788613	-121.783708	0.0	0.0	0.0021
Ochotona	0.0	0.0	46.919408000000004	-121.659973	0.0	0.0	0.0021
Ochotona	0.0	0.0	40.572695	-121.265303	0.0	0.0	0.0021
Ochotona	0.0	0.0	48.89647	-121.56373700000002	0.0	0.0	0.0021
Ochotona	0.0	0.0	48.4585	-121.011306	0.0	0.0	0.0021
Ochotona	0.0	0.0	46.919157	-121.664775	0.0	0.0	0.0021
Ochotona	0.0	0.0	45.559424	-122.07973100000001	0.0	0.0	0.0021
Ochotona	0.0	0.0	43.493057	-114.93636699999999	0.0	0.0	0.0021
Ochotona	0.0	0.0	47.417127	-121.481199	0.0	0.0	0.0021
Ochotona	0.0	0.0	43.485372	-114.90693300000001	0.0	0.0	0.0021
Ochotona	0.0	0.0	48.459194000000004	-121.01141399999999	0.0	0.0	0.0021
Ochotona	0.0	0.0	45.390392	-121.747925	0.0	0.0	0.0021
Ochotona	0.0	0.0	37.176494	-118.54938600000001	0.0	0.0	0.0021
Ochotona	0.0	0.0	43.765775	-110.755719	0.0	0.0	0.0021
Ochotona	0.0	0.0	37.914272	-119.266512	0.0	0.0	0.0021
Ochotona	0.0	0.0	43.459371999999995	-113.55908899999999	0.0	0.0	0.0021
Ochotona	0.0	0.0	47.44611	-121.4677	0.0	0.0	0.0021
Ochotona	0.0	0.0	48.747392	-113.746505	0.0	0.0	0.0021
Ochotona	0.0	0.0	45.666707	-121.874472	0.0	0.0	0.0021
Ochotona	0.0	0.0	40.376737	-105.786565	0.0	0.0	0.0021
Ochotona	0.0	0.0	46.919174	-121.66449899999999	0.0	0.0	0.0021
Ochotona	0.0	0.0	40.586733	-111.614728	0.0	0.0	0.0021
Ochotona	0.0	0.0	47.458220000000004	-121.27373	0.0	0.0	0.0021
Ochotona	0.0	0.0	46.754647	-121.699095	0.0	0.0	0.0021
Ochotona	0.0	0.0	40.567634999999996	-111.685048	0.0	0.0	0.0021
Ochotona	0.0	0.0	40.564303	-111.65068899999999	0.0	0.0	0.0021
Ochotona	0.0	0.0	40.385698	-105.78987	0.0	0.0	0.0021
Ochotona	0.0	0.0	38.876135999999995	-120.145876	0.0	0.0	0.0021
Ochotona	0.0	0.0	40.376721999999994	-105.78656200000002	0.0	0.0	0.0021
Ochotona	0.0	0.0	48.469833	-121.05485300000001	0.0	0.0	0.0021
Ochotona	0.0	0.0	48.469745	-121.05580800000001	0.0	0.0	0.0021
Ochotona	0.0	0.0	47.358826	-121.52256899999999	0.0	0.0	0.0021
Ochotona	0.0	0.0	40.56524	-111.62033000000001	0.0	0.0	0.0021
Ochotona	0.0	0.0	63.114803	-151.19259499999995	0.0	0.0	0.0021
Ochotona	0.0	0.0	39.62530200000001	-105.72825300000001	0.0	0.0	0.0021
Ochotona	0.0	0.0	46.91722100000001	-121.679822	0.0	0.0	0.0021
Ochotona	0.0	0.0	48.061268	-121.804286	0.0	0.0	0.0021
Ochotona	0.0	0.0	47.458753	-121.277383	0.0	0.0	0.0021
Ochotona	0.0	0.0	40.376738	-105.78656299999999	0.0	0.0	0.0021
Ochotona	0.0	0.0	46.916108	-121.677475	0.0	0.0	0.0021
Ochotona	0.0	0.0	40.586277	-111.615802	0.0	0.0	0.0021
Ochotona	0.0	0.0	40.412945	-105.7394	0.0	0.0	0.0021
Ochotona	0.0	0.0	44.943837	-110.56343100000001	0.0	0.0	0.0021
Ochotona	0.0	0.0	40.608156	-111.60801399999998	0.0	0.0	0.0021
Ochotona	0.0	0.0	40.385133	-105.78896200000001	0.0	0.0	0.0021
Ochotona	0.0	0.0	42.904927	-122.12410700000001	0.0	0.0	0.0021
Ochotona	0.0	0.0	40.436277000000004	-105.79046699999999	0.0	0.0	0.0021
Ochotona	0.0	0.0	40.384682	-105.78868200000001	0.0	0.0	0.0021
Ochotona	0.0	0.0	40.385143	-105.78895700000001	0.0	0.0	0.0021
Ochotona	0.0	0.0	40.385143	-105.78895700000001	0.0	0.0	0.0021
Ochotona	0.0	0.0	47.714563	-121.153764	0.0	0.0	0.0021
Ochotona	0.0	0.0	37.970462	-119.266222	0.0	0.0	0.0021
Ochotona	0.0	0.0	40.599267	-111.59753899999998	0.0	0.0	0.0021
Ochotona	0.0	0.0	39.489734999999996	-106.24781599999999	0.0	0.0	0.0021
Ochotona	0.0	0.0	46.788658	-121.783281	0.0	0.0	0.0021
Ochotona	0.0	0.0	37.970462	-119.266222	0.0	0.0	0.0021
Ochotona	0.0	0.0	46.917153000000006	-121.67958600000001	0.0	0.0	0.0021
Ochotona	0.0	0.0	47.470749	-121.314178	0.0	0.0	0.0021
Ochotona	0.0	0.0	37.441553000000006	-118.179377	0.0	0.0	0.0021
Ochotona	0.0	0.0	37.91370300000001	-119.26685900000001	0.0	0.0	0.0021
Ochotona	0.0	0.0	37.939718	-119.26226499999999	0.0	0.0	0.0021
Ochotona	0.0	0.0	47.458748	-121.277728	0.0	0.0	0.0021
Ochotona	0.0	0.0	40.303382	-105.65900900000001	0.0	0.0	0.0021
Ochotona	0.0	0.0	45.244688000000004	-117.198376	0.0	0.0	0.0021
Ochotona	0.0	0.0	40.603307	-111.59261599999999	0.0	0.0	0.0021
Ochotona	0.0	0.0	44.968166	-109.46508100000001	0.0	0.0	0.0021
Ochotona	0.0	0.0	48.155188	-120.361318	0.0	0.0	0.0021
Ochotona	0.0	0.0	38.546561	-119.814943	0.0	0.0	0.0021
Ochotona	0.0	0.0	40.384683	-105.78868999999999	0.0	0.0	0.0021
Ochotona	0.0	0.0	40.376738	-105.78654499999999	0.0	0.0	0.0021
Ochotona	0.0	0.0	40.613137	-115.37618799999998	0.0	0.0	0.0021
Ochotona	0.0	0.0	43.429788	-122.47426899999999	0.0	0.0	0.0021
Ochotona	0.0	0.0	47.357723	-121.521004	0.0	0.0	0.0021
Ochotona	0.0	0.0	45.68689000000001	-121.78818999999999	0.0	0.0	0.0021
Ochotona	0.0	0.0	37.97403	-119.26981	0.0	0.0	0.0021
Ochotona	0.0	0.0	40.384723	-105.78938500000001	0.0	0.0	0.0021
Ochotona	0.0	0.0	43.854941	-114.510777	0.0	0.0	0.0021
Ochotona	0.0	0.0	40.384172	-105.788078	0.0	0.0	0.0021
Ochotona	0.0	0.0	40.369105	-105.63991000000001	0.0	0.0	0.0021
Ochotona	0.0	0.0	40.56257100000001	-111.646069	0.0	0.0	0.0021
Ochotona	0.0	0.0	37.851337	-107.882754	0.0	0.0	0.0021
Ochotona	0.0	0.0	43.615813	-110.83721299999999	0.0	0.0	0.0021
Ochotona	0.0	0.0	39.003969	-106.93949099999999	0.0	0.0	0.0021
Ochotona	0.0	0.0	38.612463	-106.233236	0.0	0.0	0.0021
Ochotona	0.0	0.0	40.436943	-105.76722	0.0	0.0	0.0021
Ochotona	0.0	0.0	37.913883	-119.266922	0.0	0.0	0.0021
Ochotona	0.0	0.0	48.963964000000004	-121.79691399999999	0.0	0.0	0.0021
Ochotona	0.0	0.0	48.131679999999996	-121.528578	0.0	0.0	0.0021
Ochotona	0.0	0.0	48.51009000000001	-121.20078000000001	0.0	0.0	0.0021
Ochotona	0.0	0.0	37.588452000000004	-106.74163899999999	0.0	0.0	0.0021
Ochotona	0.0	0.0	47.562182	-121.262707	0.0	0.0	0.0021
Ochotona	0.0	0.0	48.688682	-113.55726899999999	0.0	0.0	0.0021
Ochotona	0.0	0.0	37.84753	-119.49621599999999	0.0	0.0	0.0021
Ochotona	0.0	0.0	39.640433	-106.21100600000001	0.0	0.0	0.0021
Ochotona	0.0	0.0	48.497902	-121.203891	0.0	0.0	0.0021
Ochotona	0.0	0.0	40.411747	-105.733166	0.0	0.0	0.0021
Ochotona	0.0	0.0	43.761006	-110.77811200000001	0.0	0.0	0.0021
Ochotona	0.0	0.0	46.919463	-121.586358	0.0	0.0	0.0021
Ochotona	0.0	0.0	46.933678	-121.865752	0.0	0.0	0.0021
Ochotona	0.0	0.0	40.882737	-109.297077	0.0	0.0	0.0021
Ochotona	0.0	0.0	46.918963	-121.662178	0.0	0.0	0.0021
Ochotona	0.0	0.0	47.585689	-121.257774	0.0	0.0	0.0021
Ochotona	0.0	0.0	48.495892	-121.204403	0.0	0.0	0.0021
Ochotona	0.0	0.0	40.41157800000001	-105.73293000000001	0.0	0.0	0.0021
Ochotona	0.0	0.0	39.261798999999996	-106.47310300000001	0.0	0.0	0.0021
Ochotona	0.0	0.0	37.921951	-119.25606699999999	0.0	0.0	0.0021
Ochotona	0.0	0.0	39.286012	-106.51861699999999	0.0	0.0	0.0021
Ochotona	0.0	0.0	37.912205	-119.264177	0.0	0.0	0.0021
Ochotona	0.0	0.0	47.44611	-121.4677	0.0	0.0	0.0021
Ochotona	0.0	0.0	48.696382	-113.68944199999999	0.0	0.0	0.0021
Ochotona	0.0	0.0	39.801322	-105.79353799999998	0.0	0.0	0.0021
Ochotona	0.0	0.0	40.322638	-105.672822	0.0	0.0	0.0021
Ochotona	0.0	0.0	37.923094	-119.22304299999999	0.0	0.0	0.0021
Ochotona	0.0	0.0	47.396101	-121.342481	0.0	0.0	0.0021
Ochotona	0.0	0.0	37.913967	-119.2669	0.0	0.0	0.0021
Ochotona	0.0	0.0	40.543438	-111.694533	0.0	0.0	0.0021
Ochotona	0.0	0.0	48.195285	-120.906153	0.0	0.0	0.0021
Ochotona	0.0	0.0	47.396101	-121.342481	0.0	0.0	0.0021
Ochotona	0.0	0.0	46.121916999999996	-113.84697	0.0	0.0	0.0021
Ochotona	0.0	0.0	40.42516	-105.756422	0.0	0.0	0.0021
Ochotona	0.0	0.0	37.789632	-107.67279199999999	0.0	0.0	0.0021
Ochotona	0.0	0.0	38.481497999999995	-109.24353899999998	0.0	0.0	0.0021
Ochotona	0.0	0.0	37.914025	-119.266342	0.0	0.0	0.0021
Ochotona	0.0	0.0	43.44781500000001	-113.556494	0.0	0.0	0.0021
Ochotona	0.0	0.0	46.78856	-121.78374	0.0	0.0	0.0021
Ochotona	0.0	0.0	40.62298300000001	-115.38337800000001	0.0	0.0	0.0021
Ochotona	0.0	0.0	46.769661	-121.73696799999999	0.0	0.0	0.0021
Ochotona	0.0	0.0	39.592554	-105.643892	0.0	0.0	0.0021
Ochotona	0.0	0.0	37.68734	-112.819344	0.0	0.0	0.0021
Ochotona	0.0	0.0	47.9238	-117.112154	0.0	0.0	0.0021
Ochotona	0.0	0.0	46.788109999999996	-121.7836	0.0	0.0	0.0021
Ochotona	0.0	0.0	45.195381	-121.874496	0.0	0.0	0.0021
Ochotona	0.0	0.0	39.974632	-105.662881	0.0	0.0	0.0021
Ochotona	0.0	0.0	40.61665	-115.389655	0.0	0.0	0.0021
Ochotona	0.0	0.0	36.421529	-118.60099299999999	0.0	0.0	0.0021
Ochotona	0.0	0.0	36.93594	-118.412476	0.0	0.0	0.0021
Ochotona	0.0	0.0	40.411949	-105.732437	0.0	0.0	0.0021
Ochotona	0.0	0.0	42.681187	-110.549052	0.0	0.0	0.0021
Ochotona	0.0	0.0	40.618662	-115.38903799999999	0.0	0.0	0.0021
Ochotona	0.0	0.0	44.123684000000004	-107.071453	0.0	0.0	0.0021
Ochotona	0.0	0.0	37.990142999999996	-119.30111699999999	0.0	0.0	0.0021
Ochotona	0.0	0.0	47.441124	-121.331929	0.0	0.0	0.0021
Ochotona	0.0	0.0	47.214595	-115.557974	0.0	0.0	0.0021
Ochotona	0.0	0.0	43.37547	-122.10521000000001	0.0	0.0	0.0021
Ochotona	0.0	0.0	37.8113	-119.484187	0.0	0.0	0.0021
Ochotona	0.0	0.0	40.411882	-105.73305800000001	0.0	0.0	0.0021
Ochotona	0.0	0.0	40.411882	-105.73305800000001	0.0	0.0	0.0021
Ochotona	0.0	0.0	39.591656	-105.76285800000001	0.0	0.0	0.0021
Ochotona	0.0	0.0	39.38652800000001	-106.101073	0.0	0.0	0.0021
Ochotona	0.0	0.0	40.002368	-107.23195600000001	0.0	0.0	0.0021
Ochotona	0.0	0.0	40.411882	-105.73305800000001	0.0	0.0	0.0021
Ochotona	0.0	0.0	37.97405	-119.26998	0.0	0.0	0.0021
Ochotona	0.0	0.0	40.673695	-111.67873300000001	0.0	0.0	0.0021
Ochotona	0.0	0.0	40.50987	-105.613198	0.0	0.0	0.0021
Ochotona	0.0	0.0	42.653108	-109.018322	0.0	0.0	0.0021
Ochotona	0.0	0.0	46.924368	-121.67392199999999	0.0	0.0	0.0021
Ochotona	0.0	0.0	37.843885	-119.49759399999999	0.0	0.0	0.0021
Ochotona	0.0	0.0	37.49854000000001	-118.201214	0.0	0.0	0.0021
Ochotona	0.0	0.0	45.656688	-121.70523	0.0	0.0	0.0021
Ochotona	0.0	0.0	38.135132	-107.573128	0.0	0.0	0.0021
Ochotona	0.0	0.0	39.583382	-105.627498	0.0	0.0	0.0021
Ochotona	0.0	0.0	47.47318	-121.459892	0.0	0.0	0.0021
Ochotona	0.0	0.0	40.41214	-105.732704	0.0	0.0	0.0021
Ochotona	0.0	0.0	46.914578999999996	-121.673249	0.0	0.0	0.0021
Ochotona	0.0	0.0	40.598928	-111.59601299999999	0.0	0.0	0.0021
Ochotona	0.0	0.0	46.919146999999995	-121.66221000000002	0.0	0.0	0.0021
Ochotona	0.0	0.0	36.771343	-118.34782	0.0	0.0	0.0021
Ochotona	0.0	0.0	37.96699	-119.26570500000001	0.0	0.0	0.0021
Ochotona	0.0	0.0	37.811886	-119.483415	0.0	0.0	0.0021
Ochotona	0.0	0.0	40.603905	-111.592528	0.0	0.0	0.0021
Ochotona	0.0	0.0	40.561505	-111.64493700000001	0.0	0.0	0.0021
Ochotona	0.0	0.0	38.526069	-119.35019	0.0	0.0	0.0021
Ochotona	0.0	0.0	46.919228000000004	-121.66491699999999	0.0	0.0	0.0021
Ochotona	0.0	0.0	40.604168	-111.59213500000001	0.0	0.0	0.0021
Ochotona	0.0	0.0	40.411882	-105.73305800000001	0.0	0.0	0.0021
Ochotona	0.0	0.0	40.599171999999996	-111.59624199999999	0.0	0.0	0.0021
Ochotona	0.0	0.0	40.411882	-105.73305800000001	0.0	0.0	0.0021
Ochotona	0.0	0.0	40.411882	-105.73305800000001	0.0	0.0	0.0021
Ochotona	0.0	0.0	41.372095	-106.29731699999999	0.0	0.0	0.0021
Ochotona	0.0	0.0	41.340614	-106.32231100000001	0.0	0.0	0.0021
Ochotona	0.0	0.0	47.472172	-121.45743799999998	0.0	0.0	0.0021
Ochotona	0.0	0.0	37.973923	-119.269815	0.0	0.0	0.0021
Ochotona	0.0	0.0	40.411733	-105.732817	0.0	0.0	0.0021
Ochotona	0.0	0.0	45.457145000000004	-121.718341	0.0	0.0	0.0021
Ochotona	0.0	0.0	40.603472	-111.59258200000001	0.0	0.0	0.0021
Ochotona	0.0	0.0	40.507906	-105.622947	0.0	0.0	0.0021
Ochotona	0.0	0.0	45.302792	-121.795029	0.0	0.0	0.0021
Ochotona	0.0	0.0	40.577393	-111.62002	0.0	0.0	0.0021
Ochotona	0.0	0.0	40.411882	-105.73305800000001	0.0	0.0	0.0021
Ochotona	0.0	0.0	39.120077	-106.41828100000001	0.0	0.0	0.0021
Ochotona	0.0	0.0	40.510481	-105.61265700000001	0.0	0.0	0.0021
Ochotona	0.0	0.0	40.411844	-105.73316000000001	0.0	0.0	0.0021
Ochotona	0.0	0.0	45.68689000000001	-121.78753999999999	0.0	0.0	0.0021
Ochotona	0.0	0.0	40.573793	-111.619543	0.0	0.0	0.0021
Ochotona	0.0	0.0	36.558026	-105.43058400000001	0.0	0.0	0.0021
Ochotona	0.0	0.0	35.7898	-105.78981999999999	0.0	0.0	0.0021
Ochotona	0.0	0.0	39.386708	-106.086238	0.0	0.0	0.0021
Ochotona	0.0	0.0	40.411882	-105.73305800000001	0.0	0.0	0.0021
Ochotona	0.0	0.0	40.501964	-105.62338700000001	0.0	0.0	0.0021
Ochotona	0.0	0.0	47.430062	-121.454206	0.0	0.0	0.0021
Ochotona	0.0	0.0	47.423737	-121.514325	0.0	0.0	0.0021
Ochotona	0.0	0.0	38.990746	-106.923028	0.0	0.0	0.0021
Ochotona	0.0	0.0	40.504026	-105.616128	0.0	0.0	0.0021
Ochotona	0.0	0.0	37.974786	-105.561144	0.0	0.0	0.0021
Ochotona	0.0	0.0	40.411882	-105.73305800000001	0.0	0.0	0.0021
Ochotona	0.0	0.0	43.37547	-122.10521000000001	0.0	0.0	0.0021
Ochotona	0.0	0.0	40.592434999999995	-111.591078	0.0	0.0	0.0021
Ochotona	0.0	0.0	46.0405	-121.9203	0.0	0.0	0.0021
Ochotona	0.0	0.0	46.740775	-121.686447	0.0	0.0	0.0021
Ochotona	0.0	0.0	46.756381	-121.700397	0.0	0.0	0.0021
Ochotona	0.0	0.0	47.660426	-121.12324	0.0	0.0	0.0021
Ochotona	0.0	0.0	43.805792	-110.40154299999999	0.0	0.0	0.0021
Ochotona	0.0	0.0	40.586163	-111.614998	0.0	0.0	0.0021
Ochotona	0.0	0.0	38.003906	-107.814729	0.0	0.0	0.0021
Ochotona	0.0	0.0	45.355194	-121.750803	0.0	0.0	0.0021
Ochotona	0.0	0.0	40.6031	-111.59268	0.0	0.0	0.0021
Ochotona	0.0	0.0	47.660426	-121.12324	0.0	0.0	0.0021
Ochotona	0.0	0.0	47.668538	-121.12527800000001	0.0	0.0	0.0021
Ochotona	0.0	0.0	39.585817	-105.63808300000001	0.0	0.0	0.0021
Ochotona	0.0	0.0	40.663013	-110.903456	0.0	0.0	0.0021
Ochotona	0.0	0.0	45.304521	-121.79173	0.0	0.0	0.0021
Ochotona	0.0	0.0	40.309022999999996	-105.694199	0.0	0.0	0.0021
Ochotona	0.0	0.0	40.542227000000004	-111.67375	0.0	0.0	0.0021
Ochotona	0.0	0.0	46.788768	-121.783404	0.0	0.0	0.0021
Ochotona	0.0	0.0	43.63112	-110.573171	0.0	0.0	0.0021
Ochotona	0.0	0.0	39.582982	-105.63798700000001	0.0	0.0	0.0021
Ochotona	0.0	0.0	39.636587	-105.60358799999999	0.0	0.0	0.0021
Ochotona	0.0	0.0	40.41274	-105.73351000000001	0.0	0.0	0.0021
Ochotona	0.0	0.0	37.913813	-119.26650500000001	0.0	0.0	0.0021
Ochotona	0.0	0.0	37.912923	-119.26618400000001	0.0	0.0	0.0021
Ochotona	0.0	0.0	46.788676	-121.78351799999999	0.0	0.0	0.0021
Ochotona	0.0	0.0	40.586033	-111.61546499999999	0.0	0.0	0.0021
Ochotona	0.0	0.0	46.784459999999996	-121.780446	0.0	0.0	0.0021
Ochotona	0.0	0.0	47.660426	-121.12324	0.0	0.0	0.0021
Ochotona	0.0	0.0	40.539182000000004	-111.678647	0.0	0.0	0.0021
Ochotona	0.0	0.0	37.647441	-106.69413600000001	0.0	0.0	0.0021
Ochotona	0.0	0.0	46.784467	-121.780428	0.0	0.0	0.0021
Ochotona	0.0	0.0	40.155984000000004	-107.10162700000001	0.0	0.0	0.0021
Ochotona	0.0	0.0	46.791923	-121.780841	0.0	0.0	0.0021
Ochotona	0.0	0.0	40.542953000000004	-111.675353	0.0	0.0	0.0021
Ochotona	0.0	0.0	37.388981	-118.759492	0.0	0.0	0.0021
Ochotona	0.0	0.0	40.587943	-111.58870300000001	0.0	0.0	0.0021
Ochotona	0.0	0.0	40.564363	-111.686072	0.0	0.0	0.0021
Ochotona	0.0	0.0	46.791674	-121.781663	0.0	0.0	0.0021
Ochotona	0.0	0.0	36.773070000000004	-118.34503799999999	0.0	0.0	0.0021
Ochotona	0.0	0.0	46.788410999999996	-121.78341699999999	0.0	0.0	0.0021
Ochotona	0.0	0.0	47.660426	-121.12324	0.0	0.0	0.0021
Ochotona	0.0	0.0	38.9762	-106.372772	0.0	0.0	0.0021
Ochotona	0.0	0.0	37.560996	-118.966252	0.0	0.0	0.0021
Ochotona	0.0	0.0	46.788344	-121.783478	0.0	0.0	0.0021
Ochotona	0.0	0.0	40.570840000000004	-111.62303999999999	0.0	0.0	0.0021
Ochotona	0.0	0.0	40.54184	-111.674508	0.0	0.0	0.0021
Ochotona	0.0	0.0	46.919187	-121.66460500000001	0.0	0.0	0.0021
Ochotona	0.0	0.0	46.783348	-121.762247	0.0	0.0	0.0021
Ochotona	0.0	0.0	39.391542	-106.07968000000001	0.0	0.0	0.0021
Ochotona	0.0	0.0	37.912923	-119.26618400000001	0.0	0.0	0.0021
Ochotona	0.0	0.0	39.584947	-105.637775	0.0	0.0	0.0021
Ochotona	0.0	0.0	40.542223	-111.67378000000001	0.0	0.0	0.0021
Ochotona	0.0	0.0	35.97361400000001	-105.603622	0.0	0.0	0.0021
Ochotona	0.0	0.0	46.92928	-121.67361000000001	0.0	0.0	0.0021
Ochotona	0.0	0.0	48.56402	-121.27133500000001	0.0	0.0	0.0021
Ochotona	0.0	0.0	47.660426	-121.12324	0.0	0.0	0.0021
Ochotona	0.0	0.0	37.53417	-106.80292800000001	0.0	0.0	0.0021
Ochotona	0.0	0.0	47.691444	-121.093337	0.0	0.0	0.0021
Ochotona	0.0	0.0	40.577218	-111.626728	0.0	0.0	0.0021
Ochotona	0.0	0.0	39.39537	-106.091572	0.0	0.0	0.0021
Ochotona	0.0	0.0	40.2683	-105.61148	0.0	0.0	0.0021
Ochotona	0.0	0.0	37.912923	-119.26618400000001	0.0	0.0	0.0021
Ochotona	0.0	0.0	37.141315999999996	-119.04695900000002	0.0	0.0	0.0021
Ochotona	0.0	0.0	38.907338	-120.17388899999999	0.0	0.0	0.0021
Ochotona	0.0	0.0	40.602328	-111.59221699999999	0.0	0.0	0.0021
Ochotona	0.0	0.0	46.63001	-121.61931399999999	0.0	0.0	0.0021
Ochotona	0.0	0.0	40.584573	-111.592822	0.0	0.0	0.0021
Ochotona	0.0	0.0	38.007983	-119.286697	0.0	0.0	0.0021
Ochotona	0.0	0.0	40.602084999999995	-111.591923	0.0	0.0	0.0021
Ochotona	0.0	0.0	46.788878000000004	-121.78327	0.0	0.0	0.0021
Ochotona	0.0	0.0	40.539896999999996	-111.67756000000001	0.0	0.0	0.0021
Ochotona	0.0	0.0	40.580192	-111.626952	0.0	0.0	0.0021
Ochotona	0.0	0.0	40.543028	-111.67533799999998	0.0	0.0	0.0021
Ochotona	0.0	0.0	63.7369	-149.23419199999995	0.0	0.0	0.0021
Ochotona	0.0	0.0	40.438468	-105.77673700000001	0.0	0.0	0.0021
Ochotona	0.0	0.0	38.667464	-120.01476399999999	0.0	0.0	0.0021
Ochotona	0.0	0.0	40.586163	-111.614998	0.0	0.0	0.0021
Ochotona	0.0	0.0	46.754996999999996	-121.70249299999999	0.0	0.0	0.0021
Ochotona	0.0	0.0	43.810998	-110.78232	0.0	0.0	0.0021
Ochotona	0.0	0.0	40.542204999999996	-111.67383799999999	0.0	0.0	0.0021
Ochotona	0.0	0.0	37.912923	-119.26618400000001	0.0	0.0	0.0021
Ochotona	0.0	0.0	40.601457	-111.59216200000002	0.0	0.0	0.0021
Ochotona	0.0	0.0	40.539702	-111.677232	0.0	0.0	0.0021
Ochotona	0.0	0.0	48.42921	-121.82666499999999	0.0	0.0	0.0021
Ochotona	0.0	0.0	40.541692	-111.67553999999998	0.0	0.0	0.0021
Ochotona	0.0	0.0	47.660426	-121.12324	0.0	0.0	0.0021
Ochotona	0.0	0.0	46.788763	-121.783322	0.0	0.0	0.0021
Ochotona	0.0	0.0	46.753847	-121.702129	0.0	0.0	0.0021
Ochotona	0.0	0.0	37.406147	-118.757797	0.0	0.0	0.0021
Ochotona	0.0	0.0	40.601535	-111.592223	0.0	0.0	0.0021
Ochotona	0.0	0.0	46.650557	-121.788947	0.0	0.0	0.0021
Ochotona	0.0	0.0	42.878293	-122.09938000000001	0.0	0.0	0.0021
Ochotona	0.0	0.0	47.64976	-121.139676	0.0	0.0	0.0021
Ochotona	0.0	0.0	40.412153	-105.732848	0.0	0.0	0.0021
Ochotona	0.0	0.0	48.169849	-120.882323	0.0	0.0	0.0021
Ochotona	0.0	0.0	48.397384	-120.730395	0.0	0.0	0.0021
Ochotona	0.0	0.0	37.563354	-118.96401999999999	0.0	0.0	0.0021
Ochotona	0.0	0.0	47.461166999999996	-121.447717	0.0	0.0	0.0021
Ochotona	0.0	0.0	40.409662	-111.64651299999998	0.0	0.0	0.0021
Ochotona	0.0	0.0	41.347747999999996	-106.32612900000001	0.0	0.0	0.0021
Ochotona	0.0	0.0	36.452745	-118.57281699999999	0.0	0.0	0.0021
Ochotona	0.0	0.0	63.783278	-145.792228	0.0	0.0	0.0021
Ochotona	0.0	0.0	63.78863000000001	-145.791764	0.0	0.0	0.0021
Ochotona	0.0	0.0	38.068058	-119.33271	0.0	0.0	0.0021
Ochotona	0.0	0.0	37.918651000000004	-119.23278300000001	0.0	0.0	0.0021
Ochotona	0.0	0.0	46.868903	-121.51491200000001	0.0	0.0	0.0021
Ochotona	0.0	0.0	37.389193	-118.181203	0.0	0.0	0.0021
Ochotona	0.0	0.0	38.43582	-109.241049	0.0	0.0	0.0021
Ochotona	0.0	0.0	48.848123	-121.702244	0.0	0.0	0.0021
Ochotona	0.0	0.0	63.114803	-151.19259499999995	0.0	0.0	0.0021
Ochotona	0.0	0.0	37.462913	-107.06237	0.0	0.0	0.0021
Ochotona	0.0	0.0	43.764406	-110.751225	0.0	0.0	0.0021
Ochotona	0.0	0.0	41.373915000000004	-106.29593999999999	0.0	0.0	0.0021
Ochotona	0.0	0.0	36.498991	-118.222692	0.0	0.0	0.0021
Ochotona	0.0	0.0	40.528506	-111.733151	0.0	0.0	0.0021
Ochotona	0.0	0.0	40.602940000000004	-111.592625	0.0	0.0	0.0021
Ochotona	0.0	0.0	40.795308	-106.669725	0.0	0.0	0.0021
Ochotona	0.0	0.0	38.947515	-106.41070400000001	0.0	0.0	0.0021
Ochotona	0.0	0.0	38.066578	-119.333809	0.0	0.0	0.0021
Ochotona	0.0	0.0	37.974188	-119.28101000000001	0.0	0.0	0.0021
Ochotona	0.0	0.0	48.822008000000004	-121.737325	0.0	0.0	0.0021
Ochotona	0.0	0.0	37.970518	-119.275442	0.0	0.0	0.0021
Ochotona	0.0	0.0	46.91918	-121.665007	0.0	0.0	0.0021
Ochotona	0.0	0.0	39.084719	-106.96722	0.0	0.0	0.0021
Ochotona	0.0	0.0	39.084719	-106.96722	0.0	0.0	0.0021
Ochotona	0.0	0.0	37.913902	-119.26684099999999	0.0	0.0	0.0021
Ochotona	0.0	0.0	37.954483	-119.292927	0.0	0.0	0.0021
Ochotona	0.0	0.0	39.084719	-106.96722	0.0	0.0	0.0021
Ochotona	0.0	0.0	46.803619	-121.723133	0.0	0.0	0.0021
Ochotona	0.0	0.0	46.769754999999996	-121.737473	0.0	0.0	0.0021
Ochotona	0.0	0.0	46.771115	-121.741133	0.0	0.0	0.0021
Ochotona	0.0	0.0	47.430985	-121.300699	0.0	0.0	0.0021
Ochotona	0.0	0.0	39.084719	-106.96722	0.0	0.0	0.0021
Ochotona	0.0	0.0	40.604054	-111.592373	0.0	0.0	0.0021
Ochotona	0.0	0.0	40.604107	-111.592432	0.0	0.0	0.0021
Ochotona	0.0	0.0	40.604054999999995	-111.5924	0.0	0.0	0.0021
Ochotona	0.0	0.0	46.771258	-121.74365300000001	0.0	0.0	0.0021
Ochotona	0.0	0.0	39.256036	-120.29551699999999	0.0	0.0	0.0021
Ochotona	0.0	0.0	40.60405	-111.592386	0.0	0.0	0.0021
Ochotona	0.0	0.0	37.913719	-119.266687	0.0	0.0	0.0021
Ochotona	0.0	0.0	40.58547	-111.614977	0.0	0.0	0.0021
Ochotona	0.0	0.0	40.288971000000004	-105.518897	0.0	0.0	0.0021
Ochotona	0.0	0.0	44.92275	-110.434798	0.0	0.0	0.0021
Ochotona	0.0	0.0	46.780737	-121.886101	0.0	0.0	0.0021
Ochotona	0.0	0.0	46.461042	-122.17286499999999	0.0	0.0	0.0021
Ochotona	0.0	0.0	44.558797999999996	-110.82256000000001	0.0	0.0	0.0021
Ochotona	0.0	0.0	44.484140999999994	-110.872798	0.0	0.0	0.0021
Ochotona	0.0	0.0	40.405766	-105.849066	0.0	0.0	0.0021
Ochotona	0.0	0.0	44.571537	-121.87416200000001	0.0	0.0	0.0021
Ochotona	0.0	0.0	37.914383	-119.26663799999999	0.0	0.0	0.0021
Ochotona	0.0	0.0	40.60185300000001	-111.59176699999999	0.0	0.0	0.0021
Ochotona	0.0	0.0	40.401778	-105.848665	0.0	0.0	0.0021
Ochotona	0.0	0.0	64.927954	-142.847839	0.0	0.0	0.0021
Ochotona	0.0	0.0	40.442484	-105.736674	0.0	0.0	0.0021
Ochotona	0.0	0.0	36.561840999999994	-118.57858799999998	0.0	0.0	0.0021
Ochotona	0.0	0.0	40.603513	-111.592692	0.0	0.0	0.0021
Ochotona	0.0	0.0	40.603442	-111.592678	0.0	0.0	0.0021
Ochotona	0.0	0.0	40.41054000000001	-105.730562	0.0	0.0	0.0021
Ochotona	0.0	0.0	40.412234999999995	-105.73328300000001	0.0	0.0	0.0021
Ochotona	0.0	0.0	40.603568	-111.59263999999999	0.0	0.0	0.0021
Ochotona	0.0	0.0	48.062981	-121.76681799999999	0.0	0.0	0.0021
Ochotona	0.0	0.0	46.755416	-121.702021	0.0	0.0	0.0021
Ochotona	0.0	0.0	39.657259	-105.784003	0.0	0.0	0.0021
Ochotona	0.0	0.0	46.79154000000001	-121.78126	0.0	0.0	0.0021
Ochotona	0.0	0.0	40.569687	-111.616403	0.0	0.0	0.0021
Ochotona	0.0	0.0	40.592108	-111.59163000000001	0.0	0.0	0.0021
Ochotona	0.0	0.0	43.909611	-114.96653799999999	0.0	0.0	0.0021
Ochotona	0.0	0.0	46.754527	-121.702525	0.0	0.0	0.0021
Ochotona	0.0	0.0	39.581483	-105.63013899999999	0.0	0.0	0.0021
Ochotona	0.0	0.0	46.79306	-121.77868899999999	0.0	0.0	0.0021
Ochotona	0.0	0.0	40.58981	-111.58743999999999	0.0	0.0	0.0021
Ochotona	0.0	0.0	40.543973	-111.692328	0.0	0.0	0.0021
Ochotona	0.0	0.0	46.79154000000001	-121.78126	0.0	0.0	0.0021
Ochotona	0.0	0.0	43.908528999999994	-114.97381200000001	0.0	0.0	0.0021
Ochotona	0.0	0.0	40.605740000000004	-111.58896999999999	0.0	0.0	0.0021
Ochotona	0.0	0.0	46.79154000000001	-121.78126	0.0	0.0	0.0021
Ochotona	0.0	0.0	46.755534000000004	-121.70180400000001	0.0	0.0	0.0021
Ochotona	0.0	0.0	40.53994	-111.677392	0.0	0.0	0.0021
Ochotona	0.0	0.0	36.77171	-118.394306	0.0	0.0	0.0021
Ochotona	0.0	0.0	40.593603	-111.591928	0.0	0.0	0.0021
Ochotona	0.0	0.0	40.542982	-111.69188500000001	0.0	0.0	0.0021
Ochotona	0.0	0.0	40.569697999999995	-111.6222	0.0	0.0	0.0021
Ochotona	0.0	0.0	47.354771	-121.45453799999999	0.0	0.0	0.0021
Ochotona	0.0	0.0	43.926212	-114.974923	0.0	0.0	0.0021
Ochotona	0.0	0.0	37.888373	-107.76288100000001	0.0	0.0	0.0021
Ochotona	0.0	0.0	40.569798	-111.622328	0.0	0.0	0.0021
Ochotona	0.0	0.0	36.562065000000004	-105.446047	0.0	0.0	0.0021
Ochotona	0.0	0.0	40.603522999999996	-111.592633	0.0	0.0	0.0021
Ochotona	0.0	0.0	43.915284	-114.970422	0.0	0.0	0.0021
Ochotona	0.0	0.0	40.539528000000004	-111.676128	0.0	0.0	0.0021
Ochotona	0.0	0.0	40.698299	-110.90376100000002	0.0	0.0	0.0021
Ochotona	0.0	0.0	36.596	-105.4545	0.0	0.0	0.0021
Ochotona	0.0	0.0	40.603463	-111.59268999999999	0.0	0.0	0.0021
Ochotona	0.0	0.0	40.58987	-111.587535	0.0	0.0	0.0021
Ochotona	0.0	0.0	40.589828000000004	-111.58757800000001	0.0	0.0	0.0021
Ochotona	0.0	0.0	40.59891	-111.599158	0.0	0.0	0.0021
Ochotona	0.0	0.0	40.60292000000001	-111.592697	0.0	0.0	0.0021
Ochotona	0.0	0.0	46.756357	-121.700623	0.0	0.0	0.0021
Ochotona	0.0	0.0	48.508747	-120.75026799999999	0.0	0.0	0.0021
Ochotona	0.0	0.0	40.014448	-105.66982	0.0	0.0	0.0021
Ochotona	0.0	0.0	63.541525	-149.801873	0.0	0.0	0.0021
Ochotona	0.0	0.0	46.792978999999995	-121.778791	0.0	0.0	0.0021
Ochotona	0.0	0.0	39.388785	-106.10812	0.0	0.0	0.0021
Ochotona	0.0	0.0	40.656698	-111.644624	0.0	0.0	0.0021
Ochotona	0.0	0.0	40.41243	-105.73344499999999	0.0	0.0	0.0021
Ochotona	0.0	0.0	46.79154000000001	-121.78126	0.0	0.0	0.0021
Ochotona	0.0	0.0	46.79154000000001	-121.78126	0.0	0.0	0.0021
Ochotona	0.0	0.0	40.56971	-111.622272	0.0	0.0	0.0021
Ochotona	0.0	0.0	39.117816	-106.445231	0.0	0.0	0.0021
Ochotona	0.0	0.0	40.41243	-105.73344499999999	0.0	0.0	0.0021
Ochotona	0.0	0.0	40.586107	-111.61518000000001	0.0	0.0	0.0021
Ochotona	0.0	0.0	37.965357	-119.272675	0.0	0.0	0.0021
Ochotona	0.0	0.0	46.769721999999994	-121.73741799999999	0.0	0.0	0.0021
Ochotona	0.0	0.0	40.41243	-105.73344499999999	0.0	0.0	0.0021
Ochotona	0.0	0.0	43.905839	-114.97681599999999	0.0	0.0	0.0021
Ochotona	0.0	0.0	40.603517	-111.592643	0.0	0.0	0.0021
Ochotona	0.0	0.0	38.997648999999996	-107.97013000000001	0.0	0.0	0.0021
Ochotona	0.0	0.0	46.79154000000001	-121.78126	0.0	0.0	0.0021
Ochotona	0.0	0.0	46.769667	-121.73688100000001	0.0	0.0	0.0021
Ochotona	0.0	0.0	40.60354	-111.59268300000001	0.0	0.0	0.0021
Ochotona	0.0	0.0	40.395825	-105.71378600000001	0.0	0.0	0.0021
Ochotona	0.0	0.0	40.56981	-111.622323	0.0	0.0	0.0021
Ochotona	0.0	0.0	40.591932	-111.590547	0.0	0.0	0.0021
Ochotona	0.0	0.0	37.921993	-107.498646	0.0	0.0	0.0021
Ochotona	0.0	0.0	40.395747	-105.713973	0.0	0.0	0.0021
Ochotona	0.0	0.0	40.58629000000001	-111.615605	0.0	0.0	0.0021
Ochotona	0.0	0.0	46.919868	-121.58698100000001	0.0	0.0	0.0021
Ochotona	0.0	0.0	37.913947	-119.266997	0.0	0.0	0.0021
Ochotona	0.0	0.0	37.912207	-119.26661599999998	0.0	0.0	0.0021
Ochotona	0.0	0.0	40.73277	-110.89885	0.0	0.0	0.0021
Ochotona	0.0	0.0	39.207955	-106.16332299999999	0.0	0.0	0.0021
Ochotona	0.0	0.0	40.585103000000004	-111.606123	0.0	0.0	0.0021
Ochotona	0.0	0.0	37.456146999999994	-106.795723	0.0	0.0	0.0021
Ochotona	0.0	0.0	59.430172999999996	-135.282546	0.0	0.0	0.0021
Ochotona	0.0	0.0	37.883502	-107.05686999999999	0.0	0.0	0.0021
Ochotona	0.0	0.0	40.732803000000004	-110.898642	0.0	0.0	0.0021
Ochotona	0.0	0.0	44.350883	-112.820631	0.0	0.0	0.0021
Ochotona	0.0	0.0	40.0112	-105.659973	0.0	0.0	0.0021
Ochotona	0.0	0.0	46.79181	-121.78093999999999	0.0	0.0	0.0021
Ochotona	0.0	0.0	40.732895	-110.898845	0.0	0.0	0.0021
Ochotona	0.0	0.0	46.915888	-121.67725300000001	0.0	0.0	0.0021
Ochotona	0.0	0.0	40.569538	-111.622813	0.0	0.0	0.0021
Ochotona	0.0	0.0	39.224713	-106.001962	0.0	0.0	0.0021
Ochotona	0.0	0.0	46.788759999999996	-121.78325	0.0	0.0	0.0021
Ochotona	0.0	0.0	40.604341	-111.591783	0.0	0.0	0.0021
Ochotona	0.0	0.0	40.589863	-111.58758	0.0	0.0	0.0021
Ochotona	0.0	0.0	40.693736	-110.90798000000001	0.0	0.0	0.0021
Ochotona	0.0	0.0	40.40978	-111.64661000000001	0.0	0.0	0.0021
Ochotona	0.0	0.0	40.533583	-111.70148200000001	0.0	0.0	0.0021
Ochotona	0.0	0.0	40.585127	-111.606125	0.0	0.0	0.0021
Ochotona	0.0	0.0	40.569653	-111.62218700000001	0.0	0.0	0.0021
Ochotona	0.0	0.0	40.533575	-111.701618	0.0	0.0	0.0021
Ochotona	0.0	0.0	40.56843	-111.61520300000001	0.0	0.0	0.0021
Ochotona	0.0	0.0	39.40413	-106.51704299999999	0.0	0.0	0.0021
Ochotona	0.0	0.0	40.569537	-111.62258700000001	0.0	0.0	0.0021
Ochotona	0.0	0.0	48.521053	-113.737333	0.0	0.0	0.0021
Ochotona	0.0	0.0	40.603488	-111.592662	0.0	0.0	0.0021
Ochotona	0.0	0.0	63.114803	-151.19259499999995	0.0	0.0	0.0021
Ochotona	0.0	0.0	46.78833	-121.78353	0.0	0.0	0.0021
Ochotona	0.0	0.0	46.919868	-121.58698100000001	0.0	0.0	0.0021
Ochotona	0.0	0.0	40.595057000000004	-111.61761000000001	0.0	0.0	0.0021
Ochotona	0.0	0.0	46.916987	-121.679528	0.0	0.0	0.0021
Ochotona	0.0	0.0	42.97588	-122.089123	0.0	0.0	0.0021
Ochotona	0.0	0.0	38.8623	-120.065091	0.0	0.0	0.0021
Ochotona	0.0	0.0	46.78833	-121.78353	0.0	0.0	0.0021
Ochotona	0.0	0.0	40.596033	-111.617922	0.0	0.0	0.0021
Ochotona	0.0	0.0	37.9171	-119.23265	0.0	0.0	0.0021
Ochotona	0.0	0.0	40.610668	-111.69346999999999	0.0	0.0	0.0021
Ochotona	0.0	0.0	48.77809600000001	-120.857881	0.0	0.0	0.0021
Ochotona	0.0	0.0	37.466673	-106.978932	0.0	0.0	0.0021
Ochotona	0.0	0.0	40.419736	-105.80837	0.0	0.0	0.0021
Ochotona	0.0	0.0	36.42230900000001	-118.601875	0.0	0.0	0.0021
Ochotona	0.0	0.0	40.029668	-107.140024	0.0	0.0	0.0021
Ochotona	0.0	0.0	43.799881	-110.76748700000002	0.0	0.0	0.0021
Ochotona	0.0	0.0	40.479924	-121.50341399999999	0.0	0.0	0.0021
Ochotona	0.0	0.0	40.602982	-111.62188799999998	0.0	0.0	0.0021
Ochotona	0.0	0.0	44.49026	-110.140514	0.0	0.0	0.0021
Ochotona	0.0	0.0	37.892703000000004	-107.816903	0.0	0.0	0.0021
Ochotona	0.0	0.0	46.919181	-121.664377	0.0	0.0	0.0021
Ochotona	0.0	0.0	46.919868	-121.58698100000001	0.0	0.0	0.0021
Ochotona	0.0	0.0	48.68936	-113.73355900000001	0.0	0.0	0.0021
Ochotona	0.0	0.0	46.91914000000001	-121.66384	0.0	0.0	0.0021
Ochotona	0.0	0.0	46.919176	-121.664432	0.0	0.0	0.0021
Ochotona	0.0	0.0	40.585095	-111.606123	0.0	0.0	0.0021
Ochotona	0.0	0.0	40.7326	-110.89873200000001	0.0	0.0	0.0021
Ochotona	0.0	0.0	40.586193	-111.61493999999999	0.0	0.0	0.0021
Ochotona	0.0	0.0	40.533683	-111.701352	0.0	0.0	0.0021
Ochotona	0.0	0.0	46.915465999999995	-121.64521699999999	0.0	0.0	0.0021
Ochotona	0.0	0.0	45.469348	-110.932612	0.0	0.0	0.0021
Ochotona	0.0	0.0	38.873259999999995	-120.187875	0.0	0.0	0.0021
Ochotona	0.0	0.0	46.91451	-121.643543	0.0	0.0	0.0021
Ochotona	0.0	0.0	40.384454999999996	-105.788453	0.0	0.0	0.0021
Ochotona	0.0	0.0	48.730437	-120.54641799999999	0.0	0.0	0.0021
Ochotona	0.0	0.0	40.290675	-105.520705	0.0	0.0	0.0021
Ochotona	0.0	0.0	63.740139	-149.291694	0.0	0.0	0.0021
Ochotona	0.0	0.0	38.69254	-119.985757	0.0	0.0	0.0021
Ochotona	0.0	0.0	37.340692	-118.755928	0.0	0.0	0.0021
Ochotona	0.0	0.0	46.919495	-121.58544199999999	0.0	0.0	0.0021
Ochotona	0.0	0.0	40.290833	-105.520698	0.0	0.0	0.0021
Ochotona	0.0	0.0	36.788059999999994	-118.41386899999999	0.0	0.0	0.0021
Ochotona	0.0	0.0	40.396695	-111.646518	0.0	0.0	0.0021
Ochotona	0.0	0.0	40.409096999999996	-111.646648	0.0	0.0	0.0021
Ochotona	0.0	0.0	40.405228	-111.640363	0.0	0.0	0.0021
Ochotona	0.0	0.0	46.91451	-121.643543	0.0	0.0	0.0021
Ochotona	0.0	0.0	43.94558	-114.961625	0.0	0.0	0.0021
Ochotona	0.0	0.0	37.467715999999996	-118.92317800000001	0.0	0.0	0.0021
Ochotona	0.0	0.0	38.399484	-109.26743300000001	0.0	0.0	0.0021
Ochotona	0.0	0.0	40.589855	-111.58749499999999	0.0	0.0	0.0021
Ochotona	0.0	0.0	39.582442	-105.668653	0.0	0.0	0.0021
Ochotona	0.0	0.0	40.409515	-111.64618700000001	0.0	0.0	0.0021
Ochotona	0.0	0.0	40.420239	-105.809656	0.0	0.0	0.0021
Ochotona	0.0	0.0	36.425601	-118.60551000000001	0.0	0.0	0.0021
Ochotona	0.0	0.0	40.291523	-105.52083300000001	0.0	0.0	0.0021
Ochotona	0.0	0.0	40.267271	-105.598307	0.0	0.0	0.0021
Ochotona	0.0	0.0	38.877102	-120.14043400000001	0.0	0.0	0.0021
Ochotona	0.0	0.0	39.661429	-105.88226100000001	0.0	0.0	0.0021
Ochotona	0.0	0.0	38.876575	-120.14073300000001	0.0	0.0	0.0021
Ochotona	0.0	0.0	37.341192	-118.755675	0.0	0.0	0.0021
Ochotona	0.0	0.0	38.50156	-109.24201000000001	0.0	0.0	0.0021
Ochotona	0.0	0.0	40.400723	-105.66337	0.0	0.0	0.0021
Ochotona	0.0	0.0	46.915084	-121.64560300000001	0.0	0.0	0.0021
Ochotona	0.0	0.0	40.58408	-111.57603200000001	0.0	0.0	0.0021
Ochotona	0.0	0.0	40.40507	-111.640543	0.0	0.0	0.0021
Ochotona	0.0	0.0	45.230685	-117.26171699999999	0.0	0.0	0.0021
Ochotona	0.0	0.0	40.409667999999996	-105.73568300000001	0.0	0.0	0.0021
Ochotona	0.0	0.0	38.511174	-109.223925	0.0	0.0	0.0021
Ochotona	0.0	0.0	38.876946999999994	-120.140596	0.0	0.0	0.0021
Ochotona	0.0	0.0	38.877235	-120.140518	0.0	0.0	0.0021
Ochotona	0.0	0.0	40.603445	-111.592684	0.0	0.0	0.0021
Ochotona	0.0	0.0	37.912958	-119.26668000000001	0.0	0.0	0.0021
Ochotona	0.0	0.0	46.79156	-121.78142	0.0	0.0	0.0021
Ochotona	0.0	0.0	46.78856	-121.0	0.0	0.0	0.0021
Ochotona	0.0	0.0	46.84172	-121.335656	0.0	0.0	0.0021
Ochotona	0.0	0.0	37.914322	-119.26683799999999	0.0	0.0	0.0021
Ochotona	0.0	0.0	46.802417999999996	-121.72521499999999	0.0	0.0	0.0021
Ochotona	0.0	0.0	48.859253	-121.708497	0.0	0.0	0.0021
Ochotona	0.0	0.0	46.78856	-121.78374	0.0	0.0	0.0021
Ochotona	0.0	0.0	46.79182	-121.78098999999999	0.0	0.0	0.0021
Ochotona	0.0	0.0	40.603485	-111.59272299999999	0.0	0.0	0.0021
Ochotona	0.0	0.0	40.603392	-111.592735	0.0	0.0	0.0021
Ochotona	0.0	0.0	40.603388	-111.59273200000001	0.0	0.0	0.0021
Ochotona	0.0	0.0	46.791201	-121.782146	0.0	0.0	0.0021
Ochotona	0.0	0.0	46.791201	-121.782146	0.0	0.0	0.0021
Ochotona	0.0	0.0	40.315348	-105.67155600000001	0.0	0.0	0.0021
Ochotona	0.0	0.0	46.791201	-121.782146	0.0	0.0	0.0021
Ochotona	0.0	0.0	35.768294	-106.31325600000001	0.0	0.0	0.0021
Ochotona	0.0	0.0	46.791201	-121.782146	0.0	0.0	0.0021
Ochotona	0.0	0.0	40.549928	-111.69308899999999	0.0	0.0	0.0021
Ochotona	0.0	0.0	48.51106400000001	-120.74564699999999	0.0	0.0	0.0021
Ochotona	0.0	0.0	48.511109999999995	-120.74598999999999	0.0	0.0	0.0021
Ochotona	0.0	0.0	45.560833	-122.1675	0.0	0.0	0.0021
Ochotona	0.0	0.0	48.510226	-120.746645	0.0	0.0	0.0021
Ochotona	0.0	0.0	39.402371	-106.05433400000001	0.0	0.0	0.0021
Ochotona	0.0	0.0	36.430904999999996	-118.610353	0.0	0.0	0.0021
Ochotona	0.0	0.0	41.765193	-121.553091	0.0	0.0	0.0021
Ochotona	0.0	0.0	36.583501	-105.43256799999999	0.0	0.0	0.0021
Ochotona	0.0	0.0	40.412061	-105.733103	0.0	0.0	0.0021
Ochotona	0.0	0.0	38.883281	-106.94130700000001	0.0	0.0	0.0021
Ochotona	0.0	0.0	46.640555	-121.39156799999999	0.0	0.0	0.0021
Ochotona	0.0	0.0	40.586133000000004	-111.61496299999999	0.0	0.0	0.0021
Ochotona	0.0	0.0	39.581226	-105.639675	0.0	0.0	0.0021
Ochotona	0.0	0.0	43.764834	-110.74993400000001	0.0	0.0	0.0021
Ochotona	0.0	0.0	40.595523	-111.65104199999999	0.0	0.0	0.0021
Ochotona	0.0	0.0	43.763377	-110.76077	0.0	0.0	0.0021
Ochotona	0.0	0.0	46.803618	-121.535027	0.0	0.0	0.0021
Ochotona	0.0	0.0	46.933896000000004	-121.675215	0.0	0.0	0.0021
Ochotona	0.0	0.0	37.49037	-118.83959899999999	0.0	0.0	0.0021
Ochotona	0.0	0.0	40.251571999999996	-105.64376599999999	0.0	0.0	0.0021
Ochotona	0.0	0.0	38.692345	-119.98562199999999	0.0	0.0	0.0021
Ochotona	0.0	0.0	40.377283	-105.786341	0.0	0.0	0.0021
Ochotona	0.0	0.0	38.974707	-106.94419099999999	0.0	0.0	0.0021
Ochotona	0.0	0.0	40.400321999999996	-105.663684	0.0	0.0	0.0021
Ochotona	0.0	0.0	39.587614	-105.64278200000001	0.0	0.0	0.0021
Ochotona	0.0	0.0	40.412663	-105.733759	0.0	0.0	0.0021
Ochotona	0.0	0.0	38.69236	-119.98570500000001	0.0	0.0	0.0021
Ochotona	0.0	0.0	37.60975300000001	-106.845178	0.0	0.0	0.0021
Ochotona	0.0	0.0	43.762602	-110.771627	0.0	0.0	0.0021
Ochotona	0.0	0.0	40.410563	-105.73071599999999	0.0	0.0	0.0021
Ochotona	0.0	0.0	37.97217	-119.313002	0.0	0.0	0.0021
Ochotona	0.0	0.0	40.4008	-105.663576	0.0	0.0	0.0021
Ochotona	0.0	0.0	40.412013	-105.733001	0.0	0.0	0.0021
Ochotona	0.0	0.0	36.419453999999995	-118.604235	0.0	0.0	0.0021
Ochotona	0.0	0.0	40.566177	-111.624656	0.0	0.0	0.0021
Ochotona	0.0	0.0	40.313922	-105.676973	0.0	0.0	0.0021
Ochotona	0.0	0.0	37.914003	-119.26673100000001	0.0	0.0	0.0021
Ochotona	0.0	0.0	40.569453	-111.62666000000002	0.0	0.0	0.0021
Ochotona	0.0	0.0	40.40355	-111.64145	0.0	0.0	0.0021
Ochotona	0.0	0.0	46.917235999999995	-121.68070300000001	0.0	0.0	0.0021
Ochotona	0.0	0.0	40.570483	-111.623258	0.0	0.0	0.0021
Ochotona	0.0	0.0	40.603432	-111.592643	0.0	0.0	0.0021
Ochotona	0.0	0.0	40.569957	-111.62324299999999	0.0	0.0	0.0021
Ochotona	0.0	0.0	36.714909999999996	-118.36626100000001	0.0	0.0	0.0021
Ochotona	0.0	0.0	44.139406	-121.849341	0.0	0.0	0.0021
Ochotona	0.0	0.0	40.582242	-111.59006299999999	0.0	0.0	0.0021
Ochotona	0.0	0.0	36.789913	-118.412558	0.0	0.0	0.0021
Ochotona	0.0	0.0	40.603318	-111.592642	0.0	0.0	0.0021
Ochotona	0.0	0.0	37.355912	-118.80350200000001	0.0	0.0	0.0021
Ochotona	0.0	0.0	44.056289	-113.716307	0.0	0.0	0.0021
Ochotona	0.0	0.0	37.613636	-118.99752	0.0	0.0	0.0021
Ochotona	0.0	0.0	40.404938	-111.640505	0.0	0.0	0.0021
Ochotona	0.0	0.0	44.797529	-110.433741	0.0	0.0	0.0021
Ochotona	0.0	0.0	40.54278	-111.67555300000001	0.0	0.0	0.0021
Ochotona	0.0	0.0	40.561002	-111.68366	0.0	0.0	0.0021
Ochotona	0.0	0.0	40.570457	-111.62619699999999	0.0	0.0	0.0021
Ochotona	0.0	0.0	40.541	-111.674008	0.0	0.0	0.0021
Ochotona	0.0	0.0	40.589845000000004	-111.587525	0.0	0.0	0.0021
Ochotona	0.0	0.0	37.854519	-107.975227	0.0	0.0	0.0021
Ochotona	0.0	0.0	40.288545	-105.678703	0.0	0.0	0.0021
Ochotona	0.0	0.0	40.541925	-111.67535500000001	0.0	0.0	0.0021
Ochotona	0.0	0.0	45.043827	-109.407284	0.0	0.0	0.0021
Ochotona	0.0	0.0	40.396817	-111.64078300000001	0.0	0.0	0.0021
Ochotona	0.0	0.0	40.314619	-105.67671899999999	0.0	0.0	0.0021
Ochotona	0.0	0.0	45.075278000000004	-115.98155	0.0	0.0	0.0021
Ochotona	0.0	0.0	40.404785	-111.640615	0.0	0.0	0.0021
Ochotona	0.0	0.0	40.589768	-111.587253	0.0	0.0	0.0021
Ochotona	0.0	0.0	35.7927	-105.78438999999999	0.0	0.0	0.0021
Ochotona	0.0	0.0	39.587645	-105.64204199999999	0.0	0.0	0.0021
Ochotona	0.0	0.0	40.592518	-111.591637	0.0	0.0	0.0021
Ochotona	0.0	0.0	40.56975300000001	-111.62386200000002	0.0	0.0	0.0021
Ochotona	0.0	0.0	48.705689	-120.94265	0.0	0.0	0.0021
Ochotona	0.0	0.0	39.404447999999995	-120.55443400000001	0.0	0.0	0.0021
Ochotona	0.0	0.0	40.598673	-111.607295	0.0	0.0	0.0021
Ochotona	0.0	0.0	40.598728	-111.60755800000001	0.0	0.0	0.0021
Ochotona	0.0	0.0	37.82414	-107.921348	0.0	0.0	0.0021
Ochotona	0.0	0.0	37.976380999999996	-119.277111	0.0	0.0	0.0021
Ochotona	0.0	0.0	40.342793	-105.68363899999999	0.0	0.0	0.0021
Ochotona	0.0	0.0	40.603045	-111.59272299999999	0.0	0.0	0.0021
Ochotona	0.0	0.0	40.60357	-111.592673	0.0	0.0	0.0021
Ochotona	0.0	0.0	40.569935	-111.62431299999999	0.0	0.0	0.0021
Ochotona	0.0	0.0	39.39716	-120.555824	0.0	0.0	0.0021
Ochotona	0.0	0.0	40.542384999999996	-111.67315500000001	0.0	0.0	0.0021
Ochotona	0.0	0.0	37.500446000000004	-118.719017	0.0	0.0	0.0021
Ochotona	0.0	0.0	44.797527	-110.434119	0.0	0.0	0.0021
Ochotona	0.0	0.0	40.569725	-111.62381299999998	0.0	0.0	0.0021
Ochotona	0.0	0.0	40.543027	-111.675298	0.0	0.0	0.0021
Ochotona	0.0	0.0	36.544179	-118.48477199999999	0.0	0.0	0.0021
Ochotona	0.0	0.0	40.60332800000001	-111.59269499999999	0.0	0.0	0.0021
Ochotona	0.0	0.0	40.582427	-111.59008200000001	0.0	0.0	0.0021
Ochotona	0.0	0.0	46.919156	-121.66416399999999	0.0	0.0	0.0021
Ochotona	0.0	0.0	40.570454999999995	-111.623202	0.0	0.0	0.0021
Ochotona	0.0	0.0	40.57009	-111.623103	0.0	0.0	0.0021
Ochotona	0.0	0.0	40.541942999999996	-111.674295	0.0	0.0	0.0021
Ochotona	0.0	0.0	36.770571000000004	-118.40946699999999	0.0	0.0	0.0021
Ochotona	0.0	0.0	36.55957	-118.288095	0.0	0.0	0.0021
Ochotona	0.0	0.0	40.603171	-111.592161	0.0	0.0	0.0021
Ochotona	0.0	0.0	40.069238	-105.61041399999999	0.0	0.0	0.0021
Ochotona	0.0	0.0	40.315194	-105.672894	0.0	0.0	0.0021
Ochotona	0.0	0.0	40.478604	-121.27636499999998	0.0	0.0	0.0021
Ochotona	0.0	0.0	39.588301	-105.643829	0.0	0.0	0.0021
Ochotona	0.0	0.0	39.395261	-106.098661	0.0	0.0	0.0021
Ochotona	0.0	0.0	43.845515	-113.72604799999999	0.0	0.0	0.0021
Ochotona	0.0	0.0	36.560673	-118.28637900000001	0.0	0.0	0.0021
Ochotona	0.0	0.0	48.486455	-120.758972	0.0	0.0	0.0021
Ochotona	0.0	0.0	46.735942	-121.565875	0.0	0.0	0.0021
Ochotona	0.0	0.0	46.769616	-121.73776399999998	0.0	0.0	0.0021
Ochotona	0.0	0.0	39.588301	-105.643829	0.0	0.0	0.0021
Ochotona	0.0	0.0	40.569835	-111.65043200000001	0.0	0.0	0.0021
Ochotona	0.0	0.0	40.289768	-105.673126	0.0	0.0	0.0021
Ochotona	0.0	0.0	40.5742	-111.61944199999999	0.0	0.0	0.0021
Ochotona	0.0	0.0	40.602897	-111.592482	0.0	0.0	0.0021
Ochotona	0.0	0.0	40.401419	-105.665862	0.0	0.0	0.0021
Ochotona	0.0	0.0	46.769616	-121.73776399999998	0.0	0.0	0.0021
Ochotona	0.0	0.0	63.73935400000001	-149.281669	0.0	0.0	0.0021
Ochotona	0.0	0.0	37.914454	-119.266783	0.0	0.0	0.0021
Ochotona	0.0	0.0	46.919303	-121.653714	0.0	0.0	0.0021
Ochotona	0.0	0.0	46.919156	-121.664593	0.0	0.0	0.0021
Ochotona	0.0	0.0	40.412361	-105.733306	0.0	0.0	0.0021
Ochotona	0.0	0.0	37.867494	-108.00395800000001	0.0	0.0	0.0021
Ochotona	0.0	0.0	40.570252	-111.650802	0.0	0.0	0.0021
Ochotona	0.0	0.0	46.77751	-121.73511299999998	0.0	0.0	0.0021
Ochotona	0.0	0.0	40.602564	-111.637626	0.0	0.0	0.0021
Ochotona	0.0	0.0	46.769616	-121.73776399999998	0.0	0.0	0.0021
Ochotona	0.0	0.0	40.414704	-105.72483600000001	0.0	0.0	0.0021
Ochotona	0.0	0.0	40.560086	-111.645876	0.0	0.0	0.0021
Ochotona	0.0	0.0	40.410676	-105.807674	0.0	0.0	0.0021
Ochotona	0.0	0.0	40.560882	-111.644525	0.0	0.0	0.0021
Ochotona	0.0	0.0	37.18601500000001	-118.536103	0.0	0.0	0.0021
Ochotona	0.0	0.0	38.444787	-109.234025	0.0	0.0	0.0021
Ochotona	0.0	0.0	40.57542700000001	-111.645302	0.0	0.0	0.0021
Ochotona	0.0	0.0	46.919196	-121.66332	0.0	0.0	0.0021
Ochotona	0.0	0.0	48.843422	-121.67691699999999	0.0	0.0	0.0021
Ochotona	0.0	0.0	45.23108	-115.918379	0.0	0.0	0.0021
Ochotona	0.0	0.0	40.56638	-111.61754199999999	0.0	0.0	0.0021
Ochotona	0.0	0.0	40.60331	-111.592662	0.0	0.0	0.0021
Ochotona	0.0	0.0	40.566095000000004	-111.61933300000001	0.0	0.0	0.0021
Ochotona	0.0	0.0	40.566828	-111.622725	0.0	0.0	0.0021
Ochotona	0.0	0.0	40.60331	-111.592662	0.0	0.0	0.0021
Ochotona	0.0	0.0	40.60331	-111.592662	0.0	0.0	0.0021
Ochotona	0.0	0.0	40.60331	-111.592662	0.0	0.0	0.0021
Ochotona	0.0	0.0	40.567287	-111.61628700000001	0.0	0.0	0.0021
Ochotona	0.0	0.0	40.60331	-111.592662	0.0	0.0	0.0021
Ochotona	0.0	0.0	37.402507	-118.75263700000001	0.0	0.0	0.0021
Ochotona	0.0	0.0	40.565979999999996	-111.61838799999998	0.0	0.0	0.0021
Ochotona	0.0	0.0	40.60331	-111.592662	0.0	0.0	0.0021
Ochotona	0.0	0.0	35.794869	-105.78491100000001	0.0	0.0	0.0021
Ochotona	0.0	0.0	47.464424	-120.944645	0.0	0.0	0.0021
Ochotona	0.0	0.0	40.566828	-111.622725	0.0	0.0	0.0021
Ochotona	0.0	0.0	47.465149	-120.944259	0.0	0.0	0.0021
Ochotona	0.0	0.0	40.566828	-111.622725	0.0	0.0	0.0021
Ochotona	0.0	0.0	40.566828	-111.622725	0.0	0.0	0.0021
Ochotona	0.0	0.0	40.3227	-105.6737	0.0	0.0	0.0021
Ochotona	0.0	0.0	40.60331	-111.592662	0.0	0.0	0.0021
Ochotona	0.0	0.0	40.602868	-111.592648	0.0	0.0	0.0021
Ochotona	0.0	0.0	40.566592	-111.617488	0.0	0.0	0.0021
Ochotona	0.0	0.0	40.603303000000004	-111.592773	0.0	0.0	0.0021
Ochotona	0.0	0.0	48.7354	-120.671617	0.0	0.0	0.0021
Ochotona	0.0	0.0	40.258990999999995	-105.601051	0.0	0.0	0.0021
Ochotona	0.0	0.0	47.466078	-120.94121200000001	0.0	0.0	0.0021
Ochotona	0.0	0.0	40.602798	-111.592735	0.0	0.0	0.0021
Ochotona	0.0	0.0	40.603463	-111.592532	0.0	0.0	0.0021
Ochotona	0.0	0.0	36.580324	-118.267044	0.0	0.0	0.0021
Ochotona	0.0	0.0	40.403845000000004	-111.62954099999999	0.0	0.0	0.0021
Ochotona	0.0	0.0	46.791624	-121.77868600000001	0.0	0.0	0.0021
Ochotona	0.0	0.0	46.79535900000001	-121.779349	0.0	0.0	0.0021
Ochotona	0.0	0.0	46.79535900000001	-121.779349	0.0	0.0	0.0021
Ochotona	0.0	0.0	47.472438000000004	-121.47436	0.0	0.0	0.0021
Ochotona	0.0	0.0	36.560497	-118.294752	0.0	0.0	0.0021
Ochotona	0.0	0.0	40.594392	-111.59331999999999	0.0	0.0	0.0021
Ochotona	0.0	0.0	45.185778000000006	-109.246821	0.0	0.0	0.0021
Ochotona	0.0	0.0	40.603445	-111.59260900000001	0.0	0.0	0.0021
Ochotona	0.0	0.0	40.603297999999995	-111.592201	0.0	0.0	0.0021
Ochotona	0.0	0.0	40.603372	-111.592735	0.0	0.0	0.0021
Ochotona	0.0	0.0	45.020234	-116.677525	0.0	0.0	0.0021
Ochotona	0.0	0.0	40.395588000000004	-105.71378500000002	0.0	0.0	0.0021
Ochotona	0.0	0.0	45.617369000000004	-114.837255	0.0	0.0	0.0021
Ochotona	0.0	0.0	40.610417	-111.69406699999999	0.0	0.0	0.0021
Ochotona	0.0	0.0	37.825989	-119.40091699999999	0.0	0.0	0.0021
Ochotona	0.0	0.0	40.603289000000004	-111.59263	0.0	0.0	0.0021
Ochotona	0.0	0.0	40.393943	-111.63968799999999	0.0	0.0	0.0021
Ochotona	0.0	0.0	39.094208	-106.953772	0.0	0.0	0.0021
Ochotona	0.0	0.0	46.274301	-114.57946299999999	0.0	0.0	0.0021
Ochotona	0.0	0.0	48.720255	-113.656517	0.0	0.0	0.0021
Ochotona	0.0	0.0	38.077157	-105.621172	0.0	0.0	0.0021
Ochotona	0.0	0.0	36.599564	-118.702905	0.0	0.0	0.0021
Ochotona	0.0	0.0	43.699586	-110.752748	0.0	0.0	0.0021
Ochotona	0.0	0.0	37.964957	-119.265781	0.0	0.0	0.0021
Ochotona	0.0	0.0	40.40380800000001	-111.6297	0.0	0.0	0.0021
Ochotona	0.0	0.0	46.216456	-114.59323899999998	0.0	0.0	0.0021
Ochotona	0.0	0.0	40.39415	-105.697804	0.0	0.0	0.0021
Ochotona	0.0	0.0	37.846003	-119.49658000000001	0.0	0.0	0.0021
Ochotona	0.0	0.0	40.602942	-111.59273300000001	0.0	0.0	0.0021
Ochotona	0.0	0.0	40.617416999999996	-115.390413	0.0	0.0	0.0021
Ochotona	0.0	0.0	46.278335	-114.67773899999999	0.0	0.0	0.0021
Ochotona	0.0	0.0	40.601315	-111.59254299999999	0.0	0.0	0.0021
Ochotona	0.0	0.0	40.423317	-105.75293500000001	0.0	0.0	0.0021
Ochotona	0.0	0.0	40.603302	-111.592593	0.0	0.0	0.0021
Ochotona	0.0	0.0	40.566894	-111.60796200000001	0.0	0.0	0.0021
Ochotona	0.0	0.0	46.21690200000001	-114.49243100000001	0.0	0.0	0.0021
Ochotona	0.0	0.0	37.990548	-119.301302	0.0	0.0	0.0021
Ochotona	0.0	0.0	40.393306	-105.708575	0.0	0.0	0.0021
Ochotona	0.0	0.0	37.976921999999995	-119.27299199999999	0.0	0.0	0.0021
Ochotona	0.0	0.0	40.610575	-111.694727	0.0	0.0	0.0021
Ochotona	0.0	0.0	40.410961	-105.731824	0.0	0.0	0.0021
Ochotona	0.0	0.0	46.919140999999996	-121.66453200000001	0.0	0.0	0.0021
Ochotona	0.0	0.0	45.292784999999995	-121.800583	0.0	0.0	0.0021
Ochotona	0.0	0.0	40.342793	-105.68363899999999	0.0	0.0	0.0021
Ochotona	0.0	0.0	37.999444	-119.29943999999999	0.0	0.0	0.0021
Ochotona	0.0	0.0	38.076947	-105.621808	0.0	0.0	0.0021
Ochotona	0.0	0.0	37.49854000000001	-118.201214	0.0	0.0	0.0021
Ochotona	0.0	0.0	39.39033	-106.07528799999999	0.0	0.0	0.0021
Ochotona	0.0	0.0	39.392339	-106.11424199999999	0.0	0.0	0.0021
Ochotona	0.0	0.0	43.458028999999996	-113.559233	0.0	0.0	0.0021
Ochotona	0.0	0.0	37.468663	-106.76477	0.0	0.0	0.0021
Ochotona	0.0	0.0	38.912176	-106.962424	0.0	0.0	0.0021
Ochotona	0.0	0.0	48.891890999999994	-121.53461599999999	0.0	0.0	0.0021
Ochotona	0.0	0.0	47.990482	-121.45338100000001	0.0	0.0	0.0021
Ochotona	0.0	0.0	40.566413	-111.62119799999999	0.0	0.0	0.0021
Ochotona	0.0	0.0	37.976803000000004	-119.307157	0.0	0.0	0.0021
Ochotona	0.0	0.0	36.02200399999999	-106.384359	0.0	0.0	0.0021
Ochotona	0.0	0.0	37.470439	-106.763999	0.0	0.0	0.0021
Ochotona	0.0	0.0	47.992159	-121.452506	0.0	0.0	0.0021
Ochotona	0.0	0.0	38.658407000000004	-119.959565	0.0	0.0	0.0021
Ochotona	0.0	0.0	47.99022	-121.453493	0.0	0.0	0.0021
Ochotona	0.0	0.0	40.601046999999994	-111.66775200000001	0.0	0.0	0.0021
Ochotona	0.0	0.0	44.022828999999994	-114.620651	0.0	0.0	0.0021
Ochotona	0.0	0.0	61.616713	-142.04824399999995	0.0	0.0	0.0021
Ochotona	0.0	0.0	37.472204	-106.79217299999999	0.0	0.0	0.0021
Ochotona	0.0	0.0	48.700278000000004	-121.21055600000001	0.0	0.0	0.0021
Ochotona	0.0	0.0	40.588988	-111.609035	0.0	0.0	0.0021
Ochotona	0.0	0.0	40.567102	-111.62116999999999	0.0	0.0	0.0021
Ochotona	0.0	0.0	40.570788	-111.62648300000001	0.0	0.0	0.0021
Ochotona	0.0	0.0	39.604989	-105.73568300000001	0.0	0.0	0.0021
Ochotona	0.0	0.0	37.46872000000001	-106.76489	0.0	0.0	0.0021
Ochotona	0.0	0.0	37.468561	-106.764693	0.0	0.0	0.0021
Ochotona	0.0	0.0	39.60711	-105.84088100000001	0.0	0.0	0.0021
Ochotona	0.0	0.0	36.690841999999996	-118.374252	0.0	0.0	0.0021
Ochotona	0.0	0.0	40.543624	-111.694525	0.0	0.0	0.0021
Ochotona	0.0	0.0	37.907434	-119.2414	0.0	0.0	0.0021
Ochotona	0.0	0.0	36.569942	-118.31758300000001	0.0	0.0	0.0021
Ochotona	0.0	0.0	36.687177	-118.375926	0.0	0.0	0.0021
Ochotona	0.0	0.0	47.747372999999996	-121.12726799999999	0.0	0.0	0.0021
Ochotona	0.0	0.0	46.919359	-121.66506799999999	0.0	0.0	0.0021
Ochotona	0.0	0.0	36.567598	-118.33271	0.0	0.0	0.0021
Ochotona	0.0	0.0	36.517362	-118.23966999999999	0.0	0.0	0.0021
Ochotona	0.0	0.0	43.705172	-121.235956	0.0	0.0	0.0021
Ochotona	0.0	0.0	39.606303999999994	-105.841264	0.0	0.0	0.0021
Ochotona	0.0	0.0	36.566555	-118.33054299999999	0.0	0.0	0.0021
Ochotona	0.0	0.0	40.342793	-105.68363899999999	0.0	0.0	0.0021
Ochotona	0.0	0.0	40.568815	-111.616345	0.0	0.0	0.0021
Ochotona	0.0	0.0	36.680328	-118.37931599999999	0.0	0.0	0.0021
Ochotona	0.0	0.0	40.568703	-111.620942	0.0	0.0	0.0021
Ochotona	0.0	0.0	40.568658	-111.62093	0.0	0.0	0.0021
Ochotona	0.0	0.0	39.328665	-106.139657	0.0	0.0	0.0021
Ochotona	0.0	0.0	46.755534000000004	-121.701734	0.0	0.0	0.0021
Ochotona	0.0	0.0	40.597275	-111.59341299999998	0.0	0.0	0.0021
Ochotona	0.0	0.0	46.935379	-121.86658100000001	0.0	0.0	0.0021
Ochotona	0.0	0.0	47.439815	-121.385912	0.0	0.0	0.0021
Ochotona	0.0	0.0	40.595746999999996	-111.65030700000001	0.0	0.0	0.0021
Ochotona	0.0	0.0	38.019725	-119.267003	0.0	0.0	0.0021
Ochotona	0.0	0.0	40.595487	-111.646956	0.0	0.0	0.0021
Ochotona	0.0	0.0	45.006822	-115.90308	0.0	0.0	0.0021
Ochotona	0.0	0.0	39.592258	-105.684403	0.0	0.0	0.0021
Ochotona	0.0	0.0	46.935051	-121.86644	0.0	0.0	0.0021
Ochotona	0.0	0.0	37.90485	-107.513811	0.0	0.0	0.0021
Ochotona	0.0	0.0	41.596973	-121.830229	0.0	0.0	0.0021
Ochotona	0.0	0.0	45.100321	-115.88123600000002	0.0	0.0	0.0021
Ochotona	0.0	0.0	40.59574	-111.650378	0.0	0.0	0.0021
Ochotona	0.0	0.0	40.594238	-111.592688	0.0	0.0	0.0021
Ochotona	0.0	0.0	45.009598	-115.899625	0.0	0.0	0.0021
Ochotona	0.0	0.0	45.047345	-115.93123200000001	0.0	0.0	0.0021
Ochotona	0.0	0.0	40.594348	-111.597067	0.0	0.0	0.0021
Ochotona	0.0	0.0	46.931917999999996	-121.67463899999998	0.0	0.0	0.0021
Ochotona	0.0	0.0	40.60106	-111.59286200000001	0.0	0.0	0.0021
Ochotona	0.0	0.0	44.93160200000001	-110.706877	0.0	0.0	0.0021
Ochotona	0.0	0.0	37.91418	-119.2669	0.0	0.0	0.0021
Ochotona	0.0	0.0	45.545072	-122.110033	0.0	0.0	0.0021
Ochotona	0.0	0.0	45.59083	-122.06428999999999	0.0	0.0	0.0021
Ochotona	0.0	0.0	48.000988	-121.424204	0.0	0.0	0.0021
Ochotona	0.0	0.0	40.587348	-111.617097	0.0	0.0	0.0021
Ochotona	0.0	0.0	38.321866	-119.674393	0.0	0.0	0.0021
Ochotona	0.0	0.0	40.412189	-105.73319199999999	0.0	0.0	0.0021
Ochotona	0.0	0.0	43.783643	-114.638901	0.0	0.0	0.0021
Ochotona	0.0	0.0	38.130483	-119.842482	0.0	0.0	0.0021
Ochotona	0.0	0.0	37.85114	-107.77145900000001	0.0	0.0	0.0021
Ochotona	0.0	0.0	40.412662	-105.733065	0.0	0.0	0.0021
Ochotona	0.0	0.0	44.797715999999994	-110.43436799999999	0.0	0.0	0.0021
Ochotona	0.0	0.0	37.912662	-119.265777	0.0	0.0	0.0021
Ochotona	0.0	0.0	40.543289	-111.69218000000001	0.0	0.0	0.0021
Ochotona	0.0	0.0	43.811701	-114.059844	0.0	0.0	0.0021
Ochotona	0.0	0.0	37.913932	-119.26653799999998	0.0	0.0	0.0021
Ochotona	0.0	0.0	43.766563	-110.749503	0.0	0.0	0.0021
Ochotona	0.0	0.0	40.391731	-105.66959399999999	0.0	0.0	0.0021
Ochotona	0.0	0.0	46.919244	-121.664603	0.0	0.0	0.0021
Ochotona	0.0	0.0	43.76771	-114.139924	0.0	0.0	0.0021
Ochotona	0.0	0.0	43.762819	-114.15730500000001	0.0	0.0	0.0021
Ochotona	0.0	0.0	43.768739000000004	-114.158592	0.0	0.0	0.0021
Ochotona	0.0	0.0	41.363609999999994	-122.19333	0.0	0.0	0.0021
Ochotona	0.0	0.0	37.410875	-118.75688600000001	0.0	0.0	0.0021
Ochotona	0.0	0.0	40.664168	-111.70877	0.0	0.0	0.0021
Ochotona	0.0	0.0	37.293943	-118.78713400000001	0.0	0.0	0.0021
Ochotona	0.0	0.0	40.544526	-111.676239	0.0	0.0	0.0021
Ochotona	0.0	0.0	45.62875	-121.94763799999998	0.0	0.0	0.0021
Ochotona	0.0	0.0	38.69231	-119.985697	0.0	0.0	0.0021
Ochotona	0.0	0.0	43.09379600000001	-111.322553	0.0	0.0	0.0021
Ochotona	0.0	0.0	43.853587	-114.45822700000001	0.0	0.0	0.0021
Ochotona	0.0	0.0	37.810769	-119.484916	0.0	0.0	0.0021
Ochotona	0.0	0.0	43.774193	-114.159236	0.0	0.0	0.0021
Ochotona	0.0	0.0	43.795357	-110.714706	0.0	0.0	0.0021
Ochotona	0.0	0.0	44.885884000000004	-115.45871299999999	0.0	0.0	0.0021
Ochotona	0.0	0.0	43.766563	-110.749503	0.0	0.0	0.0021
Ochotona	0.0	0.0	61.790358	-149.285191	0.0	0.0	0.0021
Ochotona	0.0	0.0	43.766563	-110.749503	0.0	0.0	0.0021
Ochotona	0.0	0.0	44.856836	-115.444551	0.0	0.0	0.0021
Ochotona	0.0	0.0	37.810691	-119.48482	0.0	0.0	0.0021
Ochotona	0.0	0.0	45.349583	-111.40011799999999	0.0	0.0	0.0021
Ochotona	0.0	0.0	43.834402000000004	-114.473028	0.0	0.0	0.0021
Ochotona	0.0	0.0	37.913715	-119.26678700000001	0.0	0.0	0.0021
Ochotona	0.0	0.0	43.657841999999995	-110.81605800000001	0.0	0.0	0.0021
Ochotona	0.0	0.0	45.369492	-116.49533999999998	0.0	0.0	0.0021
Ochotona	0.0	0.0	40.543662	-111.692516	0.0	0.0	0.0021
Ochotona	0.0	0.0	43.761579	-114.16245500000001	0.0	0.0	0.0021
Ochotona	0.0	0.0	43.765813	-114.13713500000001	0.0	0.0	0.0021
Ochotona	0.0	0.0	40.538126	-111.69056299999998	0.0	0.0	0.0021
Ochotona	0.0	0.0	39.31217	-120.32264199999999	0.0	0.0	0.0021
Ochotona	0.0	0.0	39.327057	-106.123607	0.0	0.0	0.0021
Ochotona	0.0	0.0	37.872961	-107.740991	0.0	0.0	0.0021
Ochotona	0.0	0.0	43.21111	-109.70366999999999	0.0	0.0	0.0021
Ochotona	0.0	0.0	44.177766	-115.06260400000001	0.0	0.0	0.0021
Ochotona	0.0	0.0	48.770272	-121.30226699999999	0.0	0.0	0.0021
Ochotona	0.0	0.0	39.395187	-106.09744199999999	0.0	0.0	0.0021
Ochotona	0.0	0.0	40.342793	-105.68363899999999	0.0	0.0	0.0021
Ochotona	0.0	0.0	37.932606	-119.25133100000001	0.0	0.0	0.0021
Ochotona	0.0	0.0	37.895548	-107.76671599999999	0.0	0.0	0.0021
Ochotona	0.0	0.0	43.210390000000004	-109.72138999999999	0.0	0.0	0.0021
Ochotona	0.0	0.0	39.394284999999996	-106.08686599999999	0.0	0.0	0.0021
Ochotona	0.0	0.0	40.58982	-111.58696499999999	0.0	0.0	0.0021
Ochotona	0.0	0.0	37.972051	-119.277026	0.0	0.0	0.0021
Ochotona	0.0	0.0	37.811314	-119.484747	0.0	0.0	0.0021
Ochotona	0.0	0.0	36.414127	-118.607883	0.0	0.0	0.0021
Ochotona	0.0	0.0	47.424719	-121.583548	0.0	0.0	0.0021
Ochotona	0.0	0.0	46.789246999999996	-121.73229199999999	0.0	0.0	0.0021
Ochotona	0.0	0.0	40.595498	-111.59673400000001	0.0	0.0	0.0021
Ochotona	0.0	0.0	44.528755	-115.28589199999999	0.0	0.0	0.0021
Ochotona	0.0	0.0	46.919339	-121.664819	0.0	0.0	0.0021
Ochotona	0.0	0.0	45.033744	-109.41936499999998	0.0	0.0	0.0021
Ochotona	0.0	0.0	39.313731	-120.317471	0.0	0.0	0.0021
Ochotona	0.0	0.0	37.935727	-107.43324299999999	0.0	0.0	0.0021
Ochotona	0.0	0.0	43.25345	-109.75731	0.0	0.0	0.0021
Ochotona	0.0	0.0	40.67425	-111.67238799999998	0.0	0.0	0.0021
Ochotona	0.0	0.0	40.603515	-111.592782	0.0	0.0	0.0021
Ochotona	0.0	0.0	36.56278	-105.4329	0.0	0.0	0.0021
Ochotona	0.0	0.0	37.557904	-118.87168600000001	0.0	0.0	0.0021
Ochotona	0.0	0.0	43.764028	-110.784888	0.0	0.0	0.0021
Ochotona	0.0	0.0	40.570637	-111.626975	0.0	0.0	0.0021
Ochotona	0.0	0.0	40.42516	-105.756422	0.0	0.0	0.0021
Ochotona	0.0	0.0	46.919425	-121.66524799999999	0.0	0.0	0.0021
Ochotona	0.0	0.0	37.547989	-118.89510600000001	0.0	0.0	0.0021
Ochotona	0.0	0.0	46.917138	-121.67968400000001	0.0	0.0	0.0021
Ochotona	0.0	0.0	40.393104	-105.70693	0.0	0.0	0.0021
Ochotona	0.0	0.0	46.915662	-121.677471	0.0	0.0	0.0021
Ochotona	0.0	0.0	36.55804000000001	-105.4306	0.0	0.0	0.0021
Ochotona	0.0	0.0	40.56753	-111.625353	0.0	0.0	0.0021
Ochotona	0.0	0.0	40.568067	-111.63255500000001	0.0	0.0	0.0021
Ochotona	0.0	0.0	40.342793	-105.68363899999999	0.0	0.0	0.0021
Ochotona	0.0	0.0	37.440226	-118.93885800000001	0.0	0.0	0.0021
Ochotona	0.0	0.0	40.410922	-105.73184199999999	0.0	0.0	0.0021
Ochotona	0.0	0.0	46.91923900000001	-121.66464599999999	0.0	0.0	0.0021
Ochotona	0.0	0.0	40.603013	-111.592501	0.0	0.0	0.0021
Ochotona	0.0	0.0	47.718846	-121.17083899999999	0.0	0.0	0.0021
Ochotona	0.0	0.0	40.603109	-111.59236299999999	0.0	0.0	0.0021
Ochotona	0.0	0.0	40.662727000000004	-111.715962	0.0	0.0	0.0021
Ochotona	0.0	0.0	40.342793	-105.68363899999999	0.0	0.0	0.0021
Ochotona	0.0	0.0	46.869035	-121.520121	0.0	0.0	0.0021
Ochotona	0.0	0.0	46.91923900000001	-121.66464599999999	0.0	0.0	0.0021
Ochotona	0.0	0.0	46.762575	-121.73335800000001	0.0	0.0	0.0021
Ochotona	0.0	0.0	48.551365000000004	-120.707053	0.0	0.0	0.0021
Ochotona	0.0	0.0	40.582409999999996	-111.589968	0.0	0.0	0.0021
Ochotona	0.0	0.0	40.603428	-111.59271299999999	0.0	0.0	0.0021
Ochotona	0.0	0.0	43.700281	-114.613431	0.0	0.0	0.0021
Ochotona	0.0	0.0	40.602805	-111.592552	0.0	0.0	0.0021
Ochotona	0.0	0.0	40.592317	-111.593842	0.0	0.0	0.0021
Ochotona	0.0	0.0	40.595088	-111.59453300000001	0.0	0.0	0.0021
Ochotona	0.0	0.0	44.90192800000001	-111.19342900000001	0.0	0.0	0.0021
Ochotona	0.0	0.0	43.758783	-114.667654	0.0	0.0	0.0021
Ochotona	0.0	0.0	38.83929000000001	-105.04274	0.0	0.0	0.0021
Ochotona	0.0	0.0	40.543352	-111.692601	0.0	0.0	0.0021
Ochotona	0.0	0.0	40.603484	-111.59272800000001	0.0	0.0	0.0021
Ochotona	0.0	0.0	43.81928	-114.46964299999999	0.0	0.0	0.0021
Ochotona	0.0	0.0	44.763088	-121.78761000000002	0.0	0.0	0.0021
Ochotona	0.0	0.0	36.770081	-118.354522	0.0	0.0	0.0021
Ochotona	0.0	0.0	39.101325	-106.99253700000001	0.0	0.0	0.0021
Ochotona	0.0	0.0	37.810808	-119.485199	0.0	0.0	0.0021
Ochotona	0.0	0.0	40.435804	-105.75851399999999	0.0	0.0	0.0021
Ochotona	0.0	0.0	36.784278	-118.419303	0.0	0.0	0.0021
Ochotona	0.0	0.0	40.764454	-109.853067	0.0	0.0	0.0021
Ochotona	0.0	0.0	40.407185	-105.71989099999999	0.0	0.0	0.0021
Ochotona	0.0	0.0	37.74431	-107.85031000000001	0.0	0.0	0.0021
Ochotona	0.0	0.0	37.59758	-107.46583000000001	0.0	0.0	0.0021
Ochotona	0.0	0.0	37.66662	-107.47753	0.0	0.0	0.0021
Ochotona	0.0	0.0	37.71228	-107.91886000000001	0.0	0.0	0.0021
Ochotona	0.0	0.0	37.527409999999996	-107.39811999999999	0.0	0.0	0.0021
Ochotona	0.0	0.0	37.60454	-107.96080400000001	0.0	0.0	0.0021
Ochotona	0.0	0.0	37.73984	-107.83322	0.0	0.0	0.0021
Ochotona	0.0	0.0	37.64535	-107.52918999999999	0.0	0.0	0.0021
Ochotona	0.0	0.0	40.342793	-105.68363899999999	0.0	0.0	0.0021
Ochotona	0.0	0.0	37.7192	-107.55102	0.0	0.0	0.0021
Ochotona	0.0	0.0	37.70408	-107.53091	0.0	0.0	0.0021
Ochotona	0.0	0.0	40.342793	-105.68363899999999	0.0	0.0	0.0021
Ochotona	0.0	0.0	37.6336	-107.42561	0.0	0.0	0.0021
Ochotona	0.0	0.0	38.861426	-120.372794	0.0	0.0	0.0021
Ochotona	0.0	0.0	37.707390000000004	-107.51746999999999	0.0	0.0	0.0021
Ochotona	0.0	0.0	37.74903	-107.8112	0.0	0.0	0.0021
Ochotona	0.0	0.0	37.71967	-107.54948999999999	0.0	0.0	0.0021
Ochotona	0.0	0.0	37.6798	-107.97756000000001	0.0	0.0	0.0021
Ochotona	0.0	0.0	37.75808	-107.79046000000001	0.0	0.0	0.0021
Ochotona	0.0	0.0	37.57966	-107.56128999999999	0.0	0.0	0.0021
Ochotona	0.0	0.0	37.59425	-107.47178999999998	0.0	0.0	0.0021
Ochotona	0.0	0.0	41.033853	-115.09074199999999	0.0	0.0	0.0021
Ochotona	0.0	0.0	40.696527	-105.985969	0.0	0.0	0.0021
Ochotona	0.0	0.0	45.37743	-111.24551000000001	0.0	0.0	0.0021
Ochotona	0.0	0.0	37.59754	-107.4732	0.0	0.0	0.0021
Ochotona	0.0	0.0	37.70872	-107.932872	0.0	0.0	0.0021
Ochotona	0.0	0.0	37.724920000000004	-107.58937	0.0	0.0	0.0021
Ochotona	0.0	0.0	37.68779	-107.51593999999999	0.0	0.0	0.0021
Ochotona	0.0	0.0	37.75533	-107.79722	0.0	0.0	0.0021
Ochotona	0.0	0.0	39.593373	-105.650723	0.0	0.0	0.0021
Ochotona	0.0	0.0	37.64275	-107.42715	0.0	0.0	0.0021
Ochotona	0.0	0.0	37.72322	-107.57068000000001	0.0	0.0	0.0021
Ochotona	0.0	0.0	37.67554000000001	-107.48895	0.0	0.0	0.0021
Ochotona	0.0	0.0	37.63087	-107.46162	0.0	0.0	0.0021
Ochotona	0.0	0.0	37.59425	-107.47178999999998	0.0	0.0	0.0021
Ochotona	0.0	0.0	37.59298	-107.46928999999999	0.0	0.0	0.0021
Ochotona	0.0	0.0	37.63308	-107.45408	0.0	0.0	0.0021
Ochotona	0.0	0.0	37.75135	-107.8173	0.0	0.0	0.0021
Ochotona	0.0	0.0	37.71696	-107.5485	0.0	0.0	0.0021
Ochotona	0.0	0.0	37.66213	-107.39561	0.0	0.0	0.0021
Ochotona	0.0	0.0	37.64873	-107.50683000000001	0.0	0.0	0.0021
Ochotona	0.0	0.0	42.351418	-122.29080900000001	0.0	0.0	0.0021
Ochotona	0.0	0.0	37.744820000000004	-107.84563	0.0	0.0	0.0021
Ochotona	0.0	0.0	40.543058	-111.69151699999999	0.0	0.0	0.0021
Ochotona	0.0	0.0	40.570446999999994	-111.624366	0.0	0.0	0.0021
Ochotona	0.0	0.0	37.6272	-107.47894	0.0	0.0	0.0021
Ochotona	0.0	0.0	37.64454	-107.4997	0.0	0.0	0.0021
Ochotona	0.0	0.0	37.75219	-107.80198999999999	0.0	0.0	0.0021
Ochotona	0.0	0.0	37.71758	-107.53863	0.0	0.0	0.0021
Ochotona	0.0	0.0	37.686820000000004	-107.98021999999999	0.0	0.0	0.0021
Ochotona	0.0	0.0	37.60745	-107.47431	0.0	0.0	0.0021
Ochotona	0.0	0.0	40.098715999999996	-105.616293	0.0	0.0	0.0021
Ochotona	0.0	0.0	37.69105	-107.52058000000001	0.0	0.0	0.0021
Ochotona	0.0	0.0	37.6291	-107.43606000000001	0.0	0.0	0.0021
Ochotona	0.0	0.0	37.701571	-107.52116000000001	0.0	0.0	0.0021
Ochotona	0.0	0.0	37.70107	-107.52213	0.0	0.0	0.0021
Ochotona	0.0	0.0	37.75059	-107.8125	0.0	0.0	0.0021
Ochotona	0.0	0.0	37.63163	-107.43999	0.0	0.0	0.0021
Ochotona	0.0	0.0	37.68375	-107.97913	0.0	0.0	0.0021
Ochotona	0.0	0.0	37.74905	-107.81974	0.0	0.0	0.0021
Ochotona	0.0	0.0	37.73028	-107.86426999999999	0.0	0.0	0.0021
Ochotona	0.0	0.0	37.71349	-107.93271000000001	0.0	0.0	0.0021
Ochotona	0.0	0.0	37.6199	-107.47046999999999	0.0	0.0	0.0021
Ochotona	0.0	0.0	37.58104	-107.57606000000001	0.0	0.0	0.0021
Ochotona	0.0	0.0	37.74479	-107.79165	0.0	0.0	0.0021
Ochotona	0.0	0.0	37.7463	-107.82058	0.0	0.0	0.0021
Ochotona	0.0	0.0	39.592315	-105.65112099999999	0.0	0.0	0.0021
Ochotona	0.0	0.0	38.994437	-120.37083799999999	0.0	0.0	0.0021
Ochotona	0.0	0.0	37.62778	-107.4567	0.0	0.0	0.0021
Ochotona	0.0	0.0	37.549019	-107.43868	0.0	0.0	0.0021
Ochotona	0.0	0.0	37.768812	-107.9726	0.0	0.0	0.0021
Ochotona	0.0	0.0	37.62828	-107.46141999999999	0.0	0.0	0.0021
Ochotona	0.0	0.0	37.74927	-107.8169	0.0	0.0	0.0021
Ochotona	0.0	0.0	37.718109999999996	-107.55901000000001	0.0	0.0	0.0021
Ochotona	0.0	0.0	37.71325	-107.92123000000001	0.0	0.0	0.0021
Ochotona	0.0	0.0	37.61164	-107.47334	0.0	0.0	0.0021
Ochotona	0.0	0.0	37.912784	-119.23633600000001	0.0	0.0	0.0021
Ochotona	0.0	0.0	37.63573	-107.47216999999999	0.0	0.0	0.0021
Ochotona	0.0	0.0	37.74545	-107.845925	0.0	0.0	0.0021
Ochotona	0.0	0.0	37.71655	-107.5469	0.0	0.0	0.0021
Ochotona	0.0	0.0	37.74597	-107.84566699999999	0.0	0.0	0.0021
Ochotona	0.0	0.0	37.67617	-107.52428	0.0	0.0	0.0021
Ochotona	0.0	0.0	37.74087	-107.83993000000001	0.0	0.0	0.0021
Ochotona	0.0	0.0	37.663509999999995	-107.51983	0.0	0.0	0.0021
Ochotona	0.0	0.0	37.75653	-107.79381000000001	0.0	0.0	0.0021
Ochotona	0.0	0.0	39.396296	-106.10205800000001	0.0	0.0	0.0021
Ochotona	0.0	0.0	37.7196	-107.5638	0.0	0.0	0.0021
Ochotona	0.0	0.0	37.680409999999995	-107.97804	0.0	0.0	0.0021
Ochotona	0.0	0.0	37.85065	-107.96807	0.0	0.0	0.0021
Ochotona	0.0	0.0	37.85066	-107.97288999999999	0.0	0.0	0.0021
Ochotona	0.0	0.0	37.82542	-107.94818000000001	0.0	0.0	0.0021
Ochotona	0.0	0.0	37.62283	-107.25068	0.0	0.0	0.0021
Ochotona	0.0	0.0	37.76517	-107.57563999999999	0.0	0.0	0.0021
Ochotona	0.0	0.0	37.62975	-107.18337	0.0	0.0	0.0021
Ochotona	0.0	0.0	37.84836	-107.94062	0.0	0.0	0.0021
Ochotona	0.0	0.0	48.16183	-120.87111000000002	0.0	0.0	0.0021
Ochotona	0.0	0.0	37.855309999999996	-107.98348	0.0	0.0	0.0021
Ochotona	0.0	0.0	37.59917	-107.34106000000001	0.0	0.0	0.0021
Ochotona	0.0	0.0	37.7511	-107.61072	0.0	0.0	0.0021
Ochotona	0.0	0.0	37.850770000000004	-107.96897	0.0	0.0	0.0021
Ochotona	0.0	0.0	37.76925	-107.55618999999999	0.0	0.0	0.0021
Ochotona	0.0	0.0	37.82857	-107.94351999999999	0.0	0.0	0.0021
Ochotona	0.0	0.0	44.694688	-121.836757	0.0	0.0	0.0021
Ochotona	0.0	0.0	37.63162	-107.26728999999999	0.0	0.0	0.0021
Ochotona	0.0	0.0	37.76309000000001	-107.55032	0.0	0.0	0.0021
Ochotona	0.0	0.0	37.75653	-107.53516	0.0	0.0	0.0021
Ochotona	0.0	0.0	37.8281	-107.94871	0.0	0.0	0.0021
Ochotona	0.0	0.0	41.369293	-106.29908300000001	0.0	0.0	0.0021
Ochotona	0.0	0.0	37.76439	-107.57615	0.0	0.0	0.0021
Ochotona	0.0	0.0	37.73752	-107.51933000000001	0.0	0.0	0.0021
Ochotona	0.0	0.0	37.6252	-107.19835	0.0	0.0	0.0021
Ochotona	0.0	0.0	46.031259999999996	-121.9765	0.0	0.0	0.0021
Ochotona	0.0	0.0	37.62528	-107.19703	0.0	0.0	0.0021
Ochotona	0.0	0.0	37.825559999999996	-107.9524	0.0	0.0	0.0021
Ochotona	0.0	0.0	37.75581	-107.54417	0.0	0.0	0.0021
Ochotona	0.0	0.0	37.82725	-107.89755	0.0	0.0	0.0021
Ochotona	0.0	0.0	37.8409	-107.97093999999998	0.0	0.0	0.0021
Ochotona	0.0	0.0	37.76592	-107.58081999999999	0.0	0.0	0.0021
Ochotona	0.0	0.0	37.85205	-107.9329	0.0	0.0	0.0021
Ochotona	0.0	0.0	46.929299	-121.689099	0.0	0.0	0.0021
Ochotona	0.0	0.0	37.76116	-107.58876000000001	0.0	0.0	0.0021
Ochotona	0.0	0.0	37.74732	-107.57671	0.0	0.0	0.0021
Ochotona	0.0	0.0	40.543698	-111.69221999999999	0.0	0.0	0.0021
Ochotona	0.0	0.0	37.61331	-107.23801999999999	0.0	0.0	0.0021
Ochotona	0.0	0.0	37.62742	-107.18331	0.0	0.0	0.0021
Ochotona	0.0	0.0	48.184	-120.8958	0.0	0.0	0.0021
Ochotona	0.0	0.0	37.76649000000001	-107.58018999999999	0.0	0.0	0.0021
Ochotona	0.0	0.0	37.74811	-107.57477	0.0	0.0	0.0021
Ochotona	0.0	0.0	37.76683	-107.58281000000001	0.0	0.0	0.0021
Ochotona	0.0	0.0	37.7541	-107.53544	0.0	0.0	0.0021
Ochotona	0.0	0.0	37.7589	-107.56255	0.0	0.0	0.0021
Ochotona	0.0	0.0	37.74433	-107.60388	0.0	0.0	0.0021
Ochotona	0.0	0.0	37.76357	-107.5767	0.0	0.0	0.0021
Ochotona	0.0	0.0	37.62857	-107.18568	0.0	0.0	0.0021
Ochotona	0.0	0.0	37.60133	-107.15852	0.0	0.0	0.0021
Ochotona	0.0	0.0	37.85048	-107.96691000000001	0.0	0.0	0.0021
Ochotona	0.0	0.0	37.84975	-107.93858999999999	0.0	0.0	0.0021
Ochotona	0.0	0.0	37.74885	-107.56198	0.0	0.0	0.0021
Ochotona	0.0	0.0	46.917192	-121.679699	0.0	0.0	0.0021
Ochotona	0.0	0.0	45.556222	-121.83266699999999	0.0	0.0	0.0021
Ochotona	0.0	0.0	37.84272	-107.96831999999999	0.0	0.0	0.0021
Ochotona	0.0	0.0	37.82902	-107.94838	0.0	0.0	0.0021
Ochotona	0.0	0.0	37.85382	-107.9861	0.0	0.0	0.0021
Ochotona	0.0	0.0	37.85682	-107.96831999999999	0.0	0.0	0.0021
Ochotona	0.0	0.0	48.16166	-120.87108	0.0	0.0	0.0021
Ochotona	0.0	0.0	37.82634	-107.94421000000001	0.0	0.0	0.0021
Ochotona	0.0	0.0	37.76461	-107.5772	0.0	0.0	0.0021
Ochotona	0.0	0.0	37.641709999999996	-107.27858	0.0	0.0	0.0021
Ochotona	0.0	0.0	37.84834	-107.941	0.0	0.0	0.0021
Ochotona	0.0	0.0	37.85068	-107.97178999999998	0.0	0.0	0.0021
Ochotona	0.0	0.0	37.6343	-107.4352	0.0	0.0	0.0021
Ochotona	0.0	0.0	37.76489	-107.57757	0.0	0.0	0.0021
Ochotona	0.0	0.0	37.82764	-107.94321000000001	0.0	0.0	0.0021
Ochotona	0.0	0.0	48.16146	-120.87153	0.0	0.0	0.0021
Ochotona	0.0	0.0	37.83633	-107.96825	0.0	0.0	0.0021
Ochotona	0.0	0.0	37.8555	-107.97733999999998	0.0	0.0	0.0021
Ochotona	0.0	0.0	44.385740999999996	-107.17545	0.0	0.0	0.0021
Ochotona	0.0	0.0	37.76917	-107.57661999999999	0.0	0.0	0.0021
Ochotona	0.0	0.0	37.8416	-107.97251999999999	0.0	0.0	0.0021
Ochotona	0.0	0.0	37.85142000000001	-107.9654	0.0	0.0	0.0021
Ochotona	0.0	0.0	48.16145	-120.87156	0.0	0.0	0.0021
Ochotona	0.0	0.0	40.537135	-111.692242	0.0	0.0	0.0021
Ochotona	0.0	0.0	37.67383	-107.36522	0.0	0.0	0.0021
Ochotona	0.0	0.0	37.848079999999996	-107.9399	0.0	0.0	0.0021
Ochotona	0.0	0.0	37.57031	-107.24003	0.0	0.0	0.0021
Ochotona	0.0	0.0	38.858103	-120.14078700000002	0.0	0.0	0.0021
Ochotona	0.0	0.0	37.7673	-107.58213	0.0	0.0	0.0021
Ochotona	0.0	0.0	37.76597	-107.58278	0.0	0.0	0.0021
Ochotona	0.0	0.0	48.182829999999996	-120.89403	0.0	0.0	0.0021
Ochotona	0.0	0.0	37.84233	-107.9732	0.0	0.0	0.0021
Ochotona	0.0	0.0	37.83759000000001	-107.94448999999999	0.0	0.0	0.0021
Ochotona	0.0	0.0	37.85319000000001	-107.93104	0.0	0.0	0.0021
Ochotona	0.0	0.0	37.74732	-107.57671	0.0	0.0	0.0021
Ochotona	0.0	0.0	37.8244	-107.91953999999998	0.0	0.0	0.0021
Ochotona	0.0	0.0	37.845909999999996	-107.94179	0.0	0.0	0.0021
Ochotona	0.0	0.0	37.85579	-107.97908999999999	0.0	0.0	0.0021
Ochotona	0.0	0.0	37.84026	-107.97161000000001	0.0	0.0	0.0021
Ochotona	0.0	0.0	37.83594	-107.96736999999999	0.0	0.0	0.0021
Ochotona	0.0	0.0	37.63228	-107.26653	0.0	0.0	0.0021
Ochotona	0.0	0.0	48.184	-120.8958	0.0	0.0	0.0021
Ochotona	0.0	0.0	37.738209999999995	-107.51932	0.0	0.0	0.0021
Ochotona	0.0	0.0	37.850159999999995	-107.96658000000001	0.0	0.0	0.0021
Ochotona	0.0	0.0	44.63216	-121.814269	0.0	0.0	0.0021
Ochotona	0.0	0.0	37.82727	-107.94376000000001	0.0	0.0	0.0021
Ochotona	0.0	0.0	39.590579	-105.68758100000001	0.0	0.0	0.0021
Ochotona	0.0	0.0	37.82539000000001	-107.9465	0.0	0.0	0.0021
Ochotona	0.0	0.0	37.83347	-107.94651	0.0	0.0	0.0021
Ochotona	0.0	0.0	37.74809000000001	-107.5628	0.0	0.0	0.0021
Ochotona	0.0	0.0	37.73529	-107.52101	0.0	0.0	0.0021
Ochotona	0.0	0.0	37.62526	-107.19628999999999	0.0	0.0	0.0021
Ochotona	0.0	0.0	37.75907	-107.5619	0.0	0.0	0.0021
Ochotona	0.0	0.0	37.75865	-107.57156	0.0	0.0	0.0021
Ochotona	0.0	0.0	37.82881	-107.90708000000001	0.0	0.0	0.0021
Ochotona	0.0	0.0	37.75663	-107.5346	0.0	0.0	0.0021
Ochotona	0.0	0.0	37.82555	-107.94901000000002	0.0	0.0	0.0021
Ochotona	0.0	0.0	37.85849	-107.92817	0.0	0.0	0.0021
Ochotona	0.0	0.0	37.59296	-107.22603000000001	0.0	0.0	0.0021
Ochotona	0.0	0.0	37.7369	-107.51808999999999	0.0	0.0	0.0021
Ochotona	0.0	0.0	37.82579000000001	-107.94511999999999	0.0	0.0	0.0021
Ochotona	0.0	0.0	37.73968	-107.51895	0.0	0.0	0.0021
Ochotona	0.0	0.0	37.8317	-107.90016000000001	0.0	0.0	0.0021
Ochotona	0.0	0.0	37.84965	-107.9382	0.0	0.0	0.0021
Ochotona	0.0	0.0	37.849470000000004	-107.93961000000002	0.0	0.0	0.0021
Ochotona	0.0	0.0	37.60613	-107.21451	0.0	0.0	0.0021
Ochotona	0.0	0.0	37.765570000000004	-107.5533	0.0	0.0	0.0021
Ochotona	0.0	0.0	37.8522	-107.9652	0.0	0.0	0.0021
Ochotona	0.0	0.0	40.58593	-111.583242	0.0	0.0	0.0021
Ochotona	0.0	0.0	37.763220000000004	-107.55053999999998	0.0	0.0	0.0021
Ochotona	0.0	0.0	37.56542	-107.22778000000001	0.0	0.0	0.0021
Ochotona	0.0	0.0	37.61285	-107.23337	0.0	0.0	0.0021
Ochotona	0.0	0.0	37.62482	-107.19925	0.0	0.0	0.0021
Ochotona	0.0	0.0	37.84253	-107.97012	0.0	0.0	0.0021
Ochotona	0.0	0.0	37.8294	-107.94851000000001	0.0	0.0	0.0021
Ochotona	0.0	0.0	37.826679999999996	-107.94383	0.0	0.0	0.0021
Ochotona	0.0	0.0	37.835390000000004	-107.93968000000001	0.0	0.0	0.0021
Ochotona	0.0	0.0	37.83595	-107.96633	0.0	0.0	0.0021
Ochotona	0.0	0.0	37.75694	-107.54472	0.0	0.0	0.0021
Ochotona	0.0	0.0	37.74485	-107.58718	0.0	0.0	0.0021
Ochotona	0.0	0.0	40.53731	-111.69213799999999	0.0	0.0	0.0021
Ochotona	0.0	0.0	37.85557	-107.96733	0.0	0.0	0.0021
Ochotona	0.0	0.0	37.84766	-107.94037	0.0	0.0	0.0021
Ochotona	0.0	0.0	37.83654	-107.96491999999999	0.0	0.0	0.0021
Ochotona	0.0	0.0	37.85264	-107.93096000000001	0.0	0.0	0.0021
Ochotona	0.0	0.0	48.16148	-120.87156	0.0	0.0	0.0021
Ochotona	0.0	0.0	35.79413800000001	-105.78054399999999	0.0	0.0	0.0021
Ochotona	0.0	0.0	37.83318	-107.94623999999999	0.0	0.0	0.0021
Ochotona	0.0	0.0	37.74503	-107.60472	0.0	0.0	0.0021
Ochotona	0.0	0.0	37.7582	-107.56290200000001	0.0	0.0	0.0021
Ochotona	0.0	0.0	38.859777	-120.137395	0.0	0.0	0.0021
Ochotona	0.0	0.0	44.76275	-121.78711100000001	0.0	0.0	0.0021
Ochotona	0.0	0.0	37.8549	-107.97493999999999	0.0	0.0	0.0021
Ochotona	0.0	0.0	40.570159999999994	-111.622961	0.0	0.0	0.0021
Ochotona	0.0	0.0	39.293225	-119.973707	0.0	0.0	0.0021
Ochotona	0.0	0.0	37.665282	-119.16983799999998	0.0	0.0	0.0021
Ochotona	0.0	0.0	47.832333	-121.118806	0.0	0.0	0.0021
Ochotona	0.0	0.0	37.683834000000004	-119.164723	0.0	0.0	0.0021
Ochotona	0.0	0.0	40.621944	-115.475	0.0	0.0	0.0021
Ochotona	0.0	0.0	39.225336	-106.169987	0.0	0.0	0.0021
Ochotona	0.0	0.0	38.69231	-119.985697	0.0	0.0	0.0021
Ochotona	0.0	0.0	47.46703	-121.34558	0.0	0.0	0.0021
Ochotona	0.0	0.0	47.447548	-121.41485	0.0	0.0	0.0021
Ochotona	0.0	0.0	40.543248999999996	-111.684265	0.0	0.0	0.0021
Ochotona	0.0	0.0	37.674263	-119.169251	0.0	0.0	0.0021
Ochotona	0.0	0.0	44.94256	-110.71797	0.0	0.0	0.0021
Ochotona	0.0	0.0	46.804194	-121.458389	0.0	0.0	0.0021
Ochotona	0.0	0.0	45.25193	-117.40899999999999	0.0	0.0	0.0021
Ochotona	0.0	0.0	40.66284	-111.715722	0.0	0.0	0.0021
Ochotona	0.0	0.0	46.473721999999995	-121.432194	0.0	0.0	0.0021
Ochotona	0.0	0.0	46.473278	-121.43188899999998	0.0	0.0	0.0021
Ochotona	0.0	0.0	44.096123	-114.61263600000001	0.0	0.0	0.0021
Ochotona	0.0	0.0	38.86468	-120.13727800000001	0.0	0.0	0.0021
Ochotona	0.0	0.0	47.581309999999995	-121.15839	0.0	0.0	0.0021
Ochotona	0.0	0.0	47.44825	-121.38128	0.0	0.0	0.0021
Ochotona	0.0	0.0	41.363609999999994	-122.19333	0.0	0.0	0.0021
Ochotona	0.0	0.0	40.556447	-121.178026	0.0	0.0	0.0021
Ochotona	0.0	0.0	40.551111999999996	-121.17480800000001	0.0	0.0	0.0021
Ochotona	0.0	0.0	47.461752000000004	-121.642926	0.0	0.0	0.0021
Ochotona	0.0	0.0	37.906833	-119.2425	0.0	0.0	0.0021
Ochotona	0.0	0.0	47.279193	-120.416339	0.0	0.0	0.0021
Ochotona	0.0	0.0	36.77555200000001	-118.404601	0.0	0.0	0.0021
Ochotona	0.0	0.0	44.46505300000001	-110.130043	0.0	0.0	0.0021
Ochotona	0.0	0.0	37.054268	-118.510209	0.0	0.0	0.0021
Ochotona	0.0	0.0	40.410687	-105.730501	0.0	0.0	0.0021
Ochotona	0.0	0.0	37.546655	-118.87333799999999	0.0	0.0	0.0021
Ochotona	0.0	0.0	40.56609	-111.62368300000001	0.0	0.0	0.0021
Ochotona	0.0	0.0	63.431785999999995	-150.310953	0.0	0.0	0.0021
Ochotona	0.0	0.0	38.52203	-119.77604	0.0	0.0	0.0021
Ochotona	0.0	0.0	38.858739	-107.197053	0.0	0.0	0.0021
Ochotona	0.0	0.0	37.76024	-119.24695	0.0	0.0	0.0021
Ochotona	0.0	0.0	40.396605	-105.671699	0.0	0.0	0.0021
Ochotona	0.0	0.0	37.419321000000004	-118.183775	0.0	0.0	0.0021
Ochotona	0.0	0.0	40.599406	-111.595134	0.0	0.0	0.0021
Ochotona	0.0	0.0	40.424578000000004	-105.754094	0.0	0.0	0.0021
Ochotona	0.0	0.0	40.342793	-105.68363899999999	0.0	0.0	0.0021
Ochotona	0.0	0.0	39.151786	-106.567479	0.0	0.0	0.0021
Ochotona	0.0	0.0	38.87777	-120.14260900000001	0.0	0.0	0.0021
Ochotona	0.0	0.0	36.451562	-118.575474	0.0	0.0	0.0021
Ochotona	0.0	0.0	36.451833	-118.56333300000001	0.0	0.0	0.0021
Ochotona	0.0	0.0	39.035694	-106.99792	0.0	0.0	0.0021
Ochotona	0.0	0.0	36.451995000000004	-118.563286	0.0	0.0	0.0021
Ochotona	0.0	0.0	39.449251000000004	-106.87594399999999	0.0	0.0	0.0021
Ochotona	0.0	0.0	40.54372	-111.67325600000001	0.0	0.0	0.0021
Ochotona	0.0	0.0	36.510688	-118.543081	0.0	0.0	0.0021
Ochotona	0.0	0.0	39.035652	-106.99789799999999	0.0	0.0	0.0021
Ochotona	0.0	0.0	39.089193	-106.96513200000001	0.0	0.0	0.0021
Ochotona	0.0	0.0	36.454464	-118.57606899999999	0.0	0.0	0.0021
Ochotona	0.0	0.0	36.450767	-118.563157	0.0	0.0	0.0021
Ochotona	0.0	0.0	36.689735999999996	-118.375097	0.0	0.0	0.0021
Ochotona	0.0	0.0	36.443946000000004	-118.561797	0.0	0.0	0.0021
Ochotona	0.0	0.0	39.004560999999995	-106.939448	0.0	0.0	0.0021
Ochotona	0.0	0.0	40.424792	-105.75346100000002	0.0	0.0	0.0021
Ochotona	0.0	0.0	39.153875	-106.567554	0.0	0.0	0.0021
Ochotona	0.0	0.0	40.285128	-105.688179	0.0	0.0	0.0021
Ochotona	0.0	0.0	36.45197	-118.575061	0.0	0.0	0.0021
Ochotona	0.0	0.0	39.035694	-106.99792	0.0	0.0	0.0021
Ochotona	0.0	0.0	36.575788	-105.417496	0.0	0.0	0.0021
Ochotona	0.0	0.0	40.434274	-105.758343	0.0	0.0	0.0021
Ochotona	0.0	0.0	38.903933	-120.13900600000001	0.0	0.0	0.0021
Ochotona	0.0	0.0	37.995554	-107.784548	0.0	0.0	0.0021
Ochotona	0.0	0.0	45.194539	-109.765579	0.0	0.0	0.0021
Ochotona	0.0	0.0	47.453336	-121.28033899999998	0.0	0.0	0.0021
Ochotona	0.0	0.0	45.192262	-109.78588	0.0	0.0	0.0021
Ochotona	0.0	0.0	39.037386	-106.479505	0.0	0.0	0.0021
Ochotona	0.0	0.0	37.751037	-111.871204	0.0	0.0	0.0021
Ochotona	0.0	0.0	40.600968	-111.55240900000001	0.0	0.0	0.0021
Ochotona	0.0	0.0	38.859189	-120.122225	0.0	0.0	0.0021
Ochotona	0.0	0.0	38.225707	-119.06936499999999	0.0	0.0	0.0021
Ochotona	0.0	0.0	39.352356	-119.92546000000002	0.0	0.0	0.0021
Ochotona	0.0	0.0	37.567888	-107.46822	0.0	0.0	0.0021
Ochotona	0.0	0.0	38.059794000000004	-107.510506	0.0	0.0	0.0021
Ochotona	0.0	0.0	37.143386	-118.55216899999999	0.0	0.0	0.0021
Ochotona	0.0	0.0	37.52448	-106.41705	0.0	0.0	0.0021
Ochotona	0.0	0.0	39.993318	-107.22822	0.0	0.0	0.0021
Ochotona	0.0	0.0	39.14937000000001	-106.567669	0.0	0.0	0.0021
Ochotona	0.0	0.0	40.314704	-105.670071	0.0	0.0	0.0021
Ochotona	0.0	0.0	63.733321	-148.940251	0.0	0.0	0.0021
Ochotona	0.0	0.0	40.668579	-110.94735	0.0	0.0	0.0021
Ochotona	0.0	0.0	38.44809	-109.230731	0.0	0.0	0.0021
Ochotona	0.0	0.0	39.663598	-105.879178	0.0	0.0	0.0021
Ochotona	0.0	0.0	40.4123	-105.733368	0.0	0.0	0.0021
Ochotona	0.0	0.0	40.416595	-105.814384	0.0	0.0	0.0021
Ochotona	0.0	0.0	36.533433	-105.426006	0.0	0.0	0.0021
Ochotona	0.0	0.0	44.56029	-121.8735	0.0	0.0	0.0021
Ochotona	0.0	0.0	43.764063	-110.75958999999999	0.0	0.0	0.0021
Ochotona	0.0	0.0	43.65462700000001	-110.717774	0.0	0.0	0.0021
Ochotona	0.0	0.0	36.564461	-105.43132800000001	0.0	0.0	0.0021
Ochotona	0.0	0.0	38.64333	-119.98926000000002	0.0	0.0	0.0021
Ochotona	0.0	0.0	40.603814	-111.59204	0.0	0.0	0.0021
Ochotona	0.0	0.0	43.761386	-110.73165900000001	0.0	0.0	0.0021
Ochotona	0.0	0.0	40.435752	-105.706299	0.0	0.0	0.0021
Ochotona	0.0	0.0	39.089542	-106.964124	0.0	0.0	0.0021
Ochotona	0.0	0.0	45.233762	-117.25053100000001	0.0	0.0	0.0021
Ochotona	0.0	0.0	44.797715999999994	-110.43436799999999	0.0	0.0	0.0021
Ochotona	0.0	0.0	38.350029	-119.64390800000001	0.0	0.0	0.0021
Ochotona	0.0	0.0	46.18427	-122.18868400000001	0.0	0.0	0.0021
Ochotona	0.0	0.0	37.406569	-118.72113799999998	0.0	0.0	0.0021
Ochotona	0.0	0.0	37.463701	-118.747225	0.0	0.0	0.0021
Ochotona	0.0	0.0	48.516405999999996	-113.666173	0.0	0.0	0.0021
Ochotona	0.0	0.0	46.789777	-121.732403	0.0	0.0	0.0021
Ochotona	0.0	0.0	39.662937	-105.88484299999999	0.0	0.0	0.0021
Ochotona	0.0	0.0	40.581024	-111.64692099999999	0.0	0.0	0.0021
Ochotona	0.0	0.0	48.604634999999995	-113.79393799999998	0.0	0.0	0.0021
Ochotona	0.0	0.0	40.439995	-105.757442	0.0	0.0	0.0021
Ochotona	0.0	0.0	40.342793	-105.68363899999999	0.0	0.0	0.0021
Ochotona	0.0	0.0	39.067372	-120.22993899999999	0.0	0.0	0.0021
Ochotona	0.0	0.0	61.113712	-149.622097	0.0	0.0	0.0021
Ochotona	0.0	0.0	47.457783	-121.444349	0.0	0.0	0.0021
Ochotona	0.0	0.0	40.342793	-105.68363899999999	0.0	0.0	0.0021
Ochotona	0.0	0.0	43.756341	-110.74081399999999	0.0	0.0	0.0021
Ochotona	0.0	0.0	36.622462	-105.46436200000001	0.0	0.0	0.0021
Ochotona	0.0	0.0	40.723506	-110.867071	0.0	0.0	0.0021
Ochotona	0.0	0.0	40.424709	-105.805978	0.0	0.0	0.0021
Ochotona	0.0	0.0	39.012377	-106.84511299999998	0.0	0.0	0.0021
Ochotona	0.0	0.0	36.598356	-118.674916	0.0	0.0	0.0021
Ochotona	0.0	0.0	37.848168	-108.02541000000001	0.0	0.0	0.0021
Ochotona	0.0	0.0	40.268236	-105.58620400000001	0.0	0.0	0.0021
Ochotona	0.0	0.0	47.453514	-121.435833	0.0	0.0	0.0021
Ochotona	0.0	0.0	46.757034000000004	-121.73628300000001	0.0	0.0	0.0021
Ochotona	0.0	0.0	40.4307	-105.760795	0.0	0.0	0.0021
Ochotona	0.0	0.0	39.387747999999995	-106.09821299999999	0.0	0.0	0.0021
Ochotona	0.0	0.0	36.562255	-118.57835800000001	0.0	0.0	0.0021
Ochotona	0.0	0.0	61.795035999999996	-149.273643	0.0	0.0	0.0021
Ochotona	0.0	0.0	36.634772	-105.450156	0.0	0.0	0.0021
Ochotona	0.0	0.0	38.841072	-120.17215	0.0	0.0	0.0021
Ochotona	0.0	0.0	36.509636	-105.490723	0.0	0.0	0.0021
Ochotona	0.0	0.0	36.56146500000001	-118.283185	0.0	0.0	0.0021
Ochotona	0.0	0.0	36.416843	-118.604698	0.0	0.0	0.0021
Ochotona	0.0	0.0	36.563643	-105.432943	0.0	0.0	0.0021
Ochotona	0.0	0.0	36.423246	-118.60458200000001	0.0	0.0	0.0021
Ochotona	0.0	0.0	47.381591	-121.33634199999999	0.0	0.0	0.0021
Ochotona	0.0	0.0	37.810733	-119.48518	0.0	0.0	0.0021
Ochotona	0.0	0.0	46.914831	-121.64231699999999	0.0	0.0	0.0021
Ochotona	0.0	0.0	37.023815	-118.42216699999999	0.0	0.0	0.0021
Ochotona	0.0	0.0	38.92534600000001	-120.14976499999999	0.0	0.0	0.0021
Ochotona	0.0	0.0	40.440909999999995	-105.754557	0.0	0.0	0.0021
Ochotona	0.0	0.0	46.755664	-121.77898400000001	0.0	0.0	0.0021
Ochotona	0.0	0.0	46.862978999999996	-121.65826299999999	0.0	0.0	0.0021
Ochotona	0.0	0.0	48.20900200000001	-115.913829	0.0	0.0	0.0021
Ochotona	0.0	0.0	40.41054000000001	-105.730562	0.0	0.0	0.0021
Ochotona	0.0	0.0	47.452875	-120.935612	0.0	0.0	0.0021
Ochotona	0.0	0.0	36.611575	-118.694602	0.0	0.0	0.0021
Ochotona	0.0	0.0	36.78892800000001	-118.413503	0.0	0.0	0.0021
Ochotona	0.0	0.0	40.392641999999995	-105.70851	0.0	0.0	0.0021
Ochotona	0.0	0.0	43.640116	-110.82821000000001	0.0	0.0	0.0021
Ochotona	0.0	0.0	43.765503	-110.75724299999999	0.0	0.0	0.0021
Ochotona	0.0	0.0	43.83205	-110.76416	0.0	0.0	0.0021
Ochotona	0.0	0.0	40.342793	-105.68363899999999	0.0	0.0	0.0021
Ochotona	0.0	0.0	40.342793	-105.68363899999999	0.0	0.0	0.0021
Ochotona	0.0	0.0	40.342793	-105.68363899999999	0.0	0.0	0.0021
Ochotona	0.0	0.0	40.342793	-105.68363899999999	0.0	0.0	0.0021
Ochotona	0.0	0.0	40.615	-115.3797	0.0	0.0	0.0021
Ochotona	0.0	0.0	40.615	-115.3797	0.0	0.0	0.0021
Ochotona	0.0	0.0	47.751073999999996	-120.74013899999999	0.0	0.0	0.0021
Ochotona	0.0	0.0	37.416868	-118.753624	0.0	0.0	0.0021
Ochotona	0.0	0.0	48.473917	-121.06264099999999	0.0	0.0	0.0021
Ochotona	0.0	0.0	48.967392	-121.156696	0.0	0.0	0.0021
Ochotona	0.0	0.0	52.273748	-117.308847	0.0	0.0	0.0021
Ochotona	0.0	0.0	62.106929	-127.575876	0.0	0.0	0.0021
Ochotona	0.0	0.0	61.189494999999994	-138.300225	0.0	0.0	0.0021
Ochotona	0.0	0.0	49.081556	-121.457054	0.0	0.0	0.0021
Ochotona	0.0	0.0	50.102765999999995	-122.99028100000001	0.0	0.0	0.0021
Ochotona	0.0	0.0	50.102985	-122.990227	0.0	0.0	0.0021
Ochotona	0.0	0.0	49.08120200000001	-120.763545	0.0	0.0	0.0021
Ochotona	0.0	0.0	50.099854	-122.993346	0.0	0.0	0.0021
Ochotona	0.0	0.0	49.080637	-120.764859	0.0	0.0	0.0021
Ochotona	0.0	0.0	49.081103999999996	-120.766046	0.0	0.0	0.0021
Ochotona	0.0	0.0	49.010834	-120.837776	0.0	0.0	0.0021
Ochotona	0.0	0.0	67.78670600000001	-136.705383	0.0	0.0	0.0021
Ochotona	0.0	0.0	53.074611	-119.184595	0.0	0.0	0.0021
Ochotona	0.0	0.0	49.064598	-117.046893	0.0	0.0	0.0021
Ochotona	0.0	0.0	49.731390999999995	-117.16240400000001	0.0	0.0	0.0021
Ochotona	0.0	0.0	50.546613	-122.942394	0.0	0.0	0.0021
Ochotona	0.0	0.0	49.298891999999995	-121.262809	0.0	0.0	0.0021
Ochotona	0.0	0.0	49.065104	-117.049125	0.0	0.0	0.0021
Ochotona	0.0	0.0	64.67528100000001	-138.458392	0.0	0.0	0.0021
Ochotona	0.0	0.0	49.066573999999996	-120.800835	0.0	0.0	0.0021
Ochotona	0.0	0.0	49.754635	-119.442652	0.0	0.0	0.0021
Ochotona	0.0	0.0	50.97353	-115.668085	0.0	0.0	0.0021
Ochotona	0.0	0.0	49.690444	-117.153807	0.0	0.0	0.0021
Ochotona	0.0	0.0	49.070910999999995	-120.19268799999999	0.0	0.0	0.0021
Ochotona	0.0	0.0	49.843057	-115.43317900000001	0.0	0.0	0.0021
Ochotona	0.0	0.0	51.063359999999996	-118.117705	0.0	0.0	0.0021
Ochotona	0.0	0.0	49.061274	-117.051744	0.0	0.0	0.0021
Ochotona	0.0	0.0	49.840087	-115.446545	0.0	0.0	0.0021
Ochotona	0.0	0.0	49.849809	-115.43851299999999	0.0	0.0	0.0021
Ochotona	0.0	0.0	51.061896000000004	-118.132981	0.0	0.0	0.0021
Ochotona	0.0	0.0	65.08009399999999	-138.36525	0.0	0.0	0.0021
Ochotona	0.0	0.0	50.541628	-114.797522	0.0	0.0	0.0021
Ochotona	0.0	0.0	49.998247	-115.463424	0.0	0.0	0.0021
Ochotona	0.0	0.0	63.941362	-135.221732	0.0	0.0	0.0021
Ochotona	0.0	0.0	60.857777	-138.566116	0.0	0.0	0.0021
Ochotona	0.0	0.0	64.073595	-135.31418200000002	0.0	0.0	0.0021
Ochotona	0.0	0.0	49.094832000000004	-120.76688200000001	0.0	0.0	0.0021
Ochotona	0.0	0.0	50.058681	-122.957187	0.0	0.0	0.0021
Ochotona	0.0	0.0	61.39370699999999	-138.18132	0.0	0.0	0.0021
Ochotona	0.0	0.0	62.147803	-127.769843	0.0	0.0	0.0021
Ochotona	0.0	0.0	61.297380000000004	-139.471146	0.0	0.0	0.0021
Ochotona	0.0	0.0	60.882088	-136.021228	0.0	0.0	0.0021
Ochotona	0.0	0.0	49.51124	-115.161447	0.0	0.0	0.0021
Ochotona	0.0	0.0	50.60557	-114.98064699999999	0.0	0.0	0.0021
Ochotona	0.0	0.0	49.56328900000001	-121.149248	0.0	0.0	0.0021
Ochotona	0.0	0.0	49.76309000000001	-117.157196	0.0	0.0	0.0021
Ochotona	0.0	0.0	60.618885	-135.137727	0.0	0.0	0.0021
Ochotona	0.0	0.0	49.071472	-120.764551	0.0	0.0	0.0021
Ochotona	0.0	0.0	52.684113	-118.04969799999999	0.0	0.0	0.0021
Ochotona	0.0	0.0	52.873383	-117.95429399999999	0.0	0.0	0.0021
Ochotona	0.0	0.0	52.690895	-118.057328	0.0	0.0	0.0021
Ochotona	0.0	0.0	51.327221	-116.17944299999999	0.0	0.0	0.0021
Ochotona	0.0	0.0	51.464564	-116.498622	0.0	0.0	0.0021
Ochotona	0.0	0.0	51.088857	-118.040443	0.0	0.0	0.0021
Ochotona	0.0	0.0	51.04736	-118.13965300000001	0.0	0.0	0.0021
Ochotona	0.0	0.0	50.591088	-115.155157	0.0	0.0	0.0021
Ochotona	0.0	0.0	52.68421800000001	-118.053675	0.0	0.0	0.0021
Ochotona	0.0	0.0	49.04732	-120.779228	0.0	0.0	0.0021
Ochotona	0.0	0.0	53.110023999999996	-117.748554	0.0	0.0	0.0021
Ochotona	0.0	0.0	51.413540999999995	-116.249224	0.0	0.0	0.0021
Ochotona	0.0	0.0	51.309262	-115.925481	0.0	0.0	0.0021
Ochotona	0.0	0.0	51.327749	-116.18005500000001	0.0	0.0	0.0021
Ochotona	0.0	0.0	52.874070999999994	-117.79983500000002	0.0	0.0	0.0021
Ochotona	0.0	0.0	52.695825	-117.683631	0.0	0.0	0.0021
Ochotona	0.0	0.0	64.930753	-138.291178	0.0	0.0	0.0021
Ochotona	0.0	0.0	49.370089	-121.364822	0.0	0.0	0.0021
Ochotona	0.0	0.0	50.59754	-114.96890900000001	0.0	0.0	0.0021
Ochotona	0.0	0.0	49.02013400000001	-121.060005	0.0	0.0	0.0021
Ochotona	0.0	0.0	50.591088	-115.155157	0.0	0.0	0.0021
Ochotona	0.0	0.0	52.83499499999999	-118.12658	0.0	0.0	0.0021
Ochotona	0.0	0.0	53.133357999999994	-117.75116399999999	0.0	0.0	0.0021
Ochotona	0.0	0.0	51.213793	-115.60355200000001	0.0	0.0	0.0021
Ochotona	0.0	0.0	49.061221	-120.16581399999998	0.0	0.0	0.0021
Ochotona	0.0	0.0	51.39950200000001	-116.25748700000001	0.0	0.0	0.0021
Ochotona	0.0	0.0	51.123611	-115.555555	0.0	0.0	0.0021
Ochotona	0.0	0.0	51.407132	-116.240477	0.0	0.0	0.0021
Ochotona	0.0	0.0	51.405694	-116.240889	0.0	0.0	0.0021
Ochotona	0.0	0.0	63.942799	-135.265736	0.0	0.0	0.0021
Ochotona	0.0	0.0	51.131	-115.562954	0.0	0.0	0.0021
Ochotona	0.0	0.0	52.698078	-118.04378100000001	0.0	0.0	0.0021
Ochotona	0.0	0.0	52.682778000000006	-118.046931	0.0	0.0	0.0021
Ochotona	0.0	0.0	50.592092	-114.88068600000001	0.0	0.0	0.0021
Ochotona	0.0	0.0	52.283103000000004	-116.78484399999999	0.0	0.0	0.0021
Ochotona	0.0	0.0	51.253516	-115.694923	0.0	0.0	0.0021
Ochotona	0.0	0.0	50.110695	-122.95883400000001	0.0	0.0	0.0021
Ochotona	0.0	0.0	51.345727000000004	-117.190087	0.0	0.0	0.0021
Ochotona	0.0	0.0	50.850649	-115.135535	0.0	0.0	0.0021
Ochotona	0.0	0.0	57.933868999999994	-123.563378	0.0	0.0	0.0021
Ochotona	0.0	0.0	52.69687	-117.682854	0.0	0.0	0.0021
Ochotona	0.0	0.0	64.62076	-138.83652	0.0	0.0	0.0021
Ochotona	0.0	0.0	64.66422	-127.856357	0.0	0.0	0.0021
Ochotona	0.0	0.0	51.327501	-116.17921799999999	0.0	0.0	0.0021
Ochotona	0.0	0.0	64.34071899999999	-127.967504	0.0	0.0	0.0021
Ochotona	0.0	0.0	52.67953000000001	-118.044362	0.0	0.0	0.0021
Ochotona	0.0	0.0	49.377136	-122.94283300000001	0.0	0.0	0.0021
Ochotona	0.0	0.0	50.625019	-115.00921000000001	0.0	0.0	0.0021
Ochotona	0.0	0.0	52.682671	-118.04713899999999	0.0	0.0	0.0021
Ochotona	0.0	0.0	51.49684600000001	-115.92805600000001	0.0	0.0	0.0021
Ochotona	0.0	0.0	51.460732	-116.493691	0.0	0.0	0.0021
Ochotona	0.0	0.0	52.872938	-117.80261999999999	0.0	0.0	0.0021
Ochotona	0.0	0.0	60.625788	-135.16105	0.0	0.0	0.0021
Ochotona	0.0	0.0	52.682054	-118.045092	0.0	0.0	0.0021
Ochotona	0.0	0.0	52.683129	-118.047747	0.0	0.0	0.0021
Ochotona	0.0	0.0	51.202092	-115.58763300000001	0.0	0.0	0.0021
Ochotona	0.0	0.0	51.328195	-116.18007800000001	0.0	0.0	0.0021
Ochotona	0.0	0.0	63.201864	-130.095205	0.0	0.0	0.0021
Ochotona	0.0	0.0	51.327052	-116.17845200000001	0.0	0.0	0.0021
Ochotona	0.0	0.0	50.826423999999996	-115.22605	0.0	0.0	0.0021
Ochotona	0.0	0.0	64.60718299999999	-138.311124	0.0	0.0	0.0021
