species	max_age	min_age	lat	lon	family	mean_age	rounded_ages
Peromyscus	0.0	0.0	47.655101	-122.009149	0.0	0.0	0.0021
Peromyscus	0.0	0.0	38.010446	-122.49793600000001	0.0	0.0	0.0021
Peromyscus	0.0	0.0	38.019356	-119.163803	0.0	0.0	0.0021
Peromyscus	0.0	0.0	40.831969	-83.650549	0.0	0.0	0.0021
Peromyscus	0.0	0.0	30.229914	-97.594061	0.0	0.0	0.0021
Peromyscus	0.0	0.0	42.678047	-78.38069899999998	0.0	0.0	0.0021
Peromyscus	0.0	0.0	43.518552	-121.40747900000001	0.0	0.0	0.0021
Peromyscus	0.0	0.0	34.848788	-92.48503000000001	0.0	0.0	0.0021
Peromyscus	0.0	0.0	34.841113	-92.487512	0.0	0.0	0.0021
Peromyscus	0.0	0.0	30.231983000000003	-97.926074	0.0	0.0	0.0021
Peromyscus	0.0	0.0	38.720494	-77.276855	0.0	0.0	0.0021
Peromyscus	0.0	0.0	47.7118	-122.244075	0.0	0.0	0.0021
Peromyscus	0.0	0.0	30.23857000000001	-97.703486	0.0	0.0	0.0021
Peromyscus	0.0	0.0	43.082875	-89.39066899999996	0.0	0.0	0.0021
Peromyscus	0.0	0.0	34.349533	-119.052605	0.0	0.0	0.0021
Peromyscus	0.0	0.0	39.270179999999996	-95.776078	0.0	0.0	0.0021
Peromyscus	0.0	0.0	39.046170000000004	-84.12671	0.0	0.0	0.0021
Peromyscus	0.0	0.0	38.94622800000001	-92.446573	0.0	0.0	0.0021
Peromyscus	0.0	0.0	46.188402	-123.796773	0.0	0.0	0.0021
Peromyscus	0.0	0.0	43.03890300000001	-87.906474	0.0	0.0	0.0021
Peromyscus	0.0	0.0	47.598334	-122.18523799999998	0.0	0.0	0.0021
Peromyscus	0.0	0.0	41.146431	-87.882065	0.0	0.0	0.0021
Peromyscus	0.0	0.0	34.609883	-86.702354	0.0	0.0	0.0021
Peromyscus	0.0	0.0	34.465233000000005	-93.9988	0.0	0.0	0.0021
Peromyscus	0.0	0.0	34.348562	-119.050789	0.0	0.0	0.0021
Peromyscus	0.0	0.0	34.628889	-94.216111	0.0	0.0	0.0021
Peromyscus	0.0	0.0	34.465317	-93.998467	0.0	0.0	0.0021
Peromyscus	0.0	0.0	47.554928000000004	-122.372979	0.0	0.0	0.0021
Peromyscus	0.0	0.0	39.932544	-86.109052	0.0	0.0	0.0021
Peromyscus	0.0	0.0	41.857053	-88.401733	0.0	0.0	0.0021
Peromyscus	0.0	0.0	27.570899	-99.429304	0.0	0.0	0.0021
Peromyscus	0.0	0.0	27.57661400000001	-99.425572	0.0	0.0	0.0021
Peromyscus	0.0	0.0	32.037504999999996	-85.478597	0.0	0.0	0.0021
Peromyscus	0.0	0.0	41.716676	-103.673283	0.0	0.0	0.0021
Peromyscus	0.0	0.0	47.48233	-122.359567	0.0	0.0	0.0021
Peromyscus	0.0	0.0	31.48573	-109.344812	0.0	0.0	0.0021
Peromyscus	0.0	0.0	47.836169	-122.18643	0.0	0.0	0.0021
Peromyscus	0.0	0.0	34.250316999999995	-118.622226	0.0	0.0	0.0021
Peromyscus	0.0	0.0	41.513451	-80.049245	0.0	0.0	0.0021
Peromyscus	0.0	0.0	39.735322	-123.82603300000001	0.0	0.0	0.0021
Peromyscus	0.0	0.0	46.061679	-95.807682	0.0	0.0	0.0021
Peromyscus	0.0	0.0	33.060418	-96.93612399999999	0.0	0.0	0.0021
Peromyscus	0.0	0.0	44.639419000000004	-69.22527	0.0	0.0	0.0021
Peromyscus	0.0	0.0	43.132305	-72.525762	0.0	0.0	0.0021
Peromyscus	0.0	0.0	30.527709	-95.678823	0.0	0.0	0.0021
Peromyscus	0.0	0.0	33.058824	-96.936695	0.0	0.0	0.0021
Peromyscus	0.0	0.0	39.590767	-82.14412800000002	0.0	0.0	0.0021
Peromyscus	0.0	0.0	38.934307000000004	-77.12557199999998	0.0	0.0	0.0021
Peromyscus	0.0	0.0	33.058861	-96.93666999999999	0.0	0.0	0.0021
Peromyscus	0.0	0.0	30.307772999999997	-95.66486	0.0	0.0	0.0021
Peromyscus	0.0	0.0	42.468033	-70.903053	0.0	0.0	0.0021
Peromyscus	0.0	0.0	36.483529	-121.185099	0.0	0.0	0.0021
Peromyscus	0.0	0.0	40.695571	-84.14886700000002	0.0	0.0	0.0021
Peromyscus	0.0	0.0	41.081823	-81.27064	0.0	0.0	0.0021
Peromyscus	0.0	0.0	40.802202	-77.80551899999998	0.0	0.0	0.0021
Peromyscus	0.0	0.0	37.56305800000001	-96.503967	0.0	0.0	0.0021
Peromyscus	0.0	0.0	36.4835	-121.185119	0.0	0.0	0.0021
Peromyscus	0.0	0.0	41.716924	-103.674141	0.0	0.0	0.0021
Peromyscus	0.0	0.0	41.818528	-87.831611	0.0	0.0	0.0021
Peromyscus	0.0	0.0	40.90915	-73.08590799999998	0.0	0.0	0.0021
Peromyscus	0.0	0.0	47.120212	-122.935749	0.0	0.0	0.0021
Peromyscus	0.0	0.0	42.472912	-84.001379	0.0	0.0	0.0021
Peromyscus	0.0	0.0	41.818493	-87.831609	0.0	0.0	0.0021
Peromyscus	0.0	0.0	37.622505	-121.52848	0.0	0.0	0.0021
Peromyscus	0.0	0.0	42.475281	-83.98265	0.0	0.0	0.0021
Peromyscus	0.0	0.0	37.652497	-121.480575	0.0	0.0	0.0021
Peromyscus	0.0	0.0	36.207008	-83.419113	0.0	0.0	0.0021
Peromyscus	0.0	0.0	44.443683	-73.000686	0.0	0.0	0.0021
Peromyscus	0.0	0.0	58.39774499999999	-134.667463	0.0	0.0	0.0021
Peromyscus	0.0	0.0	35.41569699999999	-117.76011299999999	0.0	0.0	0.0021
Peromyscus	0.0	0.0	34.237838	-117.28263799999999	0.0	0.0	0.0021
Peromyscus	0.0	0.0	37.839085	-89.177531	0.0	0.0	0.0021
Peromyscus	0.0	0.0	38.064344	-122.805066	0.0	0.0	0.0021
Peromyscus	0.0	0.0	48.059289	-121.367072	0.0	0.0	0.0021
Peromyscus	0.0	0.0	40.08736	-95.07774599999999	0.0	0.0	0.0021
Peromyscus	0.0	0.0	42.474317	-70.899187	0.0	0.0	0.0021
Peromyscus	0.0	0.0	40.82608	-81.093781	0.0	0.0	0.0021
Peromyscus	0.0	0.0	37.077663	-119.185829	0.0	0.0	0.0021
Peromyscus	0.0	0.0	34.312283	-119.281617	0.0	0.0	0.0021
Peromyscus	0.0	0.0	48.438512	-120.248153	0.0	0.0	0.0021
Peromyscus	0.0	0.0	39.957753000000004	-82.579047	0.0	0.0	0.0021
Peromyscus	0.0	0.0	40.331963	-79.091111	0.0	0.0	0.0021
Peromyscus	0.0	0.0	40.552717	-79.703492	0.0	0.0	0.0021
Peromyscus	0.0	0.0	42.31242	-70.951611	0.0	0.0	0.0021
Peromyscus	0.0	0.0	34.418597999999996	-119.88094299999999	0.0	0.0	0.0021
Peromyscus	0.0	0.0	35.967232	-78.95843	0.0	0.0	0.0021
Peromyscus	0.0	0.0	42.312279	-70.951427	0.0	0.0	0.0021
Peromyscus	0.0	0.0	30.157261	-98.178517	0.0	0.0	0.0021
Peromyscus	0.0	0.0	30.25587100000001	-97.676034	0.0	0.0	0.0021
Peromyscus	0.0	0.0	41.966770000000004	-71.186996	0.0	0.0	0.0021
Peromyscus	0.0	0.0	33.433395000000004	-88.820249	0.0	0.0	0.0021
Peromyscus	0.0	0.0	32.706865	-100.547933	0.0	0.0	0.0021
Peromyscus	0.0	0.0	29.424533	-94.95823299999999	0.0	0.0	0.0021
Peromyscus	0.0	0.0	45.875838	-89.758775	0.0	0.0	0.0021
Peromyscus	0.0	0.0	32.54157	-117.10935	0.0	0.0	0.0021
Peromyscus	0.0	0.0	32.951209999999996	-116.305626	0.0	0.0	0.0021
Peromyscus	0.0	0.0	43.315108	-84.16390200000002	0.0	0.0	0.0021
Peromyscus	0.0	0.0	33.751668	-118.09598899999999	0.0	0.0	0.0021
Peromyscus	0.0	0.0	38.044119	-122.74885400000001	0.0	0.0	0.0021
Peromyscus	0.0	0.0	45.41657	-122.541024	0.0	0.0	0.0021
Peromyscus	0.0	0.0	41.97006	-72.459068	0.0	0.0	0.0021
Peromyscus	0.0	0.0	41.056414000000004	-81.91547299999998	0.0	0.0	0.0021
Peromyscus	0.0	0.0	39.598063	-79.957954	0.0	0.0	0.0021
Peromyscus	0.0	0.0	39.324528	-76.646438	0.0	0.0	0.0021
Peromyscus	0.0	0.0	42.790114	-112.443858	0.0	0.0	0.0021
Peromyscus	0.0	0.0	33.457886	-117.170721	0.0	0.0	0.0021
Peromyscus	0.0	0.0	45.421485	-93.18816	0.0	0.0	0.0021
Peromyscus	0.0	0.0	42.438016999999995	-79.12508299999998	0.0	0.0	0.0021
Peromyscus	0.0	0.0	41.2565	-72.5446	0.0	0.0	0.0021
Peromyscus	0.0	0.0	42.27777800000001	-71.22116899999997	0.0	0.0	0.0021
Peromyscus	0.0	0.0	37.321962	-121.66950700000001	0.0	0.0	0.0021
Peromyscus	0.0	0.0	35.786113	-78.728487	0.0	0.0	0.0021
Peromyscus	0.0	0.0	37.272498999999996	-122.14678500000001	0.0	0.0	0.0021
Peromyscus	0.0	0.0	41.95538300000001	-87.657282	0.0	0.0	0.0021
Peromyscus	0.0	0.0	32.341263	-96.5188	0.0	0.0	0.0021
Peromyscus	0.0	0.0	27.861684999999998	-81.170192	0.0	0.0	0.0021
Peromyscus	0.0	0.0	38.901222	-95.465875	0.0	0.0	0.0021
Peromyscus	0.0	0.0	44.420842	-69.530753	0.0	0.0	0.0021
Peromyscus	0.0	0.0	40.627239	-105.04176000000001	0.0	0.0	0.0021
Peromyscus	0.0	0.0	41.055095	-81.543817	0.0	0.0	0.0021
Peromyscus	0.0	0.0	34.560704	-93.84319	0.0	0.0	0.0021
Peromyscus	0.0	0.0	46.549942	-120.50039699999999	0.0	0.0	0.0021
Peromyscus	0.0	0.0	38.020028	-122.66538100000001	0.0	0.0	0.0021
Peromyscus	0.0	0.0	36.702386	-121.61961699999999	0.0	0.0	0.0021
Peromyscus	0.0	0.0	39.520378	-76.410388	0.0	0.0	0.0021
Peromyscus	0.0	0.0	43.643055	-72.41166700000002	0.0	0.0	0.0021
Peromyscus	0.0	0.0	41.130694	-81.619268	0.0	0.0	0.0021
Peromyscus	0.0	0.0	35.937625	-83.976555	0.0	0.0	0.0021
Peromyscus	0.0	0.0	42.446052	-71.475248	0.0	0.0	0.0021
Peromyscus	0.0	0.0	47.744887	-107.77585	0.0	0.0	0.0021
Peromyscus	0.0	0.0	34.115320000000004	-118.374	0.0	0.0	0.0021
Peromyscus	0.0	0.0	45.52064	-121.59013	0.0	0.0	0.0021
Peromyscus	0.0	0.0	32.791591	-80.197552	0.0	0.0	0.0021
Peromyscus	0.0	0.0	34.116198	-118.992811	0.0	0.0	0.0021
Peromyscus	0.0	0.0	39.394517	-76.574203	0.0	0.0	0.0021
Peromyscus	0.0	0.0	34.983833000000004	-119.18690500000001	0.0	0.0	0.0021
Peromyscus	0.0	0.0	41.134475	-81.604928	0.0	0.0	0.0021
Peromyscus	0.0	0.0	40.035574	-75.113552	0.0	0.0	0.0021
Peromyscus	0.0	0.0	32.796161	-80.20102800000002	0.0	0.0	0.0021
Peromyscus	0.0	0.0	34.983815	-119.186853	0.0	0.0	0.0021
Peromyscus	0.0	0.0	34.983610999999996	-119.18666699999999	0.0	0.0	0.0021
Peromyscus	0.0	0.0	37.035371999999995	-121.96603	0.0	0.0	0.0021
Peromyscus	0.0	0.0	37.857762	-122.20307199999999	0.0	0.0	0.0021
Peromyscus	0.0	0.0	37.99695300000001	-122.60042299999999	0.0	0.0	0.0021
Peromyscus	0.0	0.0	41.362895	-81.487656	0.0	0.0	0.0021
Peromyscus	0.0	0.0	39.813899	-75.718264	0.0	0.0	0.0021
Peromyscus	0.0	0.0	34.822547	-83.792908	0.0	0.0	0.0021
Peromyscus	0.0	0.0	39.301731	-76.78126999999998	0.0	0.0	0.0021
Peromyscus	0.0	0.0	39.160354999999996	-84.179016	0.0	0.0	0.0021
Peromyscus	0.0	0.0	46.108486	-122.210295	0.0	0.0	0.0021
Peromyscus	0.0	0.0	47.554387	-122.373951	0.0	0.0	0.0021
Peromyscus	0.0	0.0	28.570278000000002	-80.99638900000002	0.0	0.0	0.0021
Peromyscus	0.0	0.0	43.263681	-123.466784	0.0	0.0	0.0021
Peromyscus	0.0	0.0	40.282036	-80.08333499999998	0.0	0.0	0.0021
Peromyscus	0.0	0.0	44.890933000000004	-93.182551	0.0	0.0	0.0021
Peromyscus	0.0	0.0	34.984155	-119.186573	0.0	0.0	0.0021
Peromyscus	0.0	0.0	42.6221	-85.97023	0.0	0.0	0.0021
Peromyscus	0.0	0.0	46.207703	-89.479217	0.0	0.0	0.0021
Peromyscus	0.0	0.0	41.24353	-74.54768	0.0	0.0	0.0021
Peromyscus	0.0	0.0	40.008793	-75.041522	0.0	0.0	0.0021
Peromyscus	0.0	0.0	46.208	-89.47975799999998	0.0	0.0	0.0021
Peromyscus	0.0	0.0	31.341978000000005	-94.897492	0.0	0.0	0.0021
Peromyscus	0.0	0.0	38.574488	-123.299797	0.0	0.0	0.0021
Peromyscus	0.0	0.0	46.226642	-89.51155	0.0	0.0	0.0021
Peromyscus	0.0	0.0	42.413853	-71.510553	0.0	0.0	0.0021
Peromyscus	0.0	0.0	31.298054999999998	-94.933722	0.0	0.0	0.0021
Peromyscus	0.0	0.0	33.102866	-100.564239	0.0	0.0	0.0021
Peromyscus	0.0	0.0	34.474237	-118.621192	0.0	0.0	0.0021
Peromyscus	0.0	0.0	41.700511999999996	-103.616629	0.0	0.0	0.0021
Peromyscus	0.0	0.0	42.243078000000004	-71.46706	0.0	0.0	0.0021
Peromyscus	0.0	0.0	32.123977000000004	-95.825695	0.0	0.0	0.0021
Peromyscus	0.0	0.0	41.85686	-71.45428100000002	0.0	0.0	0.0021
Peromyscus	0.0	0.0	34.003962	-117.127772	0.0	0.0	0.0021
Peromyscus	0.0	0.0	42.560893	-71.102815	0.0	0.0	0.0021
Peromyscus	0.0	0.0	41.707013	-103.679165	0.0	0.0	0.0021
Peromyscus	0.0	0.0	34.979692	-83.808747	0.0	0.0	0.0021
Peromyscus	0.0	0.0	39.023119	-77.954167	0.0	0.0	0.0021
Peromyscus	0.0	0.0	45.416652	-93.210063	0.0	0.0	0.0021
Peromyscus	0.0	0.0	29.480210999999997	-82.300814	0.0	0.0	0.0021
Peromyscus	0.0	0.0	46.993786	-121.619176	0.0	0.0	0.0021
Peromyscus	0.0	0.0	38.92192	-106.91653899999999	0.0	0.0	0.0021
Peromyscus	0.0	0.0	42.006483	-73.321191	0.0	0.0	0.0021
Peromyscus	0.0	0.0	44.097561	-70.29692	0.0	0.0	0.0021
Peromyscus	0.0	0.0	37.954871999999995	-122.55278899999999	0.0	0.0	0.0021
Peromyscus	0.0	0.0	41.02662700000001	-83.014902	0.0	0.0	0.0021
Peromyscus	0.0	0.0	46.237312	-89.54718000000004	0.0	0.0	0.0021
Peromyscus	0.0	0.0	42.861753	-103.636717	0.0	0.0	0.0021
Peromyscus	0.0	0.0	38.959398	-106.98950900000001	0.0	0.0	0.0021
Peromyscus	0.0	0.0	46.654444	-87.62944399999998	0.0	0.0	0.0021
Peromyscus	0.0	0.0	43.609558	-70.800033	0.0	0.0	0.0021
Peromyscus	0.0	0.0	40.028228999999996	-104.966793	0.0	0.0	0.0021
Peromyscus	0.0	0.0	42.128663	-87.826762	0.0	0.0	0.0021
Peromyscus	0.0	0.0	34.846971999999994	-92.488067	0.0	0.0	0.0021
Peromyscus	0.0	0.0	43.193902	-89.501963	0.0	0.0	0.0021
Peromyscus	0.0	0.0	33.189943	-116.32161699999999	0.0	0.0	0.0021
Peromyscus	0.0	0.0	42.298237	-71.32830799999998	0.0	0.0	0.0021
Peromyscus	0.0	0.0	44.903115	-85.954801	0.0	0.0	0.0021
Peromyscus	0.0	0.0	44.899031	-85.95406700000002	0.0	0.0	0.0021
Peromyscus	0.0	0.0	39.585007	-105.63773400000001	0.0	0.0	0.0021
Peromyscus	0.0	0.0	31.423897999999998	-111.163956	0.0	0.0	0.0021
Peromyscus	0.0	0.0	47.382797	-91.195145	0.0	0.0	0.0021
Peromyscus	0.0	0.0	45.99910300000001	-84.3674	0.0	0.0	0.0021
Peromyscus	0.0	0.0	31.141766999999998	-84.509272	0.0	0.0	0.0021
Peromyscus	0.0	0.0	38.785571999999995	-77.795225	0.0	0.0	0.0021
Peromyscus	0.0	0.0	34.534954	-119.804099	0.0	0.0	0.0021
Peromyscus	0.0	0.0	41.783711	-73.733412	0.0	0.0	0.0021
Peromyscus	0.0	0.0	40.873290000000004	-73.92371899999998	0.0	0.0	0.0021
Peromyscus	0.0	0.0	33.800575	-117.255316	0.0	0.0	0.0021
Peromyscus	0.0	0.0	33.796555	-117.25196100000001	0.0	0.0	0.0021
Peromyscus	0.0	0.0	41.182812	-73.68696700000002	0.0	0.0	0.0021
Peromyscus	0.0	0.0	37.867521999999994	-122.24639199999999	0.0	0.0	0.0021
Peromyscus	0.0	0.0	41.477087	-71.244359	0.0	0.0	0.0021
Peromyscus	0.0	0.0	41.893875	-72.634125	0.0	0.0	0.0021
Peromyscus	0.0	0.0	43.199286	-89.193291	0.0	0.0	0.0021
Peromyscus	0.0	0.0	40.311142	-79.991478	0.0	0.0	0.0021
Peromyscus	0.0	0.0	47.380212	-91.19354200000001	0.0	0.0	0.0021
Peromyscus	0.0	0.0	44.923038	-93.357628	0.0	0.0	0.0021
Peromyscus	0.0	0.0	39.836313	-75.14188	0.0	0.0	0.0021
Peromyscus	0.0	0.0	41.313513	-81.13993	0.0	0.0	0.0021
Peromyscus	0.0	0.0	42.026827000000004	-93.66005799999999	0.0	0.0	0.0021
Peromyscus	0.0	0.0	39.552446999999994	-82.262178	0.0	0.0	0.0021
Peromyscus	0.0	0.0	37.092147	-85.353081	0.0	0.0	0.0021
Peromyscus	0.0	0.0	44.942753	-93.198875	0.0	0.0	0.0021
Peromyscus	0.0	0.0	29.650246999999997	-100.06925799999999	0.0	0.0	0.0021
Peromyscus	0.0	0.0	47.794205	-122.22029099999999	0.0	0.0	0.0021
Peromyscus	0.0	0.0	42.126245000000004	-88.15146700000004	0.0	0.0	0.0021
Peromyscus	0.0	0.0	47.382542	-91.193597	0.0	0.0	0.0021
Peromyscus	0.0	0.0	43.149411	-92.121575	0.0	0.0	0.0021
Peromyscus	0.0	0.0	43.315069	-84.163983	0.0	0.0	0.0021
Peromyscus	0.0	0.0	39.19918300000001	-77.09895300000002	0.0	0.0	0.0021
Peromyscus	0.0	0.0	41.429970000000004	-81.668991	0.0	0.0	0.0021
Peromyscus	0.0	0.0	40.948631	-123.62208000000001	0.0	0.0	0.0021
Peromyscus	0.0	0.0	47.159392	-94.762664	0.0	0.0	0.0021
Peromyscus	0.0	0.0	38.611273	-122.783813	0.0	0.0	0.0021
Peromyscus	0.0	0.0	30.318695	-87.25546700000002	0.0	0.0	0.0021
Peromyscus	0.0	0.0	40.458787	-88.57932199999998	0.0	0.0	0.0021
Peromyscus	0.0	0.0	35.824247	-79.06444	0.0	0.0	0.0021
Peromyscus	0.0	0.0	47.380649	-91.183613	0.0	0.0	0.0021
Peromyscus	0.0	0.0	29.650388	-100.068917	0.0	0.0	0.0021
Peromyscus	0.0	0.0	41.001878999999995	-81.97485	0.0	0.0	0.0021
Peromyscus	0.0	0.0	47.557046	-122.37360100000001	0.0	0.0	0.0021
Peromyscus	0.0	0.0	44.605488	-123.389953	0.0	0.0	0.0021
Peromyscus	0.0	0.0	37.866116	-121.881891	0.0	0.0	0.0021
Peromyscus	0.0	0.0	41.835784000000004	-88.177068	0.0	0.0	0.0021
Peromyscus	0.0	0.0	37.466324	-77.65184599999998	0.0	0.0	0.0021
Peromyscus	0.0	0.0	41.137106	-87.90784599999998	0.0	0.0	0.0021
Peromyscus	0.0	0.0	41.035583	-81.518555	0.0	0.0	0.0021
Peromyscus	0.0	0.0	30.325989	-87.291986	0.0	0.0	0.0021
Peromyscus	0.0	0.0	41.1	-81.5	0.0	0.0	0.0021
Peromyscus	0.0	0.0	38.030017	-122.032886	0.0	0.0	0.0021
Peromyscus	0.0	0.0	39.216462	-121.77436000000002	0.0	0.0	0.0021
Peromyscus	0.0	0.0	35.703005	-87.741403	0.0	0.0	0.0021
Peromyscus	0.0	0.0	41.1	-81.5	0.0	0.0	0.0021
Peromyscus	0.0	0.0	33.684989	-118.022451	0.0	0.0	0.0021
Peromyscus	0.0	0.0	33.684989	-118.022451	0.0	0.0	0.0021
Peromyscus	0.0	0.0	35.353907	-80.919483	0.0	0.0	0.0021
Peromyscus	0.0	0.0	32.685635999999995	-80.345061	0.0	0.0	0.0021
Peromyscus	0.0	0.0	41.756122	-86.262147	0.0	0.0	0.0021
Peromyscus	0.0	0.0	46.723852	-116.99294099999999	0.0	0.0	0.0021
Peromyscus	0.0	0.0	47.712663	-122.37354199999999	0.0	0.0	0.0021
Peromyscus	0.0	0.0	40.869644	-73.924375	0.0	0.0	0.0021
Peromyscus	0.0	0.0	43.317201000000004	-84.16534200000002	0.0	0.0	0.0021
Peromyscus	0.0	0.0	47.527108	-122.012772	0.0	0.0	0.0021
Peromyscus	0.0	0.0	47.845335999999996	-122.040596	0.0	0.0	0.0021
Peromyscus	0.0	0.0	42.729001000000004	-123.20591599999999	0.0	0.0	0.0021
Peromyscus	0.0	0.0	39.876672	-105.125694	0.0	0.0	0.0021
Peromyscus	0.0	0.0	41.488406	-81.74008	0.0	0.0	0.0021
Peromyscus	0.0	0.0	48.658071	-122.47131599999999	0.0	0.0	0.0021
Peromyscus	0.0	0.0	43.26409	-123.467188	0.0	0.0	0.0021
Peromyscus	0.0	0.0	34.936883	-119.545433	0.0	0.0	0.0021
Peromyscus	0.0	0.0	43.294476	-123.335108	0.0	0.0	0.0021
Peromyscus	0.0	0.0	45.88512	-123.94567099999999	0.0	0.0	0.0021
Peromyscus	0.0	0.0	33.591848999999996	-81.624726	0.0	0.0	0.0021
Peromyscus	0.0	0.0	35.148787	-117.58531299999999	0.0	0.0	0.0021
Peromyscus	0.0	0.0	44.605419	-123.389799	0.0	0.0	0.0021
Peromyscus	0.0	0.0	34.126611	-118.285003	0.0	0.0	0.0021
Peromyscus	0.0	0.0	47.382958	-91.195267	0.0	0.0	0.0021
Peromyscus	0.0	0.0	33.498671	-81.66116	0.0	0.0	0.0021
Peromyscus	0.0	0.0	42.338459	-119.664033	0.0	0.0	0.0021
Peromyscus	0.0	0.0	39.432268	-120.240651	0.0	0.0	0.0021
Peromyscus	0.0	0.0	33.708292	-97.051906	0.0	0.0	0.0021
Peromyscus	0.0	0.0	41.409053	-81.88403000000002	0.0	0.0	0.0021
Peromyscus	0.0	0.0	41.923581	-72.433145	0.0	0.0	0.0021
Peromyscus	0.0	0.0	47.51558	-113.668862	0.0	0.0	0.0021
Peromyscus	0.0	0.0	37.309287	-122.31765700000001	0.0	0.0	0.0021
Peromyscus	0.0	0.0	39.432277	-120.24065900000001	0.0	0.0	0.0021
Peromyscus	0.0	0.0	43.294482	-123.33498200000001	0.0	0.0	0.0021
Peromyscus	0.0	0.0	38.975514000000004	-76.946378	0.0	0.0	0.0021
Peromyscus	0.0	0.0	34.282288	-119.25028999999999	0.0	0.0	0.0021
Peromyscus	0.0	0.0	40.903221	-122.778438	0.0	0.0	0.0021
Peromyscus	0.0	0.0	34.147506	-117.827177	0.0	0.0	0.0021
Peromyscus	0.0	0.0	37.966225	-119.120492	0.0	0.0	0.0021
Peromyscus	0.0	0.0	35.691568	-105.961905	0.0	0.0	0.0021
Peromyscus	0.0	0.0	44.24765	-115.05693899999999	0.0	0.0	0.0021
Peromyscus	0.0	0.0	41.294654	-73.610136	0.0	0.0	0.0021
Peromyscus	0.0	0.0	32.309582	-110.823191	0.0	0.0	0.0021
Peromyscus	0.0	0.0	37.858771999999995	-122.204815	0.0	0.0	0.0021
Peromyscus	0.0	0.0	32.309582	-110.823191	0.0	0.0	0.0021
Peromyscus	0.0	0.0	31.71317	-110.873705	0.0	0.0	0.0021
Peromyscus	0.0	0.0	32.351	-111.12799999999999	0.0	0.0	0.0021
Peromyscus	0.0	0.0	33.182563	-116.326793	0.0	0.0	0.0021
Peromyscus	0.0	0.0	33.184235	-116.32537099999999	0.0	0.0	0.0021
Peromyscus	0.0	0.0	33.186603000000005	-116.325546	0.0	0.0	0.0021
Peromyscus	0.0	0.0	34.542633	-84.064666	0.0	0.0	0.0021
Peromyscus	0.0	0.0	42.711337	-103.010793	0.0	0.0	0.0021
Peromyscus	0.0	0.0	40.852737	-79.4152	0.0	0.0	0.0021
Peromyscus	0.0	0.0	38.91425200000001	-104.838613	0.0	0.0	0.0021
Peromyscus	0.0	0.0	41.97873	-87.745121	0.0	0.0	0.0021
Peromyscus	0.0	0.0	33.182318	-116.326574	0.0	0.0	0.0021
Peromyscus	0.0	0.0	40.818317	-73.948941	0.0	0.0	0.0021
Peromyscus	0.0	0.0	33.182614	-116.32624799999999	0.0	0.0	0.0021
Peromyscus	0.0	0.0	47.382945	-91.19523000000001	0.0	0.0	0.0021
Peromyscus	0.0	0.0	41.56232	-81.42235500000002	0.0	0.0	0.0021
Peromyscus	0.0	0.0	40.121628	-76.967963	0.0	0.0	0.0021
Peromyscus	0.0	0.0	46.20820300000001	-123.962404	0.0	0.0	0.0021
Peromyscus	0.0	0.0	40.820338	-73.947393	0.0	0.0	0.0021
Peromyscus	0.0	0.0	39.002109999999995	-104.879608	0.0	0.0	0.0021
Peromyscus	0.0	0.0	33.021718	-116.21523700000002	0.0	0.0	0.0021
Peromyscus	0.0	0.0	42.430199	-71.39110500000002	0.0	0.0	0.0021
Peromyscus	0.0	0.0	33.155724	-116.28438200000001	0.0	0.0	0.0021
Peromyscus	0.0	0.0	37.890172	-96.311363	0.0	0.0	0.0021
Peromyscus	0.0	0.0	43.654519	-73.226885	0.0	0.0	0.0021
Peromyscus	0.0	0.0	33.186611	-116.32556299999999	0.0	0.0	0.0021
Peromyscus	0.0	0.0	33.185576	-116.315351	0.0	0.0	0.0021
Peromyscus	0.0	0.0	33.181693	-116.326349	0.0	0.0	0.0021
Peromyscus	0.0	0.0	33.013594	-116.335553	0.0	0.0	0.0021
Peromyscus	0.0	0.0	45.919777	-122.73737	0.0	0.0	0.0021
Peromyscus	0.0	0.0	41.567549	-73.066225	0.0	0.0	0.0021
Peromyscus	0.0	0.0	44.467114	-93.182056	0.0	0.0	0.0021
Peromyscus	0.0	0.0	32.641	-116.224864	0.0	0.0	0.0021
Peromyscus	0.0	0.0	46.911583	-113.448555	0.0	0.0	0.0021
Peromyscus	0.0	0.0	42.426495	-84.01753000000002	0.0	0.0	0.0021
Peromyscus	0.0	0.0	33.181129	-116.304819	0.0	0.0	0.0021
Peromyscus	0.0	0.0	33.043806	-116.21420800000001	0.0	0.0	0.0021
Peromyscus	0.0	0.0	41.068729	-96.17832	0.0	0.0	0.0021
Peromyscus	0.0	0.0	36.665192	-121.754617	0.0	0.0	0.0021
Peromyscus	0.0	0.0	39.675667	-104.940937	0.0	0.0	0.0021
Peromyscus	0.0	0.0	41.40889	-81.883888	0.0	0.0	0.0021
Peromyscus	0.0	0.0	34.139734999999995	-118.628849	0.0	0.0	0.0021
Peromyscus	0.0	0.0	46.288505	-85.947005	0.0	0.0	0.0021
Peromyscus	0.0	0.0	37.264386	-121.74211000000001	0.0	0.0	0.0021
Peromyscus	0.0	0.0	41.016263	-81.94041700000002	0.0	0.0	0.0021
Peromyscus	0.0	0.0	32.547413	-117.125328	0.0	0.0	0.0021
Peromyscus	0.0	0.0	32.613797	-96.996841	0.0	0.0	0.0021
Peromyscus	0.0	0.0	33.036959	-96.511539	0.0	0.0	0.0021
Peromyscus	0.0	0.0	41.113566	-81.73880799999998	0.0	0.0	0.0021
Peromyscus	0.0	0.0	40.990087	-74.287614	0.0	0.0	0.0021
Peromyscus	0.0	0.0	34.220921999999995	-118.709919	0.0	0.0	0.0021
Peromyscus	0.0	0.0	36.79877000000001	-121.67861	0.0	0.0	0.0021
Peromyscus	0.0	0.0	43.149336	-70.94481400000002	0.0	0.0	0.0021
Peromyscus	0.0	0.0	36.711335	-121.783697	0.0	0.0	0.0021
Peromyscus	0.0	0.0	43.624217	-72.50479200000002	0.0	0.0	0.0021
Peromyscus	0.0	0.0	39.022422	-78.01880899999998	0.0	0.0	0.0021
Peromyscus	0.0	0.0	33.247528	-98.135355	0.0	0.0	0.0021
Peromyscus	0.0	0.0	43.315386	-84.162713	0.0	0.0	0.0021
Peromyscus	0.0	0.0	37.887735	-122.23081100000002	0.0	0.0	0.0021
Peromyscus	0.0	0.0	30.426703000000003	-91.026901	0.0	0.0	0.0021
Peromyscus	0.0	0.0	30.813458	-94.024204	0.0	0.0	0.0021
Peromyscus	0.0	0.0	42.456024	-87.827069	0.0	0.0	0.0021
Peromyscus	0.0	0.0	37.561928	-96.502578	0.0	0.0	0.0021
Peromyscus	0.0	0.0	32.246069	-111.003375	0.0	0.0	0.0021
Peromyscus	0.0	0.0	36.70267	-116.88143000000001	0.0	0.0	0.0021
Peromyscus	0.0	0.0	34.054933	-118.51256799999999	0.0	0.0	0.0021
Peromyscus	0.0	0.0	31.210658000000002	-85.445947	0.0	0.0	0.0021
Peromyscus	0.0	0.0	41.60535	-87.274309	0.0	0.0	0.0021
Peromyscus	0.0	0.0	41.191308	-81.58592900000002	0.0	0.0	0.0021
Peromyscus	0.0	0.0	43.643109	-72.410415	0.0	0.0	0.0021
Peromyscus	0.0	0.0	41.192003	-81.585398	0.0	0.0	0.0021
Peromyscus	0.0	0.0	37.982259	-122.13840400000001	0.0	0.0	0.0021
Peromyscus	0.0	0.0	44.309955	-96.801208	0.0	0.0	0.0021
Peromyscus	0.0	0.0	41.19331500000001	-81.586128	0.0	0.0	0.0021
Peromyscus	0.0	0.0	35.129355	-115.47038300000001	0.0	0.0	0.0021
Peromyscus	0.0	0.0	37.528092	-122.389747	0.0	0.0	0.0021
Peromyscus	0.0	0.0	41.409115	-81.88385	0.0	0.0	0.0021
Peromyscus	0.0	0.0	44.934288	-75.0186	0.0	0.0	0.0021
Peromyscus	0.0	0.0	44.152165999999994	-73.14067800000002	0.0	0.0	0.0021
Peromyscus	0.0	0.0	33.18016	-117.023878	0.0	0.0	0.0021
Peromyscus	0.0	0.0	38.448612	-122.51750200000001	0.0	0.0	0.0021
Peromyscus	0.0	0.0	41.194607	-81.580136	0.0	0.0	0.0021
Peromyscus	0.0	0.0	45.362958	-85.169776	0.0	0.0	0.0021
Peromyscus	0.0	0.0	35.175112	-119.836753	0.0	0.0	0.0021
Peromyscus	0.0	0.0	35.282647	-119.8376	0.0	0.0	0.0021
Peromyscus	0.0	0.0	42.769431	-71.298684	0.0	0.0	0.0021
Peromyscus	0.0	0.0	35.563957	-83.496893	0.0	0.0	0.0021
Peromyscus	0.0	0.0	35.173755	-119.685805	0.0	0.0	0.0021
Peromyscus	0.0	0.0	41.661103000000004	-91.530403	0.0	0.0	0.0021
Peromyscus	0.0	0.0	40.759408	-89.576425	0.0	0.0	0.0021
Peromyscus	0.0	0.0	35.688653	-105.933577	0.0	0.0	0.0021
Peromyscus	0.0	0.0	47.219304	-123.100108	0.0	0.0	0.0021
Peromyscus	0.0	0.0	46.587669	-112.01713899999999	0.0	0.0	0.0021
Peromyscus	0.0	0.0	32.714231	-116.761039	0.0	0.0	0.0021
Peromyscus	0.0	0.0	35.817422	-81.180358	0.0	0.0	0.0021
Peromyscus	0.0	0.0	37.03632800000001	-121.412353	0.0	0.0	0.0021
Peromyscus	0.0	0.0	30.313885	-95.696945	0.0	0.0	0.0021
Peromyscus	0.0	0.0	42.348141999999996	-73.181648	0.0	0.0	0.0021
Peromyscus	0.0	0.0	44.534088	-72.028869	0.0	0.0	0.0021
Peromyscus	0.0	0.0	37.991452	-78.471467	0.0	0.0	0.0021
Peromyscus	0.0	0.0	33.17752	-115.615202	0.0	0.0	0.0021
Peromyscus	0.0	0.0	34.039386	-116.942559	0.0	0.0	0.0021
Peromyscus	0.0	0.0	37.56077	-88.38864699999998	0.0	0.0	0.0021
Peromyscus	0.0	0.0	37.430489	-88.940472	0.0	0.0	0.0021
Peromyscus	0.0	0.0	37.434047	-88.938992	0.0	0.0	0.0021
Peromyscus	0.0	0.0	48.46753	-121.05955	0.0	0.0	0.0021
Peromyscus	0.0	0.0	41.139918	-81.575763	0.0	0.0	0.0021
Peromyscus	0.0	0.0	44.338255	-68.059083	0.0	0.0	0.0021
Peromyscus	0.0	0.0	37.434047	-88.938992	0.0	0.0	0.0021
Peromyscus	0.0	0.0	37.434047	-88.938992	0.0	0.0	0.0021
Peromyscus	0.0	0.0	42.468488	-84.00021	0.0	0.0	0.0021
Peromyscus	0.0	0.0	29.5675	-95.662705	0.0	0.0	0.0021
Peromyscus	0.0	0.0	47.384823	-91.196862	0.0	0.0	0.0021
Peromyscus	0.0	0.0	47.383928000000004	-91.197283	0.0	0.0	0.0021
Peromyscus	0.0	0.0	44.708887	-93.336442	0.0	0.0	0.0021
Peromyscus	0.0	0.0	39.34633	-77.61986800000003	0.0	0.0	0.0021
Peromyscus	0.0	0.0	45.171003999999996	-92.761674	0.0	0.0	0.0021
Peromyscus	0.0	0.0	42.469026	-84.00017700000002	0.0	0.0	0.0021
Peromyscus	0.0	0.0	35.611805	-82.569163	0.0	0.0	0.0021
Peromyscus	0.0	0.0	40.114582	-77.241661	0.0	0.0	0.0021
Peromyscus	0.0	0.0	39.303327	-84.68491	0.0	0.0	0.0021
Peromyscus	0.0	0.0	32.351116999999995	-111.096953	0.0	0.0	0.0021
Peromyscus	0.0	0.0	40.814223	-77.836069	0.0	0.0	0.0021
Peromyscus	0.0	0.0	29.484316999999997	-103.94886	0.0	0.0	0.0021
Peromyscus	0.0	0.0	40.139201	-75.108751	0.0	0.0	0.0021
Peromyscus	0.0	0.0	43.706097	-70.24035	0.0	0.0	0.0021
Peromyscus	0.0	0.0	29.693112	-95.899897	0.0	0.0	0.0021
Peromyscus	0.0	0.0	40.728157	-74.077642	0.0	0.0	0.0021
Peromyscus	0.0	0.0	36.85478	-121.65026999999999	0.0	0.0	0.0021
Peromyscus	0.0	0.0	40.301728999999995	-75.035637	0.0	0.0	0.0021
Peromyscus	0.0	0.0	42.433692	-83.500137	0.0	0.0	0.0021
Peromyscus	0.0	0.0	41.813935	-72.238283	0.0	0.0	0.0021
Peromyscus	0.0	0.0	41.815394	-72.237408	0.0	0.0	0.0021
Peromyscus	0.0	0.0	41.223537	-81.545774	0.0	0.0	0.0021
Peromyscus	0.0	0.0	43.634728	-86.53757900000002	0.0	0.0	0.0021
Peromyscus	0.0	0.0	42.78522	-71.762953	0.0	0.0	0.0021
Peromyscus	0.0	0.0	40.063448	-74.441262	0.0	0.0	0.0021
Peromyscus	0.0	0.0	41.315087	-81.406997	0.0	0.0	0.0021
Peromyscus	0.0	0.0	33.800575	-117.255316	0.0	0.0	0.0021
Peromyscus	0.0	0.0	36.22453	-95.901418	0.0	0.0	0.0021
Peromyscus	0.0	0.0	36.22453	-95.901418	0.0	0.0	0.0021
Peromyscus	0.0	0.0	36.22453	-95.901418	0.0	0.0	0.0021
Peromyscus	0.0	0.0	41.251762	-81.516205	0.0	0.0	0.0021
Peromyscus	0.0	0.0	36.993821999999994	-121.92164199999999	0.0	0.0	0.0021
Peromyscus	0.0	0.0	29.650315999999997	-100.069106	0.0	0.0	0.0021
Peromyscus	0.0	0.0	33.381057	-84.619908	0.0	0.0	0.0021
Peromyscus	0.0	0.0	44.427378999999995	-73.19488299999998	0.0	0.0	0.0021
Peromyscus	0.0	0.0	41.719815999999994	-88.06231600000002	0.0	0.0	0.0021
Peromyscus	0.0	0.0	47.70952800000001	-121.99700800000001	0.0	0.0	0.0021
Peromyscus	0.0	0.0	38.575075	-122.706992	0.0	0.0	0.0021
Peromyscus	0.0	0.0	38.324221	-75.942435	0.0	0.0	0.0021
Peromyscus	0.0	0.0	39.840213	-77.241088	0.0	0.0	0.0021
Peromyscus	0.0	0.0	41.113076	-81.525193	0.0	0.0	0.0021
Peromyscus	0.0	0.0	44.244277000000004	-73.064146	0.0	0.0	0.0021
Peromyscus	0.0	0.0	38.574725	-122.706695	0.0	0.0	0.0021
Peromyscus	0.0	0.0	37.381464	-121.73716	0.0	0.0	0.0021
Peromyscus	0.0	0.0	30.5667	-96.21051700000001	0.0	0.0	0.0021
Peromyscus	0.0	0.0	39.431571999999996	-120.24119499999999	0.0	0.0	0.0021
Peromyscus	0.0	0.0	38.572967	-122.692803	0.0	0.0	0.0021
Peromyscus	0.0	0.0	43.869578000000004	-72.541358	0.0	0.0	0.0021
Peromyscus	0.0	0.0	41.012591	-81.400488	0.0	0.0	0.0021
Peromyscus	0.0	0.0	34.508952	-93.39309300000001	0.0	0.0	0.0021
Peromyscus	0.0	0.0	31.457742	-110.238075	0.0	0.0	0.0021
Peromyscus	0.0	0.0	36.650282000000004	-115.209571	0.0	0.0	0.0021
Peromyscus	0.0	0.0	43.482221	-110.615936	0.0	0.0	0.0021
Peromyscus	0.0	0.0	35.059733	-109.644372	0.0	0.0	0.0021
Peromyscus	0.0	0.0	33.594889	-95.93751	0.0	0.0	0.0021
Peromyscus	0.0	0.0	35.05965	-109.644203	0.0	0.0	0.0021
Peromyscus	0.0	0.0	37.030621999999994	-119.278049	0.0	0.0	0.0021
Peromyscus	0.0	0.0	40.626632	-80.05497700000002	0.0	0.0	0.0021
Peromyscus	0.0	0.0	41.947339	-74.110294	0.0	0.0	0.0021
Peromyscus	0.0	0.0	36.734457	-121.80578	0.0	0.0	0.0021
Peromyscus	0.0	0.0	41.25709000000001	-72.544685	0.0	0.0	0.0021
Peromyscus	0.0	0.0	39.494321	-105.091269	0.0	0.0	0.0021
Peromyscus	0.0	0.0	42.581219	-90.60295	0.0	0.0	0.0021
Peromyscus	0.0	0.0	41.016626	-81.938767	0.0	0.0	0.0021
Peromyscus	0.0	0.0	38.946259999999995	-92.44653000000001	0.0	0.0	0.0021
Peromyscus	0.0	0.0	37.070461	-121.523513	0.0	0.0	0.0021
Peromyscus	0.0	0.0	38.946259999999995	-92.44653000000001	0.0	0.0	0.0021
Peromyscus	0.0	0.0	37.212115000000004	-122.316426	0.0	0.0	0.0021
Peromyscus	0.0	0.0	32.679388	-116.854775	0.0	0.0	0.0021
Peromyscus	0.0	0.0	44.337387	-72.450413	0.0	0.0	0.0021
Peromyscus	0.0	0.0	32.664607000000004	-96.47731999999999	0.0	0.0	0.0021
Peromyscus	0.0	0.0	34.117655	-100.344934	0.0	0.0	0.0021
Peromyscus	0.0	0.0	36.427902	-94.278869	0.0	0.0	0.0021
Peromyscus	0.0	0.0	48.219387	-116.291028	0.0	0.0	0.0021
Peromyscus	0.0	0.0	36.634327	-121.76148500000001	0.0	0.0	0.0021
Peromyscus	0.0	0.0	38.458482000000004	-119.5994	0.0	0.0	0.0021
Peromyscus	0.0	0.0	38.54227	-119.71036000000001	0.0	0.0	0.0021
Peromyscus	0.0	0.0	30.645996000000004	-96.294925	0.0	0.0	0.0021
Peromyscus	0.0	0.0	39.898214	-105.157142	0.0	0.0	0.0021
Peromyscus	0.0	0.0	28.722718	-97.174523	0.0	0.0	0.0021
Peromyscus	0.0	0.0	30.359199	-103.654358	0.0	0.0	0.0021
Peromyscus	0.0	0.0	47.706986	-121.99460400000001	0.0	0.0	0.0021
Peromyscus	0.0	0.0	44.334346999999994	-72.38765500000002	0.0	0.0	0.0021
Peromyscus	0.0	0.0	38.611624	-122.783552	0.0	0.0	0.0021
Peromyscus	0.0	0.0	37.908721	-122.26495700000001	0.0	0.0	0.0021
Peromyscus	0.0	0.0	33.566761	-98.568546	0.0	0.0	0.0021
Peromyscus	0.0	0.0	40.787131	-77.73727199999998	0.0	0.0	0.0021
Peromyscus	0.0	0.0	40.934044	-81.627562	0.0	0.0	0.0021
Peromyscus	0.0	0.0	40.992938	-81.685335	0.0	0.0	0.0021
Peromyscus	0.0	0.0	35.039941	-116.381277	0.0	0.0	0.0021
Peromyscus	0.0	0.0	38.440598	-98.627454	0.0	0.0	0.0021
Peromyscus	0.0	0.0	41.101445	-81.441779	0.0	0.0	0.0021
Peromyscus	0.0	0.0	38.44062	-98.62743499999999	0.0	0.0	0.0021
Peromyscus	0.0	0.0	38.44062	-98.62743499999999	0.0	0.0	0.0021
Peromyscus	0.0	0.0	33.447485	-114.13078300000001	0.0	0.0	0.0021
Peromyscus	0.0	0.0	35.817422	-81.180358	0.0	0.0	0.0021
Peromyscus	0.0	0.0	37.938673	-119.02699199999999	0.0	0.0	0.0021
Peromyscus	0.0	0.0	34.07362	-118.400356	0.0	0.0	0.0021
Peromyscus	0.0	0.0	42.02003300000001	-79.173548	0.0	0.0	0.0021
Peromyscus	0.0	0.0	37.55178400000001	-119.64189099999999	0.0	0.0	0.0021
Peromyscus	0.0	0.0	46.094198	-123.935154	0.0	0.0	0.0021
Peromyscus	0.0	0.0	45.889483	-122.847497	0.0	0.0	0.0021
Peromyscus	0.0	0.0	36.090708	-114.96971299999998	0.0	0.0	0.0021
Peromyscus	0.0	0.0	36.644733	-75.906944	0.0	0.0	0.0021
Peromyscus	0.0	0.0	46.929821000000004	-119.95551699999999	0.0	0.0	0.0021
Peromyscus	0.0	0.0	45.370861	-112.976782	0.0	0.0	0.0021
Peromyscus	0.0	0.0	33.632326	-117.55583500000002	0.0	0.0	0.0021
Peromyscus	0.0	0.0	39.855849	-74.686881	0.0	0.0	0.0021
Peromyscus	0.0	0.0	36.001472	-82.191057	0.0	0.0	0.0021
Peromyscus	0.0	0.0	35.826498	-82.5493	0.0	0.0	0.0021
Peromyscus	0.0	0.0	39.650042	-121.641108	0.0	0.0	0.0021
Peromyscus	0.0	0.0	35.817422	-81.180358	0.0	0.0	0.0021
Peromyscus	0.0	0.0	35.83387000000001	-118.37333999999998	0.0	0.0	0.0021
Peromyscus	0.0	0.0	35.833052	-118.368177	0.0	0.0	0.0021
Peromyscus	0.0	0.0	35.830934	-118.298124	0.0	0.0	0.0021
Peromyscus	0.0	0.0	36.159921000000004	-118.187395	0.0	0.0	0.0021
Peromyscus	0.0	0.0	36.175368	-118.205312	0.0	0.0	0.0021
Peromyscus	0.0	0.0	36.159921000000004	-118.187395	0.0	0.0	0.0021
Peromyscus	0.0	0.0	36.159921000000004	-118.187395	0.0	0.0	0.0021
Peromyscus	0.0	0.0	35.598948	-118.49776000000001	0.0	0.0	0.0021
Peromyscus	0.0	0.0	35.598948	-118.49776000000001	0.0	0.0	0.0021
Peromyscus	0.0	0.0	35.598948	-118.49776000000001	0.0	0.0	0.0021
Peromyscus	0.0	0.0	35.600172	-118.495686	0.0	0.0	0.0021
Peromyscus	0.0	0.0	35.598948	-118.49776000000001	0.0	0.0	0.0021
Peromyscus	0.0	0.0	35.598948	-118.49776000000001	0.0	0.0	0.0021
Peromyscus	0.0	0.0	35.598948	-118.49776000000001	0.0	0.0	0.0021
Peromyscus	0.0	0.0	35.598948	-118.49776000000001	0.0	0.0	0.0021
Peromyscus	0.0	0.0	35.598948	-118.49776000000001	0.0	0.0	0.0021
Peromyscus	0.0	0.0	35.600172	-118.495686	0.0	0.0	0.0021
Peromyscus	0.0	0.0	35.598948	-118.49776000000001	0.0	0.0	0.0021
Peromyscus	0.0	0.0	35.600172	-118.495686	0.0	0.0	0.0021
Peromyscus	0.0	0.0	35.598948	-118.49776000000001	0.0	0.0	0.0021
Peromyscus	0.0	0.0	35.600172	-118.495686	0.0	0.0	0.0021
Peromyscus	0.0	0.0	35.600172	-118.495686	0.0	0.0	0.0021
Peromyscus	0.0	0.0	35.598948	-118.49776000000001	0.0	0.0	0.0021
Peromyscus	0.0	0.0	34.41646	-111.155891	0.0	0.0	0.0021
Peromyscus	0.0	0.0	42.281301	-76.648521	0.0	0.0	0.0021
Peromyscus	0.0	0.0	26.601999999999997	-98.649	0.0	0.0	0.0021
Peromyscus	0.0	0.0	33.76565	-116.686723	0.0	0.0	0.0021
Peromyscus	0.0	0.0	37.20323	-112.979343	0.0	0.0	0.0021
Peromyscus	0.0	0.0	36.674018	-112.217789	0.0	0.0	0.0021
Peromyscus	0.0	0.0	41.420693	-72.493286	0.0	0.0	0.0021
Peromyscus	0.0	0.0	42.566036	-103.717019	0.0	0.0	0.0021
Peromyscus	0.0	0.0	46.2678	-89.1778	0.0	0.0	0.0021
Peromyscus	0.0	0.0	43.588438000000004	-79.51123	0.0	0.0	0.0021
Peromyscus	0.0	0.0	44.010222	-78.957625	0.0	0.0	0.0021
Peromyscus	0.0	0.0	49.396599	-123.361276	0.0	0.0	0.0021
Peromyscus	0.0	0.0	48.409420000000004	-71.255701	0.0	0.0	0.0021
Peromyscus	0.0	0.0	48.447041999999996	-89.216794	0.0	0.0	0.0021
Peromyscus	0.0	0.0	49.313261	-122.905527	0.0	0.0	0.0021
Peromyscus	0.0	0.0	44.149969	-77.461616	0.0	0.0	0.0021
Peromyscus	0.0	0.0	60.091471999999996	-128.823228	0.0	0.0	0.0021
Peromyscus	0.0	0.0	44.792665	-78.968841	0.0	0.0	0.0021
Peromyscus	0.0	0.0	49.260714	-123.22518600000001	0.0	0.0	0.0021
Peromyscus	0.0	0.0	53.922321999999994	-132.121525	0.0	0.0	0.0021
Peromyscus	0.0	0.0	44.728833	-79.020287	0.0	0.0	0.0021
Peromyscus	0.0	0.0	44.697666999999996	-76.56184499999998	0.0	0.0	0.0021
Peromyscus	0.0	0.0	42.27561	-81.855026	0.0	0.0	0.0021
Peromyscus	0.0	0.0	49.394225	-114.25624199999999	0.0	0.0	0.0021
Peromyscus	0.0	0.0	50.212241999999996	-119.21796299999998	0.0	0.0	0.0021
Peromyscus	0.0	0.0	49.39429000000001	-114.25686999999999	0.0	0.0	0.0021
Peromyscus	0.0	0.0	52.727038	-117.928211	0.0	0.0	0.0021
Peromyscus	0.0	0.0	45.405223	-63.277297	0.0	0.0	0.0021
Peromyscus	0.0	0.0	44.998905	-63.661866	0.0	0.0	0.0021
Peromyscus	0.0	0.0	48.899628	-88.109475	0.0	0.0	0.0021
Peromyscus	0.0	0.0	48.898641	-88.11036	0.0	0.0	0.0021
Peromyscus	0.0	0.0	46.015547999999995	-81.402252	0.0	0.0	0.0021
Peromyscus	0.0	0.0	48.475555	-89.191109	0.0	0.0	0.0021
Peromyscus	0.0	0.0	41.762496999999996	-82.629013	0.0	0.0	0.0021
Peromyscus	0.0	0.0	43.576743	-79.742725	0.0	0.0	0.0021
Peromyscus	0.0	0.0	43.22293300000001	-79.749507	0.0	0.0	0.0021
Peromyscus	0.0	0.0	45.191506	-77.812598	0.0	0.0	0.0021
Peromyscus	0.0	0.0	48.469156	-89.281363	0.0	0.0	0.0021
Peromyscus	0.0	0.0	44.58003	-64.20907700000001	0.0	0.0	0.0021
Peromyscus	0.0	0.0	50.739709999999995	-104.25891700000001	0.0	0.0	0.0021
Peromyscus	0.0	0.0	43.04091	-81.274521	0.0	0.0	0.0021
Peromyscus	0.0	0.0	45.70258	-66.16382	0.0	0.0	0.0021
Peromyscus	0.0	0.0	44.280679	-76.216095	0.0	0.0	0.0021
Peromyscus	0.0	0.0	45.906545	-82.257287	0.0	0.0	0.0021
Peromyscus	0.0	0.0	41.969976	-82.529951	0.0	0.0	0.0021
Peromyscus	0.0	0.0	44.368898	-65.13424300000001	0.0	0.0	0.0021
Peromyscus	0.0	0.0	50.10545	-104.10794	0.0	0.0	0.0021
Peromyscus	0.0	0.0	43.315124	-79.849456	0.0	0.0	0.0021
Peromyscus	0.0	0.0	46.553715000000004	-84.348489	0.0	0.0	0.0021
Peromyscus	0.0	0.0	45.637627	-75.656018	0.0	0.0	0.0021
Peromyscus	0.0	0.0	45.637627	-75.656018	0.0	0.0	0.0021
Peromyscus	0.0	0.0	43.928336	-78.697264	0.0	0.0	0.0021
Peromyscus	0.0	0.0	53.255244999999995	-132.075103	0.0	0.0	0.0021
Peromyscus	0.0	0.0	49.782834	-94.499573	0.0	0.0	0.0021
Peromyscus	0.0	0.0	49.86125300000001	-97.139634	0.0	0.0	0.0021
Peromyscus	0.0	0.0	44.962282	-76.983946	0.0	0.0	0.0021
Peromyscus	0.0	0.0	46.012852	-66.952933	0.0	0.0	0.0021
Peromyscus	0.0	0.0	44.339968	-78.24764	0.0	0.0	0.0021
Peromyscus	0.0	0.0	44.9603	-75.77493299999998	0.0	0.0	0.0021
Peromyscus	0.0	0.0	46.536871999999995	-84.300692	0.0	0.0	0.0021
Peromyscus	0.0	0.0	45.386922999999996	-75.703188	0.0	0.0	0.0021
Peromyscus	0.0	0.0	46.829195	-60.613094999999994	0.0	0.0	0.0021
Peromyscus	0.0	0.0	43.662563	-79.554002	0.0	0.0	0.0021
Peromyscus	0.0	0.0	43.52301	-80.216217	0.0	0.0	0.0021
Peromyscus	0.0	0.0	43.68333300000001	-79.766667	0.0	0.0	0.0021
Peromyscus	0.0	0.0	44.733671	-63.785013	0.0	0.0	0.0021
Peromyscus	0.0	0.0	46.38144000000001	-64.612527	0.0	0.0	0.0021
Peromyscus	0.0	0.0	43.716747999999995	-79.337714	0.0	0.0	0.0021
Peromyscus	0.0	0.0	45.445867	-75.651865	0.0	0.0	0.0021
Peromyscus	0.0	0.0	49.72226	-99.255638	0.0	0.0	0.0021
Peromyscus	0.0	0.0	45.587405	-78.517185	0.0	0.0	0.0021
Peromyscus	0.0	0.0	53.236061	-112.90246	0.0	0.0	0.0021
Peromyscus	0.0	0.0	44.322156	-79.401752	0.0	0.0	0.0021
Peromyscus	0.0	0.0	43.832719	-79.592947	0.0	0.0	0.0021
Peromyscus	0.0	0.0	43.756321	-79.666997	0.0	0.0	0.0021
Peromyscus	0.0	0.0	61.26495	-135.499878	0.0	0.0	0.0021
Peromyscus	0.0	0.0	61.26495	-135.499878	0.0	0.0	0.0021
Peromyscus	0.0	0.0	43.816	-79.167	0.0	0.0	0.0021
Peromyscus	0.0	0.0	43.803999999999995	-79.146	0.0	0.0	0.0021
Peromyscus	0.0	0.0	43.816	-79.167	0.0	0.0	0.0021
Peromyscus	0.0	0.0	43.803999999999995	-79.146	0.0	0.0	0.0021
Peromyscus	0.0	0.0	43.831	-79.179	0.0	0.0	0.0021
Peromyscus	0.0	0.0	43.816	-79.167	0.0	0.0	0.0021
Peromyscus	0.0	0.0	43.795	-79.124	0.0	0.0	0.0021
Peromyscus	0.0	0.0	43.831	-79.179	0.0	0.0	0.0021
Peromyscus	0.0	0.0	43.795	-79.124	0.0	0.0	0.0021
Peromyscus	0.0	0.0	45.44615	-75.65177800000002	0.0	0.0	0.0021
Peromyscus	0.0	0.0	48.852445	-78.644184	0.0	0.0	0.0021
Peromyscus	0.0	0.0	48.953686	-78.919452	0.0	0.0	0.0021
Peromyscus	0.0	0.0	45.445868	-75.651783	0.0	0.0	0.0021
Peromyscus	0.0	0.0	48.66509	-78.53886899999998	0.0	0.0	0.0021
Peromyscus	0.0	0.0	48.571298999999996	-79.03910400000002	0.0	0.0	0.0021
Peromyscus	0.0	0.0	48.99478	-79.37682	0.0	0.0	0.0021
Peromyscus	0.0	0.0	45.209161	-79.882922	0.0	0.0	0.0021
Peromyscus	0.0	0.0	29.398165999999996	-108.34753899999998	0.0	0.0	0.0021
Peromyscus	0.0	0.0	32.531753	-116.31858799999999	0.0	0.0	0.0021
Peromyscus	0.0	0.0	29.294213	-108.209608	0.0	0.0	0.0021
Peromyscus	0.0	0.0	25.79226400000001	-100.35607399999999	0.0	0.0	0.0021
Peromyscus	0.0	0.0	31.323015	-109.261927	0.0	0.0	0.0021
Peromyscus	0.0	0.0	31.920094	-116.605951	0.0	0.0	0.0021
Peromyscus	0.0	0.0	27.84269	-109.370452	0.0	0.0	0.0021
Peromyscus	0.0	0.0	30.039525	-115.774397	0.0	0.0	0.0021
Peromyscus	0.0	0.0	25.646338	-100.24797	0.0	0.0	0.0021
Peromyscus	0.0	0.0	25.313919	-104.672226	0.0	0.0	0.0021
Peromyscus	0.0	0.0	29.970228000000002	-115.23714299999999	0.0	0.0	0.0021
Peromyscus	0.0	0.0	29.970238000000002	-115.237098	0.0	0.0	0.0021
Peromyscus	0.0	0.0	30.612515999999996	-115.427521	0.0	0.0	0.0021
Peromyscus	0.0	0.0	30.612184999999997	-115.427365	0.0	0.0	0.0021
Peromyscus	0.0	0.0	25.645819	-98.362824	0.0	0.0	0.0021
Peromyscus	0.0	0.0	30.817508	-115.628328	0.0	0.0	0.0021
Peromyscus	0.0	0.0	26.7689	-103.787275	0.0	0.0	0.0021
Peromyscus	0.0	0.0	26.7689	-103.787275	0.0	0.0	0.0021
Peromyscus	0.0	0.0	26.7689	-103.787275	0.0	0.0	0.0021
Peromyscus	0.0	0.0	26.768466999999998	-103.78609399999999	0.0	0.0	0.0021
Peromyscus	0.0	0.0	26.673992	-103.790614	0.0	0.0	0.0021
Peromyscus	0.0	0.0	26.7689	-103.787275	0.0	0.0	0.0021
Peromyscus	0.0	0.0	26.674269	-103.79114200000001	0.0	0.0	0.0021
Peromyscus	0.0	0.0	26.692339	-103.742006	0.0	0.0	0.0021
Peromyscus	0.0	0.0	26.674128000000003	-103.790661	0.0	0.0	0.0021
Peromyscus	0.0	0.0	26.674269	-103.79114200000001	0.0	0.0	0.0021
Peromyscus	0.0	0.0	26.674269	-103.79114200000001	0.0	0.0	0.0021
Peromyscus	0.0	0.0	26.674128000000003	-103.790661	0.0	0.0	0.0021
Peromyscus	0.0	0.0	26.674128000000003	-103.790661	0.0	0.0	0.0021
Peromyscus	0.0	0.0	26.674269	-103.79114200000001	0.0	0.0	0.0021
Peromyscus	0.0	0.0	26.674269	-103.79114200000001	0.0	0.0	0.0021
Peromyscus	0.0	0.0	26.674269	-103.79114200000001	0.0	0.0	0.0021
Peromyscus	0.0	0.0	26.674128000000003	-103.790661	0.0	0.0	0.0021
Peromyscus	0.0	0.0	30.619444	-108.825556	0.0	0.0	0.0021
Peromyscus	0.0	0.0	30.618056	-108.825	0.0	0.0	0.0021
Peromyscus	0.0	0.0	31.820999999999998	-112.709	0.0	0.0	0.0021
Peromyscus	0.0	0.0	28.115278000000004	-113.430833	0.0	0.0	0.0021
Peromyscus	0.0	0.0	28.115278000000004	-113.430833	0.0	0.0	0.0021
Peromyscus	0.0	0.0	28.016944	-113.365	0.0	0.0	0.0021
Peromyscus	0.0	0.0	28.115278000000004	-113.430833	0.0	0.0	0.0021
Peromyscus	0.0	0.0	28.115278000000004	-113.430833	0.0	0.0	0.0021
Peromyscus	0.0	0.0	28.115278000000004	-113.430833	0.0	0.0	0.0021
Peromyscus	0.0	0.0	28.115278000000004	-113.430833	0.0	0.0	0.0021
Peromyscus	0.0	0.0	28.115278000000004	-113.430833	0.0	0.0	0.0021
Peromyscus	0.0	0.0	28.016944	-113.365	0.0	0.0	0.0021
Peromyscus	0.0	0.0	28.115278000000004	-113.430833	0.0	0.0	0.0021
Peromyscus	0.0	0.0	28.016944	-113.365	0.0	0.0	0.0021
Peromyscus	0.0	0.0	26.203611	-112.317778	0.0	0.0	0.0021
Peromyscus	0.0	0.0	27.281944	-112.89583300000001	0.0	0.0	0.0021
Peromyscus	0.0	0.0	26.203611	-112.317778	0.0	0.0	0.0021
Peromyscus	0.0	0.0	26.203611	-112.317778	0.0	0.0	0.0021
Peromyscus	0.0	0.0	26.203611	-112.317778	0.0	0.0	0.0021
Peromyscus	0.0	0.0	26.203611	-112.317778	0.0	0.0	0.0021
Peromyscus	0.0	0.0	26.203611	-112.317778	0.0	0.0	0.0021
Peromyscus	0.0	0.0	26.203611	-112.317778	0.0	0.0	0.0021
Peromyscus	0.0	0.0	26.203611	-112.317778	0.0	0.0	0.0021
Peromyscus	0.0	0.0	27.541944	-114.578333	0.0	0.0	0.0021
Peromyscus	0.0	0.0	27.281944	-112.89583300000001	0.0	0.0	0.0021
Peromyscus	0.0	0.0	26.203611	-112.317778	0.0	0.0	0.0021
Peromyscus	0.0	0.0	26.203611	-112.317778	0.0	0.0	0.0021
Peromyscus	0.0	0.0	27.0375	-113.41388899999998	0.0	0.0	0.0021
Peromyscus	0.0	0.0	26.203611	-112.317778	0.0	0.0	0.0021
Peromyscus	0.0	0.0	26.203611	-112.317778	0.0	0.0	0.0021
Peromyscus	0.0	0.0	27.281944	-112.89583300000001	0.0	0.0	0.0021
Peromyscus	0.0	0.0	26.203611	-112.317778	0.0	0.0	0.0021
Peromyscus	0.0	0.0	26.959444	-113.75916699999999	0.0	0.0	0.0021
Peromyscus	0.0	0.0	28.198333	-113.79722199999999	0.0	0.0	0.0021
Peromyscus	0.0	0.0	28.198333	-113.79722199999999	0.0	0.0	0.0021
Peromyscus	0.0	0.0	27.815556	-113.26888899999999	0.0	0.0	0.0021
Peromyscus	0.0	0.0	27.058333	-113.39694399999999	0.0	0.0	0.0021
Peromyscus	0.0	0.0	27.276667	-114.394167	0.0	0.0	0.0021
Peromyscus	0.0	0.0	26.253611	-112.020556	0.0	0.0	0.0021
Peromyscus	0.0	0.0	27.168056	-114.156944	0.0	0.0	0.0021
Peromyscus	0.0	0.0	27.541944	-114.578333	0.0	0.0	0.0021
Peromyscus	0.0	0.0	26.253611	-112.020556	0.0	0.0	0.0021
Peromyscus	0.0	0.0	27.276667	-114.394167	0.0	0.0	0.0021
Peromyscus	0.0	0.0	26.253611	-112.020556	0.0	0.0	0.0021
Peromyscus	0.0	0.0	27.276667	-114.394167	0.0	0.0	0.0021
Peromyscus	0.0	0.0	28.198333	-113.79722199999999	0.0	0.0	0.0021
Peromyscus	0.0	0.0	27.815556	-113.26888899999999	0.0	0.0	0.0021
Peromyscus	0.0	0.0	27.276667	-114.394167	0.0	0.0	0.0021
Peromyscus	0.0	0.0	27.058333	-113.39694399999999	0.0	0.0	0.0021
Peromyscus	0.0	0.0	27.453611	-113.89388899999999	0.0	0.0	0.0021
Peromyscus	0.0	0.0	28.198333	-113.79722199999999	0.0	0.0	0.0021
Peromyscus	0.0	0.0	26.253611	-112.020556	0.0	0.0	0.0021
Peromyscus	0.0	0.0	27.058333	-113.39694399999999	0.0	0.0	0.0021
Peromyscus	0.0	0.0	27.815556	-113.26888899999999	0.0	0.0	0.0021
Peromyscus	0.0	0.0	27.815556	-113.26888899999999	0.0	0.0	0.0021
Peromyscus	0.0	0.0	27.276667	-114.394167	0.0	0.0	0.0021
Peromyscus	0.0	0.0	27.168056	-114.156944	0.0	0.0	0.0021
Peromyscus	0.0	0.0	26.253611	-112.020556	0.0	0.0	0.0021
Peromyscus	0.0	0.0	27.168056	-114.156944	0.0	0.0	0.0021
Peromyscus	0.0	0.0	26.896944	-113.765	0.0	0.0	0.0021
Peromyscus	0.0	0.0	28.198333	-113.79722199999999	0.0	0.0	0.0021
Peromyscus	0.0	0.0	28.198333	-113.79722199999999	0.0	0.0	0.0021
Peromyscus	0.0	0.0	26.253611	-112.020556	0.0	0.0	0.0021
Peromyscus	0.0	0.0	27.276667	-114.394167	0.0	0.0	0.0021
Peromyscus	0.0	0.0	26.896944	-113.765	0.0	0.0	0.0021
Peromyscus	0.0	0.0	27.276667	-114.394167	0.0	0.0	0.0021
Peromyscus	0.0	0.0	27.541944	-114.578333	0.0	0.0	0.0021
Peromyscus	0.0	0.0	31.211667	-108.962778	0.0	0.0	0.0021
Peromyscus	0.0	0.0	30.549444	-108.620833	0.0	0.0	0.0021
Peromyscus	0.0	0.0	30.549444	-108.620833	0.0	0.0	0.0021
Peromyscus	0.0	0.0	30.549444	-108.620833	0.0	0.0	0.0021
Peromyscus	0.0	0.0	30.549444	-108.620833	0.0	0.0	0.0021
Peromyscus	0.0	0.0	26.198056	-112.069722	0.0	0.0	0.0021
Peromyscus	0.0	0.0	29.354166999999997	-114.362778	0.0	0.0	0.0021
Peromyscus	0.0	0.0	29.354166999999997	-114.362778	0.0	0.0	0.0021
Peromyscus	0.0	0.0	29.354166999999997	-114.362778	0.0	0.0	0.0021
Peromyscus	0.0	0.0	29.354166999999997	-114.362778	0.0	0.0	0.0021
Peromyscus	0.0	0.0	29.354166999999997	-114.362778	0.0	0.0	0.0021
Peromyscus	0.0	0.0	29.354166999999997	-114.362778	0.0	0.0	0.0021
Peromyscus	0.0	0.0	29.354166999999997	-114.362778	0.0	0.0	0.0021
Peromyscus	0.0	0.0	29.354166999999997	-114.362778	0.0	0.0	0.0021
Peromyscus	0.0	0.0	28.923610999999998	-114.183889	0.0	0.0	0.0021
Peromyscus	0.0	0.0	28.923610999999998	-114.183889	0.0	0.0	0.0021
Peromyscus	0.0	0.0	29.354166999999997	-114.362778	0.0	0.0	0.0021
Peromyscus	0.0	0.0	28.923610999999998	-114.183889	0.0	0.0	0.0021
Peromyscus	0.0	0.0	28.923610999999998	-114.183889	0.0	0.0	0.0021
Peromyscus	0.0	0.0	29.354166999999997	-114.362778	0.0	0.0	0.0021
Peromyscus	0.0	0.0	29.354166999999997	-114.362778	0.0	0.0	0.0021
Peromyscus	0.0	0.0	29.354166999999997	-114.362778	0.0	0.0	0.0021
Peromyscus	0.0	0.0	29.922778000000005	-114.950278	0.0	0.0	0.0021
Peromyscus	0.0	0.0	29.051944	-113.981389	0.0	0.0	0.0021
Peromyscus	0.0	0.0	29.051944	-113.981389	0.0	0.0	0.0021
Peromyscus	0.0	0.0	29.051944	-113.981389	0.0	0.0	0.0021
Peromyscus	0.0	0.0	29.922778000000005	-114.950278	0.0	0.0	0.0021
Peromyscus	0.0	0.0	27.589722	-113.09222199999999	0.0	0.0	0.0021
Peromyscus	0.0	0.0	29.395278	-114.34277800000001	0.0	0.0	0.0021
Peromyscus	0.0	0.0	30.585	-108.35	0.0	0.0	0.0021
Peromyscus	0.0	0.0	30.735	-108.38	0.0	0.0	0.0021
Peromyscus	0.0	0.0	30.695	-108.293333	0.0	0.0	0.0021
Peromyscus	0.0	0.0	30.791666999999997	-108.543333	0.0	0.0	0.0021
Peromyscus	0.0	0.0	30.768333000000002	-108.58	0.0	0.0	0.0021
