species	max_age	min_age	lat	lon	family	mean_age	rounded_ages
Potamogetonaceae	0.0	0.0	46.036878	-65.142335	0.0	0.0	0.0021
Potamogetonaceae	0.0	0.0	46.03375	-65.143435	0.0	0.0	0.0021
Potamogetonaceae	0.0	0.0	46.036643	-65.14203	0.0	0.0	0.0021
Potamogetonaceae	0.0	0.0	41.575675	-78.868697	0.0	0.0	0.0021
Potamogetonaceae	0.0	0.0	41.370563	-81.23507	0.0	0.0	0.0021
Potamogetonaceae	0.0	0.0	60.73850699999999	-151.175531	0.0	0.0	0.0021
Potamogetonaceae	0.0	0.0	41.715148	-88.384902	0.0	0.0	0.0021
Potamogetonaceae	0.0	0.0	48.704002	-91.49284399999999	0.0	0.0	0.0021
Potamogetonaceae	0.0	0.0	44.872679999999995	-77.16575	0.0	0.0	0.0021
Potamogetonaceae	0.0	0.0	42.75314	-112.394981	0.0	0.0	0.0021
Potamogetonaceae	0.0	0.0	45.718237	-78.46428	0.0	0.0	0.0021
Potamogetonaceae	0.0	0.0	47.412838	-91.214912	0.0	0.0	0.0021
Potamogetonaceae	0.0	0.0	41.52947	-81.67505	0.0	0.0	0.0021
Potamogetonaceae	0.0	0.0	41.521233	-81.689453	0.0	0.0	0.0021
Potamogetonaceae	0.0	0.0	41.528812	-81.676078	0.0	0.0	0.0021
Potamogetonaceae	0.0	0.0	41.497745	-81.71933	0.0	0.0	0.0021
Potamogetonaceae	0.0	0.0	46.484115	-91.30001999999999	0.0	0.0	0.0021
Potamogetonaceae	0.0	0.0	39.056489	-76.978639	0.0	0.0	0.0021
Potamogetonaceae	0.0	0.0	39.05643900000001	-76.978661	0.0	0.0	0.0021
Potamogetonaceae	0.0	0.0	41.736287	-87.539813	0.0	0.0	0.0021
Potamogetonaceae	0.0	0.0	41.818002	-88.09116999999998	0.0	0.0	0.0021
Potamogetonaceae	0.0	0.0	32.634009000000006	-96.971121	0.0	0.0	0.0021
Potamogetonaceae	0.0	0.0	28.938819	-96.543609	0.0	0.0	0.0021
Potamogetonaceae	0.0	0.0	41.359853	-81.856955	0.0	0.0	0.0021
Potamogetonaceae	0.0	0.0	32.634036	-96.971425	0.0	0.0	0.0021
Potamogetonaceae	0.0	0.0	46.389743	-94.369568	0.0	0.0	0.0021
Potamogetonaceae	0.0	0.0	39.978741	-82.41664899999998	0.0	0.0	0.0021
Potamogetonaceae	0.0	0.0	42.142477	-87.788164	0.0	0.0	0.0021
Potamogetonaceae	0.0	0.0	30.854595	-94.213888	0.0	0.0	0.0021
Potamogetonaceae	0.0	0.0	38.129493	-97.434161	0.0	0.0	0.0021
Potamogetonaceae	0.0	0.0	32.654284000000004	-97.35538100000001	0.0	0.0	0.0021
Potamogetonaceae	0.0	0.0	41.807646999999996	-72.248467	0.0	0.0	0.0021
Potamogetonaceae	0.0	0.0	41.807241999999995	-72.24843299999998	0.0	0.0	0.0021
Potamogetonaceae	0.0	0.0	32.968070000000004	-96.8793	0.0	0.0	0.0021
Potamogetonaceae	0.0	0.0	30.237581	-95.97028399999999	0.0	0.0	0.0021
Potamogetonaceae	0.0	0.0	41.012599	-81.393814	0.0	0.0	0.0021
Potamogetonaceae	0.0	0.0	43.013197	-88.491006	0.0	0.0	0.0021
Potamogetonaceae	0.0	0.0	41.062919	-74.852734	0.0	0.0	0.0021
Potamogetonaceae	0.0	0.0	41.101445	-81.441779	0.0	0.0	0.0021
Potamogetonaceae	0.0	0.0	47.385798	-66.35759399999999	0.0	0.0	0.0021
Potamogetonaceae	0.0	0.0	47.891391	-92.21533199999999	0.0	0.0	0.0021
Potamogetonaceae	0.0	0.0	46.246238	-89.286116	0.0	0.0	0.0021
Potamogetonaceae	0.0	0.0	44.985943	-75.667947	0.0	0.0	0.0021
Potamogetonaceae	0.0	0.0	47.2875	-92.550278	0.0	0.0	0.0021
Potamogetonaceae	0.0	0.0	46.271044	-89.50275699999996	0.0	0.0	0.0021
Potamogetonaceae	0.0	0.0	46.24633	-89.392377	0.0	0.0	0.0021
Potamogetonaceae	0.0	0.0	46.24633	-89.392377	0.0	0.0	0.0021
Potamogetonaceae	0.0	0.0	44.958086	-76.80804300000001	0.0	0.0	0.0021
Potamogetonaceae	0.0	0.0	47.812594	-91.741026	0.0	0.0	0.0021
Potamogetonaceae	0.0	0.0	48.065832	-77.69859100000002	0.0	0.0	0.0021
Potamogetonaceae	0.0	0.0	60.69533199999999	-151.155163	0.0	0.0	0.0021
Potamogetonaceae	0.0	0.0	60.697627000000004	-151.152467	0.0	0.0	0.0021
Potamogetonaceae	0.0	0.0	60.692962	-151.157933	0.0	0.0	0.0021
Potamogetonaceae	0.0	0.0	60.69296	-151.157947	0.0	0.0	0.0021
Potamogetonaceae	0.0	0.0	44.86917800000001	-81.076542	0.0	0.0	0.0021
Potamogetonaceae	0.0	0.0	51.593841999999995	-95.55869	0.0	0.0	0.0021
Potamogetonaceae	0.0	0.0	44.554134999999995	-84.152294	0.0	0.0	0.0021
Potamogetonaceae	0.0	0.0	44.561003	-84.123391	0.0	0.0	0.0021
Potamogetonaceae	0.0	0.0	46.660528	-88.165194	0.0	0.0	0.0021
Potamogetonaceae	0.0	0.0	30.12972700000001	-97.68237099999999	0.0	0.0	0.0021
Potamogetonaceae	0.0	0.0	39.870115999999996	-86.295487	0.0	0.0	0.0021
Potamogetonaceae	0.0	0.0	48.627701	-93.17451700000001	0.0	0.0	0.0021
Potamogetonaceae	0.0	0.0	45.280821	-75.691586	0.0	0.0	0.0021
Potamogetonaceae	0.0	0.0	29.086579999999998	-82.4487	0.0	0.0	0.0021
Potamogetonaceae	0.0	0.0	40.567765	-74.518359	0.0	0.0	0.0021
Potamogetonaceae	0.0	0.0	45.776193	-89.51822800000002	0.0	0.0	0.0021
Potamogetonaceae	0.0	0.0	45.77577	-89.51711800000002	0.0	0.0	0.0021
Potamogetonaceae	0.0	0.0	47.377953999999995	-91.193146	0.0	0.0	0.0021
Potamogetonaceae	0.0	0.0	45.602389	-67.08149	0.0	0.0	0.0021
Potamogetonaceae	0.0	0.0	45.512263	-67.096234	0.0	0.0	0.0021
Potamogetonaceae	0.0	0.0	45.961342	-64.162498	0.0	0.0	0.0021
Potamogetonaceae	0.0	0.0	40.578963	-121.32409399999999	0.0	0.0	0.0021
Potamogetonaceae	0.0	0.0	35.890336	-84.93796	0.0	0.0	0.0021
Potamogetonaceae	0.0	0.0	43.752505	-73.212439	0.0	0.0	0.0021
Potamogetonaceae	0.0	0.0	47.895278999999995	-92.00833100000001	0.0	0.0	0.0021
Potamogetonaceae	0.0	0.0	30.656394	-93.210348	0.0	0.0	0.0021
Potamogetonaceae	0.0	0.0	32.634357	-96.971544	0.0	0.0	0.0021
Potamogetonaceae	0.0	0.0	44.530878	-78.489421	0.0	0.0	0.0021
Potamogetonaceae	0.0	0.0	44.311794	-75.784935	0.0	0.0	0.0021
Potamogetonaceae	0.0	0.0	40.938825	-81.520837	0.0	0.0	0.0021
Potamogetonaceae	0.0	0.0	40.9246	-81.51512199999998	0.0	0.0	0.0021
Potamogetonaceae	0.0	0.0	40.944095000000004	-81.52932	0.0	0.0	0.0021
Potamogetonaceae	0.0	0.0	57.05543	-135.335593	0.0	0.0	0.0021
Potamogetonaceae	0.0	0.0	45.372263000000004	-75.80083499999998	0.0	0.0	0.0021
Potamogetonaceae	0.0	0.0	47.37788	-91.194195	0.0	0.0	0.0021
Potamogetonaceae	0.0	0.0	45.372263000000004	-75.80083499999998	0.0	0.0	0.0021
Potamogetonaceae	0.0	0.0	45.400064	-79.206362	0.0	0.0	0.0021
Potamogetonaceae	0.0	0.0	45.75393	-80.180883	0.0	0.0	0.0021
Potamogetonaceae	0.0	0.0	43.037763	-81.268795	0.0	0.0	0.0021
Potamogetonaceae	0.0	0.0	40.602992	-111.343382	0.0	0.0	0.0021
Potamogetonaceae	0.0	0.0	40.331946	-111.762768	0.0	0.0	0.0021
Potamogetonaceae	0.0	0.0	41.027567	-111.50039699999999	0.0	0.0	0.0021
Potamogetonaceae	0.0	0.0	37.391804	-118.51431799999999	0.0	0.0	0.0021
Potamogetonaceae	0.0	0.0	39.648586	-75.955486	0.0	0.0	0.0021
Potamogetonaceae	0.0	0.0	44.60455200000001	-84.964391	0.0	0.0	0.0021
Potamogetonaceae	0.0	0.0	46.667549	-87.521345	0.0	0.0	0.0021
Potamogetonaceae	0.0	0.0	46.71581	-87.564577	0.0	0.0	0.0021
Potamogetonaceae	0.0	0.0	46.675315999999995	-87.466767	0.0	0.0	0.0021
Potamogetonaceae	0.0	0.0	46.748734000000006	-87.430312	0.0	0.0	0.0021
Potamogetonaceae	0.0	0.0	46.704873	-87.584451	0.0	0.0	0.0021
Potamogetonaceae	0.0	0.0	46.724191999999995	-87.482723	0.0	0.0	0.0021
Potamogetonaceae	0.0	0.0	46.669557	-87.503498	0.0	0.0	0.0021
Potamogetonaceae	0.0	0.0	46.697739	-87.587385	0.0	0.0	0.0021
Potamogetonaceae	0.0	0.0	42.685699	-86.094827	0.0	0.0	0.0021
Potamogetonaceae	0.0	0.0	46.182796	-84.447345	0.0	0.0	0.0021
Potamogetonaceae	0.0	0.0	45.71978	-60.612737	0.0	0.0	0.0021
Potamogetonaceae	0.0	0.0	42.937933	-88.48246800000004	0.0	0.0	0.0021
Potamogetonaceae	0.0	0.0	61.329097	-117.61910300000001	0.0	0.0	0.0021
Potamogetonaceae	0.0	0.0	32.784013	-96.5853	0.0	0.0	0.0021
Potamogetonaceae	0.0	0.0	32.783964000000005	-96.58536099999999	0.0	0.0	0.0021
Potamogetonaceae	0.0	0.0	30.705444	-88.157083	0.0	0.0	0.0021
Potamogetonaceae	0.0	0.0	45.333513	-93.756146	0.0	0.0	0.0021
Potamogetonaceae	0.0	0.0	47.827778	-91.661389	0.0	0.0	0.0021
Potamogetonaceae	0.0	0.0	46.626649	-87.489882	0.0	0.0	0.0021
Potamogetonaceae	0.0	0.0	46.626649	-87.489882	0.0	0.0	0.0021
Potamogetonaceae	0.0	0.0	46.626649	-87.489882	0.0	0.0	0.0021
Potamogetonaceae	0.0	0.0	46.626649	-87.489882	0.0	0.0	0.0021
Potamogetonaceae	0.0	0.0	46.626649	-87.489882	0.0	0.0	0.0021
Potamogetonaceae	0.0	0.0	46.626649	-87.489882	0.0	0.0	0.0021
Potamogetonaceae	0.0	0.0	46.626649	-87.489882	0.0	0.0	0.0021
Potamogetonaceae	0.0	0.0	42.586215	-80.444213	0.0	0.0	0.0021
Potamogetonaceae	0.0	0.0	44.548945	-76.237953	0.0	0.0	0.0021
Potamogetonaceae	0.0	0.0	41.336106	-75.894272	0.0	0.0	0.0021
Potamogetonaceae	0.0	0.0	43.593887	-80.269447	0.0	0.0	0.0021
Potamogetonaceae	0.0	0.0	44.329731	-78.315044	0.0	0.0	0.0021
Potamogetonaceae	0.0	0.0	33.127175	-97.179512	0.0	0.0	0.0021
Potamogetonaceae	0.0	0.0	38.569659	-122.689175	0.0	0.0	0.0021
Potamogetonaceae	0.0	0.0	44.226206	-73.276987	0.0	0.0	0.0021
Potamogetonaceae	0.0	0.0	41.359733	-81.855492	0.0	0.0	0.0021
Potamogetonaceae	0.0	0.0	47.381962	-91.19607099999999	0.0	0.0	0.0021
Potamogetonaceae	0.0	0.0	42.305412	-71.617643	0.0	0.0	0.0021
Potamogetonaceae	0.0	0.0	41.78307	-124.049227	0.0	0.0	0.0021
Potamogetonaceae	0.0	0.0	34.23899	-116.949592	0.0	0.0	0.0021
Potamogetonaceae	0.0	0.0	41.119789000000004	-81.36634699999998	0.0	0.0	0.0021
Potamogetonaceae	0.0	0.0	42.180028	-122.464417	0.0	0.0	0.0021
Potamogetonaceae	0.0	0.0	43.26491	-123.46657900000001	0.0	0.0	0.0021
Potamogetonaceae	0.0	0.0	41.72567	-81.33854699999998	0.0	0.0	0.0021
Potamogetonaceae	0.0	0.0	40.339983000000004	-80.109451	0.0	0.0	0.0021
Potamogetonaceae	0.0	0.0	44.246288	-72.098974	0.0	0.0	0.0021
Potamogetonaceae	0.0	0.0	43.241528	-123.544151	0.0	0.0	0.0021
Potamogetonaceae	0.0	0.0	45.811479	-71.39751	0.0	0.0	0.0021
Potamogetonaceae	0.0	0.0	46.03908300000001	-65.13889499999999	0.0	0.0	0.0021
Potamogetonaceae	0.0	0.0	57.05248100000001	-135.308888	0.0	0.0	0.0021
Potamogetonaceae	0.0	0.0	44.288129999999995	-72.240616	0.0	0.0	0.0021
Potamogetonaceae	0.0	0.0	47.387615000000004	-91.2012	0.0	0.0	0.0021
Potamogetonaceae	0.0	0.0	43.204436	-72.904321	0.0	0.0	0.0021
Potamogetonaceae	0.0	0.0	41.370563	-81.23507	0.0	0.0	0.0021
Potamogetonaceae	0.0	0.0	41.051196999999995	-81.35508	0.0	0.0	0.0021
Potamogetonaceae	0.0	0.0	41.077232	-81.353957	0.0	0.0	0.0021
Potamogetonaceae	0.0	0.0	48.703819	-91.492203	0.0	0.0	0.0021
Potamogetonaceae	0.0	0.0	43.161601	-123.394275	0.0	0.0	0.0021
Potamogetonaceae	0.0	0.0	32.85017	-117.006626	0.0	0.0	0.0021
Potamogetonaceae	0.0	0.0	44.825268	-77.928989	0.0	0.0	0.0021
Potamogetonaceae	0.0	0.0	43.631847	-73.73848000000002	0.0	0.0	0.0021
Potamogetonaceae	0.0	0.0	44.825268	-77.928957	0.0	0.0	0.0021
Potamogetonaceae	0.0	0.0	42.44707800000001	-78.87198000000002	0.0	0.0	0.0021
Potamogetonaceae	0.0	0.0	47.36972	-68.727776	0.0	0.0	0.0021
Potamogetonaceae	0.0	0.0	45.106667	-66.75528	0.0	0.0	0.0021
Potamogetonaceae	0.0	0.0	62.471389	-114.429722	0.0	0.0	0.0021
Potamogetonaceae	0.0	0.0	45.221358	-89.779347	0.0	0.0	0.0021
Potamogetonaceae	0.0	0.0	60.808686	-136.475905	0.0	0.0	0.0021
Potamogetonaceae	0.0	0.0	16.381127	-92.112551	0.0	0.0	0.0021
Potamogetonaceae	0.0	0.0	16.711309	-92.619392	0.0	0.0	0.0021
Potamogetonaceae	0.0	0.0	16.706795	-92.61549699999999	0.0	0.0	0.0021
Potamogetonaceae	0.0	0.0	44.27623300000001	-78.41882199999998	0.0	0.0	0.0021
Potamogetonaceae	0.0	0.0	44.443883	-78.207357	0.0	0.0	0.0021
Potamogetonaceae	0.0	0.0	46.647843	-60.398743	0.0	0.0	0.0021
Potamogetonaceae	0.0	0.0	45.625819	-65.079155	0.0	0.0	0.0021
Potamogetonaceae	0.0	0.0	45.372263000000004	-75.80083499999998	0.0	0.0	0.0021
Potamogetonaceae	0.0	0.0	45.860971	-60.80339300000001	0.0	0.0	0.0021
Potamogetonaceae	0.0	0.0	44.605138000000004	-63.722478	0.0	0.0	0.0021
Potamogetonaceae	0.0	0.0	45.251032	-63.286799	0.0	0.0	0.0021
Potamogetonaceae	0.0	0.0	46.421124	-89.396411	0.0	0.0	0.0021
Potamogetonaceae	0.0	0.0	43.01701	-88.486524	0.0	0.0	0.0021
Potamogetonaceae	0.0	0.0	41.223028	-81.7157	0.0	0.0	0.0021
Potamogetonaceae	0.0	0.0	39.469055	-119.597695	0.0	0.0	0.0021
Potamogetonaceae	0.0	0.0	42.54473400000001	-80.089989	0.0	0.0	0.0021
Potamogetonaceae	0.0	0.0	32.661407000000004	-97.22238	0.0	0.0	0.0021
Potamogetonaceae	0.0	0.0	42.612276	-85.557546	0.0	0.0	0.0021
Potamogetonaceae	0.0	0.0	44.476953	-77.044014	0.0	0.0	0.0021
Potamogetonaceae	0.0	0.0	42.494694	-86.185913	0.0	0.0	0.0021
Potamogetonaceae	0.0	0.0	32.476513	-95.297978	0.0	0.0	0.0021
Potamogetonaceae	0.0	0.0	44.742222	-78.153064	0.0	0.0	0.0021
Potamogetonaceae	0.0	0.0	44.745813	-78.143774	0.0	0.0	0.0021
Potamogetonaceae	0.0	0.0	44.548643	-78.17012700000002	0.0	0.0	0.0021
Potamogetonaceae	0.0	0.0	46.447872	-62.424447	0.0	0.0	0.0021
Potamogetonaceae	0.0	0.0	60.451468999999996	-151.085958	0.0	0.0	0.0021
Potamogetonaceae	0.0	0.0	60.458963	-151.054323	0.0	0.0	0.0021
Potamogetonaceae	0.0	0.0	60.458975	-151.054328	0.0	0.0	0.0021
Potamogetonaceae	0.0	0.0	60.463393	-151.06080500000004	0.0	0.0	0.0021
Potamogetonaceae	0.0	0.0	45.512753000000004	-67.099171	0.0	0.0	0.0021
Potamogetonaceae	0.0	0.0	44.868795	-77.99122	0.0	0.0	0.0021
Potamogetonaceae	0.0	0.0	43.960125	-121.78163	0.0	0.0	0.0021
Potamogetonaceae	0.0	0.0	43.235039	-81.870193	0.0	0.0	0.0021
Potamogetonaceae	0.0	0.0	47.857378999999995	-123.69318600000001	0.0	0.0	0.0021
Potamogetonaceae	0.0	0.0	43.530722	-80.259123	0.0	0.0	0.0021
Potamogetonaceae	0.0	0.0	60.756223	-136.04276299999998	0.0	0.0	0.0021
Potamogetonaceae	0.0	0.0	45.414278	-75.760518	0.0	0.0	0.0021
Potamogetonaceae	0.0	0.0	46.49740300000001	-63.387138	0.0	0.0	0.0021
Potamogetonaceae	0.0	0.0	47.242801	-68.019085	0.0	0.0	0.0021
Potamogetonaceae	0.0	0.0	44.650812	-75.59315500000002	0.0	0.0	0.0021
Potamogetonaceae	0.0	0.0	42.532833000000004	-86.034413	0.0	0.0	0.0021
Potamogetonaceae	0.0	0.0	41.580601	-80.741161	0.0	0.0	0.0021
Potamogetonaceae	0.0	0.0	49.406588	-114.099473	0.0	0.0	0.0021
Potamogetonaceae	0.0	0.0	42.16065	-80.087153	0.0	0.0	0.0021
Potamogetonaceae	0.0	0.0	41.417575	-81.15821899999997	0.0	0.0	0.0021
Potamogetonaceae	0.0	0.0	60.809703000000006	-136.475157	0.0	0.0	0.0021
Potamogetonaceae	0.0	0.0	40.058642	-74.17106700000002	0.0	0.0	0.0021
Potamogetonaceae	0.0	0.0	42.067792	-88.271897	0.0	0.0	0.0021
Potamogetonaceae	0.0	0.0	42.067895	-88.272203	0.0	0.0	0.0021
Potamogetonaceae	0.0	0.0	43.799526	-83.42627900000002	0.0	0.0	0.0021
Potamogetonaceae	0.0	0.0	43.800721	-83.425337	0.0	0.0	0.0021
Potamogetonaceae	0.0	0.0	37.738482	-84.253578	0.0	0.0	0.0021
Potamogetonaceae	0.0	0.0	41.540886	-81.63516700000002	0.0	0.0	0.0021
Potamogetonaceae	0.0	0.0	41.414167	-82.60279200000002	0.0	0.0	0.0021
Potamogetonaceae	0.0	0.0	41.234997	-81.569075	0.0	0.0	0.0021
Potamogetonaceae	0.0	0.0	41.312039	-81.58760799999997	0.0	0.0	0.0021
Potamogetonaceae	0.0	0.0	41.257967	-81.788122	0.0	0.0	0.0021
Potamogetonaceae	0.0	0.0	41.202833	-81.699611	0.0	0.0	0.0021
Potamogetonaceae	0.0	0.0	41.413808	-81.754908	0.0	0.0	0.0021
Potamogetonaceae	0.0	0.0	41.551317	-81.219497	0.0	0.0	0.0021
Potamogetonaceae	0.0	0.0	41.217139	-81.526133	0.0	0.0	0.0021
Potamogetonaceae	0.0	0.0	41.206047	-81.51469399999998	0.0	0.0	0.0021
Potamogetonaceae	0.0	0.0	41.184461	-81.66067199999998	0.0	0.0	0.0021
Potamogetonaceae	0.0	0.0	41.362664	-81.849797	0.0	0.0	0.0021
Potamogetonaceae	0.0	0.0	41.305039	-81.619867	0.0	0.0	0.0021
Potamogetonaceae	0.0	0.0	41.217419	-81.526269	0.0	0.0	0.0021
Potamogetonaceae	0.0	0.0	41.495022	-81.727331	0.0	0.0	0.0021
Potamogetonaceae	0.0	0.0	41.229936	-81.534319	0.0	0.0	0.0021
Potamogetonaceae	0.0	0.0	41.420589	-82.615139	0.0	0.0	0.0021
Potamogetonaceae	0.0	0.0	41.381664	-81.481464	0.0	0.0	0.0021
Potamogetonaceae	0.0	0.0	41.298972	-81.662936	0.0	0.0	0.0021
Potamogetonaceae	0.0	0.0	41.267775	-81.639503	0.0	0.0	0.0021
Potamogetonaceae	0.0	0.0	41.313375	-81.590144	0.0	0.0	0.0021
Potamogetonaceae	0.0	0.0	41.587525	-81.56315	0.0	0.0	0.0021
Potamogetonaceae	0.0	0.0	41.18915	-81.48620799999998	0.0	0.0	0.0021
Potamogetonaceae	0.0	0.0	41.416317	-81.6479	0.0	0.0	0.0021
Potamogetonaceae	0.0	0.0	41.370119	-81.227506	0.0	0.0	0.0021
Potamogetonaceae	0.0	0.0	41.578239	-81.416503	0.0	0.0	0.0021
Potamogetonaceae	0.0	0.0	41.370564	-81.235069	0.0	0.0	0.0021
Potamogetonaceae	0.0	0.0	41.21015300000001	-81.713608	0.0	0.0	0.0021
Potamogetonaceae	0.0	0.0	41.370117	-81.227636	0.0	0.0	0.0021
Potamogetonaceae	0.0	0.0	41.502078000000004	-81.71144699999998	0.0	0.0	0.0021
Potamogetonaceae	0.0	0.0	41.72640300000001	-81.335494	0.0	0.0	0.0021
Potamogetonaceae	0.0	0.0	40.968603	-81.541822	0.0	0.0	0.0021
Potamogetonaceae	0.0	0.0	40.970022	-81.546786	0.0	0.0	0.0021
Potamogetonaceae	0.0	0.0	41.571760999999995	-81.420047	0.0	0.0	0.0021
Potamogetonaceae	0.0	0.0	41.230603	-81.53459699999998	0.0	0.0	0.0021
Potamogetonaceae	0.0	0.0	41.356064	-81.856117	0.0	0.0	0.0021
Potamogetonaceae	0.0	0.0	41.065	-81.371894	0.0	0.0	0.0021
Potamogetonaceae	0.0	0.0	41.206322	-81.691906	0.0	0.0	0.0021
Potamogetonaceae	0.0	0.0	37.780311	-122.51371100000001	0.0	0.0	0.0021
Potamogetonaceae	0.0	0.0	43.422325	-80.53433299999998	0.0	0.0	0.0021
Potamogetonaceae	0.0	0.0	41.416837	-82.821495	0.0	0.0	0.0021
Potamogetonaceae	0.0	0.0	48.904965000000004	-121.691231	0.0	0.0	0.0021
Potamogetonaceae	0.0	0.0	48.39185	-122.64912	0.0	0.0	0.0021
Potamogetonaceae	0.0	0.0	42.446378	-88.128294	0.0	0.0	0.0021
Potamogetonaceae	0.0	0.0	45.848539	-64.280765	0.0	0.0	0.0021
Potamogetonaceae	0.0	0.0	42.76678	-112.882815	0.0	0.0	0.0021
Potamogetonaceae	0.0	0.0	30.135819	-97.450518	0.0	0.0	0.0021
Potamogetonaceae	0.0	0.0	30.134814000000002	-97.451075	0.0	0.0	0.0021
Potamogetonaceae	0.0	0.0	32.613118	-96.99715400000001	0.0	0.0	0.0021
Potamogetonaceae	0.0	0.0	41.373946999999994	-81.159561	0.0	0.0	0.0021
Potamogetonaceae	0.0	0.0	41.1267	-81.426388	0.0	0.0	0.0021
Potamogetonaceae	0.0	0.0	43.263589	-81.147289	0.0	0.0	0.0021
Potamogetonaceae	0.0	0.0	37.379808000000004	-121.73958700000001	0.0	0.0	0.0021
Potamogetonaceae	0.0	0.0	42.844614	-88.168049	0.0	0.0	0.0021
Potamogetonaceae	0.0	0.0	45.948979	-66.60876800000001	0.0	0.0	0.0021
Potamogetonaceae	0.0	0.0	38.726335	-88.762344	0.0	0.0	0.0021
Potamogetonaceae	0.0	0.0	46.483005	-62.469104	0.0	0.0	0.0021
Potamogetonaceae	0.0	0.0	44.341481	-78.539564	0.0	0.0	0.0021
Potamogetonaceae	0.0	0.0	47.904167	-91.731941	0.0	0.0	0.0021
Potamogetonaceae	0.0	0.0	46.677788	-118.219251	0.0	0.0	0.0021
Potamogetonaceae	0.0	0.0	43.929106	-121.43415	0.0	0.0	0.0021
Potamogetonaceae	0.0	0.0	43.928315999999995	-121.45083899999999	0.0	0.0	0.0021
Potamogetonaceae	0.0	0.0	42.020856	-71.567589	0.0	0.0	0.0021
Potamogetonaceae	0.0	0.0	45.156053	-81.463142	0.0	0.0	0.0021
Potamogetonaceae	0.0	0.0	28.075922	-82.41505500000002	0.0	0.0	0.0021
Potamogetonaceae	0.0	0.0	38.634329	-90.270287	0.0	0.0	0.0021
Potamogetonaceae	0.0	0.0	41.281425	-81.569153	0.0	0.0	0.0021
Potamogetonaceae	0.0	0.0	60.90578100000001	-136.28766399999998	0.0	0.0	0.0021
Potamogetonaceae	0.0	0.0	46.246238	-89.286116	0.0	0.0	0.0021
Potamogetonaceae	0.0	0.0	44.382508	-77.891827	0.0	0.0	0.0021
Potamogetonaceae	0.0	0.0	41.727368	-87.550802	0.0	0.0	0.0021
Potamogetonaceae	0.0	0.0	43.414988	-80.077598	0.0	0.0	0.0021
Potamogetonaceae	0.0	0.0	35.81338	-84.90583000000002	0.0	0.0	0.0021
Potamogetonaceae	0.0	0.0	45.252857	-93.224104	0.0	0.0	0.0021
Potamogetonaceae	0.0	0.0	47.763461	-91.874737	0.0	0.0	0.0021
Potamogetonaceae	0.0	0.0	53.77530400000001	-105.324501	0.0	0.0	0.0021
Potamogetonaceae	0.0	0.0	45.44553	-92.3378	0.0	0.0	0.0021
Potamogetonaceae	0.0	0.0	40.35543300000001	-90.081147	0.0	0.0	0.0021
Potamogetonaceae	0.0	0.0	41.968661	-82.527738	0.0	0.0	0.0021
Potamogetonaceae	0.0	0.0	43.41395	-72.91459300000002	0.0	0.0	0.0021
Potamogetonaceae	0.0	0.0	45.974090999999994	-66.58867099999999	0.0	0.0	0.0021
Potamogetonaceae	0.0	0.0	45.974047999999996	-66.58851899999999	0.0	0.0	0.0021
Potamogetonaceae	0.0	0.0	43.738898	-80.03956099999998	0.0	0.0	0.0021
Potamogetonaceae	0.0	0.0	46.967174	-84.512755	0.0	0.0	0.0021
Potamogetonaceae	0.0	0.0	46.96706500000001	-84.512762	0.0	0.0	0.0021
Potamogetonaceae	0.0	0.0	41.283725	-81.388322	0.0	0.0	0.0021
Potamogetonaceae	0.0	0.0	45.795423	-63.663847	0.0	0.0	0.0021
Potamogetonaceae	0.0	0.0	45.174232	-76.348372	0.0	0.0	0.0021
Potamogetonaceae	0.0	0.0	44.834972	-78.45929699999998	0.0	0.0	0.0021
Potamogetonaceae	0.0	0.0	34.126644	-118.115723	0.0	0.0	0.0021
Potamogetonaceae	0.0	0.0	48.747178999999996	-122.395476	0.0	0.0	0.0021
Potamogetonaceae	0.0	0.0	41.597155	-80.537812	0.0	0.0	0.0021
Potamogetonaceae	0.0	0.0	36.804333	-121.6726	0.0	0.0	0.0021
Potamogetonaceae	0.0	0.0	42.407571999999995	-71.155992	0.0	0.0	0.0021
Potamogetonaceae	0.0	0.0	46.131356	-79.35419499999998	0.0	0.0	0.0021
Potamogetonaceae	0.0	0.0	41.269254	-82.069467	0.0	0.0	0.0021
Potamogetonaceae	0.0	0.0	34.178759	-116.830229	0.0	0.0	0.0021
Potamogetonaceae	0.0	0.0	38.403471	-122.685147	0.0	0.0	0.0021
Potamogetonaceae	0.0	0.0	33.34003	-116.900827	0.0	0.0	0.0021
Potamogetonaceae	0.0	0.0	33.067814	-96.95537900000001	0.0	0.0	0.0021
Potamogetonaceae	0.0	0.0	42.566572	-85.274952	0.0	0.0	0.0021
Potamogetonaceae	0.0	0.0	42.581439	-80.40463299999998	0.0	0.0	0.0021
Potamogetonaceae	0.0	0.0	36.612859	-99.556917	0.0	0.0	0.0021
Potamogetonaceae	0.0	0.0	42.295712	-71.302987	0.0	0.0	0.0021
Potamogetonaceae	0.0	0.0	33.709375	-117.645205	0.0	0.0	0.0021
Potamogetonaceae	0.0	0.0	30.730760999999998	-87.97223199999998	0.0	0.0	0.0021
Potamogetonaceae	0.0	0.0	41.33898	-75.890272	0.0	0.0	0.0021
Potamogetonaceae	0.0	0.0	44.21539600000001	-83.908673	0.0	0.0	0.0021
Potamogetonaceae	0.0	0.0	41.062518	-81.351556	0.0	0.0	0.0021
Potamogetonaceae	0.0	0.0	41.034838	-81.572941	0.0	0.0	0.0021
Potamogetonaceae	0.0	0.0	39.557517	-82.027333	0.0	0.0	0.0021
Potamogetonaceae	0.0	0.0	41.06737800000001	-81.368783	0.0	0.0	0.0021
Potamogetonaceae	0.0	0.0	29.604819	-98.39186099999999	0.0	0.0	0.0021
Potamogetonaceae	0.0	0.0	32.968258	-96.88908	0.0	0.0	0.0021
Potamogetonaceae	0.0	0.0	35.20314000000001	-76.548464	0.0	0.0	0.0021
Potamogetonaceae	0.0	0.0	32.633811	-96.971172	0.0	0.0	0.0021
Potamogetonaceae	0.0	0.0	38.966243	-76.558396	0.0	0.0	0.0021
Potamogetonaceae	0.0	0.0	40.82770900000001	-81.424607	0.0	0.0	0.0021
Potamogetonaceae	0.0	0.0	40.938928000000004	-81.520905	0.0	0.0	0.0021
Potamogetonaceae	0.0	0.0	40.938891999999996	-81.52095	0.0	0.0	0.0021
Potamogetonaceae	0.0	0.0	40.938897	-81.520958	0.0	0.0	0.0021
Potamogetonaceae	0.0	0.0	40.938942	-81.52085799999998	0.0	0.0	0.0021
Potamogetonaceae	0.0	0.0	40.938928000000004	-81.520905	0.0	0.0	0.0021
Potamogetonaceae	0.0	0.0	40.954291999999995	-81.53071700000002	0.0	0.0	0.0021
Potamogetonaceae	0.0	0.0	40.939688000000004	-81.525995	0.0	0.0	0.0021
Potamogetonaceae	0.0	0.0	40.946087	-81.528472	0.0	0.0	0.0021
Potamogetonaceae	0.0	0.0	40.938428	-81.531228	0.0	0.0	0.0021
Potamogetonaceae	0.0	0.0	40.937953	-81.532538	0.0	0.0	0.0021
Potamogetonaceae	0.0	0.0	40.934355	-81.53035799999998	0.0	0.0	0.0021
Potamogetonaceae	0.0	0.0	40.939747	-81.531625	0.0	0.0	0.0021
Potamogetonaceae	0.0	0.0	40.937771999999995	-81.53173000000002	0.0	0.0	0.0021
Potamogetonaceae	0.0	0.0	41.389817	-81.695647	0.0	0.0	0.0021
Potamogetonaceae	0.0	0.0	46.621121	-64.00954	0.0	0.0	0.0021
Potamogetonaceae	0.0	0.0	49.760625	-87.778514	0.0	0.0	0.0021
Potamogetonaceae	0.0	0.0	49.749559999999995	-87.841268	0.0	0.0	0.0021
Potamogetonaceae	0.0	0.0	49.74958400000001	-87.841376	0.0	0.0	0.0021
Potamogetonaceae	0.0	0.0	56.321709	-110.99503500000002	0.0	0.0	0.0021
Potamogetonaceae	0.0	0.0	48.722735	-86.392247	0.0	0.0	0.0021
Potamogetonaceae	0.0	0.0	48.722735	-86.392247	0.0	0.0	0.0021
Potamogetonaceae	0.0	0.0	48.722735	-86.392247	0.0	0.0	0.0021
Potamogetonaceae	0.0	0.0	48.849111	-86.394635	0.0	0.0	0.0021
Potamogetonaceae	0.0	0.0	45.314724	-75.188614	0.0	0.0	0.0021
Potamogetonaceae	0.0	0.0	41.711529999999996	-88.391467	0.0	0.0	0.0021
Potamogetonaceae	0.0	0.0	40.660132	-89.11336700000004	0.0	0.0	0.0021
Potamogetonaceae	0.0	0.0	45.811393	-71.3975	0.0	0.0	0.0021
Potamogetonaceae	0.0	0.0	47.359607000000004	-68.65771	0.0	0.0	0.0021
Potamogetonaceae	0.0	0.0	42.380812	-71.58313000000003	0.0	0.0	0.0021
Potamogetonaceae	0.0	0.0	44.570516	-83.75428000000002	0.0	0.0	0.0021
Potamogetonaceae	0.0	0.0	45.542072	-78.25969599999998	0.0	0.0	0.0021
Potamogetonaceae	0.0	0.0	44.616393	-78.00031	0.0	0.0	0.0021
Potamogetonaceae	0.0	0.0	41.504333	-81.490983	0.0	0.0	0.0021
Potamogetonaceae	0.0	0.0	41.753308000000004	-81.28968	0.0	0.0	0.0021
Potamogetonaceae	0.0	0.0	41.425675	-81.174688	0.0	0.0	0.0021
Potamogetonaceae	0.0	0.0	44.310883000000004	-79.361419	0.0	0.0	0.0021
Potamogetonaceae	0.0	0.0	45.640553000000004	-89.994316	0.0	0.0	0.0021
Potamogetonaceae	0.0	0.0	45.722834999999996	-89.481116	0.0	0.0	0.0021
Potamogetonaceae	0.0	0.0	45.98514	-89.7825	0.0	0.0	0.0021
Potamogetonaceae	0.0	0.0	41.146739000000004	-81.822992	0.0	0.0	0.0021
Potamogetonaceae	0.0	0.0	41.14935300000001	-81.828445	0.0	0.0	0.0021
Potamogetonaceae	0.0	0.0	41.416686999999996	-82.822372	0.0	0.0	0.0021
Potamogetonaceae	0.0	0.0	44.934336	-79.745689	0.0	0.0	0.0021
Potamogetonaceae	0.0	0.0	41.266312	-82.402467	0.0	0.0	0.0021
Potamogetonaceae	0.0	0.0	41.378437	-81.56707800000002	0.0	0.0	0.0021
Potamogetonaceae	0.0	0.0	41.148272	-81.826004	0.0	0.0	0.0021
Potamogetonaceae	0.0	0.0	43.021454	-77.57324200000002	0.0	0.0	0.0021
Potamogetonaceae	0.0	0.0	48.42074	-89.264335	0.0	0.0	0.0021
Potamogetonaceae	0.0	0.0	46.44605	-80.898584	0.0	0.0	0.0021
Potamogetonaceae	0.0	0.0	48.71573	-85.795035	0.0	0.0	0.0021
Potamogetonaceae	0.0	0.0	48.71581	-85.795082	0.0	0.0	0.0021
Potamogetonaceae	0.0	0.0	49.659928	-94.46826899999999	0.0	0.0	0.0021
Potamogetonaceae	0.0	0.0	45.007733	-75.65525	0.0	0.0	0.0021
Potamogetonaceae	0.0	0.0	45.576515	-78.518074	0.0	0.0	0.0021
Potamogetonaceae	0.0	0.0	44.95944	-76.806799	0.0	0.0	0.0021
Potamogetonaceae	0.0	0.0	45.048347	-78.512817	0.0	0.0	0.0021
Potamogetonaceae	0.0	0.0	46.603106	-73.183279	0.0	0.0	0.0021
Potamogetonaceae	0.0	0.0	44.425197999999995	-93.358565	0.0	0.0	0.0021
Potamogetonaceae	0.0	0.0	44.198798	-76.375062	0.0	0.0	0.0021
Potamogetonaceae	0.0	0.0	44.3814	-65.205488	0.0	0.0	0.0021
Potamogetonaceae	0.0	0.0	38.654184	-79.835842	0.0	0.0	0.0021
Potamogetonaceae	0.0	0.0	33.54635	-96.145926	0.0	0.0	0.0021
Potamogetonaceae	0.0	0.0	41.219843	-81.42928	0.0	0.0	0.0021
Potamogetonaceae	0.0	0.0	33.122454	-80.116435	0.0	0.0	0.0021
Potamogetonaceae	0.0	0.0	43.576571	-124.197227	0.0	0.0	0.0021
Potamogetonaceae	0.0	0.0	42.555546	-86.16541600000002	0.0	0.0	0.0021
Potamogetonaceae	0.0	0.0	44.307133	-68.25735300000001	0.0	0.0	0.0021
Potamogetonaceae	0.0	0.0	32.841442	-117.03403300000001	0.0	0.0	0.0021
Potamogetonaceae	0.0	0.0	48.832461	-88.495051	0.0	0.0	0.0021
Potamogetonaceae	0.0	0.0	42.012882	-88.255494	0.0	0.0	0.0021
Potamogetonaceae	0.0	0.0	46.280501	-86.49410300000002	0.0	0.0	0.0021
Potamogetonaceae	0.0	0.0	46.014646	-66.953218	0.0	0.0	0.0021
Potamogetonaceae	0.0	0.0	44.865990000000004	-79.851364	0.0	0.0	0.0021
Potamogetonaceae	0.0	0.0	42.666501000000004	-80.33045200000002	0.0	0.0	0.0021
Potamogetonaceae	0.0	0.0	50.685392	-120.34558100000001	0.0	0.0	0.0021
Potamogetonaceae	0.0	0.0	50.678608000000004	-120.319047	0.0	0.0	0.0021
Potamogetonaceae	0.0	0.0	50.70560800000001	-120.357626	0.0	0.0	0.0021
Potamogetonaceae	0.0	0.0	44.866236	-79.862143	0.0	0.0	0.0021
Potamogetonaceae	0.0	0.0	60.462662	-151.073868	0.0	0.0	0.0021
Potamogetonaceae	0.0	0.0	60.459545	-151.074447	0.0	0.0	0.0021
Potamogetonaceae	0.0	0.0	60.460488	-151.070473	0.0	0.0	0.0021
Potamogetonaceae	0.0	0.0	42.1829	-71.733795	0.0	0.0	0.0021
Potamogetonaceae	0.0	0.0	49.408768	-114.09991000000001	0.0	0.0	0.0021
Potamogetonaceae	0.0	0.0	45.342815	-73.751142	0.0	0.0	0.0021
Potamogetonaceae	0.0	0.0	43.570341	-79.693155	0.0	0.0	0.0021
Potamogetonaceae	0.0	0.0	31.44329	-94.69610300000001	0.0	0.0	0.0021
Potamogetonaceae	0.0	0.0	41.711593	-88.089753	0.0	0.0	0.0021
Potamogetonaceae	0.0	0.0	45.35093300000001	-93.75553000000001	0.0	0.0	0.0021
Potamogetonaceae	0.0	0.0	44.684108	-76.37368000000002	0.0	0.0	0.0021
Potamogetonaceae	0.0	0.0	41.44980200000001	-81.83813599999998	0.0	0.0	0.0021
Potamogetonaceae	0.0	0.0	45.219294	-79.798789	0.0	0.0	0.0021
Potamogetonaceae	0.0	0.0	49.121718	-81.61061600000002	0.0	0.0	0.0021
Potamogetonaceae	0.0	0.0	41.929494	-88.63223	0.0	0.0	0.0021
Potamogetonaceae	0.0	0.0	38.998942	-123.07496299999998	0.0	0.0	0.0021
Potamogetonaceae	0.0	0.0	42.07165300000001	-87.873597	0.0	0.0	0.0021
Potamogetonaceae	0.0	0.0	44.278457	-78.419492	0.0	0.0	0.0021
Potamogetonaceae	0.0	0.0	60.905735	-136.29158	0.0	0.0	0.0021
Potamogetonaceae	0.0	0.0	48.948452	-123.50237800000001	0.0	0.0	0.0021
Potamogetonaceae	0.0	0.0	48.948452	-123.50237800000001	0.0	0.0	0.0021
Potamogetonaceae	0.0	0.0	32.661317	-97.22232199999999	0.0	0.0	0.0021
Potamogetonaceae	0.0	0.0	43.99972800000001	-77.71897	0.0	0.0	0.0021
Potamogetonaceae	0.0	0.0	48.364457	-89.589372	0.0	0.0	0.0021
Potamogetonaceae	0.0	0.0	44.041989	-79.944512	0.0	0.0	0.0021
Potamogetonaceae	0.0	0.0	44.546745	-76.366963	0.0	0.0	0.0021
Potamogetonaceae	0.0	0.0	48.836479	-88.49646	0.0	0.0	0.0021
Potamogetonaceae	0.0	0.0	60.839742	-135.68643799999998	0.0	0.0	0.0021
Potamogetonaceae	0.0	0.0	46.706013	-85.33656500000002	0.0	0.0	0.0021
Potamogetonaceae	0.0	0.0	46.706424	-85.335607	0.0	0.0	0.0021
Potamogetonaceae	0.0	0.0	46.706078999999995	-85.336304	0.0	0.0	0.0021
Potamogetonaceae	0.0	0.0	46.706027	-85.336326	0.0	0.0	0.0021
Potamogetonaceae	0.0	0.0	43.969035	-78.055711	0.0	0.0	0.0021
Potamogetonaceae	0.0	0.0	45.377821999999995	-81.682114	0.0	0.0	0.0021
Potamogetonaceae	0.0	0.0	43.566946	-79.689511	0.0	0.0	0.0021
Potamogetonaceae	0.0	0.0	48.390213	-71.1278	0.0	0.0	0.0021
Potamogetonaceae	0.0	0.0	43.413546000000004	-80.529958	0.0	0.0	0.0021
Potamogetonaceae	0.0	0.0	43.590191	-80.547505	0.0	0.0	0.0021
Potamogetonaceae	0.0	0.0	45.9022	-64.367215	0.0	0.0	0.0021
Potamogetonaceae	0.0	0.0	44.593786	-79.936361	0.0	0.0	0.0021
Potamogetonaceae	0.0	0.0	47.935	-91.553611	0.0	0.0	0.0021
Potamogetonaceae	0.0	0.0	39.738205	-84.012353	0.0	0.0	0.0021
Potamogetonaceae	0.0	0.0	44.266971999999996	-76.108482	0.0	0.0	0.0021
Potamogetonaceae	0.0	0.0	43.862961	-80.061483	0.0	0.0	0.0021
Potamogetonaceae	0.0	0.0	43.860908	-80.06061700000002	0.0	0.0	0.0021
Potamogetonaceae	0.0	0.0	43.621555	-92.235313	0.0	0.0	0.0021
Potamogetonaceae	0.0	0.0	47.537987	-111.21746200000001	0.0	0.0	0.0021
Potamogetonaceae	0.0	0.0	42.798724	-88.684457	0.0	0.0	0.0021
Potamogetonaceae	0.0	0.0	42.34968	-79.38920999999998	0.0	0.0	0.0021
Potamogetonaceae	0.0	0.0	60.067412	-128.70078999999998	0.0	0.0	0.0021
Potamogetonaceae	0.0	0.0	41.949887	-90.115329	0.0	0.0	0.0021
Potamogetonaceae	0.0	0.0	64.143333	-134.420989	0.0	0.0	0.0021
Potamogetonaceae	0.0	0.0	44.733155	-79.803226	0.0	0.0	0.0021
Potamogetonaceae	0.0	0.0	44.61036	-76.122518	0.0	0.0	0.0021
Potamogetonaceae	0.0	0.0	60.110971	-128.827144	0.0	0.0	0.0021
Potamogetonaceae	0.0	0.0	44.610071999999995	-76.122508	0.0	0.0	0.0021
Potamogetonaceae	0.0	0.0	44.732988	-79.80340100000002	0.0	0.0	0.0021
Potamogetonaceae	0.0	0.0	44.732585	-79.803678	0.0	0.0	0.0021
Potamogetonaceae	0.0	0.0	45.606573	-73.66183000000002	0.0	0.0	0.0021
Potamogetonaceae	0.0	0.0	44.733173	-79.802983	0.0	0.0	0.0021
Potamogetonaceae	0.0	0.0	60.11161800000001	-128.82546000000002	0.0	0.0	0.0021
Potamogetonaceae	0.0	0.0	44.373301	-78.367587	0.0	0.0	0.0021
Potamogetonaceae	0.0	0.0	60.01738	-128.579205	0.0	0.0	0.0021
Potamogetonaceae	0.0	0.0	53.294693	-60.310801	0.0	0.0	0.0021
Potamogetonaceae	0.0	0.0	45.907148	-66.356351	0.0	0.0	0.0021
Potamogetonaceae	0.0	0.0	45.806474	-67.207737	0.0	0.0	0.0021
Potamogetonaceae	0.0	0.0	42.348826	-122.22081299999999	0.0	0.0	0.0021
Potamogetonaceae	0.0	0.0	45.981495	-92.026222	0.0	0.0	0.0021
Potamogetonaceae	0.0	0.0	34.723406	-86.642946	0.0	0.0	0.0021
Potamogetonaceae	0.0	0.0	23.506863	-109.907303	0.0	0.0	0.0021
Potamogetonaceae	0.0	0.0	44.323988	-78.303812	0.0	0.0	0.0021
Potamogetonaceae	0.0	0.0	41.4523	-81.831275	0.0	0.0	0.0021
Potamogetonaceae	0.0	0.0	42.929342	-88.857556	0.0	0.0	0.0021
Potamogetonaceae	0.0	0.0	44.668479999999995	-78.25131999999998	0.0	0.0	0.0021
Potamogetonaceae	0.0	0.0	41.600821999999994	-80.53962800000002	0.0	0.0	0.0021
Potamogetonaceae	0.0	0.0	60.591365	-136.145533	0.0	0.0	0.0021
Potamogetonaceae	0.0	0.0	42.039722	-72.61057199999998	0.0	0.0	0.0021
Potamogetonaceae	0.0	0.0	44.049405	-121.319301	0.0	0.0	0.0021
Potamogetonaceae	0.0	0.0	44.731625	-81.19179399999999	0.0	0.0	0.0021
Potamogetonaceae	0.0	0.0	43.415062	-80.07759	0.0	0.0	0.0021
Potamogetonaceae	0.0	0.0	43.414965	-80.07757	0.0	0.0	0.0021
Potamogetonaceae	0.0	0.0	44.733962	-81.186223	0.0	0.0	0.0021
Potamogetonaceae	0.0	0.0	43.422395	-80.332835	0.0	0.0	0.0021
Potamogetonaceae	0.0	0.0	43.420268	-80.123092	0.0	0.0	0.0021
Potamogetonaceae	0.0	0.0	44.733998	-81.186373	0.0	0.0	0.0021
Potamogetonaceae	0.0	0.0	43.933643	-80.39305300000002	0.0	0.0	0.0021
Potamogetonaceae	0.0	0.0	39.848915999999996	-86.329714	0.0	0.0	0.0021
Potamogetonaceae	0.0	0.0	31.444169	-94.692841	0.0	0.0	0.0021
Potamogetonaceae	0.0	0.0	38.568209	-89.863718	0.0	0.0	0.0021
Potamogetonaceae	0.0	0.0	35.800472	-84.910225	0.0	0.0	0.0021
Potamogetonaceae	0.0	0.0	46.828237	-93.150329	0.0	0.0	0.0021
Potamogetonaceae	0.0	0.0	45.443242	-97.286583	0.0	0.0	0.0021
Potamogetonaceae	0.0	0.0	40.939533000000004	-81.518997	0.0	0.0	0.0021
Potamogetonaceae	0.0	0.0	43.551808	-80.20675	0.0	0.0	0.0021
Potamogetonaceae	0.0	0.0	44.443493	-78.207083	0.0	0.0	0.0021
Potamogetonaceae	0.0	0.0	42.298901	-82.709547	0.0	0.0	0.0021
Potamogetonaceae	0.0	0.0	44.407212	-78.19086	0.0	0.0	0.0021
Potamogetonaceae	0.0	0.0	54.689587	-110.10390500000001	0.0	0.0	0.0021
Potamogetonaceae	0.0	0.0	44.432460999999996	-78.136667	0.0	0.0	0.0021
Potamogetonaceae	0.0	0.0	45.92543	-80.556703	0.0	0.0	0.0021
Potamogetonaceae	0.0	0.0	45.70726	-84.73792399999998	0.0	0.0	0.0021
Potamogetonaceae	0.0	0.0	64.1706	-134.77238300000002	0.0	0.0	0.0021
Potamogetonaceae	0.0	0.0	31.444169	-94.692841	0.0	0.0	0.0021
Potamogetonaceae	0.0	0.0	42.249787	-88.013749	0.0	0.0	0.0021
Potamogetonaceae	0.0	0.0	42.410484000000004	-87.802902	0.0	0.0	0.0021
Potamogetonaceae	0.0	0.0	45.619708	-84.721335	0.0	0.0	0.0021
Potamogetonaceae	0.0	0.0	41.291851	-82.141903	0.0	0.0	0.0021
Potamogetonaceae	0.0	0.0	41.011005	-81.950262	0.0	0.0	0.0021
Potamogetonaceae	0.0	0.0	46.831265	-60.656569999999995	0.0	0.0	0.0021
Potamogetonaceae	0.0	0.0	33.8495	-120.7578	0.0	0.0	0.0021
Potamogetonaceae	0.0	0.0	33.8495	-120.7578	0.0	0.0	0.0021
Potamogetonaceae	0.0	0.0	33.8495	-120.7578	0.0	0.0	0.0021
Potamogetonaceae	0.0	0.0	33.8495	-120.7578	0.0	0.0	0.0021
Potamogetonaceae	0.0	0.0	33.8495	-120.7578	0.0	0.0	0.0021
Potamogetonaceae	0.0	0.0	33.339967	-116.900728	0.0	0.0	0.0021
Potamogetonaceae	0.0	0.0	33.877369	-98.24108199999999	0.0	0.0	0.0021
Potamogetonaceae	0.0	0.0	39.9941	-76.345157	0.0	0.0	0.0021
Potamogetonaceae	0.0	0.0	43.68963	-89.39422900000002	0.0	0.0	0.0021
Potamogetonaceae	0.0	0.0	41.553967	-81.416862	0.0	0.0	0.0021
Potamogetonaceae	0.0	0.0	42.686563	-73.09366	0.0	0.0	0.0021
Potamogetonaceae	0.0	0.0	44.779488	-72.072277	0.0	0.0	0.0021
Potamogetonaceae	0.0	0.0	44.693095	-71.670698	0.0	0.0	0.0021
Potamogetonaceae	0.0	0.0	42.785792	-72.876279	0.0	0.0	0.0021
Potamogetonaceae	0.0	0.0	42.785716	-72.876737	0.0	0.0	0.0021
Potamogetonaceae	0.0	0.0	42.780459	-72.877718	0.0	0.0	0.0021
Potamogetonaceae	0.0	0.0	45.467997	-75.804232	0.0	0.0	0.0021
Potamogetonaceae	0.0	0.0	43.474742	-72.760312	0.0	0.0	0.0021
Potamogetonaceae	0.0	0.0	45.048388	-78.512826	0.0	0.0	0.0021
Potamogetonaceae	0.0	0.0	45.048384999999996	-78.512834	0.0	0.0	0.0021
Potamogetonaceae	0.0	0.0	45.04835300000001	-78.512817	0.0	0.0	0.0021
Potamogetonaceae	0.0	0.0	45.048333	-78.512817	0.0	0.0	0.0021
Potamogetonaceae	0.0	0.0	45.048369	-78.512789	0.0	0.0	0.0021
Potamogetonaceae	0.0	0.0	45.048394	-78.51279699999998	0.0	0.0	0.0021
Potamogetonaceae	0.0	0.0	45.048347	-78.512833	0.0	0.0	0.0021
Potamogetonaceae	0.0	0.0	45.199676000000004	-78.624802	0.0	0.0	0.0021
Potamogetonaceae	0.0	0.0	41.31427	-81.589303	0.0	0.0	0.0021
Potamogetonaceae	0.0	0.0	44.293836	-75.785478	0.0	0.0	0.0021
Potamogetonaceae	0.0	0.0	45.554266999999996	-122.44538	0.0	0.0	0.0021
Potamogetonaceae	0.0	0.0	46.415991	-63.081151	0.0	0.0	0.0021
Potamogetonaceae	0.0	0.0	41.377324	-80.082264	0.0	0.0	0.0021
Potamogetonaceae	0.0	0.0	42.790079999999996	-71.558693	0.0	0.0	0.0021
Potamogetonaceae	0.0	0.0	41.89902100000001	-88.187735	0.0	0.0	0.0021
Potamogetonaceae	0.0	0.0	32.849113	-97.476268	0.0	0.0	0.0021
Potamogetonaceae	0.0	0.0	41.03735	-87.899134	0.0	0.0	0.0021
Potamogetonaceae	0.0	0.0	41.911144	-87.97930500000002	0.0	0.0	0.0021
Potamogetonaceae	0.0	0.0	41.124015	-87.96706	0.0	0.0	0.0021
Potamogetonaceae	0.0	0.0	40.881017	-81.544477	0.0	0.0	0.0021
Potamogetonaceae	0.0	0.0	44.445546	-77.511206	0.0	0.0	0.0021
Potamogetonaceae	0.0	0.0	32.9614	-96.94109	0.0	0.0	0.0021
Potamogetonaceae	0.0	0.0	32.653328	-97.447519	0.0	0.0	0.0021
Potamogetonaceae	0.0	0.0	33.33515	-97.569131	0.0	0.0	0.0021
Potamogetonaceae	0.0	0.0	46.700520000000004	-85.07127	0.0	0.0	0.0021
Potamogetonaceae	0.0	0.0	32.793461	-96.58207800000001	0.0	0.0	0.0021
Potamogetonaceae	0.0	0.0	40.184002	-122.23113899999998	0.0	0.0	0.0021
Potamogetonaceae	0.0	0.0	42.263458	-71.21972	0.0	0.0	0.0021
Potamogetonaceae	0.0	0.0	41.957812	-70.933493	0.0	0.0	0.0021
Potamogetonaceae	0.0	0.0	43.21973	-123.41475	0.0	0.0	0.0021
Potamogetonaceae	0.0	0.0	41.504333	-81.490967	0.0	0.0	0.0021
Potamogetonaceae	0.0	0.0	42.077859000000004	-84.074822	0.0	0.0	0.0021
Potamogetonaceae	0.0	0.0	44.783093	-71.064335	0.0	0.0	0.0021
Potamogetonaceae	0.0	0.0	44.985409999999995	-75.66775	0.0	0.0	0.0021
Potamogetonaceae	0.0	0.0	40.797622	-73.953644	0.0	0.0	0.0021
Potamogetonaceae	0.0	0.0	30.70504600000001	-87.914757	0.0	0.0	0.0021
Potamogetonaceae	0.0	0.0	47.745227	-90.333845	0.0	0.0	0.0021
Potamogetonaceae	0.0	0.0	43.684269	-85.423914	0.0	0.0	0.0021
Potamogetonaceae	0.0	0.0	23.505182	-109.79895400000001	0.0	0.0	0.0021
Potamogetonaceae	0.0	0.0	41.37833300000001	-81.214395	0.0	0.0	0.0021
Potamogetonaceae	0.0	0.0	31.824296	-86.46681099999998	0.0	0.0	0.0021
Potamogetonaceae	0.0	0.0	31.597649	-86.660977	0.0	0.0	0.0021
Potamogetonaceae	0.0	0.0	49.279794	-123.104104	0.0	0.0	0.0021
Potamogetonaceae	0.0	0.0	41.427637	-81.66037800000002	0.0	0.0	0.0021
Potamogetonaceae	0.0	0.0	41.420405	-82.61646999999998	0.0	0.0	0.0021
Potamogetonaceae	0.0	0.0	41.30278300000001	-81.303138	0.0	0.0	0.0021
Potamogetonaceae	0.0	0.0	47.668614	-66.208562	0.0	0.0	0.0021
Potamogetonaceae	0.0	0.0	44.986776	-93.291718	0.0	0.0	0.0021
Potamogetonaceae	0.0	0.0	45.52602	-80.13077	0.0	0.0	0.0021
Potamogetonaceae	0.0	0.0	45.275276	-71.971664	0.0	0.0	0.0021
Potamogetonaceae	0.0	0.0	39.52661	-105.08036399999999	0.0	0.0	0.0021
Potamogetonaceae	0.0	0.0	41.293246999999994	-81.759781	0.0	0.0	0.0021
Potamogetonaceae	0.0	0.0	46.6107	-83.01700000000002	0.0	0.0	0.0021
Potamogetonaceae	0.0	0.0	41.812003000000004	-88.078448	0.0	0.0	0.0021
Potamogetonaceae	0.0	0.0	44.833217	-93.70389399999999	0.0	0.0	0.0021
Potamogetonaceae	0.0	0.0	39.687672	-85.95687099999998	0.0	0.0	0.0021
Potamogetonaceae	0.0	0.0	42.709384	-84.518996	0.0	0.0	0.0021
Potamogetonaceae	0.0	0.0	41.663472	-73.901025	0.0	0.0	0.0021
Potamogetonaceae	0.0	0.0	43.827315999999996	-79.037915	0.0	0.0	0.0021
Potamogetonaceae	0.0	0.0	53.986943999999994	-106.189167	0.0	0.0	0.0021
Potamogetonaceae	0.0	0.0	49.684109	-124.89249299999999	0.0	0.0	0.0021
Potamogetonaceae	0.0	0.0	42.63398	-88.169083	0.0	0.0	0.0021
Potamogetonaceae	0.0	0.0	30.017317	-98.87253299999999	0.0	0.0	0.0021
Potamogetonaceae	0.0	0.0	42.939386	-88.480338	0.0	0.0	0.0021
Potamogetonaceae	0.0	0.0	45.961342	-64.162498	0.0	0.0	0.0021
Potamogetonaceae	0.0	0.0	45.961342	-64.162498	0.0	0.0	0.0021
Potamogetonaceae	0.0	0.0	47.749009	-82.917753	0.0	0.0	0.0021
Potamogetonaceae	0.0	0.0	44.813603	-91.519378	0.0	0.0	0.0021
Potamogetonaceae	0.0	0.0	33.060883000000004	-96.962159	0.0	0.0	0.0021
Potamogetonaceae	0.0	0.0	41.077627	-81.353443	0.0	0.0	0.0021
Potamogetonaceae	0.0	0.0	38.139495000000004	-122.787922	0.0	0.0	0.0021
Potamogetonaceae	0.0	0.0	32.983452	-97.27982	0.0	0.0	0.0021
Potamogetonaceae	0.0	0.0	41.410205	-81.88628299999998	0.0	0.0	0.0021
Potamogetonaceae	0.0	0.0	46.681015	-91.983676	0.0	0.0	0.0021
Potamogetonaceae	0.0	0.0	46.680875	-91.983558	0.0	0.0	0.0021
Potamogetonaceae	0.0	0.0	30.813572999999998	-94.021376	0.0	0.0	0.0021
Potamogetonaceae	0.0	0.0	42.483703999999996	-87.959991	0.0	0.0	0.0021
Potamogetonaceae	0.0	0.0	44.442432000000004	-78.206582	0.0	0.0	0.0021
Potamogetonaceae	0.0	0.0	44.312733	-76.1702	0.0	0.0	0.0021
Potamogetonaceae	0.0	0.0	37.791841999999995	-122.455968	0.0	0.0	0.0021
Potamogetonaceae	0.0	0.0	41.383573	-81.81157900000002	0.0	0.0	0.0021
Potamogetonaceae	0.0	0.0	48.024575	-122.678852	0.0	0.0	0.0021
Potamogetonaceae	0.0	0.0	48.024601000000004	-122.678836	0.0	0.0	0.0021
Potamogetonaceae	0.0	0.0	41.644875	-83.267463	0.0	0.0	0.0021
Potamogetonaceae	0.0	0.0	44.955256	-72.877877	0.0	0.0	0.0021
Potamogetonaceae	0.0	0.0	44.53583	-68.530237	0.0	0.0	0.0021
Potamogetonaceae	0.0	0.0	49.233663	-122.80186299999998	0.0	0.0	0.0021
Potamogetonaceae	0.0	0.0	49.232054999999995	-122.803403	0.0	0.0	0.0021
Potamogetonaceae	0.0	0.0	32.653287	-97.447445	0.0	0.0	0.0021
Potamogetonaceae	0.0	0.0	42.593154	-85.442451	0.0	0.0	0.0021
Potamogetonaceae	0.0	0.0	42.593154	-85.442451	0.0	0.0	0.0021
Potamogetonaceae	0.0	0.0	42.593154	-85.442451	0.0	0.0	0.0021
Potamogetonaceae	0.0	0.0	44.591757	-76.958986	0.0	0.0	0.0021
Potamogetonaceae	0.0	0.0	48.331944	-116.383614	0.0	0.0	0.0021
Potamogetonaceae	0.0	0.0	48.162213	-116.641544	0.0	0.0	0.0021
Potamogetonaceae	0.0	0.0	32.613056	-96.996944	0.0	0.0	0.0021
Potamogetonaceae	0.0	0.0	49.077819	-123.70433899999999	0.0	0.0	0.0021
Potamogetonaceae	0.0	0.0	45.835038	-79.507172	0.0	0.0	0.0021
Potamogetonaceae	0.0	0.0	45.776557000000004	-89.510472	0.0	0.0	0.0021
Potamogetonaceae	0.0	0.0	44.949471	-116.07478300000001	0.0	0.0	0.0021
Potamogetonaceae	0.0	0.0	43.562778	-116.112503	0.0	0.0	0.0021
Potamogetonaceae	0.0	0.0	39.063959999999994	-92.307374	0.0	0.0	0.0021
Potamogetonaceae	0.0	0.0	40.310812	-74.512056	0.0	0.0	0.0021
Potamogetonaceae	0.0	0.0	43.866615	-80.05793299999998	0.0	0.0	0.0021
Potamogetonaceae	0.0	0.0	40.794641999999996	-73.951718	0.0	0.0	0.0021
Potamogetonaceae	0.0	0.0	41.58207	-80.738822	0.0	0.0	0.0021
Potamogetonaceae	0.0	0.0	45.22017	-84.388386	0.0	0.0	0.0021
Potamogetonaceae	0.0	0.0	42.084720000000004	-82.59935	0.0	0.0	0.0021
Potamogetonaceae	0.0	0.0	45.163731	-81.440238	0.0	0.0	0.0021
Potamogetonaceae	0.0	0.0	45.062425	-81.42463199999997	0.0	0.0	0.0021
Potamogetonaceae	0.0	0.0	45.00333300000001	-81.428371	0.0	0.0	0.0021
Potamogetonaceae	0.0	0.0	42.74928900000001	-76.302736	0.0	0.0	0.0021
Potamogetonaceae	0.0	0.0	42.376869	-76.724858	0.0	0.0	0.0021
Potamogetonaceae	0.0	0.0	42.694815999999996	-76.251598	0.0	0.0	0.0021
Potamogetonaceae	0.0	0.0	40.79473400000001	-73.951633	0.0	0.0	0.0021
Potamogetonaceae	0.0	0.0	45.095408	-81.53885	0.0	0.0	0.0021
Potamogetonaceae	0.0	0.0	43.403633	-80.43335	0.0	0.0	0.0021
Potamogetonaceae	0.0	0.0	40.2049	-75.7745	0.0	0.0	0.0021
Potamogetonaceae	0.0	0.0	39.225278	-120.13695600000001	0.0	0.0	0.0021
Potamogetonaceae	0.0	0.0	41.812946000000004	-72.646782	0.0	0.0	0.0021
Potamogetonaceae	0.0	0.0	44.962062	-75.728173	0.0	0.0	0.0021
Potamogetonaceae	0.0	0.0	44.540457	-78.546369	0.0	0.0	0.0021
Potamogetonaceae	0.0	0.0	34.536974	-113.452978	0.0	0.0	0.0021
Potamogetonaceae	0.0	0.0	43.042483000000004	-81.238364	0.0	0.0	0.0021
Potamogetonaceae	0.0	0.0	38.075010999999996	-121.75618700000001	0.0	0.0	0.0021
Potamogetonaceae	0.0	0.0	41.112645	-81.39529499999998	0.0	0.0	0.0021
Potamogetonaceae	0.0	0.0	42.5938	-83.22855799999998	0.0	0.0	0.0021
Potamogetonaceae	0.0	0.0	40.062365	-87.984691	0.0	0.0	0.0021
Potamogetonaceae	0.0	0.0	40.981127	-81.540348	0.0	0.0	0.0021
Potamogetonaceae	0.0	0.0	44.296122	-73.964238	0.0	0.0	0.0021
Potamogetonaceae	0.0	0.0	45.192928	-81.55742	0.0	0.0	0.0021
Potamogetonaceae	0.0	0.0	42.100525	-71.624655	0.0	0.0	0.0021
Potamogetonaceae	0.0	0.0	42.198563	-71.34477199999998	0.0	0.0	0.0021
Potamogetonaceae	0.0	0.0	45.086569	-87.082334	0.0	0.0	0.0021
Potamogetonaceae	0.0	0.0	44.511593	-78.41598499999998	0.0	0.0	0.0021
Potamogetonaceae	0.0	0.0	42.797404	-88.69062199999998	0.0	0.0	0.0021
Potamogetonaceae	0.0	0.0	41.57178	-81.420105	0.0	0.0	0.0021
Potamogetonaceae	0.0	0.0	41.579987	-81.431283	0.0	0.0	0.0021
Potamogetonaceae	0.0	0.0	45.719045	-78.459953	0.0	0.0	0.0021
Potamogetonaceae	0.0	0.0	45.719928	-78.459175	0.0	0.0	0.0021
Potamogetonaceae	0.0	0.0	44.986441	-78.971463	0.0	0.0	0.0021
Potamogetonaceae	0.0	0.0	45.054528999999995	-66.786394	0.0	0.0	0.0021
Potamogetonaceae	0.0	0.0	45.720788	-78.458112	0.0	0.0	0.0021
Potamogetonaceae	0.0	0.0	45.372263000000004	-75.80083499999998	0.0	0.0	0.0021
Potamogetonaceae	0.0	0.0	45.075945000000004	-63.070166	0.0	0.0	0.0021
Potamogetonaceae	0.0	0.0	18.896865	-99.15051	0.0	0.0	0.0021
Potamogetonaceae	0.0	0.0	30.046139	-95.319936	0.0	0.0	0.0021
Potamogetonaceae	0.0	0.0	41.187912	-81.57953	0.0	0.0	0.0021
Potamogetonaceae	0.0	0.0	30.425133000000002	-91.02668800000001	0.0	0.0	0.0021
Potamogetonaceae	0.0	0.0	40.9253	-81.52563	0.0	0.0	0.0021
Potamogetonaceae	0.0	0.0	34.391923999999996	-117.725843	0.0	0.0	0.0021
Potamogetonaceae	0.0	0.0	41.217413	-81.52646999999997	0.0	0.0	0.0021
Potamogetonaceae	0.0	0.0	41.217326	-81.525813	0.0	0.0	0.0021
Potamogetonaceae	0.0	0.0	40.797238	-73.949943	0.0	0.0	0.0021
Potamogetonaceae	0.0	0.0	40.184641	-92.644711	0.0	0.0	0.0021
Potamogetonaceae	0.0	0.0	39.740301	-84.009435	0.0	0.0	0.0021
Potamogetonaceae	0.0	0.0	41.525337	-88.188355	0.0	0.0	0.0021
Potamogetonaceae	0.0	0.0	40.916833000000004	-74.662109	0.0	0.0	0.0021
Potamogetonaceae	0.0	0.0	41.926803	-92.8618	0.0	0.0	0.0021
Potamogetonaceae	0.0	0.0	40.67825	-73.51526700000002	0.0	0.0	0.0021
Potamogetonaceae	0.0	0.0	40.678242	-73.51526700000002	0.0	0.0	0.0021
Potamogetonaceae	0.0	0.0	20.071581	-100.669165	0.0	0.0	0.0021
Potamogetonaceae	0.0	0.0	41.323822	-81.80944699999998	0.0	0.0	0.0021
Potamogetonaceae	0.0	0.0	42.19269	-88.31378000000002	0.0	0.0	0.0021
Potamogetonaceae	0.0	0.0	41.72724	-81.331423	0.0	0.0	0.0021
Potamogetonaceae	0.0	0.0	41.222467	-81.71826999999998	0.0	0.0	0.0021
Potamogetonaceae	0.0	0.0	41.202205	-81.72757800000002	0.0	0.0	0.0021
Potamogetonaceae	0.0	0.0	42.488481	-87.964721	0.0	0.0	0.0021
Potamogetonaceae	0.0	0.0	41.504038	-81.490892	0.0	0.0	0.0021
Potamogetonaceae	0.0	0.0	45.99517	-84.362572	0.0	0.0	0.0021
Potamogetonaceae	0.0	0.0	42.020856	-71.567588	0.0	0.0	0.0021
Potamogetonaceae	0.0	0.0	39.718022999999995	-75.759684	0.0	0.0	0.0021
Potamogetonaceae	0.0	0.0	41.276695000000004	-81.696463	0.0	0.0	0.0021
Potamogetonaceae	0.0	0.0	41.580233	-81.416825	0.0	0.0	0.0021
Potamogetonaceae	0.0	0.0	41.26898	-81.694612	0.0	0.0	0.0021
Potamogetonaceae	0.0	0.0	41.417105	-81.428887	0.0	0.0	0.0021
Potamogetonaceae	0.0	0.0	38.183735	-122.83675500000001	0.0	0.0	0.0021
Potamogetonaceae	0.0	0.0	41.206171999999995	-81.69211700000002	0.0	0.0	0.0021
Potamogetonaceae	0.0	0.0	43.411953000000004	-80.344258	0.0	0.0	0.0021
Potamogetonaceae	0.0	0.0	46.65540900000001	-92.274101	0.0	0.0	0.0021
Potamogetonaceae	0.0	0.0	44.56393900000001	-78.511842	0.0	0.0	0.0021
Potamogetonaceae	0.0	0.0	44.56393900000001	-78.511842	0.0	0.0	0.0021
Potamogetonaceae	0.0	0.0	44.56393900000001	-78.511842	0.0	0.0	0.0021
Potamogetonaceae	0.0	0.0	41.957812	-70.933493	0.0	0.0	0.0021
Potamogetonaceae	0.0	0.0	44.378999	-65.20487299999999	0.0	0.0	0.0021
Potamogetonaceae	0.0	0.0	41.7554	-72.65548100000002	0.0	0.0	0.0021
Potamogetonaceae	0.0	0.0	41.756816	-72.653931	0.0	0.0	0.0021
Potamogetonaceae	0.0	0.0	40.945192	-81.52768	0.0	0.0	0.0021
Potamogetonaceae	0.0	0.0	40.939513	-81.52570300000002	0.0	0.0	0.0021
Potamogetonaceae	0.0	0.0	41.010422999999996	-81.397717	0.0	0.0	0.0021
Potamogetonaceae	0.0	0.0	40.894263	-74.451972	0.0	0.0	0.0021
Potamogetonaceae	0.0	0.0	40.328376	-80.100705	0.0	0.0	0.0021
Potamogetonaceae	0.0	0.0	41.363842	-81.162414	0.0	0.0	0.0021
Potamogetonaceae	0.0	0.0	44.261593	-83.49884	0.0	0.0	0.0021
Potamogetonaceae	0.0	0.0	45.971608	-66.587499	0.0	0.0	0.0021
Potamogetonaceae	0.0	0.0	45.971561	-66.587453	0.0	0.0	0.0021
Potamogetonaceae	0.0	0.0	32.850508000000005	-97.488788	0.0	0.0	0.0021
Potamogetonaceae	0.0	0.0	34.108907	-90.134897	0.0	0.0	0.0021
Potamogetonaceae	0.0	0.0	44.37782	-73.160714	0.0	0.0	0.0021
Potamogetonaceae	0.0	0.0	44.095783000000004	-88.638175	0.0	0.0	0.0021
Potamogetonaceae	0.0	0.0	33.060793	-96.96214599999999	0.0	0.0	0.0021
Potamogetonaceae	0.0	0.0	44.589718	-78.072047	0.0	0.0	0.0021
Potamogetonaceae	0.0	0.0	31.444169	-94.692841	0.0	0.0	0.0021
Potamogetonaceae	0.0	0.0	44.537082	-76.05659	0.0	0.0	0.0021
Potamogetonaceae	0.0	0.0	41.358763	-81.605355	0.0	0.0	0.0021
Potamogetonaceae	0.0	0.0	48.955757	-94.541227	0.0	0.0	0.0021
Potamogetonaceae	0.0	0.0	43.326636	-80.317219	0.0	0.0	0.0021
Potamogetonaceae	0.0	0.0	46.191722999999996	-85.419539	0.0	0.0	0.0021
Potamogetonaceae	0.0	0.0	32.973056	-116.68722199999999	0.0	0.0	0.0021
Potamogetonaceae	0.0	0.0	44.519188	-76.019328	0.0	0.0	0.0021
Potamogetonaceae	0.0	0.0	44.519176	-76.02001	0.0	0.0	0.0021
Potamogetonaceae	0.0	0.0	44.519154	-76.01926999999998	0.0	0.0	0.0021
Potamogetonaceae	0.0	0.0	44.511739	-75.993921	0.0	0.0	0.0021
Potamogetonaceae	0.0	0.0	44.540216	-76.018774	0.0	0.0	0.0021
Potamogetonaceae	0.0	0.0	44.54156500000001	-75.977427	0.0	0.0	0.0021
Potamogetonaceae	0.0	0.0	44.542132	-75.976809	0.0	0.0	0.0021
Potamogetonaceae	0.0	0.0	44.540278	-76.0188	0.0	0.0	0.0021
Potamogetonaceae	0.0	0.0	46.642416	-84.357886	0.0	0.0	0.0021
Potamogetonaceae	0.0	0.0	46.67492100000001	-84.352765	0.0	0.0	0.0021
Potamogetonaceae	0.0	0.0	41.968558	-82.528226	0.0	0.0	0.0021
Potamogetonaceae	0.0	0.0	43.316712	-77.72129699999998	0.0	0.0	0.0021
Potamogetonaceae	0.0	0.0	41.217377	-81.52660999999998	0.0	0.0	0.0021
Potamogetonaceae	0.0	0.0	41.192097	-81.582243	0.0	0.0	0.0021
Potamogetonaceae	0.0	0.0	41.217345	-81.525958	0.0	0.0	0.0021
Potamogetonaceae	0.0	0.0	39.71863	-75.761247	0.0	0.0	0.0021
Potamogetonaceae	0.0	0.0	39.757255	-89.75837800000002	0.0	0.0	0.0021
Potamogetonaceae	0.0	0.0	44.389562	-92.028283	0.0	0.0	0.0021
Potamogetonaceae	0.0	0.0	44.660005	-78.35493000000002	0.0	0.0	0.0021
Potamogetonaceae	0.0	0.0	43.921440999999994	-89.901513	0.0	0.0	0.0021
Potamogetonaceae	0.0	0.0	43.921437	-89.901403	0.0	0.0	0.0021
Potamogetonaceae	0.0	0.0	44.004481	-89.283582	0.0	0.0	0.0021
Potamogetonaceae	0.0	0.0	44.460933000000004	-78.12543199999998	0.0	0.0	0.0021
Potamogetonaceae	0.0	0.0	42.983242	-88.981574	0.0	0.0	0.0021
Potamogetonaceae	0.0	0.0	44.479101	-77.310209	0.0	0.0	0.0021
Potamogetonaceae	0.0	0.0	46.562403	-86.964228	0.0	0.0	0.0021
Potamogetonaceae	0.0	0.0	42.258054	-123.581649	0.0	0.0	0.0021
Potamogetonaceae	0.0	0.0	46.489290999999994	-86.22081	0.0	0.0	0.0021
Potamogetonaceae	0.0	0.0	44.941732	-78.639059	0.0	0.0	0.0021
Potamogetonaceae	0.0	0.0	46.69249600000001	-84.341886	0.0	0.0	0.0021
Potamogetonaceae	0.0	0.0	46.692495	-84.34186	0.0	0.0	0.0021
Potamogetonaceae	0.0	0.0	46.204924	-86.47665	0.0	0.0	0.0021
Potamogetonaceae	0.0	0.0	45.26563	-88.554917	0.0	0.0	0.0021
Potamogetonaceae	0.0	0.0	45.265347	-88.551107	0.0	0.0	0.0021
Potamogetonaceae	0.0	0.0	42.09081	-84.4465	0.0	0.0	0.0021
Potamogetonaceae	0.0	0.0	42.310140000000004	-84.20684	0.0	0.0	0.0021
Potamogetonaceae	0.0	0.0	30.302321999999997	-95.67175999999999	0.0	0.0	0.0021
Potamogetonaceae	0.0	0.0	29.89638900000001	-95.576111	0.0	0.0	0.0021
Potamogetonaceae	0.0	0.0	19.075	-99.325	0.0	0.0	0.0021
Potamogetonaceae	0.0	0.0	19.075	-99.325	0.0	0.0	0.0021
Potamogetonaceae	0.0	0.0	37.96006	-122.61228	0.0	0.0	0.0021
Potamogetonaceae	0.0	0.0	45.604209999999995	-92.4074	0.0	0.0	0.0021
Potamogetonaceae	0.0	0.0	44.90168	-93.37178399999999	0.0	0.0	0.0021
Potamogetonaceae	0.0	0.0	47.347932	-116.686226	0.0	0.0	0.0021
Potamogetonaceae	0.0	0.0	42.67731	-73.48168299999998	0.0	0.0	0.0021
Potamogetonaceae	0.0	0.0	42.728333	-71.612222	0.0	0.0	0.0021
Potamogetonaceae	0.0	0.0	41.328562	-79.103819	0.0	0.0	0.0021
Potamogetonaceae	0.0	0.0	34.220895	-117.665398	0.0	0.0	0.0021
Potamogetonaceae	0.0	0.0	60.358385	-151.206482	0.0	0.0	0.0021
Potamogetonaceae	0.0	0.0	60.45148199999999	-151.080755	0.0	0.0	0.0021
Potamogetonaceae	0.0	0.0	44.42537700000001	-79.64415600000002	0.0	0.0	0.0021
Potamogetonaceae	0.0	0.0	41.404938	-81.4029	0.0	0.0	0.0021
Potamogetonaceae	0.0	0.0	41.416171999999996	-81.634413	0.0	0.0	0.0021
Potamogetonaceae	0.0	0.0	41.223675	-81.632636	0.0	0.0	0.0021
Potamogetonaceae	0.0	0.0	41.534906	-81.65100799999998	0.0	0.0	0.0021
Potamogetonaceae	0.0	0.0	44.819016	-79.07989	0.0	0.0	0.0021
Potamogetonaceae	0.0	0.0	42.442809999999994	-122.885669	0.0	0.0	0.0021
Potamogetonaceae	0.0	0.0	45.707349	-84.737695	0.0	0.0	0.0021
Potamogetonaceae	0.0	0.0	48.343747	-88.810313	0.0	0.0	0.0021
Potamogetonaceae	0.0	0.0	33.341781	-96.562991	0.0	0.0	0.0021
Potamogetonaceae	0.0	0.0	38.642022999999995	-77.430175	0.0	0.0	0.0021
Potamogetonaceae	0.0	0.0	30.30081	-95.69364300000001	0.0	0.0	0.0021
Potamogetonaceae	0.0	0.0	30.307347999999998	-95.666717	0.0	0.0	0.0021
Potamogetonaceae	0.0	0.0	41.563387	-81.43512	0.0	0.0	0.0021
