species	max_age	min_age	lat	lon	family	mean_age	rounded_ages
Puma	0.0	0.0	47.582052000000004	-113.763621	0.0	0.0	0.0021
Puma	0.0	0.0	33.124711	-108.568249	0.0	0.0	0.0021
Puma	0.0	0.0	33.068335999999995	-116.33331399999999	0.0	0.0	0.0021
Puma	0.0	0.0	25.576582000000002	-80.689018	0.0	0.0	0.0021
Puma	0.0	0.0	37.050542	-121.429824	0.0	0.0	0.0021
Puma	0.0	0.0	38.539705	-122.57481899999999	0.0	0.0	0.0021
Puma	0.0	0.0	37.050632	-121.4302	0.0	0.0	0.0021
Puma	0.0	0.0	31.913203999999997	-109.93165900000001	0.0	0.0	0.0021
Puma	0.0	0.0	30.523041999999997	-97.87428100000001	0.0	0.0	0.0021
Puma	0.0	0.0	41.69500900000001	-103.712241	0.0	0.0	0.0021
Puma	0.0	0.0	32.648646	-108.53646299999998	0.0	0.0	0.0021
Puma	0.0	0.0	47.575423	-113.76260900000001	0.0	0.0	0.0021
Puma	0.0	0.0	37.379683	-121.73946299999999	0.0	0.0	0.0021
Puma	0.0	0.0	32.649972	-108.537201	0.0	0.0	0.0021
Puma	0.0	0.0	31.334842	-110.33238300000001	0.0	0.0	0.0021
Puma	0.0	0.0	38.481486	-122.915802	0.0	0.0	0.0021
Puma	0.0	0.0	32.909436	-116.54585300000001	0.0	0.0	0.0021
Puma	0.0	0.0	37.159819	-121.39267	0.0	0.0	0.0021
Puma	0.0	0.0	37.111321000000004	-121.40378899999999	0.0	0.0	0.0021
Puma	0.0	0.0	32.745622999999995	-116.570241	0.0	0.0	0.0021
Puma	0.0	0.0	40.363403999999996	-120.622698	0.0	0.0	0.0021
Puma	0.0	0.0	38.540315	-122.970018	0.0	0.0	0.0021
Puma	0.0	0.0	30.060134	-103.55809599999999	0.0	0.0	0.0021
Puma	0.0	0.0	37.04786	-121.42573	0.0	0.0	0.0021
Puma	0.0	0.0	47.083345	-122.98038700000001	0.0	0.0	0.0021
Puma	0.0	0.0	39.6533	-105.384194	0.0	0.0	0.0021
Puma	0.0	0.0	37.44660800000001	-122.23787	0.0	0.0	0.0021
Puma	0.0	0.0	34.284572999999995	-118.82451599999999	0.0	0.0	0.0021
Puma	0.0	0.0	38.592427	-122.50740800000001	0.0	0.0	0.0021
Puma	0.0	0.0	34.284821	-118.8218	0.0	0.0	0.0021
Puma	0.0	0.0	31.53812700000001	-110.760484	0.0	0.0	0.0021
Puma	0.0	0.0	40.264638	-105.356349	0.0	0.0	0.0021
Puma	0.0	0.0	38.59145	-122.534622	0.0	0.0	0.0021
Puma	0.0	0.0	38.580518	-122.515791	0.0	0.0	0.0021
Puma	0.0	0.0	32.683195	-116.542975	0.0	0.0	0.0021
Puma	0.0	0.0	40.779724	-111.88472	0.0	0.0	0.0021
Puma	0.0	0.0	41.317190999999994	-124.04290800000001	0.0	0.0	0.0021
Puma	0.0	0.0	40.800745	-111.873301	0.0	0.0	0.0021
Puma	0.0	0.0	32.683195	-116.542975	0.0	0.0	0.0021
Puma	0.0	0.0	33.077754	-117.139592	0.0	0.0	0.0021
Puma	0.0	0.0	34.282333	-118.802322	0.0	0.0	0.0021
Puma	0.0	0.0	32.708378	-116.53469299999999	0.0	0.0	0.0021
Puma	0.0	0.0	35.343563	-112.959092	0.0	0.0	0.0021
Puma	0.0	0.0	31.604445000000002	-111.41916699999999	0.0	0.0	0.0021
Puma	0.0	0.0	38.537887	-122.53503700000002	0.0	0.0	0.0021
Puma	0.0	0.0	37.162576	-121.398706	0.0	0.0	0.0021
Puma	0.0	0.0	25.583624	-80.798051	0.0	0.0	0.0021
Puma	0.0	0.0	34.32209	-118.31548000000001	0.0	0.0	0.0021
Puma	0.0	0.0	34.465162	-118.88192	0.0	0.0	0.0021
Puma	0.0	0.0	33.502635999999995	-115.830055	0.0	0.0	0.0021
Puma	0.0	0.0	38.582096	-122.502498	0.0	0.0	0.0021
Puma	0.0	0.0	34.284328	-118.81063799999998	0.0	0.0	0.0021
Puma	0.0	0.0	38.617387	-120.81998300000001	0.0	0.0	0.0021
Puma	0.0	0.0	38.578055	-122.716365	0.0	0.0	0.0021
Puma	0.0	0.0	25.503470999999998	-80.75931700000002	0.0	0.0	0.0021
Puma	0.0	0.0	31.538002000000002	-110.759823	0.0	0.0	0.0021
Puma	0.0	0.0	39.864209	-121.708851	0.0	0.0	0.0021
Puma	0.0	0.0	25.434655	-80.609949	0.0	0.0	0.0021
Puma	0.0	0.0	32.651033	-108.53280600000001	0.0	0.0	0.0021
Puma	0.0	0.0	38.306978	-122.427346	0.0	0.0	0.0021
Puma	0.0	0.0	38.723133000000004	-123.46586699999999	0.0	0.0	0.0021
Puma	0.0	0.0	33.122844	-116.663881	0.0	0.0	0.0021
Puma	0.0	0.0	37.203647	-112.913398	0.0	0.0	0.0021
Puma	0.0	0.0	32.796182	-108.409527	0.0	0.0	0.0021
Puma	0.0	0.0	37.199886	-121.418783	0.0	0.0	0.0021
Puma	0.0	0.0	33.736335	-117.69151699999999	0.0	0.0	0.0021
Puma	0.0	0.0	38.420212	-122.53218999999999	0.0	0.0	0.0021
Puma	0.0	0.0	39.319125	-120.253724	0.0	0.0	0.0021
Puma	0.0	0.0	38.411165999999994	-122.645953	0.0	0.0	0.0021
Puma	0.0	0.0	39.852459	-121.699974	0.0	0.0	0.0021
Puma	0.0	0.0	37.58164	-122.38563400000001	0.0	0.0	0.0021
Puma	0.0	0.0	35.134568	-118.460122	0.0	0.0	0.0021
Puma	0.0	0.0	38.428032	-122.573326	0.0	0.0	0.0021
Puma	0.0	0.0	34.41907	-119.51833700000002	0.0	0.0	0.0021
Puma	0.0	0.0	40.657139	-107.24857	0.0	0.0	0.0021
Puma	0.0	0.0	39.8472	-121.6992	0.0	0.0	0.0021
Puma	0.0	0.0	33.102483	-116.69601599999999	0.0	0.0	0.0021
Puma	0.0	0.0	37.061869	-121.44060900000001	0.0	0.0	0.0021
Puma	0.0	0.0	37.047796999999996	-121.425702	0.0	0.0	0.0021
Puma	0.0	0.0	37.07214000000001	-121.45546100000001	0.0	0.0	0.0021
Puma	0.0	0.0	34.220566999999996	-118.650117	0.0	0.0	0.0021
Puma	0.0	0.0	38.585791	-122.484523	0.0	0.0	0.0021
Puma	0.0	0.0	39.864209	-121.708851	0.0	0.0	0.0021
Puma	0.0	0.0	37.061833	-121.440532	0.0	0.0	0.0021
Puma	0.0	0.0	40.336113	-112.117226	0.0	0.0	0.0021
Puma	0.0	0.0	32.933824	-117.16788000000001	0.0	0.0	0.0021
Puma	0.0	0.0	38.516709999999996	-122.59745500000001	0.0	0.0	0.0021
Puma	0.0	0.0	37.047574	-121.425673	0.0	0.0	0.0021
Puma	0.0	0.0	31.903515000000002	-109.112277	0.0	0.0	0.0021
Puma	0.0	0.0	38.59140900000001	-122.59728100000001	0.0	0.0	0.0021
Puma	0.0	0.0	39.847120000000004	-121.69941999999999	0.0	0.0	0.0021
Puma	0.0	0.0	38.430371	-122.417705	0.0	0.0	0.0021
Puma	0.0	0.0	47.882084000000006	-124.244548	0.0	0.0	0.0021
Puma	0.0	0.0	41.717729999999996	-121.502845	0.0	0.0	0.0021
Puma	0.0	0.0	42.343529	-123.69321399999998	0.0	0.0	0.0021
Puma	0.0	0.0	47.880164	-124.238444	0.0	0.0	0.0021
Puma	0.0	0.0	38.702449	-123.41295500000001	0.0	0.0	0.0021
Puma	0.0	0.0	39.852459	-121.699974	0.0	0.0	0.0021
Puma	0.0	0.0	37.407270000000004	-122.24868400000001	0.0	0.0	0.0021
Puma	0.0	0.0	33.154897999999996	-116.482965	0.0	0.0	0.0021
Puma	0.0	0.0	37.06848	-121.407297	0.0	0.0	0.0021
Puma	0.0	0.0	46.945588	-111.94568000000001	0.0	0.0	0.0021
Puma	0.0	0.0	38.448026	-122.42010800000001	0.0	0.0	0.0021
Puma	0.0	0.0	35.23687	-118.623847	0.0	0.0	0.0021
Puma	0.0	0.0	39.84731	-121.69931000000001	0.0	0.0	0.0021
Puma	0.0	0.0	37.04756500000001	-121.42565900000001	0.0	0.0	0.0021
Puma	0.0	0.0	37.166272	-121.39663300000001	0.0	0.0	0.0021
Puma	0.0	0.0	40.833282000000004	-123.634701	0.0	0.0	0.0021
Puma	0.0	0.0	44.630588	-107.075874	0.0	0.0	0.0021
Puma	0.0	0.0	33.933081	-112.694825	0.0	0.0	0.0021
Puma	0.0	0.0	38.129187	-109.75488	0.0	0.0	0.0021
Puma	0.0	0.0	34.362171999999994	-119.015075	0.0	0.0	0.0021
Puma	0.0	0.0	46.85228	-121.079567	0.0	0.0	0.0021
Puma	0.0	0.0	38.178165	-111.17675200000001	0.0	0.0	0.0021
Puma	0.0	0.0	37.041748	-121.42174399999999	0.0	0.0	0.0021
Puma	0.0	0.0	33.147417	-117.042252	0.0	0.0	0.0021
Puma	0.0	0.0	38.27605	-122.48165800000001	0.0	0.0	0.0021
Puma	0.0	0.0	32.835225	-108.60844499999999	0.0	0.0	0.0021
Puma	0.0	0.0	39.862066999999996	-121.70965	0.0	0.0	0.0021
Puma	0.0	0.0	38.862833	-122.68222	0.0	0.0	0.0021
Puma	0.0	0.0	32.8397	-116.42061499999998	0.0	0.0	0.0021
Puma	0.0	0.0	37.04675	-121.42536499999999	0.0	0.0	0.0021
Puma	0.0	0.0	35.136292	-111.61161899999999	0.0	0.0	0.0021
Puma	0.0	0.0	38.507611	-122.56766499999999	0.0	0.0	0.0021
Puma	0.0	0.0	40.588915	-111.067399	0.0	0.0	0.0021
Puma	0.0	0.0	43.671395000000004	-110.59921299999999	0.0	0.0	0.0021
Puma	0.0	0.0	38.344337	-122.329118	0.0	0.0	0.0021
Puma	0.0	0.0	37.135255	-121.476432	0.0	0.0	0.0021
Puma	0.0	0.0	39.84737	-121.69931000000001	0.0	0.0	0.0021
Puma	0.0	0.0	37.048013	-121.42581899999999	0.0	0.0	0.0021
Puma	0.0	0.0	37.177690999999996	-121.907995	0.0	0.0	0.0021
Puma	0.0	0.0	39.846244	-121.702352	0.0	0.0	0.0021
Puma	0.0	0.0	39.640484	-106.56975200000001	0.0	0.0	0.0021
Puma	0.0	0.0	37.195910999999995	-121.71180700000001	0.0	0.0	0.0021
Puma	0.0	0.0	34.41908	-119.518309	0.0	0.0	0.0021
Puma	0.0	0.0	33.152608	-116.47683700000002	0.0	0.0	0.0021
Puma	0.0	0.0	37.048113	-121.42581799999999	0.0	0.0	0.0021
Puma	0.0	0.0	33.270427000000005	-116.414667	0.0	0.0	0.0021
Puma	0.0	0.0	38.756577	-120.634174	0.0	0.0	0.0021
Puma	0.0	0.0	37.178262	-121.522485	0.0	0.0	0.0021
Puma	0.0	0.0	33.39089	-117.15186499999999	0.0	0.0	0.0021
Puma	0.0	0.0	33.292858	-116.644342	0.0	0.0	0.0021
Puma	0.0	0.0	31.666832	-110.787527	0.0	0.0	0.0021
Puma	0.0	0.0	37.068436	-121.407219	0.0	0.0	0.0021
Puma	0.0	0.0	32.716999	-116.876135	0.0	0.0	0.0021
Puma	0.0	0.0	26.197022	-81.34333000000002	0.0	0.0	0.0021
Puma	0.0	0.0	33.044715999999994	-108.53248300000001	0.0	0.0	0.0021
Puma	0.0	0.0	33.04116	-108.53206200000001	0.0	0.0	0.0021
Puma	0.0	0.0	37.047464	-121.42560800000001	0.0	0.0	0.0021
Puma	0.0	0.0	35.323801	-120.738417	0.0	0.0	0.0021
Puma	0.0	0.0	37.047495	-121.42549	0.0	0.0	0.0021
Puma	0.0	0.0	39.992277	-105.281599	0.0	0.0	0.0021
Puma	0.0	0.0	33.638442	-116.498205	0.0	0.0	0.0021
Puma	0.0	0.0	36.507232	-121.18365700000001	0.0	0.0	0.0021
Puma	0.0	0.0	37.179609	-121.99943999999999	0.0	0.0	0.0021
Puma	0.0	0.0	32.653511	-108.53695900000001	0.0	0.0	0.0021
Puma	0.0	0.0	40.782501	-111.881386	0.0	0.0	0.0021
Puma	0.0	0.0	32.653477	-108.53711899999999	0.0	0.0	0.0021
Puma	0.0	0.0	37.047627	-121.425673	0.0	0.0	0.0021
Puma	0.0	0.0	38.418883	-122.80370900000001	0.0	0.0	0.0021
Puma	0.0	0.0	37.047748999999996	-121.425683	0.0	0.0	0.0021
Puma	0.0	0.0	39.437227	-120.257549	0.0	0.0	0.0021
Puma	0.0	0.0	37.047321000000004	-121.425555	0.0	0.0	0.0021
Puma	0.0	0.0	37.175693	-121.388433	0.0	0.0	0.0021
Puma	0.0	0.0	34.839806	-118.861997	0.0	0.0	0.0021
Puma	0.0	0.0	38.423689	-122.554551	0.0	0.0	0.0021
Puma	0.0	0.0	39.690371999999996	-105.25139399999999	0.0	0.0	0.0021
Puma	0.0	0.0	38.480671	-122.431734	0.0	0.0	0.0021
Puma	0.0	0.0	38.544979999999995	-122.49343300000001	0.0	0.0	0.0021
Puma	0.0	0.0	36.479504	-121.194658	0.0	0.0	0.0021
Puma	0.0	0.0	38.48447700000001	-122.75401699999999	0.0	0.0	0.0021
Puma	0.0	0.0	33.155196000000004	-116.483107	0.0	0.0	0.0021
Puma	0.0	0.0	37.12916	-121.483557	0.0	0.0	0.0021
Puma	0.0	0.0	33.393823	-116.43113999999998	0.0	0.0	0.0021
Puma	0.0	0.0	38.467619	-122.43018799999999	0.0	0.0	0.0021
Puma	0.0	0.0	38.457078	-122.581399	0.0	0.0	0.0021
Puma	0.0	0.0	38.543816	-122.475136	0.0	0.0	0.0021
Puma	0.0	0.0	29.537831	-98.83766899999999	0.0	0.0	0.0021
Puma	0.0	0.0	37.173859	-121.485831	0.0	0.0	0.0021
Puma	0.0	0.0	38.449699	-122.4415	0.0	0.0	0.0021
Puma	0.0	0.0	43.501313	-110.715065	0.0	0.0	0.0021
Puma	0.0	0.0	37.0758	-121.4644	0.0	0.0	0.0021
Puma	0.0	0.0	39.415775	-105.080697	0.0	0.0	0.0021
Puma	0.0	0.0	38.543715	-122.498608	0.0	0.0	0.0021
Puma	0.0	0.0	38.402133	-122.453565	0.0	0.0	0.0021
Puma	0.0	0.0	38.488963	-122.49066599999999	0.0	0.0	0.0021
Puma	0.0	0.0	37.0477	-121.425729	0.0	0.0	0.0021
Puma	0.0	0.0	26.145726	-81.011185	0.0	0.0	0.0021
Puma	0.0	0.0	38.408233	-122.515627	0.0	0.0	0.0021
Puma	0.0	0.0	33.045365000000004	-116.439233	0.0	0.0	0.0021
Puma	0.0	0.0	38.491368	-122.46027600000001	0.0	0.0	0.0021
Puma	0.0	0.0	35.22668	-120.700928	0.0	0.0	0.0021
Puma	0.0	0.0	38.494989000000004	-122.483471	0.0	0.0	0.0021
Puma	0.0	0.0	33.139653	-116.60093	0.0	0.0	0.0021
Puma	0.0	0.0	39.675272	-105.29521299999999	0.0	0.0	0.0021
Puma	0.0	0.0	38.589919	-122.507345	0.0	0.0	0.0021
Puma	0.0	0.0	39.043186	-123.214073	0.0	0.0	0.0021
Puma	0.0	0.0	38.458847999999996	-122.55141699999999	0.0	0.0	0.0021
Puma	0.0	0.0	38.539479	-122.593473	0.0	0.0	0.0021
Puma	0.0	0.0	37.171091	-122.00691200000001	0.0	0.0	0.0021
Puma	0.0	0.0	39.977214000000004	-105.303453	0.0	0.0	0.0021
Puma	0.0	0.0	32.013054	-110.64333300000001	0.0	0.0	0.0021
Puma	0.0	0.0	37.55634600000001	-121.70451499999999	0.0	0.0	0.0021
Puma	0.0	0.0	37.04642	-121.424986	0.0	0.0	0.0021
Puma	0.0	0.0	47.295303000000004	-120.749078	0.0	0.0	0.0021
Puma	0.0	0.0	38.48214	-122.58681899999999	0.0	0.0	0.0021
Puma	0.0	0.0	38.504604	-122.582788	0.0	0.0	0.0021
Puma	0.0	0.0	32.014236	-110.64293700000002	0.0	0.0	0.0021
Puma	0.0	0.0	34.110991999999996	-118.591439	0.0	0.0	0.0021
Puma	0.0	0.0	37.168245	-122.25048899999999	0.0	0.0	0.0021
Puma	0.0	0.0	32.012146	-110.643454	0.0	0.0	0.0021
Puma	0.0	0.0	32.014316	-110.642944	0.0	0.0	0.0021
Puma	0.0	0.0	38.585179	-122.594959	0.0	0.0	0.0021
Puma	0.0	0.0	38.591815000000004	-122.59793700000002	0.0	0.0	0.0021
Puma	0.0	0.0	38.505626	-122.532683	0.0	0.0	0.0021
Puma	0.0	0.0	47.38296500000001	-91.20649300000001	0.0	0.0	0.0021
Puma	0.0	0.0	37.148376	-121.476082	0.0	0.0	0.0021
Puma	0.0	0.0	33.735083	-117.685783	0.0	0.0	0.0021
Puma	0.0	0.0	37.120401	-121.366353	0.0	0.0	0.0021
Puma	0.0	0.0	32.014168	-110.64305900000001	0.0	0.0	0.0021
Puma	0.0	0.0	38.248657	-122.564704	0.0	0.0	0.0021
Puma	0.0	0.0	32.263627	-110.70219499999999	0.0	0.0	0.0021
Puma	0.0	0.0	38.554583	-122.40818700000001	0.0	0.0	0.0021
Puma	0.0	0.0	39.085903	-119.887767	0.0	0.0	0.0021
Puma	0.0	0.0	38.541259000000004	-122.45624099999999	0.0	0.0	0.0021
Puma	0.0	0.0	37.169778	-121.395576	0.0	0.0	0.0021
Puma	0.0	0.0	37.467228999999996	-122.296793	0.0	0.0	0.0021
Puma	0.0	0.0	37.120459999999994	-121.36674099999999	0.0	0.0	0.0021
Puma	0.0	0.0	38.208312	-122.52088799999999	0.0	0.0	0.0021
Puma	0.0	0.0	32.97806	-116.59207099999999	0.0	0.0	0.0021
Puma	0.0	0.0	37.321409	-121.695871	0.0	0.0	0.0021
Puma	0.0	0.0	37.086301	-121.41328600000001	0.0	0.0	0.0021
Puma	0.0	0.0	37.573055	-121.698334	0.0	0.0	0.0021
Puma	0.0	0.0	31.400103	-110.278852	0.0	0.0	0.0021
Puma	0.0	0.0	38.513237	-122.803676	0.0	0.0	0.0021
Puma	0.0	0.0	38.576718	-122.419858	0.0	0.0	0.0021
Puma	0.0	0.0	36.985820000000004	-119.336674	0.0	0.0	0.0021
Puma	0.0	0.0	36.500199	-121.202221	0.0	0.0	0.0021
Puma	0.0	0.0	34.081051	-118.76085800000001	0.0	0.0	0.0021
Puma	0.0	0.0	38.425588	-122.54783400000001	0.0	0.0	0.0021
Puma	0.0	0.0	39.261485	-123.16315900000001	0.0	0.0	0.0021
Puma	0.0	0.0	34.399933000000004	-118.714592	0.0	0.0	0.0021
Puma	0.0	0.0	38.518087	-122.716677	0.0	0.0	0.0021
Puma	0.0	0.0	44.009308000000004	-107.296958	0.0	0.0	0.0021
Puma	0.0	0.0	38.437711	-122.57625700000001	0.0	0.0	0.0021
Puma	0.0	0.0	37.10791	-121.47831599999999	0.0	0.0	0.0021
Puma	0.0	0.0	38.53364600000001	-122.49565	0.0	0.0	0.0021
Puma	0.0	0.0	38.47146400000001	-122.92493999999999	0.0	0.0	0.0021
Puma	0.0	0.0	34.4002	-118.70551299999998	0.0	0.0	0.0021
Puma	0.0	0.0	37.577665	-122.21108999999998	0.0	0.0	0.0021
Puma	0.0	0.0	34.399975	-118.713378	0.0	0.0	0.0021
Puma	0.0	0.0	34.349517999999996	-119.33963	0.0	0.0	0.0021
Puma	0.0	0.0	38.417697	-122.52118300000001	0.0	0.0	0.0021
Puma	0.0	0.0	39.606539	-120.479422	0.0	0.0	0.0021
Puma	0.0	0.0	42.013588	-123.909875	0.0	0.0	0.0021
Puma	0.0	0.0	39.974678999999995	-105.661594	0.0	0.0	0.0021
Puma	0.0	0.0	34.579941999999996	-119.26044499999999	0.0	0.0	0.0021
Puma	0.0	0.0	32.708764	-110.615499	0.0	0.0	0.0021
Puma	0.0	0.0	38.499534999999995	-122.805778	0.0	0.0	0.0021
Puma	0.0	0.0	37.32077	-121.67206000000002	0.0	0.0	0.0021
Puma	0.0	0.0	39.98085800000001	-121.50284099999999	0.0	0.0	0.0021
Puma	0.0	0.0	38.462918	-122.559929	0.0	0.0	0.0021
Puma	0.0	0.0	39.315872	-120.84209399999999	0.0	0.0	0.0021
Puma	0.0	0.0	31.725088	-110.88008700000002	0.0	0.0	0.0021
Puma	0.0	0.0	32.940101	-117.12903100000001	0.0	0.0	0.0021
Puma	0.0	0.0	32.940092	-117.12906399999999	0.0	0.0	0.0021
Puma	0.0	0.0	40.924775	-122.883987	0.0	0.0	0.0021
Puma	0.0	0.0	32.940075	-117.12907	0.0	0.0	0.0021
Puma	0.0	0.0	36.683756	-121.773353	0.0	0.0	0.0021
Puma	0.0	0.0	32.703375	-116.53407	0.0	0.0	0.0021
Puma	0.0	0.0	39.98269000000001	-121.502532	0.0	0.0	0.0021
Puma	0.0	0.0	37.320409999999995	-121.67251	0.0	0.0	0.0021
Puma	0.0	0.0	40.898392	-122.88215500000001	0.0	0.0	0.0021
Puma	0.0	0.0	38.490697	-122.445282	0.0	0.0	0.0021
Puma	0.0	0.0	38.573327	-122.694498	0.0	0.0	0.0021
Puma	0.0	0.0	41.206283	-119.84681699999999	0.0	0.0	0.0021
Puma	0.0	0.0	33.046682000000004	-116.625697	0.0	0.0	0.0021
Puma	0.0	0.0	40.687301	-111.70726200000001	0.0	0.0	0.0021
Puma	0.0	0.0	37.951462	-122.127293	0.0	0.0	0.0021
Puma	0.0	0.0	34.455203000000004	-118.84896200000001	0.0	0.0	0.0021
Puma	0.0	0.0	37.102587	-121.472249	0.0	0.0	0.0021
Puma	0.0	0.0	37.934869	-122.35173300000001	0.0	0.0	0.0021
Puma	0.0	0.0	38.419346000000004	-122.462893	0.0	0.0	0.0021
Puma	0.0	0.0	37.059533	-121.438151	0.0	0.0	0.0021
Puma	0.0	0.0	38.500780999999996	-122.58376499999999	0.0	0.0	0.0021
Puma	0.0	0.0	33.096519	-116.46621200000001	0.0	0.0	0.0021
Puma	0.0	0.0	34.559	-119.1462	0.0	0.0	0.0021
Puma	0.0	0.0	38.432868	-122.45834599999999	0.0	0.0	0.0021
Puma	0.0	0.0	38.420125	-122.586228	0.0	0.0	0.0021
Puma	0.0	0.0	32.69673	-116.52651000000002	0.0	0.0	0.0021
Puma	0.0	0.0	37.514153	-121.854359	0.0	0.0	0.0021
Puma	0.0	0.0	33.109839	-116.78058200000001	0.0	0.0	0.0021
Puma	0.0	0.0	37.91187100000001	-122.263465	0.0	0.0	0.0021
Puma	0.0	0.0	37.578641	-122.207525	0.0	0.0	0.0021
Puma	0.0	0.0	36.494488	-118.85150300000001	0.0	0.0	0.0021
Puma	0.0	0.0	32.815286	-116.617167	0.0	0.0	0.0021
Puma	0.0	0.0	33.738078	-117.682928	0.0	0.0	0.0021
Puma	0.0	0.0	37.102616999999995	-121.472272	0.0	0.0	0.0021
Puma	0.0	0.0	39.421524	-120.255347	0.0	0.0	0.0021
Puma	0.0	0.0	32.69352	-116.52512	0.0	0.0	0.0021
Puma	0.0	0.0	32.69352	-116.52512	0.0	0.0	0.0021
Puma	0.0	0.0	31.985719	-110.646419	0.0	0.0	0.0021
Puma	0.0	0.0	47.694019	-120.261747	0.0	0.0	0.0021
Puma	0.0	0.0	33.139342	-116.444997	0.0	0.0	0.0021
Puma	0.0	0.0	26.35825800000001	-81.033208	0.0	0.0	0.0021
Puma	0.0	0.0	39.458258	-105.34166499999999	0.0	0.0	0.0021
Puma	0.0	0.0	33.139072999999996	-116.445678	0.0	0.0	0.0021
Puma	0.0	0.0	33.139283	-116.445976	0.0	0.0	0.0021
Puma	0.0	0.0	37.10964	-121.48054499999999	0.0	0.0	0.0021
Puma	0.0	0.0	36.493825	-118.850472	0.0	0.0	0.0021
Puma	0.0	0.0	31.991971000000003	-110.64656799999999	0.0	0.0	0.0021
Puma	0.0	0.0	40.872616	-124.008049	0.0	0.0	0.0021
Puma	0.0	0.0	33.139138	-116.44573799999999	0.0	0.0	0.0021
Puma	0.0	0.0	39.463914	-105.339272	0.0	0.0	0.0021
Puma	0.0	0.0	32.655699	-108.537627	0.0	0.0	0.0021
Puma	0.0	0.0	32.754176	-116.64011299999999	0.0	0.0	0.0021
Puma	0.0	0.0	37.179919	-121.386743	0.0	0.0	0.0021
Puma	0.0	0.0	34.538795	-119.746628	0.0	0.0	0.0021
Puma	0.0	0.0	32.75408400000001	-116.61965500000001	0.0	0.0	0.0021
Puma	0.0	0.0	34.631098	-119.047604	0.0	0.0	0.0021
Puma	0.0	0.0	37.921656	-104.96803100000001	0.0	0.0	0.0021
Puma	0.0	0.0	37.102897999999996	-121.47211000000001	0.0	0.0	0.0021
Puma	0.0	0.0	34.94767	-111.84141299999999	0.0	0.0	0.0021
Puma	0.0	0.0	37.064444	-121.41453	0.0	0.0	0.0021
Puma	0.0	0.0	40.657115999999995	-107.248539	0.0	0.0	0.0021
Puma	0.0	0.0	37.102853	-121.472021	0.0	0.0	0.0021
Puma	0.0	0.0	47.125401000000004	-113.433655	0.0	0.0	0.0021
Puma	0.0	0.0	36.492333	-118.85537	0.0	0.0	0.0021
Puma	0.0	0.0	33.239722	-116.489722	0.0	0.0	0.0021
Puma	0.0	0.0	37.464253	-122.245303	0.0	0.0	0.0021
Puma	0.0	0.0	37.130392	-121.42764199999999	0.0	0.0	0.0021
Puma	0.0	0.0	38.42625	-122.47845	0.0	0.0	0.0021
Puma	0.0	0.0	34.31095	-119.098525	0.0	0.0	0.0021
Puma	0.0	0.0	35.48247199999999	-120.636422	0.0	0.0	0.0021
Puma	0.0	0.0	32.689445	-116.52286299999999	0.0	0.0	0.0021
Puma	0.0	0.0	38.548444	-122.495926	0.0	0.0	0.0021
Puma	0.0	0.0	39.086283	-119.88766000000001	0.0	0.0	0.0021
Puma	0.0	0.0	38.464806	-122.41096100000001	0.0	0.0	0.0021
Puma	0.0	0.0	33.046735999999996	-116.62617	0.0	0.0	0.0021
Puma	0.0	0.0	47.162264	-113.542701	0.0	0.0	0.0021
Puma	0.0	0.0	32.701958000000005	-116.520432	0.0	0.0	0.0021
Puma	0.0	0.0	32.879061	-110.394222	0.0	0.0	0.0021
Puma	0.0	0.0	36.990772	-122.08149399999999	0.0	0.0	0.0021
Puma	0.0	0.0	32.389169	-111.159948	0.0	0.0	0.0021
Puma	0.0	0.0	38.337719	-122.60163600000001	0.0	0.0	0.0021
Puma	0.0	0.0	37.047447999999996	-121.425362	0.0	0.0	0.0021
Puma	0.0	0.0	37.047697	-121.425611	0.0	0.0	0.0021
Puma	0.0	0.0	32.955793	-116.317376	0.0	0.0	0.0021
Puma	0.0	0.0	30.568107	-100.979939	0.0	0.0	0.0021
Puma	0.0	0.0	37.050667	-121.429974	0.0	0.0	0.0021
Puma	0.0	0.0	34.587711999999996	-119.988358	0.0	0.0	0.0021
Puma	0.0	0.0	37.050667	-121.429974	0.0	0.0	0.0021
Puma	0.0	0.0	41.505025	-124.07576499999999	0.0	0.0	0.0021
Puma	0.0	0.0	32.855495	-116.422081	0.0	0.0	0.0021
Puma	0.0	0.0	37.559587	-121.707375	0.0	0.0	0.0021
Puma	0.0	0.0	37.050667	-121.429974	0.0	0.0	0.0021
Puma	0.0	0.0	39.13365	-119.70510800000001	0.0	0.0	0.0021
Puma	0.0	0.0	32.856796	-116.421806	0.0	0.0	0.0021
Puma	0.0	0.0	34.260362	-114.027222	0.0	0.0	0.0021
Puma	0.0	0.0	33.117808000000004	-116.661527	0.0	0.0	0.0021
Puma	0.0	0.0	37.353629999999995	-122.157508	0.0	0.0	0.0021
Puma	0.0	0.0	40.816387	-111.82527900000001	0.0	0.0	0.0021
Puma	0.0	0.0	41.734459	-103.714209	0.0	0.0	0.0021
Puma	0.0	0.0	34.587158	-119.987725	0.0	0.0	0.0021
Puma	0.0	0.0	32.699391999999996	-112.345129	0.0	0.0	0.0021
Puma	0.0	0.0	37.119959	-121.480076	0.0	0.0	0.0021
Puma	0.0	0.0	34.33319	-118.30473	0.0	0.0	0.0021
Puma	0.0	0.0	26.314212	-81.67835500000002	0.0	0.0	0.0021
Puma	0.0	0.0	26.203164	-81.28793399999998	0.0	0.0	0.0021
Puma	0.0	0.0	31.917688000000002	-110.04434099999999	0.0	0.0	0.0021
Puma	0.0	0.0	31.917645	-110.044358	0.0	0.0	0.0021
Puma	0.0	0.0	37.188943	-121.476882	0.0	0.0	0.0021
Puma	0.0	0.0	37.363797	-122.188447	0.0	0.0	0.0021
Puma	0.0	0.0	34.341324	-119.213371	0.0	0.0	0.0021
Puma	0.0	0.0	31.689196999999997	-110.196483	0.0	0.0	0.0021
Puma	0.0	0.0	33.165131	-116.842413	0.0	0.0	0.0021
Puma	0.0	0.0	42.925556	-123.296667	0.0	0.0	0.0021
Puma	0.0	0.0	33.13675	-116.298566	0.0	0.0	0.0021
Puma	0.0	0.0	34.305972	-119.202867	0.0	0.0	0.0021
Puma	0.0	0.0	37.112293	-121.35862	0.0	0.0	0.0021
Puma	0.0	0.0	38.407447999999995	-123.01088500000002	0.0	0.0	0.0021
Puma	0.0	0.0	34.306003999999994	-119.20288799999999	0.0	0.0	0.0021
Puma	0.0	0.0	34.276965000000004	-117.74213799999998	0.0	0.0	0.0021
Puma	0.0	0.0	38.368987	-122.514472	0.0	0.0	0.0021
Puma	0.0	0.0	34.32229	-118.31083000000001	0.0	0.0	0.0021
Puma	0.0	0.0	34.01254	-118.349218	0.0	0.0	0.0021
Puma	0.0	0.0	36.135065000000004	-121.477473	0.0	0.0	0.0021
Puma	0.0	0.0	36.963689	-121.98976100000002	0.0	0.0	0.0021
Puma	0.0	0.0	37.356619	-122.23208600000001	0.0	0.0	0.0021
Puma	0.0	0.0	33.194679	-116.859049	0.0	0.0	0.0021
Puma	0.0	0.0	34.32124	-118.31608999999999	0.0	0.0	0.0021
Puma	0.0	0.0	38.983828	-122.266958	0.0	0.0	0.0021
Puma	0.0	0.0	33.554393	-116.124053	0.0	0.0	0.0021
Puma	0.0	0.0	38.370172	-122.498241	0.0	0.0	0.0021
Puma	0.0	0.0	37.068646	-121.40801299999998	0.0	0.0	0.0021
Puma	0.0	0.0	31.970699	-110.48745900000002	0.0	0.0	0.0021
Puma	0.0	0.0	37.112425	-121.35887	0.0	0.0	0.0021
Puma	0.0	0.0	32.653001	-108.536754	0.0	0.0	0.0021
Puma	0.0	0.0	33.66825	-116.515305	0.0	0.0	0.0021
Puma	0.0	0.0	44.630589	-122.73946399999998	0.0	0.0	0.0021
Puma	0.0	0.0	37.112635	-121.47644199999999	0.0	0.0	0.0021
Puma	0.0	0.0	32.332541	-110.790906	0.0	0.0	0.0021
Puma	0.0	0.0	34.3695	-118.97882	0.0	0.0	0.0021
Puma	0.0	0.0	37.047903999999996	-121.4257	0.0	0.0	0.0021
Puma	0.0	0.0	37.066513	-121.44769199999999	0.0	0.0	0.0021
Puma	0.0	0.0	44.705453999999996	-123.914667	0.0	0.0	0.0021
Puma	0.0	0.0	32.222367	-110.54896699999999	0.0	0.0	0.0021
Puma	0.0	0.0	32.90768	-116.47017	0.0	0.0	0.0021
Puma	0.0	0.0	32.90768	-116.47017	0.0	0.0	0.0021
Puma	0.0	0.0	37.047670000000004	-121.425751	0.0	0.0	0.0021
Puma	0.0	0.0	34.172383	-116.82089199999999	0.0	0.0	0.0021
Puma	0.0	0.0	40.215546	-105.536005	0.0	0.0	0.0021
Puma	0.0	0.0	34.39793	-118.707397	0.0	0.0	0.0021
Puma	0.0	0.0	32.90768	-116.47017	0.0	0.0	0.0021
Puma	0.0	0.0	44.412202	-123.485298	0.0	0.0	0.0021
Puma	0.0	0.0	32.905708000000004	-116.55426100000001	0.0	0.0	0.0021
Puma	0.0	0.0	37.068838	-121.40883899999999	0.0	0.0	0.0021
Puma	0.0	0.0	37.068629	-121.40782	0.0	0.0	0.0021
Puma	0.0	0.0	37.172628	-121.766023	0.0	0.0	0.0021
Puma	0.0	0.0	34.40197	-118.697717	0.0	0.0	0.0021
Puma	0.0	0.0	41.195503	-123.98319199999999	0.0	0.0	0.0021
Puma	0.0	0.0	34.409212	-118.669105	0.0	0.0	0.0021
Puma	0.0	0.0	37.181895000000004	-121.77816899999999	0.0	0.0	0.0021
Puma	0.0	0.0	32.85337	-116.421	0.0	0.0	0.0021
Puma	0.0	0.0	37.181271	-121.778244	0.0	0.0	0.0021
Puma	0.0	0.0	32.183679999999995	-110.593833	0.0	0.0	0.0021
Puma	0.0	0.0	37.068595	-121.40788400000001	0.0	0.0	0.0021
Puma	0.0	0.0	32.85615	-116.42186000000001	0.0	0.0	0.0021
Puma	0.0	0.0	32.85621	-116.421191	0.0	0.0	0.0021
Puma	0.0	0.0	40.484025	-121.055967	0.0	0.0	0.0021
Puma	0.0	0.0	32.847333	-116.41938300000001	0.0	0.0	0.0021
Puma	0.0	0.0	37.184103	-121.541551	0.0	0.0	0.0021
Puma	0.0	0.0	35.53715800000001	-120.76226899999999	0.0	0.0	0.0021
Puma	0.0	0.0	37.184069	-121.54144299999999	0.0	0.0	0.0021
Puma	0.0	0.0	38.566189	-122.56811100000002	0.0	0.0	0.0021
Puma	0.0	0.0	38.482594	-122.537609	0.0	0.0	0.0021
Puma	0.0	0.0	37.047554	-121.42566200000002	0.0	0.0	0.0021
Puma	0.0	0.0	33.611014000000004	-117.50691200000001	0.0	0.0	0.0021
Puma	0.0	0.0	33.097770000000004	-116.47123	0.0	0.0	0.0021
Puma	0.0	0.0	38.569611	-122.453069	0.0	0.0	0.0021
Puma	0.0	0.0	32.702690000000004	-116.52018999999999	0.0	0.0	0.0021
Puma	0.0	0.0	33.09662	-116.46481000000001	0.0	0.0	0.0021
Puma	0.0	0.0	32.909	-116.55799999999999	0.0	0.0	0.0021
Puma	0.0	0.0	37.165731	-121.396919	0.0	0.0	0.0021
Puma	0.0	0.0	32.385863	-110.565192	0.0	0.0	0.0021
Puma	0.0	0.0	33.664597	-117.40921499999999	0.0	0.0	0.0021
Puma	0.0	0.0	33.611022999999996	-117.506965	0.0	0.0	0.0021
Puma	0.0	0.0	32.70146	-116.52027	0.0	0.0	0.0021
Puma	0.0	0.0	38.54545	-122.426042	0.0	0.0	0.0021
Puma	0.0	0.0	37.165201	-121.397241	0.0	0.0	0.0021
Puma	0.0	0.0	33.719605	-117.560252	0.0	0.0	0.0021
Puma	0.0	0.0	37.408875	-122.238547	0.0	0.0	0.0021
Puma	0.0	0.0	37.047098	-121.42546899999999	0.0	0.0	0.0021
Puma	0.0	0.0	32.46022	-110.90836399999999	0.0	0.0	0.0021
Puma	0.0	0.0	38.57562100000001	-122.43339499999999	0.0	0.0	0.0021
Puma	0.0	0.0	33.09662	-116.46481000000001	0.0	0.0	0.0021
Puma	0.0	0.0	37.04786	-121.425748	0.0	0.0	0.0021
Puma	0.0	0.0	33.611014000000004	-117.50691200000001	0.0	0.0	0.0021
Puma	0.0	0.0	33.097770000000004	-116.47123	0.0	0.0	0.0021
Puma	0.0	0.0	33.09662	-116.46481000000001	0.0	0.0	0.0021
Puma	0.0	0.0	32.847503	-108.59269499999999	0.0	0.0	0.0021
Puma	0.0	0.0	33.098397	-116.377204	0.0	0.0	0.0021
Puma	0.0	0.0	31.845211	-110.60466100000001	0.0	0.0	0.0021
Puma	0.0	0.0	33.371525	-116.424531	0.0	0.0	0.0021
Puma	0.0	0.0	31.845081	-110.61211599999999	0.0	0.0	0.0021
Puma	0.0	0.0	31.365981	-111.13702099999999	0.0	0.0	0.0021
Puma	0.0	0.0	31.845325	-110.605522	0.0	0.0	0.0021
Puma	0.0	0.0	31.365971000000002	-111.137084	0.0	0.0	0.0021
Puma	0.0	0.0	31.365994	-111.13781999999999	0.0	0.0	0.0021
Puma	0.0	0.0	37.045522999999996	-121.427598	0.0	0.0	0.0021
Puma	0.0	0.0	37.045522999999996	-121.427598	0.0	0.0	0.0021
Puma	0.0	0.0	37.053211	-122.132667	0.0	0.0	0.0021
Puma	0.0	0.0	31.846006	-110.62011799999999	0.0	0.0	0.0021
Puma	0.0	0.0	31.845066999999997	-110.60208300000001	0.0	0.0	0.0021
Puma	0.0	0.0	34.111893	-118.37863	0.0	0.0	0.0021
Puma	0.0	0.0	39.273171999999995	-120.90886699999999	0.0	0.0	0.0021
Puma	0.0	0.0	31.908283	-109.93621200000001	0.0	0.0	0.0021
Puma	0.0	0.0	37.047933	-121.42581299999999	0.0	0.0	0.0021
Puma	0.0	0.0	37.191804	-121.38648	0.0	0.0	0.0021
Puma	0.0	0.0	39.594577	-107.389035	0.0	0.0	0.0021
Puma	0.0	0.0	37.185077	-121.38569199999999	0.0	0.0	0.0021
Puma	0.0	0.0	33.367222	-116.420833	0.0	0.0	0.0021
Puma	0.0	0.0	31.901583000000002	-109.931919	0.0	0.0	0.0021
Puma	0.0	0.0	33.154476	-116.480864	0.0	0.0	0.0021
Puma	0.0	0.0	32.456604999999996	-110.93333100000001	0.0	0.0	0.0021
Puma	0.0	0.0	38.406178000000004	-122.587753	0.0	0.0	0.0021
Puma	0.0	0.0	39.418945	-105.074069	0.0	0.0	0.0021
Puma	0.0	0.0	38.473871	-122.503473	0.0	0.0	0.0021
Puma	0.0	0.0	33.367222	-116.420833	0.0	0.0	0.0021
Puma	0.0	0.0	33.154915	-116.48178	0.0	0.0	0.0021
Puma	0.0	0.0	37.047492999999996	-121.425592	0.0	0.0	0.0021
Puma	0.0	0.0	37.572639	-122.487292	0.0	0.0	0.0021
Puma	0.0	0.0	37.185054	-121.38566999999999	0.0	0.0	0.0021
Puma	0.0	0.0	37.403615	-122.22393000000001	0.0	0.0	0.0021
Puma	0.0	0.0	37.123404	-121.42941299999998	0.0	0.0	0.0021
Puma	0.0	0.0	31.526111	-110.38343400000001	0.0	0.0	0.0021
Puma	0.0	0.0	33.13669	-116.300271	0.0	0.0	0.0021
Puma	0.0	0.0	31.846729999999997	-110.577798	0.0	0.0	0.0021
Puma	0.0	0.0	32.652819	-108.537174	0.0	0.0	0.0021
Puma	0.0	0.0	32.649582	-108.536988	0.0	0.0	0.0021
Puma	0.0	0.0	37.300017	-122.10066	0.0	0.0	0.0021
Puma	0.0	0.0	38.030757	-119.175707	0.0	0.0	0.0021
Puma	0.0	0.0	31.231365999999998	-109.15581399999999	0.0	0.0	0.0021
Puma	0.0	0.0	37.037037	-121.41480700000001	0.0	0.0	0.0021
Puma	0.0	0.0	38.378003	-122.49138799999999	0.0	0.0	0.0021
Puma	0.0	0.0	34.425606	-119.30306399999999	0.0	0.0	0.0021
Puma	0.0	0.0	26.076829	-81.483987	0.0	0.0	0.0021
Puma	0.0	0.0	32.643663000000004	-108.541417	0.0	0.0	0.0021
Puma	0.0	0.0	32.644586	-108.540405	0.0	0.0	0.0021
Puma	0.0	0.0	37.447416	-122.39936200000001	0.0	0.0	0.0021
Puma	0.0	0.0	38.015161	-119.168862	0.0	0.0	0.0021
Puma	0.0	0.0	38.378003	-122.49138799999999	0.0	0.0	0.0021
Puma	0.0	0.0	37.172782	-121.858989	0.0	0.0	0.0021
Puma	0.0	0.0	34.08269	-118.315069	0.0	0.0	0.0021
Puma	0.0	0.0	34.153118	-117.97102	0.0	0.0	0.0021
Puma	0.0	0.0	34.139882	-118.237249	0.0	0.0	0.0021
Puma	0.0	0.0	34.165245	-117.75243	0.0	0.0	0.0021
Puma	0.0	0.0	40.375488	-123.032867	0.0	0.0	0.0021
Puma	0.0	0.0	40.035733	-105.29638100000001	0.0	0.0	0.0021
Puma	0.0	0.0	34.011431	-117.87109699999999	0.0	0.0	0.0021
Puma	0.0	0.0	39.409612	-105.06993899999999	0.0	0.0	0.0021
Puma	0.0	0.0	48.643481	-121.74083300000001	0.0	0.0	0.0021
Puma	0.0	0.0	48.579443	-121.75831799999999	0.0	0.0	0.0021
Puma	0.0	0.0	32.938337	-116.59182	0.0	0.0	0.0021
Puma	0.0	0.0	34.074323	-118.94272099999999	0.0	0.0	0.0021
Puma	0.0	0.0	48.636409	-121.683072	0.0	0.0	0.0021
Puma	0.0	0.0	37.581595	-122.385554	0.0	0.0	0.0021
Puma	0.0	0.0	37.313942	-122.065106	0.0	0.0	0.0021
Puma	0.0	0.0	48.714581	-122.298346	0.0	0.0	0.0021
Puma	0.0	0.0	31.879070000000002	-109.178921	0.0	0.0	0.0021
Puma	0.0	0.0	39.129939	-119.70546399999999	0.0	0.0	0.0021
Puma	0.0	0.0	37.19693	-121.54396200000001	0.0	0.0	0.0021
Puma	0.0	0.0	37.581693	-122.38551499999998	0.0	0.0	0.0021
Puma	0.0	0.0	32.907168	-116.55733700000002	0.0	0.0	0.0021
Puma	0.0	0.0	39.151604999999996	-119.818063	0.0	0.0	0.0021
Puma	0.0	0.0	31.90157	-109.15638999999999	0.0	0.0	0.0021
Puma	0.0	0.0	38.55912100000001	-119.70733999999999	0.0	0.0	0.0021
Puma	0.0	0.0	34.32	-118.31	0.0	0.0	0.0021
Puma	0.0	0.0	37.195029	-121.54365800000001	0.0	0.0	0.0021
Puma	0.0	0.0	33.102389	-116.69605700000001	0.0	0.0	0.0021
Puma	0.0	0.0	34.32	-118.31	0.0	0.0	0.0021
Puma	0.0	0.0	38.548317	-122.45576299999999	0.0	0.0	0.0021
Puma	0.0	0.0	48.833125	-114.215282	0.0	0.0	0.0021
Puma	0.0	0.0	37.042049	-122.16958000000001	0.0	0.0	0.0021
Puma	0.0	0.0	37.145184	-121.45533400000001	0.0	0.0	0.0021
Puma	0.0	0.0	44.060453	-123.44787600000001	0.0	0.0	0.0021
Puma	0.0	0.0	32.910181	-110.559926	0.0	0.0	0.0021
Puma	0.0	0.0	34.32	-118.31	0.0	0.0	0.0021
Puma	0.0	0.0	32.654413	-108.53693500000001	0.0	0.0	0.0021
Puma	0.0	0.0	32.90937	-110.56061299999999	0.0	0.0	0.0021
Puma	0.0	0.0	31.917252	-110.045229	0.0	0.0	0.0021
Puma	0.0	0.0	39.953334999999996	-105.333455	0.0	0.0	0.0021
Puma	0.0	0.0	32.898525	-110.445879	0.0	0.0	0.0021
Puma	0.0	0.0	40.109066	-105.23916000000001	0.0	0.0	0.0021
Puma	0.0	0.0	33.080775	-116.73295700000001	0.0	0.0	0.0021
Puma	0.0	0.0	36.525475	-121.20796200000001	0.0	0.0	0.0021
Puma	0.0	0.0	31.81431	-110.3569	0.0	0.0	0.0021
Puma	0.0	0.0	32.896401000000004	-109.480627	0.0	0.0	0.0021
Puma	0.0	0.0	34.792755	-119.879853	0.0	0.0	0.0021
Puma	0.0	0.0	37.10832	-121.479658	0.0	0.0	0.0021
Puma	0.0	0.0	37.109759999999994	-121.48066200000001	0.0	0.0	0.0021
Puma	0.0	0.0	31.815579999999997	-110.34766	0.0	0.0	0.0021
Puma	0.0	0.0	39.437571999999996	-105.06392199999999	0.0	0.0	0.0021
Puma	0.0	0.0	41.269403000000004	-120.31184499999999	0.0	0.0	0.0021
Puma	0.0	0.0	44.861512	-111.358221	0.0	0.0	0.0021
Puma	0.0	0.0	34.364283	-118.98768700000001	0.0	0.0	0.0021
Puma	0.0	0.0	37.050266	-121.40158899999999	0.0	0.0	0.0021
Puma	0.0	0.0	37.050199	-121.40148400000001	0.0	0.0	0.0021
Puma	0.0	0.0	39.643269000000004	-105.461716	0.0	0.0	0.0021
Puma	0.0	0.0	32.05238	-110.55290500000001	0.0	0.0	0.0021
Puma	0.0	0.0	36.434321999999995	-104.993508	0.0	0.0	0.0021
Puma	0.0	0.0	46.021224	-116.060847	0.0	0.0	0.0021
Puma	0.0	0.0	37.085386	-121.610794	0.0	0.0	0.0021
Puma	0.0	0.0	33.933178000000005	-112.69484299999999	0.0	0.0	0.0021
Puma	0.0	0.0	32.648764	-108.53661399999999	0.0	0.0	0.0021
Puma	0.0	0.0	29.798546999999996	-100.863764	0.0	0.0	0.0021
Puma	0.0	0.0	35.272128	-115.29268700000002	0.0	0.0	0.0021
Puma	0.0	0.0	31.915307000000002	-110.04905500000001	0.0	0.0	0.0021
Puma	0.0	0.0	31.985747999999997	-110.662205	0.0	0.0	0.0021
Puma	0.0	0.0	39.40933	-105.069079	0.0	0.0	0.0021
Puma	0.0	0.0	33.059684999999995	-108.53913600000001	0.0	0.0	0.0021
Puma	0.0	0.0	37.373603	-121.72633300000001	0.0	0.0	0.0021
Puma	0.0	0.0	29.346289000000002	-103.345069	0.0	0.0	0.0021
Puma	0.0	0.0	46.956659	-120.340897	0.0	0.0	0.0021
Puma	0.0	0.0	38.459475	-120.567784	0.0	0.0	0.0021
Puma	0.0	0.0	33.185573	-116.400727	0.0	0.0	0.0021
Puma	0.0	0.0	32.726734	-116.316676	0.0	0.0	0.0021
Puma	0.0	0.0	40.267953999999996	-105.541255	0.0	0.0	0.0021
Puma	0.0	0.0	31.869522999999997	-110.03942099999999	0.0	0.0	0.0021
Puma	0.0	0.0	32.696912	-108.505453	0.0	0.0	0.0021
Puma	0.0	0.0	31.917933	-110.043769	0.0	0.0	0.0021
Puma	0.0	0.0	38.405708000000004	-122.576251	0.0	0.0	0.0021
Puma	0.0	0.0	35.672371999999996	-118.290117	0.0	0.0	0.0021
Puma	0.0	0.0	34.864498	-112.408971	0.0	0.0	0.0021
Puma	0.0	0.0	32.648652	-108.53641100000002	0.0	0.0	0.0021
Puma	0.0	0.0	32.64867	-108.53651	0.0	0.0	0.0021
Puma	0.0	0.0	36.17443	-118.79653	0.0	0.0	0.0021
Puma	0.0	0.0	31.691705	-110.183379	0.0	0.0	0.0021
Puma	0.0	0.0	32.656096000000005	-108.53831299999999	0.0	0.0	0.0021
Puma	0.0	0.0	33.42066	-116.40069	0.0	0.0	0.0021
Puma	0.0	0.0	41.244876	-105.39477	0.0	0.0	0.0021
Puma	0.0	0.0	32.003564000000004	-110.636959	0.0	0.0	0.0021
Puma	0.0	0.0	32.352515000000004	-110.27420900000001	0.0	0.0	0.0021
Puma	0.0	0.0	34.152096	-118.249279	0.0	0.0	0.0021
Puma	0.0	0.0	32.008804	-110.636358	0.0	0.0	0.0021
Puma	0.0	0.0	32.008804	-110.636358	0.0	0.0	0.0021
Puma	0.0	0.0	32.038604	-110.653522	0.0	0.0	0.0021
Puma	0.0	0.0	44.854771	-122.645721	0.0	0.0	0.0021
Puma	0.0	0.0	32.650929999999995	-108.53712900000001	0.0	0.0	0.0021
Puma	0.0	0.0	34.000498	-118.207273	0.0	0.0	0.0021
Puma	0.0	0.0	34.446556	-119.31021899999999	0.0	0.0	0.0021
Puma	0.0	0.0	31.839211	-110.58341899999999	0.0	0.0	0.0021
Puma	0.0	0.0	37.721349	-90.91284	0.0	0.0	0.0021
Puma	0.0	0.0	31.783372999999997	-110.594477	0.0	0.0	0.0021
Puma	0.0	0.0	29.20924	-103.23427	0.0	0.0	0.0021
Puma	0.0	0.0	34.708222	-120.04294399999999	0.0	0.0	0.0021
Puma	0.0	0.0	31.706837	-110.18303799999998	0.0	0.0	0.0021
Puma	0.0	0.0	29.211183000000002	-103.236002	0.0	0.0	0.0021
Puma	0.0	0.0	31.845971000000002	-110.57788500000001	0.0	0.0	0.0021
Puma	0.0	0.0	29.211368	-103.250502	0.0	0.0	0.0021
Puma	0.0	0.0	37.552131	-122.49502700000001	0.0	0.0	0.0021
Puma	0.0	0.0	37.445732	-122.291908	0.0	0.0	0.0021
Puma	0.0	0.0	37.526609	-122.45771200000001	0.0	0.0	0.0021
Puma	0.0	0.0	37.526584	-122.457669	0.0	0.0	0.0021
Puma	0.0	0.0	31.771416	-110.586747	0.0	0.0	0.0021
Puma	0.0	0.0	44.45731	-118.707275	0.0	0.0	0.0021
Puma	0.0	0.0	29.327339000000002	-103.201617	0.0	0.0	0.0021
Puma	0.0	0.0	29.213545	-103.236941	0.0	0.0	0.0021
Puma	0.0	0.0	32.245968	-111.06782	0.0	0.0	0.0021
Puma	0.0	0.0	31.901519	-109.15642199999999	0.0	0.0	0.0021
Puma	0.0	0.0	33.424765	-108.482968	0.0	0.0	0.0021
Puma	0.0	0.0	40.146653	-108.57958899999998	0.0	0.0	0.0021
Puma	0.0	0.0	35.789078	-118.319825	0.0	0.0	0.0021
Puma	0.0	0.0	36.864371999999996	-105.123616	0.0	0.0	0.0021
Puma	0.0	0.0	36.861857	-105.12415700000001	0.0	0.0	0.0021
Puma	0.0	0.0	36.863777	-105.123621	0.0	0.0	0.0021
Puma	0.0	0.0	36.86515	-105.12335700000001	0.0	0.0	0.0021
Puma	0.0	0.0	29.255958000000003	-103.179777	0.0	0.0	0.0021
Puma	0.0	0.0	41.448259	-124.06473600000001	0.0	0.0	0.0021
Puma	0.0	0.0	35.089996	-120.49251100000001	0.0	0.0	0.0021
Puma	0.0	0.0	32.025335999999996	-97.893279	0.0	0.0	0.0021
Puma	0.0	0.0	37.222564	-122.089836	0.0	0.0	0.0021
Puma	0.0	0.0	39.085934	-119.887759	0.0	0.0	0.0021
Puma	0.0	0.0	37.570161	-120.15592600000001	0.0	0.0	0.0021
Puma	0.0	0.0	34.425273	-119.30126499999999	0.0	0.0	0.0021
Puma	0.0	0.0	43.217211999999996	-116.47761100000001	0.0	0.0	0.0021
Puma	0.0	0.0	31.901571	-109.156466	0.0	0.0	0.0021
Puma	0.0	0.0	31.683267999999998	-110.18996899999999	0.0	0.0	0.0021
Puma	0.0	0.0	31.694738	-110.18245900000001	0.0	0.0	0.0021
Puma	0.0	0.0	31.691343	-110.18309599999999	0.0	0.0	0.0021
Puma	0.0	0.0	32.129757	-110.625961	0.0	0.0	0.0021
Puma	0.0	0.0	32.129757	-110.625961	0.0	0.0	0.0021
Puma	0.0	0.0	31.686575	-110.194317	0.0	0.0	0.0021
Puma	0.0	0.0	32.129757	-110.625961	0.0	0.0	0.0021
Puma	0.0	0.0	32.129663	-110.62572800000001	0.0	0.0	0.0021
Puma	0.0	0.0	31.99737600000001	-110.646143	0.0	0.0	0.0021
Puma	0.0	0.0	31.470755	-110.73329299999999	0.0	0.0	0.0021
Puma	0.0	0.0	37.37961	-121.74000900000001	0.0	0.0	0.0021
Puma	0.0	0.0	29.182901	-103.57308	0.0	0.0	0.0021
Puma	0.0	0.0	38.015161	-119.168862	0.0	0.0	0.0021
Puma	0.0	0.0	31.985253999999998	-110.52951399999999	0.0	0.0	0.0021
Puma	0.0	0.0	44.847922	-119.589998	0.0	0.0	0.0021
Puma	0.0	0.0	34.103151000000004	-118.234684	0.0	0.0	0.0021
Puma	0.0	0.0	35.125939	-106.386068	0.0	0.0	0.0021
Puma	0.0	0.0	29.963265000000003	-104.589551	0.0	0.0	0.0021
Puma	0.0	0.0	32.283048	-110.15698400000001	0.0	0.0	0.0021
Puma	0.0	0.0	34.076462	-118.227539	0.0	0.0	0.0021
Puma	0.0	0.0	34.539435	-118.899402	0.0	0.0	0.0021
Puma	0.0	0.0	38.449698	-122.51906000000001	0.0	0.0	0.0021
Puma	0.0	0.0	41.90733400000001	-110.291142	0.0	0.0	0.0021
Puma	0.0	0.0	42.246833	-110.697833	0.0	0.0	0.0021
Puma	0.0	0.0	29.647019	-103.12939200000001	0.0	0.0	0.0021
Puma	0.0	0.0	33.536167	-116.46183300000001	0.0	0.0	0.0021
Puma	0.0	0.0	34.261082	-114.031748	0.0	0.0	0.0021
Puma	0.0	0.0	43.711333	-110.460167	0.0	0.0	0.0021
Puma	0.0	0.0	32.850683000000004	-108.59250700000001	0.0	0.0	0.0021
Puma	0.0	0.0	39.51852	-105.411243	0.0	0.0	0.0021
Puma	0.0	0.0	31.453231	-110.384395	0.0	0.0	0.0021
Puma	0.0	0.0	43.685592	-110.56575	0.0	0.0	0.0021
Puma	0.0	0.0	33.112333	-116.63116699999999	0.0	0.0	0.0021
Puma	0.0	0.0	31.705966999999998	-110.182869	0.0	0.0	0.0021
Puma	0.0	0.0	31.74575	-110.19567099999999	0.0	0.0	0.0021
Puma	0.0	0.0	31.690084999999996	-110.185034	0.0	0.0	0.0021
Puma	0.0	0.0	33.202556	-116.432076	0.0	0.0	0.0021
Puma	0.0	0.0	31.690036	-110.18504399999999	0.0	0.0	0.0021
Puma	0.0	0.0	47.74324	-115.089025	0.0	0.0	0.0021
Puma	0.0	0.0	33.202183000000005	-116.43078799999999	0.0	0.0	0.0021
Puma	0.0	0.0	37.402709	-122.23908999999999	0.0	0.0	0.0021
Puma	0.0	0.0	32.043949	-110.64987099999999	0.0	0.0	0.0021
Puma	0.0	0.0	37.410937	-122.23629	0.0	0.0	0.0021
Puma	0.0	0.0	35.128296999999996	-106.38541399999998	0.0	0.0	0.0021
Puma	0.0	0.0	32.754740999999996	-110.945877	0.0	0.0	0.0021
Puma	0.0	0.0	37.301799	-113.036165	0.0	0.0	0.0021
Puma	0.0	0.0	39.262811	-123.16383799999998	0.0	0.0	0.0021
Puma	0.0	0.0	37.497626000000004	-119.903729	0.0	0.0	0.0021
Puma	0.0	0.0	38.7657	-120.724277	0.0	0.0	0.0021
Puma	0.0	0.0	38.369471000000004	-122.499007	0.0	0.0	0.0021
Puma	0.0	0.0	31.694905	-110.182379	0.0	0.0	0.0021
Puma	0.0	0.0	47.256631	-114.71529	0.0	0.0	0.0021
Puma	0.0	0.0	29.133628	-103.522254	0.0	0.0	0.0021
Puma	0.0	0.0	34.333411	-118.332995	0.0	0.0	0.0021
Puma	0.0	0.0	26.073389000000002	-81.407329	0.0	0.0	0.0021
Puma	0.0	0.0	37.40354	-122.241976	0.0	0.0	0.0021
Puma	0.0	0.0	37.553015	-121.572046	0.0	0.0	0.0021
Puma	0.0	0.0	34.369954	-118.265681	0.0	0.0	0.0021
Puma	0.0	0.0	33.587348	-108.96333899999999	0.0	0.0	0.0021
Puma	0.0	0.0	41.309288	-73.07697399999998	0.0	0.0	0.0021
Puma	0.0	0.0	41.270184	-111.57444299999999	0.0	0.0	0.0021
Puma	0.0	0.0	39.207578999999996	-119.829302	0.0	0.0	0.0021
Puma	0.0	0.0	37.010672	-121.71096399999999	0.0	0.0	0.0021
Puma	0.0	0.0	35.384506	-120.55341200000001	0.0	0.0	0.0021
Puma	0.0	0.0	29.167194	-103.614006	0.0	0.0	0.0021
Puma	0.0	0.0	33.285575	-116.655777	0.0	0.0	0.0021
Puma	0.0	0.0	38.772039	-107.769226	0.0	0.0	0.0021
Puma	0.0	0.0	40.888133	-111.954828	0.0	0.0	0.0021
Puma	0.0	0.0	31.883602000000003	-104.883471	0.0	0.0	0.0021
Puma	0.0	0.0	31.457698999999998	-109.95144599999999	0.0	0.0	0.0021
Puma	0.0	0.0	29.273045	-103.29790899999999	0.0	0.0	0.0021
Puma	0.0	0.0	37.494899	-121.757365	0.0	0.0	0.0021
Puma	0.0	0.0	29.310011	-103.218633	0.0	0.0	0.0021
Puma	0.0	0.0	29.277383	-103.303217	0.0	0.0	0.0021
Puma	0.0	0.0	39.503493	-120.316671	0.0	0.0	0.0021
Puma	0.0	0.0	29.289269	-103.375847	0.0	0.0	0.0021
Puma	0.0	0.0	40.834576	-111.864676	0.0	0.0	0.0021
Puma	0.0	0.0	29.336	-103.17600300000001	0.0	0.0	0.0021
Puma	0.0	0.0	33.629396	-117.55456000000001	0.0	0.0	0.0021
Puma	0.0	0.0	45.928294	-117.491129	0.0	0.0	0.0021
Puma	0.0	0.0	40.427377	-121.06405600000001	0.0	0.0	0.0021
Puma	0.0	0.0	33.098064	-116.4721	0.0	0.0	0.0021
Puma	0.0	0.0	32.007702	-109.361331	0.0	0.0	0.0021
Puma	0.0	0.0	37.510134	-121.828423	0.0	0.0	0.0021
Puma	0.0	0.0	33.102399	-116.489496	0.0	0.0	0.0021
Puma	0.0	0.0	39.74645200000001	-121.995777	0.0	0.0	0.0021
Puma	0.0	0.0	32.943651	-108.28668	0.0	0.0	0.0021
Puma	0.0	0.0	31.673527000000004	-110.891632	0.0	0.0	0.0021
Puma	0.0	0.0	33.534849	-117.26278799999999	0.0	0.0	0.0021
Puma	0.0	0.0	33.804755	-106.890707	0.0	0.0	0.0021
Puma	0.0	0.0	33.632326	-117.55583500000002	0.0	0.0	0.0021
Puma	0.0	0.0	39.977665	-105.33779799999999	0.0	0.0	0.0021
Puma	0.0	0.0	48.785163	-119.12226799999999	0.0	0.0	0.0021
Puma	0.0	0.0	38.934535	-105.027371	0.0	0.0	0.0021
Puma	0.0	0.0	32.142326000000004	-110.66495	0.0	0.0	0.0021
Puma	0.0	0.0	29.148563	-103.493189	0.0	0.0	0.0021
Puma	0.0	0.0	31.851515999999997	-110.575864	0.0	0.0	0.0021
Puma	0.0	0.0	39.13745	-119.704242	0.0	0.0	0.0021
Puma	0.0	0.0	40.1667	-83.0833	0.0	0.0	0.0021
Puma	0.0	0.0	49.605445	-117.119408	0.0	0.0	0.0021
Puma	0.0	0.0	50.574009999999994	-116.093852	0.0	0.0	0.0021
Puma	0.0	0.0	50.800115999999996	-116.27499399999999	0.0	0.0	0.0021
Puma	0.0	0.0	49.581676	-117.240147	0.0	0.0	0.0021
Puma	0.0	0.0	50.840793	-114.488239	0.0	0.0	0.0021
Puma	0.0	0.0	51.492834	-120.661947	0.0	0.0	0.0021
Puma	0.0	0.0	49.340171999999995	-124.74339099999999	0.0	0.0	0.0021
Puma	0.0	0.0	49.415766	-114.247767	0.0	0.0	0.0021
Puma	0.0	0.0	50.28031	-119.209947	0.0	0.0	0.0021
Puma	0.0	0.0	50.279832	-119.208671	0.0	0.0	0.0021
Puma	0.0	0.0	49.58321	-117.231951	0.0	0.0	0.0021
Puma	0.0	0.0	50.19877	-124.84770800000001	0.0	0.0	0.0021
Puma	0.0	0.0	48.673714000000004	-124.599878	0.0	0.0	0.0021
Puma	0.0	0.0	49.043729	-121.401758	0.0	0.0	0.0021
Puma	0.0	0.0	50.324176	-124.795257	0.0	0.0	0.0021
Puma	0.0	0.0	50.788453000000004	-114.814798	0.0	0.0	0.0021
Puma	0.0	0.0	49.606674	-117.272015	0.0	0.0	0.0021
Puma	0.0	0.0	49.60091	-117.12541599999999	0.0	0.0	0.0021
Puma	0.0	0.0	49.587768	-117.246866	0.0	0.0	0.0021
Puma	0.0	0.0	49.601890999999995	-117.124595	0.0	0.0	0.0021
Puma	0.0	0.0	49.595490999999996	-117.22446399999998	0.0	0.0	0.0021
Puma	0.0	0.0	49.601819	-117.12285200000001	0.0	0.0	0.0021
Puma	0.0	0.0	49.019343	-121.400117	0.0	0.0	0.0021
Puma	0.0	0.0	49.019637	-121.40000900000001	0.0	0.0	0.0021
Puma	0.0	0.0	49.013221	-121.404999	0.0	0.0	0.0021
Puma	0.0	0.0	48.046882000000004	-77.900494	0.0	0.0	0.0021
Puma	0.0	0.0	48.046806	-77.899851	0.0	0.0	0.0021
Puma	0.0	0.0	49.550686	-114.00821699999999	0.0	0.0	0.0021
Puma	0.0	0.0	31.102147	-108.358043	0.0	0.0	0.0021
Puma	0.0	0.0	31.102149	-108.358043	0.0	0.0	0.0021
Puma	0.0	0.0	31.102148	-108.35804399999999	0.0	0.0	0.0021
Puma	0.0	0.0	31.315244	-110.446054	0.0	0.0	0.0021
Puma	0.0	0.0	31.102147	-108.358043	0.0	0.0	0.0021
Puma	0.0	0.0	31.102149	-108.358043	0.0	0.0	0.0021
Puma	0.0	0.0	31.323951	-109.25761599999998	0.0	0.0	0.0021
Puma	0.0	0.0	31.102149	-108.358042	0.0	0.0	0.0021
Puma	0.0	0.0	31.313541999999998	-110.44424599999999	0.0	0.0	0.0021
Puma	0.0	0.0	31.796683	-113.77564699999999	0.0	0.0	0.0021
Puma	0.0	0.0	31.312488000000002	-109.407175	0.0	0.0	0.0021
Puma	0.0	0.0	31.102147	-108.35804099999999	0.0	0.0	0.0021
Puma	0.0	0.0	28.963259000000004	-102.57904	0.0	0.0	0.0021
Puma	0.0	0.0	31.328795	-109.26761200000001	0.0	0.0	0.0021
Puma	0.0	0.0	31.070805	-108.35659299999999	0.0	0.0	0.0021
Puma	0.0	0.0	31.33250300000001	-109.25359399999999	0.0	0.0	0.0021
Puma	0.0	0.0	31.316688	-109.264655	0.0	0.0	0.0021
Puma	0.0	0.0	29.518240000000002	-110.15529199999999	0.0	0.0	0.0021
Puma	0.0	0.0	31.070845000000002	-108.356609	0.0	0.0	0.0021
Puma	0.0	0.0	29.178255	-102.69645799999999	0.0	0.0	0.0021
Puma	0.0	0.0	31.312614	-109.000429	0.0	0.0	0.0021
Puma	0.0	0.0	25.693704999999998	-99.631103	0.0	0.0	0.0021
Puma	0.0	0.0	29.05800300000001	-103.038482	0.0	0.0	0.0021
Puma	0.0	0.0	29.057403000000004	-103.037452	0.0	0.0	0.0021
Puma	0.0	0.0	31.132078000000003	-108.366001	0.0	0.0	0.0021
Puma	0.0	0.0	29.336215999999997	-104.21813	0.0	0.0	0.0021
Puma	0.0	0.0	31.101915	-108.35983600000002	0.0	0.0	0.0021
Puma	0.0	0.0	31.132089	-108.36623700000001	0.0	0.0	0.0021
Puma	0.0	0.0	31.132091	-108.36623600000001	0.0	0.0	0.0021
Puma	0.0	0.0	30.208694	-115.709979	0.0	0.0	0.0021
Puma	0.0	0.0	25.347047	-100.926675	0.0	0.0	0.0021
Puma	0.0	0.0	31.322290000000002	-110.359155	0.0	0.0	0.0021
Puma	0.0	0.0	31.276725	-106.21491	0.0	0.0	0.0021
Puma	0.0	0.0	25.799104	-98.72942900000001	0.0	0.0	0.0021
Puma	0.0	0.0	31.078289	-108.372853	0.0	0.0	0.0021
Puma	0.0	0.0	31.273407000000002	-106.41681499999999	0.0	0.0	0.0021
Puma	0.0	0.0	31.284791	-106.44606399999999	0.0	0.0	0.0021
Puma	0.0	0.0	31.132112	-108.36596499999999	0.0	0.0	0.0021
Puma	0.0	0.0	31.101910999999998	-108.359801	0.0	0.0	0.0021
Puma	0.0	0.0	25.54286	-100.271576	0.0	0.0	0.0021
Puma	0.0	0.0	25.277414	-100.93125699999999	0.0	0.0	0.0021
Puma	0.0	0.0	32.574013	-116.08085600000001	0.0	0.0	0.0021
Puma	0.0	0.0	32.48428	-116.045151	0.0	0.0	0.0021
Puma	0.0	0.0	32.572277	-116.07948300000001	0.0	0.0	0.0021
Puma	0.0	0.0	30.789463	-110.84486100000001	0.0	0.0	0.0021
Puma	0.0	0.0	27.004201000000002	-108.798294	0.0	0.0	0.0021
Puma	0.0	0.0	27.01509	-108.80722	0.0	0.0	0.0021
Puma	0.0	0.0	30.398983	-110.332742	0.0	0.0	0.0021
Puma	0.0	0.0	31.366528999999996	-108.981968	0.0	0.0	0.0021
Puma	0.0	0.0	25.487710999999997	-100.27465500000001	0.0	0.0	0.0021
Puma	0.0	0.0	25.323265	-100.920088	0.0	0.0	0.0021
Puma	0.0	0.0	30.551667	-108.625	0.0	0.0	0.0021
Puma	0.0	0.0	30.534722	-108.6025	0.0	0.0	0.0021
Puma	0.0	0.0	30.553055999999998	-108.61694399999999	0.0	0.0	0.0021
Puma	0.0	0.0	31.144721999999998	-108.75916699999999	0.0	0.0	0.0021
Puma	0.0	0.0	30.549444	-108.620833	0.0	0.0	0.0021
Puma	0.0	0.0	31.163333	-108.881111	0.0	0.0	0.0021
Puma	0.0	0.0	29.472158	-108.978641	0.0	0.0	0.0021
Puma	0.0	0.0	29.272437	-102.899231	0.0	0.0	0.0021
Puma	0.0	0.0	29.272437	-102.899231	0.0	0.0	0.0021
Puma	0.0	0.0	29.272437	-102.899231	0.0	0.0	0.0021
Puma	0.0	0.0	29.352807000000002	-102.847121	0.0	0.0	0.0021
Puma	0.0	0.0	29.272437	-102.899231	0.0	0.0	0.0021
Puma	0.0	0.0	29.272437	-102.899231	0.0	0.0	0.0021
Puma	0.0	0.0	27.20097	-100.817302	0.0	0.0	0.0021
Puma	0.0	0.0	27.20097	-100.817302	0.0	0.0	0.0021
Puma	0.0	0.0	27.20097	-100.817302	0.0	0.0	0.0021
