species	max_age	min_age	lat	lon	family	mean_age	rounded_ages
Sorex	0.0	0.0	43.939762	-90.05324399999998	0.0	0.0	0.0021
Sorex	0.0	0.0	45.421428999999996	-93.192739	0.0	0.0	0.0021
Sorex	0.0	0.0	41.706777	-70.56371800000002	0.0	0.0	0.0021
Sorex	0.0	0.0	40.885678999999996	-83.90744000000002	0.0	0.0	0.0021
Sorex	0.0	0.0	41.932037	-80.40718100000002	0.0	0.0	0.0021
Sorex	0.0	0.0	41.184908	-81.07252199999998	0.0	0.0	0.0021
Sorex	0.0	0.0	64.892075	-147.84544499999996	0.0	0.0	0.0021
Sorex	0.0	0.0	41.280421999999994	-124.030254	0.0	0.0	0.0021
Sorex	0.0	0.0	40.897278	-124.083977	0.0	0.0	0.0021
Sorex	0.0	0.0	42.141117	-87.788237	0.0	0.0	0.0021
Sorex	0.0	0.0	44.154410999999996	-73.02359	0.0	0.0	0.0021
Sorex	0.0	0.0	37.262221000000004	-121.76191299999999	0.0	0.0	0.0021
Sorex	0.0	0.0	37.698167	-122.43762199999999	0.0	0.0	0.0021
Sorex	0.0	0.0	37.288672999999996	-122.154322	0.0	0.0	0.0021
Sorex	0.0	0.0	37.969325	-122.60373899999999	0.0	0.0	0.0021
Sorex	0.0	0.0	44.150333	-73.017972	0.0	0.0	0.0021
Sorex	0.0	0.0	44.152395	-73.02430799999998	0.0	0.0	0.0021
Sorex	0.0	0.0	40.979333000000004	-124.16893200000001	0.0	0.0	0.0021
Sorex	0.0	0.0	44.152877000000004	-73.02445	0.0	0.0	0.0021
Sorex	0.0	0.0	44.284984	-72.573675	0.0	0.0	0.0021
Sorex	0.0	0.0	60.92869399999999	-149.354603	0.0	0.0	0.0021
Sorex	0.0	0.0	41.745787	-88.072864	0.0	0.0	0.0021
Sorex	0.0	0.0	43.198063	-89.19279300000002	0.0	0.0	0.0021
Sorex	0.0	0.0	46.72600900000001	-117.00241899999999	0.0	0.0	0.0021
Sorex	0.0	0.0	44.582699	-123.302421	0.0	0.0	0.0021
Sorex	0.0	0.0	42.746332	-89.867642	0.0	0.0	0.0021
Sorex	0.0	0.0	42.06085	-91.67448	0.0	0.0	0.0021
Sorex	0.0	0.0	42.478075	-87.952426	0.0	0.0	0.0021
Sorex	0.0	0.0	37.17478300000001	-121.86660800000001	0.0	0.0	0.0021
Sorex	0.0	0.0	40.555572	-74.63545400000002	0.0	0.0	0.0021
Sorex	0.0	0.0	41.855832	-76.645072	0.0	0.0	0.0021
Sorex	0.0	0.0	37.782134	-122.501382	0.0	0.0	0.0021
Sorex	0.0	0.0	47.91011500000001	-91.867354	0.0	0.0	0.0021
Sorex	0.0	0.0	42.706377	-86.20078199999998	0.0	0.0	0.0021
Sorex	0.0	0.0	45.35032800000001	-121.99179699999999	0.0	0.0	0.0021
Sorex	0.0	0.0	60.043776	-149.816364	0.0	0.0	0.0021
Sorex	0.0	0.0	46.142282	-123.87620700000001	0.0	0.0	0.0021
Sorex	0.0	0.0	44.629020000000004	-72.694983	0.0	0.0	0.0021
Sorex	0.0	0.0	43.437752	-112.02004299999999	0.0	0.0	0.0021
Sorex	0.0	0.0	41.855661	-88.462937	0.0	0.0	0.0021
Sorex	0.0	0.0	41.660601	-79.019165	0.0	0.0	0.0021
Sorex	0.0	0.0	37.53557	-122.39956699999999	0.0	0.0	0.0021
Sorex	0.0	0.0	41.78628300000001	-72.277977	0.0	0.0	0.0021
Sorex	0.0	0.0	34.089465999999994	-118.735671	0.0	0.0	0.0021
Sorex	0.0	0.0	37.539446999999996	-122.403549	0.0	0.0	0.0021
Sorex	0.0	0.0	37.540277	-122.407005	0.0	0.0	0.0021
Sorex	0.0	0.0	37.199102	-121.963283	0.0	0.0	0.0021
Sorex	0.0	0.0	63.778054000000004	-171.724288	0.0	0.0	0.0021
Sorex	0.0	0.0	36.391675	-94.573447	0.0	0.0	0.0021
Sorex	0.0	0.0	37.376262	-88.930456	0.0	0.0	0.0021
Sorex	0.0	0.0	37.396619	-122.203546	0.0	0.0	0.0021
Sorex	0.0	0.0	43.009888000000004	-89.45898199999998	0.0	0.0	0.0021
Sorex	0.0	0.0	37.4468	-122.40023000000001	0.0	0.0	0.0021
Sorex	0.0	0.0	41.33367	-124.001741	0.0	0.0	0.0021
Sorex	0.0	0.0	41.213594	-81.41573000000002	0.0	0.0	0.0021
Sorex	0.0	0.0	41.214756	-81.414142	0.0	0.0	0.0021
Sorex	0.0	0.0	41.214304	-81.41375500000002	0.0	0.0	0.0021
Sorex	0.0	0.0	41.212284999999994	-81.413167	0.0	0.0	0.0021
Sorex	0.0	0.0	36.619984	-121.60791499999999	0.0	0.0	0.0021
Sorex	0.0	0.0	37.535216999999996	-122.39871200000002	0.0	0.0	0.0021
Sorex	0.0	0.0	48.671667	-122.198167	0.0	0.0	0.0021
Sorex	0.0	0.0	42.055422	-70.105295	0.0	0.0	0.0021
Sorex	0.0	0.0	43.624736999999996	-73.066281	0.0	0.0	0.0021
Sorex	0.0	0.0	43.675667	-110.49966699999999	0.0	0.0	0.0021
Sorex	0.0	0.0	40.980655	-81.30968299999998	0.0	0.0	0.0021
Sorex	0.0	0.0	37.17234600000001	-122.221999	0.0	0.0	0.0021
Sorex	0.0	0.0	40.044143	-105.184074	0.0	0.0	0.0021
Sorex	0.0	0.0	34.259107	-87.272361	0.0	0.0	0.0021
Sorex	0.0	0.0	44.336258	-79.880728	0.0	0.0	0.0021
Sorex	0.0	0.0	44.292175	-76.437931	0.0	0.0	0.0021
Sorex	0.0	0.0	44.273053000000004	-78.34943299999998	0.0	0.0	0.0021
Sorex	0.0	0.0	47.560507	-52.73285500000001	0.0	0.0	0.0021
Sorex	0.0	0.0	45.546422	-78.650336	0.0	0.0	0.0021
Sorex	0.0	0.0	43.694355	-80.248812	0.0	0.0	0.0021
Sorex	0.0	0.0	53.25530300000001	-132.074905	0.0	0.0	0.0021
Sorex	0.0	0.0	53.255832999999996	-132.072495	0.0	0.0	0.0021
Sorex	0.0	0.0	43.86457100000001	-78.977875	0.0	0.0	0.0021
Sorex	0.0	0.0	46.468583	-80.971666	0.0	0.0	0.0021
Sorex	0.0	0.0	48.1899	-89.280136	0.0	0.0	0.0021
Sorex	0.0	0.0	48.469205	-89.281532	0.0	0.0	0.0021
Sorex	0.0	0.0	45.035675	-78.525428	0.0	0.0	0.0021
Sorex	0.0	0.0	45.13807	-78.177685	0.0	0.0	0.0021
Sorex	0.0	0.0	47.312020000000004	-52.78484	0.0	0.0	0.0021
Sorex	0.0	0.0	42.814314	-80.585162	0.0	0.0	0.0021
Sorex	0.0	0.0	53.255444999999995	-132.075072	0.0	0.0	0.0021
Sorex	0.0	0.0	53.255603	-132.074692	0.0	0.0	0.0021
Sorex	0.0	0.0	53.903549	-106.151721	0.0	0.0	0.0021
Sorex	0.0	0.0	44.339786	-78.24802700000002	0.0	0.0	0.0021
Sorex	0.0	0.0	44.203056	-78.468049	0.0	0.0	0.0021
Sorex	0.0	0.0	50.789466	-113.975761	0.0	0.0	0.0021
Sorex	0.0	0.0	45.287388	-75.83019	0.0	0.0	0.0021
Sorex	0.0	0.0	43.626656	-79.943228	0.0	0.0	0.0021
Sorex	0.0	0.0	45.382959	-78.895935	0.0	0.0	0.0021
Sorex	0.0	0.0	43.803999999999995	-79.146	0.0	0.0	0.0021
Sorex	0.0	0.0	48.805569	-78.473516	0.0	0.0	0.0021
Sorex	0.0	0.0	43.825549	-79.912748	0.0	0.0	0.0021
Sorex	0.0	0.0	48.449296999999994	-78.76870500000003	0.0	0.0	0.0021
Sorex	0.0	0.0	48.778579	-78.83371700000002	0.0	0.0	0.0021
Sorex	0.0	0.0	48.840947	-79.357028	0.0	0.0	0.0021
Sorex	0.0	0.0	48.329791	-79.08343599999998	0.0	0.0	0.0021
Sorex	0.0	0.0	48.126985	-78.91663100000002	0.0	0.0	0.0021
Sorex	0.0	0.0	48.621373	-79.190221	0.0	0.0	0.0021
Sorex	0.0	0.0	48.842919	-78.830687	0.0	0.0	0.0021
Sorex	0.0	0.0	45.37514	-79.24109	0.0	0.0	0.0021
Sorex	0.0	0.0	48.807004	-78.473831	0.0	0.0	0.0021
