species	max_age	min_age	lat	lon	family	mean_age	rounded_ages
Spilogale	0.0	0.0	34.831561	-94.62711	0.0	0.0	0.0021
Spilogale	0.0	0.0	33.9342	-117.611	0.0	0.0	0.0021
Spilogale	0.0	0.0	32.227536	-111.077954	0.0	0.0	0.0021
Spilogale	0.0	0.0	34.877347	-94.702894	0.0	0.0	0.0021
Spilogale	0.0	0.0	35.679675	-85.114313	0.0	0.0	0.0021
Spilogale	0.0	0.0	41.883879	-122.392049	0.0	0.0	0.0021
Spilogale	0.0	0.0	34.970065000000005	-94.62353399999999	0.0	0.0	0.0021
Spilogale	0.0	0.0	39.411761	-120.29118500000001	0.0	0.0	0.0021
Spilogale	0.0	0.0	34.846132	-94.705908	0.0	0.0	0.0021
Spilogale	0.0	0.0	34.970064	-94.793704	0.0	0.0	0.0021
Spilogale	0.0	0.0	34.834094	-94.77877	0.0	0.0	0.0021
Spilogale	0.0	0.0	34.9411	-94.693843	0.0	0.0	0.0021
Spilogale	0.0	0.0	34.931474	-94.746049	0.0	0.0	0.0021
Spilogale	0.0	0.0	35.61994	-85.098344	0.0	0.0	0.0021
Spilogale	0.0	0.0	34.969181	-94.60559599999999	0.0	0.0	0.0021
Spilogale	0.0	0.0	34.856228	-94.789486	0.0	0.0	0.0021
Spilogale	0.0	0.0	35.341854	-86.029336	0.0	0.0	0.0021
Spilogale	0.0	0.0	35.74855	-85.105226	0.0	0.0	0.0021
Spilogale	0.0	0.0	38.72967	-79.206586	0.0	0.0	0.0021
Spilogale	0.0	0.0	35.733064	-85.105464	0.0	0.0	0.0021
Spilogale	0.0	0.0	35.61716699999999	-85.16395899999998	0.0	0.0	0.0021
Spilogale	0.0	0.0	35.717332	-85.14780400000002	0.0	0.0	0.0021
Spilogale	0.0	0.0	35.616945	-85.03041999999998	0.0	0.0	0.0021
Spilogale	0.0	0.0	35.708044	-85.092089	0.0	0.0	0.0021
Spilogale	0.0	0.0	35.794551	-85.135052	0.0	0.0	0.0021
Spilogale	0.0	0.0	30.017432	-95.958596	0.0	0.0	0.0021
Spilogale	0.0	0.0	35.775357	-85.135263	0.0	0.0	0.0021
Spilogale	0.0	0.0	35.680849	-85.199841	0.0	0.0	0.0021
Spilogale	0.0	0.0	35.184083	-106.19701	0.0	0.0	0.0021
Spilogale	0.0	0.0	33.184513	-117.02773300000001	0.0	0.0	0.0021
Spilogale	0.0	0.0	32.834996999999994	-108.608144	0.0	0.0	0.0021
Spilogale	0.0	0.0	31.299564	-100.451299	0.0	0.0	0.0021
Spilogale	0.0	0.0	33.932859	-112.69408500000002	0.0	0.0	0.0021
Spilogale	0.0	0.0	42.234946	-109.46418999999999	0.0	0.0	0.0021
Spilogale	0.0	0.0	33.205878999999996	-117.029572	0.0	0.0	0.0021
Spilogale	0.0	0.0	39.574985999999996	-119.76760900000001	0.0	0.0	0.0021
Spilogale	0.0	0.0	38.520843	-122.917064	0.0	0.0	0.0021
Spilogale	0.0	0.0	33.661945	-87.478966	0.0	0.0	0.0021
Spilogale	0.0	0.0	44.728652000000004	-99.144751	0.0	0.0	0.0021
Spilogale	0.0	0.0	34.012188	-116.168663	0.0	0.0	0.0021
Spilogale	0.0	0.0	35.039916999999996	-83.435479	0.0	0.0	0.0021
Spilogale	0.0	0.0	29.554345	-98.730469	0.0	0.0	0.0021
Spilogale	0.0	0.0	36.50329	-121.847167	0.0	0.0	0.0021
Spilogale	0.0	0.0	36.503285999999996	-121.847103	0.0	0.0	0.0021
Spilogale	0.0	0.0	36.50314	-121.84756599999999	0.0	0.0	0.0021
Spilogale	0.0	0.0	35.144908	-83.099643	0.0	0.0	0.0021
Spilogale	0.0	0.0	35.058139000000004	-83.113381	0.0	0.0	0.0021
Spilogale	0.0	0.0	36.503217	-121.847307	0.0	0.0	0.0021
Spilogale	0.0	0.0	41.357979	-123.615926	0.0	0.0	0.0021
Spilogale	0.0	0.0	33.685069	-117.620659	0.0	0.0	0.0021
Spilogale	0.0	0.0	31.56376400000001	-87.561088	0.0	0.0	0.0021
Spilogale	0.0	0.0	32.82513	-116.45053	0.0	0.0	0.0021
Spilogale	0.0	0.0	35.170491	-83.102354	0.0	0.0	0.0021
Spilogale	0.0	0.0	30.058331	-98.123529	0.0	0.0	0.0021
Spilogale	0.0	0.0	29.846283000000003	-95.510798	0.0	0.0	0.0021
Spilogale	0.0	0.0	35.61777	-85.161252	0.0	0.0	0.0021
Spilogale	0.0	0.0	37.090697	-117.93913899999998	0.0	0.0	0.0021
Spilogale	0.0	0.0	43.788940999999994	-123.060608	0.0	0.0	0.0021
Spilogale	0.0	0.0	34.996696	-83.370602	0.0	0.0	0.0021
Spilogale	0.0	0.0	42.316179	-100.24365300000001	0.0	0.0	0.0021
Spilogale	0.0	0.0	35.852265	-92.906054	0.0	0.0	0.0021
Spilogale	0.0	0.0	29.993147999999998	-95.844117	0.0	0.0	0.0021
Spilogale	0.0	0.0	34.89712	-83.31219399999998	0.0	0.0	0.0021
Spilogale	0.0	0.0	34.847572	-83.37355	0.0	0.0	0.0021
Spilogale	0.0	0.0	29.907394	-95.87992	0.0	0.0	0.0021
Spilogale	0.0	0.0	32.218779999999995	-110.550622	0.0	0.0	0.0021
Spilogale	0.0	0.0	32.563354	-84.689484	0.0	0.0	0.0021
Spilogale	0.0	0.0	34.106441	-98.436015	0.0	0.0	0.0021
Spilogale	0.0	0.0	30.531912	-97.953828	0.0	0.0	0.0021
Spilogale	0.0	0.0	31.790839000000002	-101.484131	0.0	0.0	0.0021
Spilogale	0.0	0.0	31.790839000000002	-101.484131	0.0	0.0	0.0021
Spilogale	0.0	0.0	32.734452000000005	-116.83252	0.0	0.0	0.0021
Spilogale	0.0	0.0	31.79083300000001	-101.484092	0.0	0.0	0.0021
Spilogale	0.0	0.0	31.778408000000002	-101.500922	0.0	0.0	0.0021
Spilogale	0.0	0.0	31.79083300000001	-101.484122	0.0	0.0	0.0021
Spilogale	0.0	0.0	31.778406	-101.50095300000001	0.0	0.0	0.0021
Spilogale	0.0	0.0	31.778408000000002	-101.500922	0.0	0.0	0.0021
Spilogale	0.0	0.0	35.043735	-106.48138	0.0	0.0	0.0021
Spilogale	0.0	0.0	31.790839000000002	-101.484131	0.0	0.0	0.0021
Spilogale	0.0	0.0	31.778406	-101.50095300000001	0.0	0.0	0.0021
Spilogale	0.0	0.0	31.778408000000002	-101.500922	0.0	0.0	0.0021
Spilogale	0.0	0.0	35.042453	-83.586256	0.0	0.0	0.0021
Spilogale	0.0	0.0	30.078494	-99.331878	0.0	0.0	0.0021
Spilogale	0.0	0.0	32.192105	-110.569855	0.0	0.0	0.0021
Spilogale	0.0	0.0	35.037626	-83.423176	0.0	0.0	0.0021
Spilogale	0.0	0.0	36.274452000000004	-85.298389	0.0	0.0	0.0021
Spilogale	0.0	0.0	34.800781	-83.057687	0.0	0.0	0.0021
Spilogale	0.0	0.0	38.030757	-119.175707	0.0	0.0	0.0021
Spilogale	0.0	0.0	34.737293	-83.292798	0.0	0.0	0.0021
Spilogale	0.0	0.0	34.653816	-83.373144	0.0	0.0	0.0021
Spilogale	0.0	0.0	34.750567	-83.30436800000003	0.0	0.0	0.0021
Spilogale	0.0	0.0	34.774984	-83.344702	0.0	0.0	0.0021
Spilogale	0.0	0.0	30.684410999999997	-96.85844200000001	0.0	0.0	0.0021
Spilogale	0.0	0.0	31.197219	-86.49218	0.0	0.0	0.0021
Spilogale	0.0	0.0	33.174341999999996	-117.02430700000001	0.0	0.0	0.0021
Spilogale	0.0	0.0	32.973596	-108.50691100000002	0.0	0.0	0.0021
Spilogale	0.0	0.0	31.037209000000004	-104.835818	0.0	0.0	0.0021
Spilogale	0.0	0.0	33.055875	-117.076916	0.0	0.0	0.0021
Spilogale	0.0	0.0	33.055089	-117.075505	0.0	0.0	0.0021
Spilogale	0.0	0.0	27.807463000000002	-81.08270300000002	0.0	0.0	0.0021
Spilogale	0.0	0.0	40.297759	-105.641586	0.0	0.0	0.0021
Spilogale	0.0	0.0	32.733413	-116.814925	0.0	0.0	0.0021
Spilogale	0.0	0.0	32.591412	-84.65863	0.0	0.0	0.0021
Spilogale	0.0	0.0	32.585436	-84.62886800000003	0.0	0.0	0.0021
Spilogale	0.0	0.0	34.706777	-83.763494	0.0	0.0	0.0021
Spilogale	0.0	0.0	31.669490000000003	-110.82129099999999	0.0	0.0	0.0021
Spilogale	0.0	0.0	33.179981	-117.02362099999999	0.0	0.0	0.0021
Spilogale	0.0	0.0	41.293485	-123.87649499999999	0.0	0.0	0.0021
Spilogale	0.0	0.0	31.604734999999998	-110.439125	0.0	0.0	0.0021
Spilogale	0.0	0.0	31.530546	-100.537157	0.0	0.0	0.0021
Spilogale	0.0	0.0	37.674543	-113.080895	0.0	0.0	0.0021
Spilogale	0.0	0.0	32.942811	-116.96714899999999	0.0	0.0	0.0021
Spilogale	0.0	0.0	37.672948	-113.031324	0.0	0.0	0.0021
Spilogale	0.0	0.0	31.265067	-100.658225	0.0	0.0	0.0021
Spilogale	0.0	0.0	32.9511	-116.981907	0.0	0.0	0.0021
Spilogale	0.0	0.0	29.96548300000001	-98.195135	0.0	0.0	0.0021
Spilogale	0.0	0.0	35.55127299999999	-118.24304599999999	0.0	0.0	0.0021
Spilogale	0.0	0.0	30.497721000000002	-101.866547	0.0	0.0	0.0021
Spilogale	0.0	0.0	29.726643	-98.112634	0.0	0.0	0.0021
Spilogale	0.0	0.0	39.325990999999995	-120.19469699999999	0.0	0.0	0.0021
Spilogale	0.0	0.0	36.433316999999995	-118.683617	0.0	0.0	0.0021
Spilogale	0.0	0.0	29.669419	-100.998108	0.0	0.0	0.0021
Spilogale	0.0	0.0	29.139273	-103.527929	0.0	0.0	0.0021
Spilogale	0.0	0.0	32.495507	-84.454893	0.0	0.0	0.0021
Spilogale	0.0	0.0	33.526695000000004	-117.25908500000001	0.0	0.0	0.0021
Spilogale	0.0	0.0	33.031960999999995	-85.995436	0.0	0.0	0.0021
Spilogale	0.0	0.0	34.594507	-85.68364100000002	0.0	0.0	0.0021
Spilogale	0.0	0.0	32.1937	-110.99766299999999	0.0	0.0	0.0021
Spilogale	0.0	0.0	34.075167	-117.068017	0.0	0.0	0.0021
Spilogale	0.0	0.0	29.140475	-103.529686	0.0	0.0	0.0021
Spilogale	0.0	0.0	36.090777	-114.97799599999999	0.0	0.0	0.0021
Spilogale	0.0	0.0	32.914138	-117.19278600000001	0.0	0.0	0.0021
Spilogale	0.0	0.0	39.422036999999996	-120.26251699999999	0.0	0.0	0.0021
Spilogale	0.0	0.0	37.201253	-112.988651	0.0	0.0	0.0021
Spilogale	0.0	0.0	33.811827	-106.86028700000001	0.0	0.0	0.0021
Spilogale	0.0	0.0	31.55885	-87.807725	0.0	0.0	0.0021
Spilogale	0.0	0.0	32.914319	-117.192925	0.0	0.0	0.0021
Spilogale	0.0	0.0	29.992645	-103.554638	0.0	0.0	0.0021
Spilogale	0.0	0.0	37.737212	-119.57033799999999	0.0	0.0	0.0021
Spilogale	0.0	0.0	31.102149	-108.358042	0.0	0.0	0.0021
Spilogale	0.0	0.0	31.101906	-108.35978700000001	0.0	0.0	0.0021
Spilogale	0.0	0.0	31.1019	-108.35983799999998	0.0	0.0	0.0021
Spilogale	0.0	0.0	31.1019	-108.359779	0.0	0.0	0.0021
Spilogale	0.0	0.0	31.145556	-108.334167	0.0	0.0	0.0021
Spilogale	0.0	0.0	31.10190200000001	-108.35983799999998	0.0	0.0	0.0021
Spilogale	0.0	0.0	31.140721999999997	-108.32961200000001	0.0	0.0	0.0021
Spilogale	0.0	0.0	31.140721999999997	-108.32961200000001	0.0	0.0	0.0021
Spilogale	0.0	0.0	29.32347	-108.21144	0.0	0.0	0.0021
Spilogale	0.0	0.0	31.140721999999997	-108.32961200000001	0.0	0.0	0.0021
Spilogale	0.0	0.0	31.141596000000003	-108.331498	0.0	0.0	0.0021
Spilogale	0.0	0.0	31.140721999999997	-108.32961200000001	0.0	0.0	0.0021
Spilogale	0.0	0.0	25.60155	-100.219493	0.0	0.0	0.0021
Spilogale	0.0	0.0	29.32347	-108.21144	0.0	0.0	0.0021
Spilogale	0.0	0.0	29.217646000000002	-108.37348899999999	0.0	0.0	0.0021
Spilogale	0.0	0.0	28.82819000000001	-103.63038	0.0	0.0	0.0021
Spilogale	0.0	0.0	28.828362	-103.638731	0.0	0.0	0.0021
Spilogale	0.0	0.0	31.101903000000004	-108.35981299999999	0.0	0.0	0.0021
Spilogale	0.0	0.0	31.101903999999998	-108.35980900000001	0.0	0.0	0.0021
Spilogale	0.0	0.0	31.101910999999998	-108.35981100000001	0.0	0.0	0.0021
Spilogale	0.0	0.0	25.376317999999998	-100.240976	0.0	0.0	0.0021
Spilogale	0.0	0.0	31.101913	-108.359804	0.0	0.0	0.0021
Spilogale	0.0	0.0	31.101907	-108.35977700000001	0.0	0.0	0.0021
Spilogale	0.0	0.0	31.101909999999997	-108.359774	0.0	0.0	0.0021
Spilogale	0.0	0.0	31.101908	-108.35977700000001	0.0	0.0	0.0021
Spilogale	0.0	0.0	25.376849	-100.243763	0.0	0.0	0.0021
Spilogale	0.0	0.0	25.464988	-100.156513	0.0	0.0	0.0021
Spilogale	0.0	0.0	27.021232	-108.945249	0.0	0.0	0.0021
Spilogale	0.0	0.0	25.155754	-103.270326	0.0	0.0	0.0021
Spilogale	0.0	0.0	31.3928	-106.473017	0.0	0.0	0.0021
Spilogale	0.0	0.0	31.130371999999998	-108.39882	0.0	0.0	0.0021
Spilogale	0.0	0.0	30.196336	-115.71902	0.0	0.0	0.0021
Spilogale	0.0	0.0	25.050059	-103.696325	0.0	0.0	0.0021
Spilogale	0.0	0.0	25.785735	-100.919648	0.0	0.0	0.0021
Spilogale	0.0	0.0	25.624191	-100.235824	0.0	0.0	0.0021
Spilogale	0.0	0.0	26.83395100000001	-108.33249099999999	0.0	0.0	0.0021
Spilogale	0.0	0.0	31.271944	-109.006667	0.0	0.0	0.0021
Spilogale	0.0	0.0	31.159444	-108.89333300000001	0.0	0.0	0.0021
Spilogale	0.0	0.0	31.155	-108.889444	0.0	0.0	0.0021
Spilogale	0.0	0.0	31.156667	-108.889444	0.0	0.0	0.0021
Spilogale	0.0	0.0	30.826666999999997	-108.45	0.0	0.0	0.0021
Spilogale	0.0	0.0	30.836667	-108.51	0.0	0.0	0.0021
