species	max_age	min_age	lat	lon	family	mean_age	rounded_ages
Taxidea	0.0	0.0	35.067412	-100.951716	0.0	0.0	0.0021
Taxidea	0.0	0.0	37.071126	-121.546719	0.0	0.0	0.0021
Taxidea	0.0	0.0	36.762867	-120.84398600000002	0.0	0.0	0.0021
Taxidea	0.0	0.0	32.673355	-103.178871	0.0	0.0	0.0021
Taxidea	0.0	0.0	33.175775	-116.09906699999999	0.0	0.0	0.0021
Taxidea	0.0	0.0	37.741972	-121.799319	0.0	0.0	0.0021
Taxidea	0.0	0.0	34.268212	-118.55535800000001	0.0	0.0	0.0021
Taxidea	0.0	0.0	43.50562	-112.8872	0.0	0.0	0.0021
Taxidea	0.0	0.0	40.064	-112.319	0.0	0.0	0.0021
Taxidea	0.0	0.0	30.914701	-103.146019	0.0	0.0	0.0021
Taxidea	0.0	0.0	32.72623	-104.395972	0.0	0.0	0.0021
Taxidea	0.0	0.0	37.205963	-121.54931499999999	0.0	0.0	0.0021
Taxidea	0.0	0.0	38.029962	-122.505245	0.0	0.0	0.0021
Taxidea	0.0	0.0	35.997514	-120.645549	0.0	0.0	0.0021
Taxidea	0.0	0.0	35.430884999999996	-120.536156	0.0	0.0	0.0021
Taxidea	0.0	0.0	38.311028	-123.06611299999999	0.0	0.0	0.0021
Taxidea	0.0	0.0	43.199994000000004	-115.85534299999999	0.0	0.0	0.0021
Taxidea	0.0	0.0	40.661048	-111.48842900000001	0.0	0.0	0.0021
Taxidea	0.0	0.0	38.733881	-104.420172	0.0	0.0	0.0021
Taxidea	0.0	0.0	29.743338	-103.161011	0.0	0.0	0.0021
Taxidea	0.0	0.0	37.383634	-108.824327	0.0	0.0	0.0021
Taxidea	0.0	0.0	40.958085	-112.21455700000001	0.0	0.0	0.0021
Taxidea	0.0	0.0	26.483416	-98.775118	0.0	0.0	0.0021
Taxidea	0.0	0.0	36.82337800000001	-121.20725300000001	0.0	0.0	0.0021
Taxidea	0.0	0.0	43.357349	-116.258632	0.0	0.0	0.0021
Taxidea	0.0	0.0	43.620867	-113.09191200000001	0.0	0.0	0.0021
Taxidea	0.0	0.0	43.381312	-118.91143000000001	0.0	0.0	0.0021
Taxidea	0.0	0.0	44.565	-84.44	0.0	0.0	0.0021
Taxidea	0.0	0.0	38.240411	-122.995033	0.0	0.0	0.0021
Taxidea	0.0	0.0	32.689787	-116.532219	0.0	0.0	0.0021
Taxidea	0.0	0.0	41.196418	-103.683134	0.0	0.0	0.0021
Taxidea	0.0	0.0	31.917683	-101.807347	0.0	0.0	0.0021
Taxidea	0.0	0.0	33.410866	-114.660622	0.0	0.0	0.0021
Taxidea	0.0	0.0	41.444983	-116.15895	0.0	0.0	0.0021
Taxidea	0.0	0.0	38.394348	-115.971977	0.0	0.0	0.0021
Taxidea	0.0	0.0	36.35771	-104.060176	0.0	0.0	0.0021
Taxidea	0.0	0.0	32.776102	-104.522921	0.0	0.0	0.0021
Taxidea	0.0	0.0	42.166616999999995	-114.273078	0.0	0.0	0.0021
Taxidea	0.0	0.0	38.328872	-122.663901	0.0	0.0	0.0021
Taxidea	0.0	0.0	34.022369	-117.17860900000001	0.0	0.0	0.0021
Taxidea	0.0	0.0	43.127666999999995	-121.01945500000001	0.0	0.0	0.0021
Taxidea	0.0	0.0	41.035277	-112.22923700000001	0.0	0.0	0.0021
Taxidea	0.0	0.0	27.221460999999998	-97.754142	0.0	0.0	0.0021
Taxidea	0.0	0.0	40.966374	-105.053023	0.0	0.0	0.0021
Taxidea	0.0	0.0	27.22187000000001	-97.75214799999999	0.0	0.0	0.0021
Taxidea	0.0	0.0	40.312338000000004	-88.901003	0.0	0.0	0.0021
Taxidea	0.0	0.0	44.785432	-117.633771	0.0	0.0	0.0021
Taxidea	0.0	0.0	34.605346999999995	-118.04083999999999	0.0	0.0	0.0021
Taxidea	0.0	0.0	31.328848999999998	-100.441236	0.0	0.0	0.0021
Taxidea	0.0	0.0	42.239325	-88.923731	0.0	0.0	0.0021
Taxidea	0.0	0.0	41.643295	-108.38685500000001	0.0	0.0	0.0021
Taxidea	0.0	0.0	42.021259	-121.600761	0.0	0.0	0.0021
Taxidea	0.0	0.0	32.127435	-103.980696	0.0	0.0	0.0021
Taxidea	0.0	0.0	44.694088	-111.45180500000001	0.0	0.0	0.0021
Taxidea	0.0	0.0	40.398896	-96.42010400000001	0.0	0.0	0.0021
Taxidea	0.0	0.0	43.797539	-102.198624	0.0	0.0	0.0021
Taxidea	0.0	0.0	30.788002000000002	-103.14546999999999	0.0	0.0	0.0021
Taxidea	0.0	0.0	32.704815	-116.516801	0.0	0.0	0.0021
Taxidea	0.0	0.0	44.892872	-110.38588	0.0	0.0	0.0021
Taxidea	0.0	0.0	40.404391	-96.421648	0.0	0.0	0.0021
Taxidea	0.0	0.0	42.38499	-114.493527	0.0	0.0	0.0021
Taxidea	0.0	0.0	33.255226	-116.795097	0.0	0.0	0.0021
Taxidea	0.0	0.0	35.565188	-106.102574	0.0	0.0	0.0021
Taxidea	0.0	0.0	31.826409	-106.672537	0.0	0.0	0.0021
Taxidea	0.0	0.0	36.578715	-101.65302	0.0	0.0	0.0021
Taxidea	0.0	0.0	32.256696999999996	-109.17893000000001	0.0	0.0	0.0021
Taxidea	0.0	0.0	31.402128	-111.02768799999998	0.0	0.0	0.0021
Taxidea	0.0	0.0	32.081975	-106.27288	0.0	0.0	0.0021
Taxidea	0.0	0.0	40.895204	-104.980094	0.0	0.0	0.0021
Taxidea	0.0	0.0	30.212846999999996	-103.072175	0.0	0.0	0.0021
Taxidea	0.0	0.0	32.886772	-105.07807	0.0	0.0	0.0021
Taxidea	0.0	0.0	40.477428	-106.83731499999999	0.0	0.0	0.0021
Taxidea	0.0	0.0	40.65569	-107.248267	0.0	0.0	0.0021
Taxidea	0.0	0.0	31.374103	-103.410347	0.0	0.0	0.0021
Taxidea	0.0	0.0	32.634333000000005	-106.28443	0.0	0.0	0.0021
Taxidea	0.0	0.0	45.517955	-117.300253	0.0	0.0	0.0021
Taxidea	0.0	0.0	40.368439	-124.362545	0.0	0.0	0.0021
Taxidea	0.0	0.0	34.137257	-98.441558	0.0	0.0	0.0021
Taxidea	0.0	0.0	32.164101	-104.385193	0.0	0.0	0.0021
Taxidea	0.0	0.0	29.048714	-103.111113	0.0	0.0	0.0021
Taxidea	0.0	0.0	34.724470000000004	-114.315545	0.0	0.0	0.0021
Taxidea	0.0	0.0	36.742829	-121.332623	0.0	0.0	0.0021
Taxidea	0.0	0.0	36.942956	-120.83736499999999	0.0	0.0	0.0021
Taxidea	0.0	0.0	36.399033	-121.325203	0.0	0.0	0.0021
Taxidea	0.0	0.0	29.298073	-103.261387	0.0	0.0	0.0021
Taxidea	0.0	0.0	47.385944	-91.20609300000001	0.0	0.0	0.0021
Taxidea	0.0	0.0	37.16785	-120.57348600000002	0.0	0.0	0.0021
Taxidea	0.0	0.0	33.369246000000004	-116.419827	0.0	0.0	0.0021
Taxidea	0.0	0.0	38.337253000000004	-123.055489	0.0	0.0	0.0021
Taxidea	0.0	0.0	38.901367	-113.70356299999999	0.0	0.0	0.0021
Taxidea	0.0	0.0	40.690191999999996	-106.35554199999999	0.0	0.0	0.0021
Taxidea	0.0	0.0	43.49269	-110.74871100000001	0.0	0.0	0.0021
Taxidea	0.0	0.0	39.258752	-103.294397	0.0	0.0	0.0021
Taxidea	0.0	0.0	47.385447	-91.206703	0.0	0.0	0.0021
Taxidea	0.0	0.0	33.942898	-97.367867	0.0	0.0	0.0021
Taxidea	0.0	0.0	47.385926	-91.206227	0.0	0.0	0.0021
Taxidea	0.0	0.0	33.267228	-116.23528	0.0	0.0	0.0021
Taxidea	0.0	0.0	37.02906	-121.064733	0.0	0.0	0.0021
Taxidea	0.0	0.0	38.517801	-122.72606299999998	0.0	0.0	0.0021
Taxidea	0.0	0.0	30.228766999999998	-103.354561	0.0	0.0	0.0021
Taxidea	0.0	0.0	32.713075	-100.565007	0.0	0.0	0.0021
Taxidea	0.0	0.0	38.039041999999995	-122.801831	0.0	0.0	0.0021
Taxidea	0.0	0.0	38.146209000000006	-104.423125	0.0	0.0	0.0021
Taxidea	0.0	0.0	33.054062	-116.940502	0.0	0.0	0.0021
Taxidea	0.0	0.0	44.152039	-90.195222	0.0	0.0	0.0021
Taxidea	0.0	0.0	39.984294	-112.85790800000001	0.0	0.0	0.0021
Taxidea	0.0	0.0	32.944275	-103.510564	0.0	0.0	0.0021
Taxidea	0.0	0.0	38.705313000000004	-123.44883700000001	0.0	0.0	0.0021
Taxidea	0.0	0.0	38.3243	-122.66665	0.0	0.0	0.0021
Taxidea	0.0	0.0	38.037281	-122.823203	0.0	0.0	0.0021
Taxidea	0.0	0.0	40.396377	-112.996119	0.0	0.0	0.0021
Taxidea	0.0	0.0	43.79042800000001	-110.68176299999999	0.0	0.0	0.0021
Taxidea	0.0	0.0	35.920837	-119.368172	0.0	0.0	0.0021
Taxidea	0.0	0.0	44.900368	-110.380702	0.0	0.0	0.0021
Taxidea	0.0	0.0	35.128147	-119.773972	0.0	0.0	0.0021
Taxidea	0.0	0.0	37.749342	-112.371885	0.0	0.0	0.0021
Taxidea	0.0	0.0	35.042646000000005	-115.396271	0.0	0.0	0.0021
Taxidea	0.0	0.0	38.044107000000004	-122.74887	0.0	0.0	0.0021
Taxidea	0.0	0.0	37.442017	-118.572005	0.0	0.0	0.0021
Taxidea	0.0	0.0	38.733238	-104.792455	0.0	0.0	0.0021
Taxidea	0.0	0.0	33.213309	-101.418304	0.0	0.0	0.0021
Taxidea	0.0	0.0	41.897245	-88.536775	0.0	0.0	0.0021
Taxidea	0.0	0.0	44.989467	-110.70456899999999	0.0	0.0	0.0021
Taxidea	0.0	0.0	47.902104	-117.54755	0.0	0.0	0.0021
Taxidea	0.0	0.0	32.23035	-107.28673700000002	0.0	0.0	0.0021
Taxidea	0.0	0.0	30.95572	-103.44951999999999	0.0	0.0	0.0021
Taxidea	0.0	0.0	38.190899	-98.520848	0.0	0.0	0.0021
Taxidea	0.0	0.0	43.906316	-92.48084200000001	0.0	0.0	0.0021
Taxidea	0.0	0.0	32.71105	-116.52176000000001	0.0	0.0	0.0021
Taxidea	0.0	0.0	40.668869	-106.324977	0.0	0.0	0.0021
Taxidea	0.0	0.0	32.59	-107.35762	0.0	0.0	0.0021
Taxidea	0.0	0.0	35.434931	-119.84336499999999	0.0	0.0	0.0021
Taxidea	0.0	0.0	38.456802	-104.64775300000001	0.0	0.0	0.0021
Taxidea	0.0	0.0	40.50971	-121.54534699999999	0.0	0.0	0.0021
Taxidea	0.0	0.0	34.309922	-108.191658	0.0	0.0	0.0021
Taxidea	0.0	0.0	40.885631	-104.410686	0.0	0.0	0.0021
Taxidea	0.0	0.0	35.295278	-112.95753	0.0	0.0	0.0021
Taxidea	0.0	0.0	41.802341999999996	-107.231766	0.0	0.0	0.0021
Taxidea	0.0	0.0	35.29529799999999	-112.957518	0.0	0.0	0.0021
Taxidea	0.0	0.0	38.579443	-104.486655	0.0	0.0	0.0021
Taxidea	0.0	0.0	37.396436	-121.73421499999999	0.0	0.0	0.0021
Taxidea	0.0	0.0	35.28772199999999	-112.970097	0.0	0.0	0.0021
Taxidea	0.0	0.0	40.57248	-111.77323200000001	0.0	0.0	0.0021
Taxidea	0.0	0.0	34.957927000000005	-118.49136299999999	0.0	0.0	0.0021
Taxidea	0.0	0.0	32.959357000000004	-105.93068799999999	0.0	0.0	0.0021
Taxidea	0.0	0.0	40.57248	-111.77323200000001	0.0	0.0	0.0021
Taxidea	0.0	0.0	38.305892	-123.010223	0.0	0.0	0.0021
Taxidea	0.0	0.0	38.348232	-122.638842	0.0	0.0	0.0021
Taxidea	0.0	0.0	33.295087	-116.114195	0.0	0.0	0.0021
Taxidea	0.0	0.0	41.647813	-104.386528	0.0	0.0	0.0021
Taxidea	0.0	0.0	32.089535999999995	-111.324114	0.0	0.0	0.0021
Taxidea	0.0	0.0	37.896122	-122.566253	0.0	0.0	0.0021
Taxidea	0.0	0.0	35.352108	-118.242452	0.0	0.0	0.0021
Taxidea	0.0	0.0	33.040828000000005	-100.49316	0.0	0.0	0.0021
Taxidea	0.0	0.0	29.630031	-96.95233499999999	0.0	0.0	0.0021
Taxidea	0.0	0.0	38.144387	-122.58402199999999	0.0	0.0	0.0021
Taxidea	0.0	0.0	38.144032	-122.58277700000001	0.0	0.0	0.0021
Taxidea	0.0	0.0	31.646337	-102.826217	0.0	0.0	0.0021
Taxidea	0.0	0.0	27.521504999999998	-98.477519	0.0	0.0	0.0021
Taxidea	0.0	0.0	35.55730300000001	-113.075498	0.0	0.0	0.0021
Taxidea	0.0	0.0	35.539448	-113.18842	0.0	0.0	0.0021
Taxidea	0.0	0.0	36.751771999999995	-121.159022	0.0	0.0	0.0021
Taxidea	0.0	0.0	37.3806	-120.406608	0.0	0.0	0.0021
Taxidea	0.0	0.0	33.21976	-116.60564299999999	0.0	0.0	0.0021
Taxidea	0.0	0.0	33.221	-116.605	0.0	0.0	0.0021
Taxidea	0.0	0.0	36.668918	-121.768534	0.0	0.0	0.0021
Taxidea	0.0	0.0	43.311792	-116.259836	0.0	0.0	0.0021
Taxidea	0.0	0.0	36.669036	-121.7686	0.0	0.0	0.0021
Taxidea	0.0	0.0	39.047119	-102.12942	0.0	0.0	0.0021
Taxidea	0.0	0.0	40.124249	-109.040834	0.0	0.0	0.0021
Taxidea	0.0	0.0	38.118592	-122.897224	0.0	0.0	0.0021
Taxidea	0.0	0.0	41.73314	-120.42258999999999	0.0	0.0	0.0021
Taxidea	0.0	0.0	31.7706	-109.077256	0.0	0.0	0.0021
Taxidea	0.0	0.0	41.353829	-88.86419699999998	0.0	0.0	0.0021
Taxidea	0.0	0.0	32.704603999999996	-116.520261	0.0	0.0	0.0021
Taxidea	0.0	0.0	43.24346	-118.89493300000001	0.0	0.0	0.0021
Taxidea	0.0	0.0	35.593405	-106.16261599999999	0.0	0.0	0.0021
Taxidea	0.0	0.0	33.182088	-102.51354599999999	0.0	0.0	0.0021
Taxidea	0.0	0.0	46.95987	-120.140133	0.0	0.0	0.0021
Taxidea	0.0	0.0	48.069058	-101.729438	0.0	0.0	0.0021
Taxidea	0.0	0.0	30.046661	-102.119258	0.0	0.0	0.0021
Taxidea	0.0	0.0	35.257187	-116.05963899999999	0.0	0.0	0.0021
Taxidea	0.0	0.0	39.2338	-105.988134	0.0	0.0	0.0021
Taxidea	0.0	0.0	33.081409	-100.548474	0.0	0.0	0.0021
Taxidea	0.0	0.0	40.405753000000004	-108.61748600000001	0.0	0.0	0.0021
Taxidea	0.0	0.0	41.458484999999996	-120.53097	0.0	0.0	0.0021
Taxidea	0.0	0.0	36.33109	-116.575584	0.0	0.0	0.0021
Taxidea	0.0	0.0	36.615648	-121.20133500000001	0.0	0.0	0.0021
Taxidea	0.0	0.0	37.91035	-119.095183	0.0	0.0	0.0021
Taxidea	0.0	0.0	43.229732	-118.87678000000001	0.0	0.0	0.0021
Taxidea	0.0	0.0	42.89761	-118.880803	0.0	0.0	0.0021
Taxidea	0.0	0.0	30.294323	-103.137975	0.0	0.0	0.0021
Taxidea	0.0	0.0	44.309472	-119.49926699999999	0.0	0.0	0.0021
Taxidea	0.0	0.0	38.882478000000006	-109.773991	0.0	0.0	0.0021
Taxidea	0.0	0.0	44.71458300000001	-110.346934	0.0	0.0	0.0021
Taxidea	0.0	0.0	36.53861	-121.163048	0.0	0.0	0.0021
Taxidea	0.0	0.0	33.098565	-100.571015	0.0	0.0	0.0021
Taxidea	0.0	0.0	29.240196	-100.097148	0.0	0.0	0.0021
Taxidea	0.0	0.0	40.572265	-111.630229	0.0	0.0	0.0021
Taxidea	0.0	0.0	40.697094	-116.50956699999999	0.0	0.0	0.0021
Taxidea	0.0	0.0	32.702682	-115.58356299999998	0.0	0.0	0.0021
Taxidea	0.0	0.0	43.628122999999995	-82.792969	0.0	0.0	0.0021
Taxidea	0.0	0.0	37.360394	-89.018623	0.0	0.0	0.0021
Taxidea	0.0	0.0	42.593533	-119.645233	0.0	0.0	0.0021
Taxidea	0.0	0.0	31.217392999999998	-104.851108	0.0	0.0	0.0021
Taxidea	0.0	0.0	40.713045	-104.092348	0.0	0.0	0.0021
Taxidea	0.0	0.0	44.957273	-110.59569199999999	0.0	0.0	0.0021
Taxidea	0.0	0.0	36.491209999999995	-121.179543	0.0	0.0	0.0021
Taxidea	0.0	0.0	31.26304600000001	-100.47226500000001	0.0	0.0	0.0021
Taxidea	0.0	0.0	41.851921999999995	-110.77945	0.0	0.0	0.0021
Taxidea	0.0	0.0	30.830903999999997	-101.73409000000001	0.0	0.0	0.0021
Taxidea	0.0	0.0	33.051541	-100.515681	0.0	0.0	0.0021
Taxidea	0.0	0.0	43.639824	-103.46241500000001	0.0	0.0	0.0021
Taxidea	0.0	0.0	31.550307	-109.27409399999999	0.0	0.0	0.0021
Taxidea	0.0	0.0	31.523752	-109.302945	0.0	0.0	0.0021
Taxidea	0.0	0.0	33.326402	-99.199478	0.0	0.0	0.0021
Taxidea	0.0	0.0	41.749041	-110.49210900000001	0.0	0.0	0.0021
Taxidea	0.0	0.0	38.229533	-107.729294	0.0	0.0	0.0021
Taxidea	0.0	0.0	43.62223400000001	-103.420876	0.0	0.0	0.0021
Taxidea	0.0	0.0	35.562742	-113.883545	0.0	0.0	0.0021
Taxidea	0.0	0.0	46.317651	-120.496502	0.0	0.0	0.0021
Taxidea	0.0	0.0	32.572022	-116.758606	0.0	0.0	0.0021
Taxidea	0.0	0.0	45.28868	-85.148635	0.0	0.0	0.0021
Taxidea	0.0	0.0	43.612404999999995	-113.27445800000001	0.0	0.0	0.0021
Taxidea	0.0	0.0	31.910961999999998	-100.285651	0.0	0.0	0.0021
Taxidea	0.0	0.0	43.767127	-103.691711	0.0	0.0	0.0021
Taxidea	0.0	0.0	42.906687	-117.24022	0.0	0.0	0.0021
Taxidea	0.0	0.0	45.288585999999995	-85.148667	0.0	0.0	0.0021
Taxidea	0.0	0.0	45.288564	-85.148678	0.0	0.0	0.0021
Taxidea	0.0	0.0	35.75824799999999	-112.387083	0.0	0.0	0.0021
Taxidea	0.0	0.0	38.21209	-98.555977	0.0	0.0	0.0021
Taxidea	0.0	0.0	33.930701	-112.69143899999999	0.0	0.0	0.0021
Taxidea	0.0	0.0	47.389998999999996	-91.20500200000001	0.0	0.0	0.0021
Taxidea	0.0	0.0	41.600064	-93.406977	0.0	0.0	0.0021
Taxidea	0.0	0.0	41.86849	-121.91028899999999	0.0	0.0	0.0021
Taxidea	0.0	0.0	29.16369000000001	-100.51817	0.0	0.0	0.0021
Taxidea	0.0	0.0	41.868482	-121.91028100000001	0.0	0.0	0.0021
Taxidea	0.0	0.0	33.055738	-100.53120200000001	0.0	0.0	0.0021
Taxidea	0.0	0.0	29.514884999999996	-96.612868	0.0	0.0	0.0021
Taxidea	0.0	0.0	33.193275	-116.14076399999999	0.0	0.0	0.0021
Taxidea	0.0	0.0	33.142679	-116.170231	0.0	0.0	0.0021
Taxidea	0.0	0.0	33.176429	-116.008298	0.0	0.0	0.0021
Taxidea	0.0	0.0	33.171664	-116.127876	0.0	0.0	0.0021
Taxidea	0.0	0.0	33.03605	-116.12316799999999	0.0	0.0	0.0021
Taxidea	0.0	0.0	33.015535	-116.15404199999999	0.0	0.0	0.0021
Taxidea	0.0	0.0	33.047354	-100.518861	0.0	0.0	0.0021
Taxidea	0.0	0.0	33.091604	-116.111535	0.0	0.0	0.0021
Taxidea	0.0	0.0	33.134383	-116.101177	0.0	0.0	0.0021
Taxidea	0.0	0.0	35.55102	-105.16669499999999	0.0	0.0	0.0021
Taxidea	0.0	0.0	33.059129999999996	-100.49813499999999	0.0	0.0	0.0021
Taxidea	0.0	0.0	33.175675	-116.100821	0.0	0.0	0.0021
Taxidea	0.0	0.0	36.879325	-121.300701	0.0	0.0	0.0021
Taxidea	0.0	0.0	36.93845200000001	-121.276924	0.0	0.0	0.0021
Taxidea	0.0	0.0	31.928452000000004	-110.98652	0.0	0.0	0.0021
Taxidea	0.0	0.0	36.621173999999996	-121.303448	0.0	0.0	0.0021
Taxidea	0.0	0.0	36.775698999999996	-121.716199	0.0	0.0	0.0021
Taxidea	0.0	0.0	36.13755	-120.202767	0.0	0.0	0.0021
Taxidea	0.0	0.0	35.465406	-113.118753	0.0	0.0	0.0021
Taxidea	0.0	0.0	41.555248999999996	-105.68760800000001	0.0	0.0	0.0021
Taxidea	0.0	0.0	35.066801	-106.566713	0.0	0.0	0.0021
Taxidea	0.0	0.0	39.286213000000004	-109.050273	0.0	0.0	0.0021
Taxidea	0.0	0.0	30.542383	-101.711129	0.0	0.0	0.0021
Taxidea	0.0	0.0	33.770265	-111.95526799999999	0.0	0.0	0.0021
Taxidea	0.0	0.0	36.724628	-121.27941200000001	0.0	0.0	0.0021
Taxidea	0.0	0.0	41.121392	-105.761604	0.0	0.0	0.0021
Taxidea	0.0	0.0	44.163467	-84.662675	0.0	0.0	0.0021
Taxidea	0.0	0.0	31.938467	-102.667625	0.0	0.0	0.0021
Taxidea	0.0	0.0	36.505331	-121.091769	0.0	0.0	0.0021
Taxidea	0.0	0.0	31.96345800000001	-101.913803	0.0	0.0	0.0021
Taxidea	0.0	0.0	34.130657	-119.11214199999999	0.0	0.0	0.0021
Taxidea	0.0	0.0	44.427968	-110.588454	0.0	0.0	0.0021
Taxidea	0.0	0.0	34.131729	-119.10356499999999	0.0	0.0	0.0021
Taxidea	0.0	0.0	41.338378999999996	-83.659902	0.0	0.0	0.0021
Taxidea	0.0	0.0	38.19677	-122.963647	0.0	0.0	0.0021
Taxidea	0.0	0.0	44.868521	-110.17464299999999	0.0	0.0	0.0021
Taxidea	0.0	0.0	26.47386	-98.05324	0.0	0.0	0.0021
Taxidea	0.0	0.0	44.868521	-110.17464299999999	0.0	0.0	0.0021
Taxidea	0.0	0.0	44.868521	-110.17464299999999	0.0	0.0	0.0021
Taxidea	0.0	0.0	40.567244	-111.63138300000001	0.0	0.0	0.0021
Taxidea	0.0	0.0	36.718146999999995	-121.277922	0.0	0.0	0.0021
Taxidea	0.0	0.0	47.543908	-117.57914699999999	0.0	0.0	0.0021
Taxidea	0.0	0.0	30.271140999999997	-103.425488	0.0	0.0	0.0021
Taxidea	0.0	0.0	40.550409	-106.296158	0.0	0.0	0.0021
Taxidea	0.0	0.0	38.970727000000004	-109.312592	0.0	0.0	0.0021
Taxidea	0.0	0.0	34.119611	-119.097792	0.0	0.0	0.0021
Taxidea	0.0	0.0	33.257149	-116.29396200000001	0.0	0.0	0.0021
Taxidea	0.0	0.0	31.916738	-110.0457	0.0	0.0	0.0021
Taxidea	0.0	0.0	33.606246999999996	-114.954728	0.0	0.0	0.0021
Taxidea	0.0	0.0	31.921146999999998	-109.821352	0.0	0.0	0.0021
Taxidea	0.0	0.0	38.131808	-122.93297	0.0	0.0	0.0021
Taxidea	0.0	0.0	41.520917	-106.06578799999998	0.0	0.0	0.0021
Taxidea	0.0	0.0	33.053939	-100.50644799999999	0.0	0.0	0.0021
Taxidea	0.0	0.0	38.3428	-119.443183	0.0	0.0	0.0021
Taxidea	0.0	0.0	31.10760800000001	-105.12613600000002	0.0	0.0	0.0021
Taxidea	0.0	0.0	32.436962	-104.535362	0.0	0.0	0.0021
Taxidea	0.0	0.0	41.005617	-103.970146	0.0	0.0	0.0021
Taxidea	0.0	0.0	44.91168	-110.278702	0.0	0.0	0.0021
Taxidea	0.0	0.0	41.008665	-103.96861	0.0	0.0	0.0021
Taxidea	0.0	0.0	41.008406	-103.972794	0.0	0.0	0.0021
Taxidea	0.0	0.0	33.159816	-116.01767	0.0	0.0	0.0021
Taxidea	0.0	0.0	31.783170000000002	-111.01733999999999	0.0	0.0	0.0021
Taxidea	0.0	0.0	32.351672	-111.096769	0.0	0.0	0.0021
Taxidea	0.0	0.0	32.351515	-111.09668899999998	0.0	0.0	0.0021
Taxidea	0.0	0.0	37.005901	-121.04141299999999	0.0	0.0	0.0021
Taxidea	0.0	0.0	31.466759000000003	-110.734206	0.0	0.0	0.0021
Taxidea	0.0	0.0	31.729677000000002	-110.18805900000001	0.0	0.0	0.0021
Taxidea	0.0	0.0	44.513391999999996	-83.961916	0.0	0.0	0.0021
Taxidea	0.0	0.0	38.094161	-122.91384199999999	0.0	0.0	0.0021
Taxidea	0.0	0.0	33.36332	-114.688447	0.0	0.0	0.0021
Taxidea	0.0	0.0	41.648209	-88.592567	0.0	0.0	0.0021
Taxidea	0.0	0.0	38.421448999999996	-123.103577	0.0	0.0	0.0021
Taxidea	0.0	0.0	40.951733000000004	-111.201272	0.0	0.0	0.0021
Taxidea	0.0	0.0	34.139165999999996	-100.424894	0.0	0.0	0.0021
Taxidea	0.0	0.0	48.239739	-100.711141	0.0	0.0	0.0021
Taxidea	0.0	0.0	30.263976	-102.655704	0.0	0.0	0.0021
Taxidea	0.0	0.0	42.17801400000001	-119.806595	0.0	0.0	0.0021
Taxidea	0.0	0.0	42.174869	-119.81240700000001	0.0	0.0	0.0021
Taxidea	0.0	0.0	34.821273	-117.91214	0.0	0.0	0.0021
Taxidea	0.0	0.0	27.160614000000002	-97.793921	0.0	0.0	0.0021
Taxidea	0.0	0.0	32.6	-108.0882	0.0	0.0	0.0021
Taxidea	0.0	0.0	43.800339	-112.743105	0.0	0.0	0.0021
Taxidea	0.0	0.0	33.048894	-100.49961400000001	0.0	0.0	0.0021
Taxidea	0.0	0.0	30.89228	-102.25983000000001	0.0	0.0	0.0021
Taxidea	0.0	0.0	29.580427	-97.525903	0.0	0.0	0.0021
Taxidea	0.0	0.0	33.166726000000004	-116.101799	0.0	0.0	0.0021
Taxidea	0.0	0.0	41.270703999999995	-112.180323	0.0	0.0	0.0021
Taxidea	0.0	0.0	32.163216999999996	-111.16355300000001	0.0	0.0	0.0021
Taxidea	0.0	0.0	38.39533400000001	-123.043229	0.0	0.0	0.0021
Taxidea	0.0	0.0	44.427963	-110.58845500000001	0.0	0.0	0.0021
Taxidea	0.0	0.0	32.436195	-111.336652	0.0	0.0	0.0021
Taxidea	0.0	0.0	34.815674	-115.34140500000001	0.0	0.0	0.0021
Taxidea	0.0	0.0	37.77373	-121.58051	0.0	0.0	0.0021
Taxidea	0.0	0.0	31.636333	-102.82383399999999	0.0	0.0	0.0021
Taxidea	0.0	0.0	35.373829	-114.85088300000001	0.0	0.0	0.0021
Taxidea	0.0	0.0	37.042083	-121.23652299999999	0.0	0.0	0.0021
Taxidea	0.0	0.0	37.84	-122.516	0.0	0.0	0.0021
Taxidea	0.0	0.0	36.626102	-121.00846100000001	0.0	0.0	0.0021
Taxidea	0.0	0.0	32.323408	-110.995097	0.0	0.0	0.0021
Taxidea	0.0	0.0	36.25960300000001	-120.997844	0.0	0.0	0.0021
Taxidea	0.0	0.0	33.630271	-113.32448899999999	0.0	0.0	0.0021
Taxidea	0.0	0.0	44.86904000000001	-110.166693	0.0	0.0	0.0021
Taxidea	0.0	0.0	31.660541	-101.742926	0.0	0.0	0.0021
Taxidea	0.0	0.0	32.771763	-99.428978	0.0	0.0	0.0021
Taxidea	0.0	0.0	43.911924	-102.34180500000001	0.0	0.0	0.0021
Taxidea	0.0	0.0	41.519767	-111.199666	0.0	0.0	0.0021
Taxidea	0.0	0.0	33.840412	-99.08931700000001	0.0	0.0	0.0021
Taxidea	0.0	0.0	28.546312	-99.887863	0.0	0.0	0.0021
Taxidea	0.0	0.0	35.113381	-119.774923	0.0	0.0	0.0021
Taxidea	0.0	0.0	43.85538	-102.339691	0.0	0.0	0.0021
Taxidea	0.0	0.0	36.881299	-105.104446	0.0	0.0	0.0021
Taxidea	0.0	0.0	29.140209999999996	-98.42909	0.0	0.0	0.0021
Taxidea	0.0	0.0	30.962559999999996	-104.16898	0.0	0.0	0.0021
Taxidea	0.0	0.0	31.93256	-101.85988	0.0	0.0	0.0021
Taxidea	0.0	0.0	33.613458	-97.966665	0.0	0.0	0.0021
Taxidea	0.0	0.0	40.437173	-109.303322	0.0	0.0	0.0021
Taxidea	0.0	0.0	43.938786	-110.64223799999999	0.0	0.0	0.0021
Taxidea	0.0	0.0	43.804505	-102.135306	0.0	0.0	0.0021
Taxidea	0.0	0.0	33.861977	-99.138483	0.0	0.0	0.0021
Taxidea	0.0	0.0	31.550182	-110.182529	0.0	0.0	0.0021
Taxidea	0.0	0.0	31.55036500000001	-110.182465	0.0	0.0	0.0021
Taxidea	0.0	0.0	38.426516	-123.094972	0.0	0.0	0.0021
Taxidea	0.0	0.0	33.827267	-98.243111	0.0	0.0	0.0021
Taxidea	0.0	0.0	43.23774	-89.746953	0.0	0.0	0.0021
Taxidea	0.0	0.0	37.463552	-122.42858600000001	0.0	0.0	0.0021
Taxidea	0.0	0.0	35.096351	-118.81465	0.0	0.0	0.0021
Taxidea	0.0	0.0	46.663385999999996	-119.378128	0.0	0.0	0.0021
Taxidea	0.0	0.0	46.667156	-119.37469499999999	0.0	0.0	0.0021
Taxidea	0.0	0.0	28.568499	-98.672175	0.0	0.0	0.0021
Taxidea	0.0	0.0	48.5165	-119.53866699999999	0.0	0.0	0.0021
Taxidea	0.0	0.0	44.913003	-110.32756100000002	0.0	0.0	0.0021
Taxidea	0.0	0.0	33.258863	-116.66603	0.0	0.0	0.0021
Taxidea	0.0	0.0	44.631528	-110.48400900000001	0.0	0.0	0.0021
Taxidea	0.0	0.0	36.535812	-121.913974	0.0	0.0	0.0021
Taxidea	0.0	0.0	36.58465800000001	-104.597955	0.0	0.0	0.0021
Taxidea	0.0	0.0	44.099421	-98.215027	0.0	0.0	0.0021
Taxidea	0.0	0.0	38.504253999999996	-113.607945	0.0	0.0	0.0021
Taxidea	0.0	0.0	35.852911	-106.493136	0.0	0.0	0.0021
Taxidea	0.0	0.0	37.470055	-121.195024	0.0	0.0	0.0021
Taxidea	0.0	0.0	34.687963	-120.04058300000001	0.0	0.0	0.0021
Taxidea	0.0	0.0	42.6835	-110.50933300000001	0.0	0.0	0.0021
Taxidea	0.0	0.0	30.881	-103.068833	0.0	0.0	0.0021
Taxidea	0.0	0.0	39.244417	-109.021146	0.0	0.0	0.0021
Taxidea	0.0	0.0	38.417173999999996	-111.472928	0.0	0.0	0.0021
Taxidea	0.0	0.0	38.413824	-122.95704199999999	0.0	0.0	0.0021
Taxidea	0.0	0.0	44.908429	-110.301428	0.0	0.0	0.0021
Taxidea	0.0	0.0	30.8945	-104.7945	0.0	0.0	0.0021
Taxidea	0.0	0.0	35.335223	-106.463656	0.0	0.0	0.0021
Taxidea	0.0	0.0	36.281737	-120.93897	0.0	0.0	0.0021
Taxidea	0.0	0.0	41.044663	-112.24293700000001	0.0	0.0	0.0021
Taxidea	0.0	0.0	32.683308000000004	-115.910397	0.0	0.0	0.0021
Taxidea	0.0	0.0	29.139343	-103.527962	0.0	0.0	0.0021
Taxidea	0.0	0.0	33.042494	-116.10393	0.0	0.0	0.0021
Taxidea	0.0	0.0	33.423134999999995	-108.432005	0.0	0.0	0.0021
Taxidea	0.0	0.0	44.914006	-110.357666	0.0	0.0	0.0021
Taxidea	0.0	0.0	48.467743	-117.73798899999998	0.0	0.0	0.0021
Taxidea	0.0	0.0	44.912893	-110.387897	0.0	0.0	0.0021
Taxidea	0.0	0.0	44.914946	-110.26874	0.0	0.0	0.0021
Taxidea	0.0	0.0	48.035167	-108.187952	0.0	0.0	0.0021
Taxidea	0.0	0.0	38.769478	-109.58845500000001	0.0	0.0	0.0021
Taxidea	0.0	0.0	35.863161	-106.64532	0.0	0.0	0.0021
Taxidea	0.0	0.0	41.181961	-105.7182	0.0	0.0	0.0021
Taxidea	0.0	0.0	35.31301699999999	-100.20263800000001	0.0	0.0	0.0021
Taxidea	0.0	0.0	43.817859999999996	-116.499371	0.0	0.0	0.0021
Taxidea	0.0	0.0	43.817859999999996	-116.499371	0.0	0.0	0.0021
Taxidea	0.0	0.0	43.817859999999996	-116.499371	0.0	0.0	0.0021
Taxidea	0.0	0.0	43.817859999999996	-116.499371	0.0	0.0	0.0021
Taxidea	0.0	0.0	33.894129	-115.814438	0.0	0.0	0.0021
Taxidea	0.0	0.0	41.440281	-111.16438899999999	0.0	0.0	0.0021
Taxidea	0.0	0.0	29.138869	-103.527206	0.0	0.0	0.0021
Taxidea	0.0	0.0	47.99828	-108.24937299999999	0.0	0.0	0.0021
Taxidea	0.0	0.0	44.909279	-110.38547700000001	0.0	0.0	0.0021
Taxidea	0.0	0.0	43.626703000000006	-103.42511999999999	0.0	0.0	0.0021
Taxidea	0.0	0.0	40.568834	-121.31178600000001	0.0	0.0	0.0021
Taxidea	0.0	0.0	40.192512	-111.182671	0.0	0.0	0.0021
Taxidea	0.0	0.0	30.799246000000004	-103.867424	0.0	0.0	0.0021
Taxidea	0.0	0.0	31.931759000000003	-111.90842099999999	0.0	0.0	0.0021
Taxidea	0.0	0.0	33.175552	-116.099883	0.0	0.0	0.0021
Taxidea	0.0	0.0	38.8949	-100.981737	0.0	0.0	0.0021
Taxidea	0.0	0.0	33.175556	-116.099878	0.0	0.0	0.0021
Taxidea	0.0	0.0	44.908232	-110.34461999999999	0.0	0.0	0.0021
Taxidea	0.0	0.0	33.175569	-116.099883	0.0	0.0	0.0021
Taxidea	0.0	0.0	33.17556	-116.09988100000001	0.0	0.0	0.0021
Taxidea	0.0	0.0	30.656529	-102.943501	0.0	0.0	0.0021
Taxidea	0.0	0.0	43.89471500000001	-114.82243400000002	0.0	0.0	0.0021
Taxidea	0.0	0.0	29.327897999999998	-103.554294	0.0	0.0	0.0021
Taxidea	0.0	0.0	43.312564	-89.911079	0.0	0.0	0.0021
Taxidea	0.0	0.0	37.171128	-120.80224199999999	0.0	0.0	0.0021
Taxidea	0.0	0.0	42.31992	-96.06661700000001	0.0	0.0	0.0021
Taxidea	0.0	0.0	44.917120000000004	-110.25738999999999	0.0	0.0	0.0021
Taxidea	0.0	0.0	33.004457	-116.036826	0.0	0.0	0.0021
Taxidea	0.0	0.0	33.175104	-116.10016999999999	0.0	0.0	0.0021
Taxidea	0.0	0.0	33.175627	-116.09950400000001	0.0	0.0	0.0021
Taxidea	0.0	0.0	33.175104	-116.10016999999999	0.0	0.0	0.0021
Taxidea	0.0	0.0	33.125515	-116.164474	0.0	0.0	0.0021
Taxidea	0.0	0.0	33.011063	-116.08225900000001	0.0	0.0	0.0021
Taxidea	0.0	0.0	33.175104	-116.10016999999999	0.0	0.0	0.0021
Taxidea	0.0	0.0	33.141624	-116.00093100000001	0.0	0.0	0.0021
Taxidea	0.0	0.0	34.37689	-118.469626	0.0	0.0	0.0021
Taxidea	0.0	0.0	33.175104	-116.10016999999999	0.0	0.0	0.0021
Taxidea	0.0	0.0	33.175104	-116.10016999999999	0.0	0.0	0.0021
Taxidea	0.0	0.0	33.102625	-116.07466399999998	0.0	0.0	0.0021
Taxidea	0.0	0.0	27.0088	-97.59704599999999	0.0	0.0	0.0021
Taxidea	0.0	0.0	40.661215999999996	-106.326796	0.0	0.0	0.0021
Taxidea	0.0	0.0	33.008524	-116.16030900000001	0.0	0.0	0.0021
Taxidea	0.0	0.0	34.249416	-113.965643	0.0	0.0	0.0021
Taxidea	0.0	0.0	33.124429	-116.072534	0.0	0.0	0.0021
Taxidea	0.0	0.0	40.752765000000004	-104.003281	0.0	0.0	0.0021
Taxidea	0.0	0.0	35.131031	-106.6826	0.0	0.0	0.0021
Taxidea	0.0	0.0	27.05912600000001	-97.58606	0.0	0.0	0.0021
Taxidea	0.0	0.0	37.708218	-119.01133700000001	0.0	0.0	0.0021
Taxidea	0.0	0.0	43.709677	-96.591429	0.0	0.0	0.0021
Taxidea	0.0	0.0	33.697596999999995	-109.20999199999999	0.0	0.0	0.0021
Taxidea	0.0	0.0	31.548353000000002	-110.13663999999999	0.0	0.0	0.0021
Taxidea	0.0	0.0	40.681	-121.19	0.0	0.0	0.0021
Taxidea	0.0	0.0	42.519246	-96.436526	0.0	0.0	0.0021
Taxidea	0.0	0.0	50.695414	-111.429952	0.0	0.0	0.0021
Taxidea	0.0	0.0	49.587955	-104.131999	0.0	0.0	0.0021
Taxidea	0.0	0.0	49.65416	-110.351386	0.0	0.0	0.0021
Taxidea	0.0	0.0	49.150555	-107.510002	0.0	0.0	0.0021
Taxidea	0.0	0.0	49.846256	-99.69966	0.0	0.0	0.0021
Taxidea	0.0	0.0	50.880694	-104.98706899999999	0.0	0.0	0.0021
Taxidea	0.0	0.0	51.411259	-105.221174	0.0	0.0	0.0021
Taxidea	0.0	0.0	50.722155	-111.140371	0.0	0.0	0.0021
Taxidea	0.0	0.0	49.241640999999994	-107.481223	0.0	0.0	0.0021
Taxidea	0.0	0.0	51.004469	-114.252247	0.0	0.0	0.0021
Taxidea	0.0	0.0	49.15094000000001	-107.50973799999998	0.0	0.0	0.0021
Taxidea	0.0	0.0	49.520856	-113.78490500000001	0.0	0.0	0.0021
Taxidea	0.0	0.0	49.15215300000001	-111.85573799999999	0.0	0.0	0.0021
Taxidea	0.0	0.0	49.040252	-119.25428799999999	0.0	0.0	0.0021
Taxidea	0.0	0.0	49.623324	-114.92935200000001	0.0	0.0	0.0021
Taxidea	0.0	0.0	50.07310800000001	-103.462248	0.0	0.0	0.0021
Taxidea	0.0	0.0	49.065241	-107.360844	0.0	0.0	0.0021
Taxidea	0.0	0.0	49.161848	-107.29614699999999	0.0	0.0	0.0021
Taxidea	0.0	0.0	49.590567	-115.805554	0.0	0.0	0.0021
Taxidea	0.0	0.0	49.063248	-107.360409	0.0	0.0	0.0021
Taxidea	0.0	0.0	49.064085999999996	-107.365672	0.0	0.0	0.0021
Taxidea	0.0	0.0	49.138582	-107.48963400000001	0.0	0.0	0.0021
Taxidea	0.0	0.0	49.602628	-105.86655400000001	0.0	0.0	0.0021
Taxidea	0.0	0.0	49.146152	-107.49331000000001	0.0	0.0	0.0021
Taxidea	0.0	0.0	50.273466	-107.09726599999999	0.0	0.0	0.0021
Taxidea	0.0	0.0	51.690562	-111.391127	0.0	0.0	0.0021
Taxidea	0.0	0.0	50.482786	-105.437379	0.0	0.0	0.0021
Taxidea	0.0	0.0	49.170032	-107.62069699999999	0.0	0.0	0.0021
Taxidea	0.0	0.0	51.405328999999995	-105.389159	0.0	0.0	0.0021
Taxidea	0.0	0.0	49.201448	-107.563019	0.0	0.0	0.0021
Taxidea	0.0	0.0	50.21095	-104.422092	0.0	0.0	0.0021
Taxidea	0.0	0.0	50.694495	-114.766995	0.0	0.0	0.0021
Taxidea	0.0	0.0	50.252179999999996	-99.21833000000001	0.0	0.0	0.0021
Taxidea	0.0	0.0	49.23667800000001	-110.87499	0.0	0.0	0.0021
Taxidea	0.0	0.0	49.0144	-110.31653	0.0	0.0	0.0021
Taxidea	0.0	0.0	49.333401	-109.369926	0.0	0.0	0.0021
Taxidea	0.0	0.0	50.730463	-101.763221	0.0	0.0	0.0021
Taxidea	0.0	0.0	49.607528	-109.823944	0.0	0.0	0.0021
Taxidea	0.0	0.0	49.504135999999995	-115.43805400000001	0.0	0.0	0.0021
Taxidea	0.0	0.0	50.648619000000004	-101.636271	0.0	0.0	0.0021
Taxidea	0.0	0.0	49.632271	-114.442016	0.0	0.0	0.0021
Taxidea	0.0	0.0	26.222314	-105.24864199999999	0.0	0.0	0.0021
Taxidea	0.0	0.0	27.868658	-101.058832	0.0	0.0	0.0021
Taxidea	0.0	0.0	25.144373	-100.849223	0.0	0.0	0.0021
Taxidea	0.0	0.0	31.36265	-108.890837	0.0	0.0	0.0021
Taxidea	0.0	0.0	31.000265000000002	-110.260295	0.0	0.0	0.0021
Taxidea	0.0	0.0	30.911986	-110.57162199999999	0.0	0.0	0.0021
Taxidea	0.0	0.0	31.38399	-109.262349	0.0	0.0	0.0021
Taxidea	0.0	0.0	31.357640000000004	-109.12873	0.0	0.0	0.0021
Taxidea	0.0	0.0	29.325389	-111.97023999999999	0.0	0.0	0.0021
Taxidea	0.0	0.0	29.860657	-112.681487	0.0	0.0	0.0021
Taxidea	0.0	0.0	29.189364	-103.80947900000001	0.0	0.0	0.0021
Taxidea	0.0	0.0	31.015189000000003	-108.25332900000001	0.0	0.0	0.0021
Taxidea	0.0	0.0	29.212085	-101.01593000000001	0.0	0.0	0.0021
Taxidea	0.0	0.0	31.165779999999998	-108.23647199999999	0.0	0.0	0.0021
Taxidea	0.0	0.0	25.837549	-109.179397	0.0	0.0	0.0021
Taxidea	0.0	0.0	31.629238	-106.977476	0.0	0.0	0.0021
Taxidea	0.0	0.0	29.019875	-102.72576	0.0	0.0	0.0021
Taxidea	0.0	0.0	29.179857000000002	-103.55059	0.0	0.0	0.0021
Taxidea	0.0	0.0	31.210778	-106.5981	0.0	0.0	0.0021
Taxidea	0.0	0.0	25.634148	-108.590235	0.0	0.0	0.0021
Taxidea	0.0	0.0	25.38806	-100.84484300000001	0.0	0.0	0.0021
Taxidea	0.0	0.0	26.150298	-108.72283999999999	0.0	0.0	0.0021
Taxidea	0.0	0.0	31.39421500000001	-109.73051399999999	0.0	0.0	0.0021
Taxidea	0.0	0.0	31.397216999999998	-109.958525	0.0	0.0	0.0021
Taxidea	0.0	0.0	25.927564	-100.048519	0.0	0.0	0.0021
Taxidea	0.0	0.0	31.187012	-110.081949	0.0	0.0	0.0021
Taxidea	0.0	0.0	25.978263000000002	-100.060739	0.0	0.0	0.0021
Taxidea	0.0	0.0	29.48795	-114.23163899999999	0.0	0.0	0.0021
Taxidea	0.0	0.0	31.055504	-110.00023200000001	0.0	0.0	0.0021
Taxidea	0.0	0.0	31.035701	-110.199678	0.0	0.0	0.0021
Taxidea	0.0	0.0	31.116494	-109.968222	0.0	0.0	0.0021
Taxidea	0.0	0.0	26.173741	-111.474718	0.0	0.0	0.0021
Taxidea	0.0	0.0	26.769178000000004	-103.78697199999999	0.0	0.0	0.0021
Taxidea	0.0	0.0	26.769178000000004	-103.78697199999999	0.0	0.0	0.0021
Taxidea	0.0	0.0	26.691931	-103.740825	0.0	0.0	0.0021
Taxidea	0.0	0.0	26.674269	-103.79114200000001	0.0	0.0	0.0021
Taxidea	0.0	0.0	26.674269	-103.79114200000001	0.0	0.0	0.0021
Taxidea	0.0	0.0	25.088753	-100.780072	0.0	0.0	0.0021
Taxidea	0.0	0.0	31.047778000000005	-108.640556	0.0	0.0	0.0021
Taxidea	0.0	0.0	31.853586	-112.85694199999999	0.0	0.0	0.0021
Taxidea	0.0	0.0	30.942835	-108.445528	0.0	0.0	0.0021
Taxidea	0.0	0.0	26.412196999999995	-108.64451899999999	0.0	0.0	0.0021
Taxidea	0.0	0.0	31.5856	-116.49496	0.0	0.0	0.0021
Taxidea	0.0	0.0	31.303889	-108.865278	0.0	0.0	0.0021
Taxidea	0.0	0.0	30.31	-115.39	0.0	0.0	0.0021
Taxidea	0.0	0.0	31.891	-116.31	0.0	0.0	0.0021
Taxidea	0.0	0.0	30.677953999999996	-108.256184	0.0	0.0	0.0021
Taxidea	0.0	0.0	31.971999999999998	-114.69	0.0	0.0	0.0021
Taxidea	0.0	0.0	31.89	-116.39	0.0	0.0	0.0021
Taxidea	0.0	0.0	31.813000000000002	-114.54	0.0	0.0	0.0021
Taxidea	0.0	0.0	28.626860999999998	-114.12528600000002	0.0	0.0	0.0021
Taxidea	0.0	0.0	30.4767	-116.012	0.0	0.0	0.0021
Taxidea	0.0	0.0	31.070859999999996	-115.376	0.0	0.0	0.0021
Taxidea	0.0	0.0	26.9102894993268	-102.01437011394	0.0	0.0	0.0021
Taxidea	0.0	0.0	26.70453	-103.757927	0.0	0.0	0.0021
Taxidea	0.0	0.0	30.898333	-108.396667	0.0	0.0	0.0021
Taxidea	0.0	0.0	30.735	-108.38	0.0	0.0	0.0021
Taxidea	0.0	0.0	30.906667	-108.421667	0.0	0.0	0.0021
Taxidea	0.0	0.0	30.695	-108.293333	0.0	0.0	0.0021
Taxidea	0.0	0.0	30.826666999999997	-108.45	0.0	0.0	0.0021
Taxidea	0.0	0.0	30.836667	-108.51	0.0	0.0	0.0021
Taxidea	0.0	0.0	30.866667	-108.593333	0.0	0.0	0.0021
