species	max_age	min_age	lat	lon	family	mean_age	rounded_ages
Thomomys	0.0	0.0	37.875277000000004	-122.318398	0.0	0.0	0.0021
Thomomys	0.0	0.0	32.862522	-117.205827	0.0	0.0	0.0021
Thomomys	0.0	0.0	33.187615	-116.323825	0.0	0.0	0.0021
Thomomys	0.0	0.0	34.419868	-119.85600900000001	0.0	0.0	0.0021
Thomomys	0.0	0.0	31.54818400000001	-110.14155	0.0	0.0	0.0021
Thomomys	0.0	0.0	34.136967	-118.42295800000001	0.0	0.0	0.0021
Thomomys	0.0	0.0	34.077307	-117.806826	0.0	0.0	0.0021
Thomomys	0.0	0.0	34.147220000000004	-118.284203	0.0	0.0	0.0021
Thomomys	0.0	0.0	37.037178000000004	-121.413972	0.0	0.0	0.0021
Thomomys	0.0	0.0	37.673515	-122.38536699999999	0.0	0.0	0.0021
Thomomys	0.0	0.0	40.960597	-124.10009699999999	0.0	0.0	0.0021
Thomomys	0.0	0.0	33.826775	-118.344803	0.0	0.0	0.0021
Thomomys	0.0	0.0	32.860229	-116.91935	0.0	0.0	0.0021
Thomomys	0.0	0.0	34.079772	-118.24386100000001	0.0	0.0	0.0021
Thomomys	0.0	0.0	37.938016	-122.297876	0.0	0.0	0.0021
Thomomys	0.0	0.0	34.193154	-118.17693200000001	0.0	0.0	0.0021
Thomomys	0.0	0.0	37.669888	-122.49548100000001	0.0	0.0	0.0021
Thomomys	0.0	0.0	34.275003000000005	-118.56046200000002	0.0	0.0	0.0021
Thomomys	0.0	0.0	34.388242	-119.513148	0.0	0.0	0.0021
Thomomys	0.0	0.0	34.129802000000005	-118.20895800000001	0.0	0.0	0.0021
Thomomys	0.0	0.0	38.459749	-123.14231799999999	0.0	0.0	0.0021
Thomomys	0.0	0.0	37.233084999999996	-121.886501	0.0	0.0	0.0021
Thomomys	0.0	0.0	34.283756	-118.824455	0.0	0.0	0.0021
Thomomys	0.0	0.0	32.857243	-116.915237	0.0	0.0	0.0021
Thomomys	0.0	0.0	34.14185	-118.16799999999999	0.0	0.0	0.0021
Thomomys	0.0	0.0	38.214378	-122.97476599999999	0.0	0.0	0.0021
Thomomys	0.0	0.0	37.175513	-121.864442	0.0	0.0	0.0021
Thomomys	0.0	0.0	37.121261	-122.26838000000001	0.0	0.0	0.0021
Thomomys	0.0	0.0	37.32015	-122.060579	0.0	0.0	0.0021
Thomomys	0.0	0.0	37.88701	-122.300881	0.0	0.0	0.0021
Thomomys	0.0	0.0	34.2047	-118.12946399999998	0.0	0.0	0.0021
Thomomys	0.0	0.0	32.773467	-117.18708400000001	0.0	0.0	0.0021
Thomomys	0.0	0.0	38.047743	-122.860848	0.0	0.0	0.0021
Thomomys	0.0	0.0	32.857046999999994	-116.91278899999999	0.0	0.0	0.0021
Thomomys	0.0	0.0	34.180545	-118.497262	0.0	0.0	0.0021
Thomomys	0.0	0.0	32.858178	-116.917245	0.0	0.0	0.0021
Thomomys	0.0	0.0	34.036811	-118.058196	0.0	0.0	0.0021
Thomomys	0.0	0.0	34.069853	-117.12893100000001	0.0	0.0	0.0021
Thomomys	0.0	0.0	36.961902	-122.084391	0.0	0.0	0.0021
Thomomys	0.0	0.0	37.570321	-122.46373	0.0	0.0	0.0021
Thomomys	0.0	0.0	37.815533	-122.049508	0.0	0.0	0.0021
Thomomys	0.0	0.0	33.81538	-118.39063300000001	0.0	0.0	0.0021
Thomomys	0.0	0.0	37.792297	-122.45416399999999	0.0	0.0	0.0021
Thomomys	0.0	0.0	34.155346	-118.586129	0.0	0.0	0.0021
Thomomys	0.0	0.0	32.843505	-117.04411599999999	0.0	0.0	0.0021
Thomomys	0.0	0.0	37.9207	-122.17054499999999	0.0	0.0	0.0021
Thomomys	0.0	0.0	37.5234	-122.51516000000001	0.0	0.0	0.0021
Thomomys	0.0	0.0	33.841207	-118.097606	0.0	0.0	0.0021
Thomomys	0.0	0.0	33.809562	-118.08693000000001	0.0	0.0	0.0021
Thomomys	0.0	0.0	32.858215	-116.916923	0.0	0.0	0.0021
Thomomys	0.0	0.0	32.857271999999995	-116.922249	0.0	0.0	0.0021
Thomomys	0.0	0.0	34.254509999999996	-118.53285100000001	0.0	0.0	0.0021
Thomomys	0.0	0.0	32.702703	-116.521267	0.0	0.0	0.0021
Thomomys	0.0	0.0	33.836753	-118.094829	0.0	0.0	0.0021
Thomomys	0.0	0.0	34.065011	-118.19979199999999	0.0	0.0	0.0021
Thomomys	0.0	0.0	34.078697999999996	-118.25020500000001	0.0	0.0	0.0021
Thomomys	0.0	0.0	32.550948999999996	-117.114548	0.0	0.0	0.0021
Thomomys	0.0	0.0	36.493798	-121.146075	0.0	0.0	0.0021
Thomomys	0.0	0.0	33.824852	-118.09131200000002	0.0	0.0	0.0021
Thomomys	0.0	0.0	34.161	-117.718825	0.0	0.0	0.0021
Thomomys	0.0	0.0	33.085485999999996	-117.06173600000001	0.0	0.0	0.0021
Thomomys	0.0	0.0	33.085602	-117.06159199999999	0.0	0.0	0.0021
Thomomys	0.0	0.0	34.690556	-118.16611499999999	0.0	0.0	0.0021
Thomomys	0.0	0.0	34.079852	-118.23616000000001	0.0	0.0	0.0021
Thomomys	0.0	0.0	37.938685	-122.147279	0.0	0.0	0.0021
Thomomys	0.0	0.0	33.639521	-117.84517	0.0	0.0	0.0021
Thomomys	0.0	0.0	34.2172	-118.14732099999999	0.0	0.0	0.0021
Thomomys	0.0	0.0	33.90558	-118.19376000000001	0.0	0.0	0.0021
Thomomys	0.0	0.0	37.71265	-122.43130500000001	0.0	0.0	0.0021
Thomomys	0.0	0.0	37.691463	-121.26853	0.0	0.0	0.0021
Thomomys	0.0	0.0	33.866268	-118.185221	0.0	0.0	0.0021
Thomomys	0.0	0.0	34.138853999999995	-118.166977	0.0	0.0	0.0021
Thomomys	0.0	0.0	35.02459	-120.475029	0.0	0.0	0.0021
Thomomys	0.0	0.0	34.079879999999996	-118.23643200000001	0.0	0.0	0.0021
Thomomys	0.0	0.0	37.331662	-122.096733	0.0	0.0	0.0021
Thomomys	0.0	0.0	33.781639	-118.346053	0.0	0.0	0.0021
Thomomys	0.0	0.0	36.993272	-122.053937	0.0	0.0	0.0021
Thomomys	0.0	0.0	37.943725	-122.140638	0.0	0.0	0.0021
Thomomys	0.0	0.0	34.14495	-118.16509199999999	0.0	0.0	0.0021
Thomomys	0.0	0.0	34.148749	-117.72366699999999	0.0	0.0	0.0021
Thomomys	0.0	0.0	33.869275	-118.184619	0.0	0.0	0.0021
Thomomys	0.0	0.0	33.831697	-118.038947	0.0	0.0	0.0021
Thomomys	0.0	0.0	34.478611	-120.140556	0.0	0.0	0.0021
Thomomys	0.0	0.0	37.615005	-121.68311299999999	0.0	0.0	0.0021
Thomomys	0.0	0.0	37.897156	-122.60269199999999	0.0	0.0	0.0021
Thomomys	0.0	0.0	41.462158	-116.160347	0.0	0.0	0.0021
Thomomys	0.0	0.0	37.462134999999996	-122.277369	0.0	0.0	0.0021
Thomomys	0.0	0.0	37.927292	-122.26585800000001	0.0	0.0	0.0021
Thomomys	0.0	0.0	33.867042	-118.183393	0.0	0.0	0.0021
Thomomys	0.0	0.0	37.334156	-121.715851	0.0	0.0	0.0021
Thomomys	0.0	0.0	34.112077	-118.35198600000001	0.0	0.0	0.0021
Thomomys	0.0	0.0	36.587385	-121.712973	0.0	0.0	0.0021
Thomomys	0.0	0.0	33.043645	-117.29251599999999	0.0	0.0	0.0021
Thomomys	0.0	0.0	37.805139000000004	-122.466958	0.0	0.0	0.0021
Thomomys	0.0	0.0	34.101898999999996	-118.704936	0.0	0.0	0.0021
Thomomys	0.0	0.0	33.50778	-117.289437	0.0	0.0	0.0021
Thomomys	0.0	0.0	37.769733	-122.50820300000001	0.0	0.0	0.0021
Thomomys	0.0	0.0	37.864433	-122.24378300000001	0.0	0.0	0.0021
Thomomys	0.0	0.0	34.218816	-118.14185400000001	0.0	0.0	0.0021
Thomomys	0.0	0.0	33.582254999999996	-117.836886	0.0	0.0	0.0021
Thomomys	0.0	0.0	33.870505	-118.18435600000001	0.0	0.0	0.0021
Thomomys	0.0	0.0	34.326038	-118.61928300000001	0.0	0.0	0.0021
Thomomys	0.0	0.0	34.140817	-118.168397	0.0	0.0	0.0021
Thomomys	0.0	0.0	40.704396	-111.798402	0.0	0.0	0.0021
Thomomys	0.0	0.0	35.123508	-106.378899	0.0	0.0	0.0021
Thomomys	0.0	0.0	34.005976000000004	-118.361878	0.0	0.0	0.0021
Thomomys	0.0	0.0	32.998195	-116.940826	0.0	0.0	0.0021
Thomomys	0.0	0.0	37.467346	-122.292978	0.0	0.0	0.0021
Thomomys	0.0	0.0	32.668438	-117.086008	0.0	0.0	0.0021
Thomomys	0.0	0.0	38.67820800000001	-121.07128600000001	0.0	0.0	0.0021
Thomomys	0.0	0.0	33.937511	-118.10096999999999	0.0	0.0	0.0021
Thomomys	0.0	0.0	34.101898999999996	-118.704936	0.0	0.0	0.0021
Thomomys	0.0	0.0	33.866485	-118.193293	0.0	0.0	0.0021
Thomomys	0.0	0.0	35.0612	-120.28865	0.0	0.0	0.0021
Thomomys	0.0	0.0	34.036087	-118.060746	0.0	0.0	0.0021
Thomomys	0.0	0.0	33.804173	-118.20308999999999	0.0	0.0	0.0021
Thomomys	0.0	0.0	38.678197999999995	-121.071279	0.0	0.0	0.0021
Thomomys	0.0	0.0	34.136687	-118.423158	0.0	0.0	0.0021
Thomomys	0.0	0.0	37.932235999999996	-122.286274	0.0	0.0	0.0021
Thomomys	0.0	0.0	37.091722	-121.456327	0.0	0.0	0.0021
Thomomys	0.0	0.0	37.316403	-122.205003	0.0	0.0	0.0021
Thomomys	0.0	0.0	32.732681	-117.146996	0.0	0.0	0.0021
Thomomys	0.0	0.0	38.681331	-121.069341	0.0	0.0	0.0021
Thomomys	0.0	0.0	32.733624	-117.144853	0.0	0.0	0.0021
Thomomys	0.0	0.0	32.849672	-116.99649	0.0	0.0	0.0021
Thomomys	0.0	0.0	36.863226	-120.78393700000001	0.0	0.0	0.0021
Thomomys	0.0	0.0	34.081853	-118.25318	0.0	0.0	0.0021
Thomomys	0.0	0.0	34.254523999999996	-118.533833	0.0	0.0	0.0021
Thomomys	0.0	0.0	37.441514	-122.288416	0.0	0.0	0.0021
Thomomys	0.0	0.0	38.033605	-122.8265	0.0	0.0	0.0021
Thomomys	0.0	0.0	33.877446	-118.180174	0.0	0.0	0.0021
Thomomys	0.0	0.0	37.603662	-122.37203500000001	0.0	0.0	0.0021
Thomomys	0.0	0.0	34.065704	-118.20194199999999	0.0	0.0	0.0021
Thomomys	0.0	0.0	37.147119	-121.774942	0.0	0.0	0.0021
Thomomys	0.0	0.0	37.287	-122.06301100000002	0.0	0.0	0.0021
Thomomys	0.0	0.0	33.143944	-117.118591	0.0	0.0	0.0021
Thomomys	0.0	0.0	37.740526	-122.476577	0.0	0.0	0.0021
Thomomys	0.0	0.0	33.544497	-117.72554699999999	0.0	0.0	0.0021
Thomomys	0.0	0.0	37.52997	-122.516678	0.0	0.0	0.0021
Thomomys	0.0	0.0	36.601110999999996	-121.890602	0.0	0.0	0.0021
Thomomys	0.0	0.0	32.747966999999996	-117.00856599999999	0.0	0.0	0.0021
Thomomys	0.0	0.0	36.953244	-122.029499	0.0	0.0	0.0021
Thomomys	0.0	0.0	33.847658	-118.100151	0.0	0.0	0.0021
Thomomys	0.0	0.0	37.741903	-122.44143000000001	0.0	0.0	0.0021
Thomomys	0.0	0.0	37.328205	-122.11971399999999	0.0	0.0	0.0021
Thomomys	0.0	0.0	37.405392	-121.95453700000002	0.0	0.0	0.0021
Thomomys	0.0	0.0	33.829117	-118.37323500000001	0.0	0.0	0.0021
Thomomys	0.0	0.0	34.134834999999995	-118.284144	0.0	0.0	0.0021
Thomomys	0.0	0.0	34.045402	-116.565432	0.0	0.0	0.0021
Thomomys	0.0	0.0	37.380906	-122.180479	0.0	0.0	0.0021
Thomomys	0.0	0.0	40.805105	-124.09405600000001	0.0	0.0	0.0021
Thomomys	0.0	0.0	34.028214	-116.355576	0.0	0.0	0.0021
Thomomys	0.0	0.0	34.945258	-119.683792	0.0	0.0	0.0021
Thomomys	0.0	0.0	36.989858	-121.926497	0.0	0.0	0.0021
Thomomys	0.0	0.0	34.254557	-118.533869	0.0	0.0	0.0021
Thomomys	0.0	0.0	34.034748	-118.043249	0.0	0.0	0.0021
Thomomys	0.0	0.0	34.175965999999995	-118.493334	0.0	0.0	0.0021
Thomomys	0.0	0.0	38.212996000000004	-122.973735	0.0	0.0	0.0021
Thomomys	0.0	0.0	37.193508	-121.832144	0.0	0.0	0.0021
Thomomys	0.0	0.0	37.441348	-122.28853899999999	0.0	0.0	0.0021
Thomomys	0.0	0.0	33.446484000000005	-116.886698	0.0	0.0	0.0021
Thomomys	0.0	0.0	33.845991999999995	-118.10119099999999	0.0	0.0	0.0021
Thomomys	0.0	0.0	33.36707	-117.174577	0.0	0.0	0.0021
Thomomys	0.0	0.0	37.870656	-122.056634	0.0	0.0	0.0021
Thomomys	0.0	0.0	37.745886999999996	-122.44758600000002	0.0	0.0	0.0021
Thomomys	0.0	0.0	34.208325	-118.29266299999999	0.0	0.0	0.0021
Thomomys	0.0	0.0	34.433588	-119.699822	0.0	0.0	0.0021
Thomomys	0.0	0.0	32.854738	-116.961853	0.0	0.0	0.0021
Thomomys	0.0	0.0	32.859989	-116.91735800000001	0.0	0.0	0.0021
Thomomys	0.0	0.0	37.405375	-121.953949	0.0	0.0	0.0021
Thomomys	0.0	0.0	38.037418	-122.82384499999999	0.0	0.0	0.0021
Thomomys	0.0	0.0	34.150683	-118.983977	0.0	0.0	0.0021
Thomomys	0.0	0.0	34.13438	-118.28978300000001	0.0	0.0	0.0021
Thomomys	0.0	0.0	34.122663	-118.16747	0.0	0.0	0.0021
Thomomys	0.0	0.0	32.650753	-116.93684499999999	0.0	0.0	0.0021
Thomomys	0.0	0.0	34.254465	-118.533754	0.0	0.0	0.0021
Thomomys	0.0	0.0	34.403145	-119.699867	0.0	0.0	0.0021
Thomomys	0.0	0.0	33.743272	-117.667245	0.0	0.0	0.0021
Thomomys	0.0	0.0	37.441416	-122.28857099999999	0.0	0.0	0.0021
Thomomys	0.0	0.0	32.705713	-116.51426699999999	0.0	0.0	0.0021
Thomomys	0.0	0.0	34.986296	-119.481748	0.0	0.0	0.0021
Thomomys	0.0	0.0	37.767747	-122.466697	0.0	0.0	0.0021
Thomomys	0.0	0.0	37.323475	-122.174028	0.0	0.0	0.0021
Thomomys	0.0	0.0	37.38926	-122.0201	0.0	0.0	0.0021
Thomomys	0.0	0.0	36.67642	-121.76746299999999	0.0	0.0	0.0021
Thomomys	0.0	0.0	34.048339	-116.56890800000001	0.0	0.0	0.0021
Thomomys	0.0	0.0	37.441237	-122.28886899999999	0.0	0.0	0.0021
Thomomys	0.0	0.0	33.845597	-118.34571799999999	0.0	0.0	0.0021
Thomomys	0.0	0.0	37.766545	-122.46438300000001	0.0	0.0	0.0021
Thomomys	0.0	0.0	38.404138	-122.697144	0.0	0.0	0.0021
Thomomys	0.0	0.0	36.956255999999996	-122.082678	0.0	0.0	0.0021
Thomomys	0.0	0.0	32.732673999999996	-117.14698	0.0	0.0	0.0021
Thomomys	0.0	0.0	34.097895	-118.195419	0.0	0.0	0.0021
Thomomys	0.0	0.0	34.183581	-118.49481399999999	0.0	0.0	0.0021
Thomomys	0.0	0.0	34.074453999999996	-118.187327	0.0	0.0	0.0021
Thomomys	0.0	0.0	33.063489000000004	-117.118372	0.0	0.0	0.0021
Thomomys	0.0	0.0	36.955288	-122.059844	0.0	0.0	0.0021
Thomomys	0.0	0.0	36.960202	-121.974845	0.0	0.0	0.0021
Thomomys	0.0	0.0	30.699532	-104.117548	0.0	0.0	0.0021
Thomomys	0.0	0.0	37.908475	-122.264555	0.0	0.0	0.0021
Thomomys	0.0	0.0	37.752226	-122.46251699999999	0.0	0.0	0.0021
Thomomys	0.0	0.0	34.115294	-119.126732	0.0	0.0	0.0021
Thomomys	0.0	0.0	36.95528	-122.059836	0.0	0.0	0.0021
Thomomys	0.0	0.0	34.070491	-118.27571	0.0	0.0	0.0021
Thomomys	0.0	0.0	36.955557	-122.06048500000001	0.0	0.0	0.0021
Thomomys	0.0	0.0	36.089287	-120.116623	0.0	0.0	0.0021
Thomomys	0.0	0.0	30.699479999999998	-104.11752800000001	0.0	0.0	0.0021
Thomomys	0.0	0.0	34.452818	-119.784527	0.0	0.0	0.0021
Thomomys	0.0	0.0	34.428975	-119.694961	0.0	0.0	0.0021
Thomomys	0.0	0.0	36.955313000000004	-122.05983	0.0	0.0	0.0021
Thomomys	0.0	0.0	37.653836	-122.468977	0.0	0.0	0.0021
Thomomys	0.0	0.0	37.874485	-122.51936299999998	0.0	0.0	0.0021
Thomomys	0.0	0.0	35.350549	-120.844761	0.0	0.0	0.0021
Thomomys	0.0	0.0	34.185483000000005	-118.579228	0.0	0.0	0.0021
Thomomys	0.0	0.0	34.180921999999995	-118.50693100000001	0.0	0.0	0.0021
Thomomys	0.0	0.0	34.132738	-117.794605	0.0	0.0	0.0021
Thomomys	0.0	0.0	33.972396999999994	-118.459057	0.0	0.0	0.0021
Thomomys	0.0	0.0	32.822326000000004	-117.190246	0.0	0.0	0.0021
Thomomys	0.0	0.0	38.041125	-122.800357	0.0	0.0	0.0021
Thomomys	0.0	0.0	36.58955200000001	-121.963074	0.0	0.0	0.0021
Thomomys	0.0	0.0	37.32002	-122.15121	0.0	0.0	0.0021
Thomomys	0.0	0.0	34.117290000000004	-118.26143300000001	0.0	0.0	0.0021
Thomomys	0.0	0.0	37.434272	-122.08163300000001	0.0	0.0	0.0021
Thomomys	0.0	0.0	36.955298	-122.059793	0.0	0.0	0.0021
Thomomys	0.0	0.0	34.293475	-119.228254	0.0	0.0	0.0021
Thomomys	0.0	0.0	37.429519	-122.168297	0.0	0.0	0.0021
Thomomys	0.0	0.0	40.885125	-124.087333	0.0	0.0	0.0021
Thomomys	0.0	0.0	43.609878	-110.802667	0.0	0.0	0.0021
Thomomys	0.0	0.0	36.955292	-122.05981399999999	0.0	0.0	0.0021
Thomomys	0.0	0.0	44.498089	-111.346672	0.0	0.0	0.0021
Thomomys	0.0	0.0	36.955311	-122.059799	0.0	0.0	0.0021
Thomomys	0.0	0.0	37.217133000000004	-121.93633999999999	0.0	0.0	0.0021
Thomomys	0.0	0.0	34.309439000000005	-118.52446499999999	0.0	0.0	0.0021
Thomomys	0.0	0.0	34.172052	-118.226624	0.0	0.0	0.0021
Thomomys	0.0	0.0	34.243237	-118.652351	0.0	0.0	0.0021
Thomomys	0.0	0.0	36.956596999999995	-122.059417	0.0	0.0	0.0021
Thomomys	0.0	0.0	34.129290000000005	-119.10388799999998	0.0	0.0	0.0021
Thomomys	0.0	0.0	38.429253	-123.11575400000001	0.0	0.0	0.0021
Thomomys	0.0	0.0	36.98954000000001	-122.04489099999999	0.0	0.0	0.0021
Thomomys	0.0	0.0	36.956525	-122.059403	0.0	0.0	0.0021
Thomomys	0.0	0.0	36.955313000000004	-122.059822	0.0	0.0	0.0021
Thomomys	0.0	0.0	37.768553000000004	-122.457269	0.0	0.0	0.0021
Thomomys	0.0	0.0	36.76037	-121.504442	0.0	0.0	0.0021
Thomomys	0.0	0.0	34.006471999999995	-118.362297	0.0	0.0	0.0021
Thomomys	0.0	0.0	36.975621999999994	-122.04545800000001	0.0	0.0	0.0021
Thomomys	0.0	0.0	36.955247	-122.059871	0.0	0.0	0.0021
Thomomys	0.0	0.0	37.187199	-121.544899	0.0	0.0	0.0021
Thomomys	0.0	0.0	38.273949	-121.824455	0.0	0.0	0.0021
Thomomys	0.0	0.0	34.006646999999994	-118.36195900000001	0.0	0.0	0.0021
Thomomys	0.0	0.0	36.95532	-122.059844	0.0	0.0	0.0021
Thomomys	0.0	0.0	30.699503999999997	-104.11752299999999	0.0	0.0	0.0021
Thomomys	0.0	0.0	34.438320000000004	-119.70591200000001	0.0	0.0	0.0021
Thomomys	0.0	0.0	37.75350200000001	-122.46366200000001	0.0	0.0	0.0021
Thomomys	0.0	0.0	36.951038	-122.05765500000001	0.0	0.0	0.0021
Thomomys	0.0	0.0	37.769845000000004	-122.47498999999999	0.0	0.0	0.0021
Thomomys	0.0	0.0	32.886265	-117.230948	0.0	0.0	0.0021
Thomomys	0.0	0.0	37.89294500000001	-122.243583	0.0	0.0	0.0021
Thomomys	0.0	0.0	36.78768	-119.875497	0.0	0.0	0.0021
Thomomys	0.0	0.0	37.431076000000004	-122.17021799999999	0.0	0.0	0.0021
Thomomys	0.0	0.0	35.565188	-106.102574	0.0	0.0	0.0021
Thomomys	0.0	0.0	36.955287	-122.059799	0.0	0.0	0.0021
Thomomys	0.0	0.0	34.417008	-119.82998700000002	0.0	0.0	0.0021
Thomomys	0.0	0.0	37.777248	-122.49816100000001	0.0	0.0	0.0021
Thomomys	0.0	0.0	35.489416999999996	-120.670725	0.0	0.0	0.0021
Thomomys	0.0	0.0	38.41863	-123.10631799999999	0.0	0.0	0.0021
Thomomys	0.0	0.0	37.770621999999996	-122.507446	0.0	0.0	0.0021
Thomomys	0.0	0.0	38.724181	-123.4713	0.0	0.0	0.0021
Thomomys	0.0	0.0	34.079063	-118.23516299999999	0.0	0.0	0.0021
Thomomys	0.0	0.0	35.299525	-120.675125	0.0	0.0	0.0021
Thomomys	0.0	0.0	32.814634999999996	-116.724528	0.0	0.0	0.0021
Thomomys	0.0	0.0	38.080125	-122.55791299999999	0.0	0.0	0.0021
Thomomys	0.0	0.0	36.961147	-121.995628	0.0	0.0	0.0021
Thomomys	0.0	0.0	34.413154999999996	-119.69271100000002	0.0	0.0	0.0021
Thomomys	0.0	0.0	34.417468	-119.87253899999999	0.0	0.0	0.0021
Thomomys	0.0	0.0	33.815451	-118.390667	0.0	0.0	0.0021
Thomomys	0.0	0.0	38.74259	-123.510327	0.0	0.0	0.0021
Thomomys	0.0	0.0	45.503879	-122.684572	0.0	0.0	0.0021
Thomomys	0.0	0.0	34.102768	-118.70388	0.0	0.0	0.0021
Thomomys	0.0	0.0	37.617113	-122.49613400000001	0.0	0.0	0.0021
Thomomys	0.0	0.0	33.999128999999996	-116.153976	0.0	0.0	0.0021
Thomomys	0.0	0.0	37.770336	-122.488151	0.0	0.0	0.0021
Thomomys	0.0	0.0	36.210021999999995	-118.80181999999999	0.0	0.0	0.0021
Thomomys	0.0	0.0	34.376272	-119.47986000000002	0.0	0.0	0.0021
Thomomys	0.0	0.0	36.63485	-121.937675	0.0	0.0	0.0021
Thomomys	0.0	0.0	34.10001	-118.204002	0.0	0.0	0.0021
Thomomys	0.0	0.0	37.619394	-122.491228	0.0	0.0	0.0021
Thomomys	0.0	0.0	47.128734	-104.666634	0.0	0.0	0.0021
Thomomys	0.0	0.0	36.093739	-119.05615300000001	0.0	0.0	0.0021
Thomomys	0.0	0.0	32.855349	-116.421003	0.0	0.0	0.0021
Thomomys	0.0	0.0	38.203274	-122.965042	0.0	0.0	0.0021
Thomomys	0.0	0.0	37.730819	-122.480129	0.0	0.0	0.0021
Thomomys	0.0	0.0	35.695312	-105.962755	0.0	0.0	0.0021
Thomomys	0.0	0.0	37.711978	-122.48548000000001	0.0	0.0	0.0021
Thomomys	0.0	0.0	34.03083	-116.174858	0.0	0.0	0.0021
Thomomys	0.0	0.0	37.675455	-121.70818600000001	0.0	0.0	0.0021
Thomomys	0.0	0.0	37.760857	-122.510749	0.0	0.0	0.0021
Thomomys	0.0	0.0	34.402046	-119.737473	0.0	0.0	0.0021
Thomomys	0.0	0.0	34.133839	-118.284012	0.0	0.0	0.0021
Thomomys	0.0	0.0	32.704606	-116.515768	0.0	0.0	0.0021
Thomomys	0.0	0.0	34.388529999999996	-119.515638	0.0	0.0	0.0021
Thomomys	0.0	0.0	37.777794	-122.51110700000001	0.0	0.0	0.0021
Thomomys	0.0	0.0	37.832487	-122.537645	0.0	0.0	0.0021
Thomomys	0.0	0.0	33.079069	-117.06246100000001	0.0	0.0	0.0021
Thomomys	0.0	0.0	34.102744	-118.400472	0.0	0.0	0.0021
Thomomys	0.0	0.0	33.14204	-117.116823	0.0	0.0	0.0021
Thomomys	0.0	0.0	34.082806	-118.235437	0.0	0.0	0.0021
Thomomys	0.0	0.0	36.972364	-121.91363100000001	0.0	0.0	0.0021
Thomomys	0.0	0.0	37.549062	-122.29808799999999	0.0	0.0	0.0021
Thomomys	0.0	0.0	38.224862	-122.980576	0.0	0.0	0.0021
Thomomys	0.0	0.0	35.540878	-121.084703	0.0	0.0	0.0021
Thomomys	0.0	0.0	34.178874	-118.496746	0.0	0.0	0.0021
Thomomys	0.0	0.0	38.01965	-119.163978	0.0	0.0	0.0021
Thomomys	0.0	0.0	39.488964	-123.79948799999998	0.0	0.0	0.0021
Thomomys	0.0	0.0	33.847059	-118.345804	0.0	0.0	0.0021
Thomomys	0.0	0.0	37.502438	-122.477255	0.0	0.0	0.0021
Thomomys	0.0	0.0	32.857332	-116.915873	0.0	0.0	0.0021
Thomomys	0.0	0.0	37.793312	-122.459557	0.0	0.0	0.0021
Thomomys	0.0	0.0	32.566918	-117.08886499999998	0.0	0.0	0.0021
Thomomys	0.0	0.0	33.140498	-117.11739299999999	0.0	0.0	0.0021
Thomomys	0.0	0.0	36.517167	-121.13558300000001	0.0	0.0	0.0021
Thomomys	0.0	0.0	34.010787	-118.369142	0.0	0.0	0.0021
Thomomys	0.0	0.0	38.040631	-122.799869	0.0	0.0	0.0021
Thomomys	0.0	0.0	33.594789	-117.75975	0.0	0.0	0.0021
Thomomys	0.0	0.0	37.50269	-122.477942	0.0	0.0	0.0021
Thomomys	0.0	0.0	32.427713	-110.905397	0.0	0.0	0.0021
Thomomys	0.0	0.0	33.799356	-118.38014199999999	0.0	0.0	0.0021
Thomomys	0.0	0.0	34.690645	-120.60207	0.0	0.0	0.0021
Thomomys	0.0	0.0	34.054348	-118.46114299999999	0.0	0.0	0.0021
Thomomys	0.0	0.0	32.566815999999996	-117.088637	0.0	0.0	0.0021
Thomomys	0.0	0.0	37.418683	-122.2032	0.0	0.0	0.0021
Thomomys	0.0	0.0	37.813719	-122.073722	0.0	0.0	0.0021
Thomomys	0.0	0.0	36.06730200000001	-115.11501799999999	0.0	0.0	0.0021
Thomomys	0.0	0.0	38.907526000000004	-123.227186	0.0	0.0	0.0021
Thomomys	0.0	0.0	38.019791999999995	-122.660979	0.0	0.0	0.0021
Thomomys	0.0	0.0	33.943296999999994	-117.64246200000001	0.0	0.0	0.0021
Thomomys	0.0	0.0	36.95009500000001	-122.055833	0.0	0.0	0.0021
Thomomys	0.0	0.0	36.975312	-122.010178	0.0	0.0	0.0021
Thomomys	0.0	0.0	32.851131	-117.230652	0.0	0.0	0.0021
Thomomys	0.0	0.0	38.075077	-122.52738000000001	0.0	0.0	0.0021
Thomomys	0.0	0.0	36.959258	-122.048697	0.0	0.0	0.0021
Thomomys	0.0	0.0	37.798302	-122.473579	0.0	0.0	0.0021
Thomomys	0.0	0.0	37.767495000000004	-122.474094	0.0	0.0	0.0021
Thomomys	0.0	0.0	37.76737	-122.46592	0.0	0.0	0.0021
Thomomys	0.0	0.0	37.45953400000001	-122.28793300000001	0.0	0.0	0.0021
Thomomys	0.0	0.0	33.951997999999996	-117.22504599999999	0.0	0.0	0.0021
Thomomys	0.0	0.0	37.402985	-121.794642	0.0	0.0	0.0021
Thomomys	0.0	0.0	37.767395	-122.46585	0.0	0.0	0.0021
Thomomys	0.0	0.0	33.063489000000004	-117.295934	0.0	0.0	0.0021
Thomomys	0.0	0.0	36.491592	-121.14671000000001	0.0	0.0	0.0021
Thomomys	0.0	0.0	37.905819	-122.24758899999999	0.0	0.0	0.0021
Thomomys	0.0	0.0	37.734408	-122.208266	0.0	0.0	0.0021
Thomomys	0.0	0.0	34.326397	-118.00596999999999	0.0	0.0	0.0021
Thomomys	0.0	0.0	33.063338	-117.295814	0.0	0.0	0.0021
Thomomys	0.0	0.0	38.122816	-122.55811399999999	0.0	0.0	0.0021
Thomomys	0.0	0.0	34.177521	-118.47300600000001	0.0	0.0	0.0021
Thomomys	0.0	0.0	37.881251	-122.207633	0.0	0.0	0.0021
Thomomys	0.0	0.0	37.181313	-120.61576399999998	0.0	0.0	0.0021
Thomomys	0.0	0.0	34.049481	-117.824749	0.0	0.0	0.0021
Thomomys	0.0	0.0	32.734148	-117.144553	0.0	0.0	0.0021
Thomomys	0.0	0.0	37.313219000000004	-122.06296299999998	0.0	0.0	0.0021
Thomomys	0.0	0.0	38.041940000000004	-122.79951100000001	0.0	0.0	0.0021
Thomomys	0.0	0.0	37.466962	-122.278222	0.0	0.0	0.0021
Thomomys	0.0	0.0	38.672201	-121.19193500000002	0.0	0.0	0.0021
Thomomys	0.0	0.0	37.46703	-122.27780800000001	0.0	0.0	0.0021
Thomomys	0.0	0.0	37.471714	-122.282959	0.0	0.0	0.0021
Thomomys	0.0	0.0	34.140285	-118.167294	0.0	0.0	0.0021
Thomomys	0.0	0.0	34.425245000000004	-119.81063799999998	0.0	0.0	0.0021
Thomomys	0.0	0.0	32.536053	-117.122002	0.0	0.0	0.0021
Thomomys	0.0	0.0	37.147778	-121.77464099999999	0.0	0.0	0.0021
Thomomys	0.0	0.0	37.46384000000001	-122.279358	0.0	0.0	0.0021
Thomomys	0.0	0.0	36.492506	-121.147571	0.0	0.0	0.0021
Thomomys	0.0	0.0	36.20753300000001	-119.20337099999999	0.0	0.0	0.0021
Thomomys	0.0	0.0	37.47009	-122.28152299999999	0.0	0.0	0.0021
Thomomys	0.0	0.0	33.826658	-118.34246999999999	0.0	0.0	0.0021
Thomomys	0.0	0.0	37.508894	-122.48148	0.0	0.0	0.0021
Thomomys	0.0	0.0	37.465405	-122.28349299999999	0.0	0.0	0.0021
Thomomys	0.0	0.0	37.466217	-122.282547	0.0	0.0	0.0021
Thomomys	0.0	0.0	37.420398999999996	-121.37369699999999	0.0	0.0	0.0021
Thomomys	0.0	0.0	38.078414	-122.585617	0.0	0.0	0.0021
Thomomys	0.0	0.0	37.471779	-122.28286499999999	0.0	0.0	0.0021
Thomomys	0.0	0.0	34.102985	-118.73621499999999	0.0	0.0	0.0021
Thomomys	0.0	0.0	32.710337	-117.1198	0.0	0.0	0.0021
Thomomys	0.0	0.0	37.843546	-122.53931499999999	0.0	0.0	0.0021
Thomomys	0.0	0.0	37.766858	-122.48341299999998	0.0	0.0	0.0021
Thomomys	0.0	0.0	36.991474	-122.058297	0.0	0.0	0.0021
Thomomys	0.0	0.0	32.906728	-117.20464299999999	0.0	0.0	0.0021
Thomomys	0.0	0.0	32.423120000000004	-110.908547	0.0	0.0	0.0021
Thomomys	0.0	0.0	34.183051	-118.49646399999999	0.0	0.0	0.0021
Thomomys	0.0	0.0	37.556498	-121.991051	0.0	0.0	0.0021
Thomomys	0.0	0.0	37.243351000000004	-121.965392	0.0	0.0	0.0021
Thomomys	0.0	0.0	34.029446	-118.119455	0.0	0.0	0.0021
Thomomys	0.0	0.0	40.306622999999995	-105.54156200000001	0.0	0.0	0.0021
Thomomys	0.0	0.0	37.477038	-122.29156499999999	0.0	0.0	0.0021
Thomomys	0.0	0.0	37.524062	-120.86013899999999	0.0	0.0	0.0021
Thomomys	0.0	0.0	34.09786500000001	-118.196533	0.0	0.0	0.0021
Thomomys	0.0	0.0	36.991339	-122.05381899999999	0.0	0.0	0.0021
Thomomys	0.0	0.0	37.88906400000001	-122.344268	0.0	0.0	0.0021
Thomomys	0.0	0.0	37.462696	-122.278805	0.0	0.0	0.0021
Thomomys	0.0	0.0	34.190753	-118.177139	0.0	0.0	0.0021
Thomomys	0.0	0.0	36.863068	-120.784203	0.0	0.0	0.0021
Thomomys	0.0	0.0	37.522683	-120.853522	0.0	0.0	0.0021
Thomomys	0.0	0.0	37.473488	-122.278397	0.0	0.0	0.0021
Thomomys	0.0	0.0	34.010245	-118.37133200000001	0.0	0.0	0.0021
Thomomys	0.0	0.0	37.457038	-122.246219	0.0	0.0	0.0021
Thomomys	0.0	0.0	34.192603999999996	-118.174765	0.0	0.0	0.0021
Thomomys	0.0	0.0	37.76853	-122.49856299999999	0.0	0.0	0.0021
Thomomys	0.0	0.0	34.107853999999996	-118.435969	0.0	0.0	0.0021
Thomomys	0.0	0.0	32.797645	-117.17770300000001	0.0	0.0	0.0021
Thomomys	0.0	0.0	37.459208000000004	-122.286308	0.0	0.0	0.0021
Thomomys	0.0	0.0	36.517241999999996	-121.13553600000002	0.0	0.0	0.0021
Thomomys	0.0	0.0	33.141372	-116.543175	0.0	0.0	0.0021
Thomomys	0.0	0.0	32.66668	-117.0234	0.0	0.0	0.0021
Thomomys	0.0	0.0	37.478941999999996	-122.28607	0.0	0.0	0.0021
Thomomys	0.0	0.0	36.660142	-121.765883	0.0	0.0	0.0021
Thomomys	0.0	0.0	37.472283000000004	-122.279261	0.0	0.0	0.0021
Thomomys	0.0	0.0	37.696874	-122.434376	0.0	0.0	0.0021
Thomomys	0.0	0.0	32.788906	-117.209549	0.0	0.0	0.0021
Thomomys	0.0	0.0	38.480219	-122.663214	0.0	0.0	0.0021
Thomomys	0.0	0.0	34.076495	-118.57568700000002	0.0	0.0	0.0021
Thomomys	0.0	0.0	34.192529	-118.176818	0.0	0.0	0.0021
Thomomys	0.0	0.0	37.301162	-121.767049	0.0	0.0	0.0021
Thomomys	0.0	0.0	33.531597	-117.242997	0.0	0.0	0.0021
Thomomys	0.0	0.0	37.546444	-122.51413600000001	0.0	0.0	0.0021
Thomomys	0.0	0.0	36.266919	-121.29616599999999	0.0	0.0	0.0021
Thomomys	0.0	0.0	31.882978	-109.205648	0.0	0.0	0.0021
Thomomys	0.0	0.0	37.525073	-120.855395	0.0	0.0	0.0021
Thomomys	0.0	0.0	37.917991	-122.38425600000001	0.0	0.0	0.0021
Thomomys	0.0	0.0	34.843428	-118.58898	0.0	0.0	0.0021
Thomomys	0.0	0.0	34.430592	-118.62184199999999	0.0	0.0	0.0021
Thomomys	0.0	0.0	34.126928	-118.209625	0.0	0.0	0.0021
Thomomys	0.0	0.0	33.812939	-118.088168	0.0	0.0	0.0021
Thomomys	0.0	0.0	34.193225	-118.17592900000001	0.0	0.0	0.0021
Thomomys	0.0	0.0	34.242339	-118.682674	0.0	0.0	0.0021
Thomomys	0.0	0.0	37.379160999999996	-122.183247	0.0	0.0	0.0021
Thomomys	0.0	0.0	34.073521	-119.01476299999999	0.0	0.0	0.0021
Thomomys	0.0	0.0	33.205877	-117.034043	0.0	0.0	0.0021
Thomomys	0.0	0.0	32.859294	-116.917695	0.0	0.0	0.0021
Thomomys	0.0	0.0	37.86937800000001	-122.245728	0.0	0.0	0.0021
Thomomys	0.0	0.0	34.0237	-117.18933500000001	0.0	0.0	0.0021
Thomomys	0.0	0.0	38.026374	-122.516377	0.0	0.0	0.0021
Thomomys	0.0	0.0	37.022889	-122.085572	0.0	0.0	0.0021
Thomomys	0.0	0.0	37.875510999999996	-122.22431100000001	0.0	0.0	0.0021
Thomomys	0.0	0.0	37.525721999999995	-120.855397	0.0	0.0	0.0021
Thomomys	0.0	0.0	34.192529	-118.176818	0.0	0.0	0.0021
Thomomys	0.0	0.0	34.210528000000004	-118.213898	0.0	0.0	0.0021
Thomomys	0.0	0.0	32.806603	-117.19214099999999	0.0	0.0	0.0021
Thomomys	0.0	0.0	37.304351000000004	-122.073126	0.0	0.0	0.0021
Thomomys	0.0	0.0	37.473172	-122.278171	0.0	0.0	0.0021
Thomomys	0.0	0.0	37.669626	-122.38796299999998	0.0	0.0	0.0021
Thomomys	0.0	0.0	37.789347	-122.487572	0.0	0.0	0.0021
Thomomys	0.0	0.0	37.767053000000004	-122.466163	0.0	0.0	0.0021
Thomomys	0.0	0.0	37.503413	-122.47890500000001	0.0	0.0	0.0021
Thomomys	0.0	0.0	38.025326	-122.517847	0.0	0.0	0.0021
Thomomys	0.0	0.0	36.652221999999995	-121.796669	0.0	0.0	0.0021
Thomomys	0.0	0.0	34.155364	-118.29856299999999	0.0	0.0	0.0021
Thomomys	0.0	0.0	37.485059	-122.29225100000001	0.0	0.0	0.0021
Thomomys	0.0	0.0	37.321117	-122.06069199999999	0.0	0.0	0.0021
Thomomys	0.0	0.0	37.31818	-122.19618200000001	0.0	0.0	0.0021
Thomomys	0.0	0.0	40.321555	-124.28505	0.0	0.0	0.0021
Thomomys	0.0	0.0	32.797459	-117.17751799999999	0.0	0.0	0.0021
Thomomys	0.0	0.0	34.155429	-118.298748	0.0	0.0	0.0021
Thomomys	0.0	0.0	36.96689600000001	-122.003689	0.0	0.0	0.0021
Thomomys	0.0	0.0	36.958733	-122.059022	0.0	0.0	0.0021
Thomomys	0.0	0.0	36.95601	-122.06033799999999	0.0	0.0	0.0021
Thomomys	0.0	0.0	36.585701	-121.71693400000001	0.0	0.0	0.0021
Thomomys	0.0	0.0	38.37772800000001	-123.08068	0.0	0.0	0.0021
Thomomys	0.0	0.0	35.114171999999996	-119.775361	0.0	0.0	0.0021
Thomomys	0.0	0.0	32.861377000000005	-116.46198899999999	0.0	0.0	0.0021
Thomomys	0.0	0.0	33.576927000000005	-117.713575	0.0	0.0	0.0021
Thomomys	0.0	0.0	38.371262	-122.915733	0.0	0.0	0.0021
Thomomys	0.0	0.0	34.152049	-118.10224299999999	0.0	0.0	0.0021
Thomomys	0.0	0.0	34.197105	-118.70705900000002	0.0	0.0	0.0021
Thomomys	0.0	0.0	34.242989	-118.748646	0.0	0.0	0.0021
Thomomys	0.0	0.0	32.797459	-117.17758300000001	0.0	0.0	0.0021
Thomomys	0.0	0.0	37.769887	-122.471625	0.0	0.0	0.0021
Thomomys	0.0	0.0	32.89027100000001	-116.848226	0.0	0.0	0.0021
Thomomys	0.0	0.0	37.864105	-122.242675	0.0	0.0	0.0021
Thomomys	0.0	0.0	32.797351	-117.17754	0.0	0.0	0.0021
Thomomys	0.0	0.0	32.261342	-110.87204399999999	0.0	0.0	0.0021
Thomomys	0.0	0.0	34.156417	-117.97794499999999	0.0	0.0	0.0021
Thomomys	0.0	0.0	38.197413	-122.96318799999999	0.0	0.0	0.0021
Thomomys	0.0	0.0	37.787778	-122.47818500000001	0.0	0.0	0.0021
Thomomys	0.0	0.0	32.546417	-117.045006	0.0	0.0	0.0021
Thomomys	0.0	0.0	34.400771999999996	-118.539795	0.0	0.0	0.0021
Thomomys	0.0	0.0	33.754778	-118.01466599999999	0.0	0.0	0.0021
Thomomys	0.0	0.0	38.041129	-122.80036899999999	0.0	0.0	0.0021
Thomomys	0.0	0.0	37.796890999999995	-122.45841899999999	0.0	0.0	0.0021
Thomomys	0.0	0.0	37.45381	-121.903727	0.0	0.0	0.0021
Thomomys	0.0	0.0	37.722797	-122.47535800000001	0.0	0.0	0.0021
Thomomys	0.0	0.0	32.864433	-117.18996100000001	0.0	0.0	0.0021
Thomomys	0.0	0.0	37.768745	-122.498275	0.0	0.0	0.0021
Thomomys	0.0	0.0	40.847894000000004	-124.068503	0.0	0.0	0.0021
Thomomys	0.0	0.0	36.62997	-121.93728700000001	0.0	0.0	0.0021
Thomomys	0.0	0.0	32.904125	-116.472575	0.0	0.0	0.0021
Thomomys	0.0	0.0	33.985284	-118.17299999999999	0.0	0.0	0.0021
Thomomys	0.0	0.0	33.143153000000005	-117.11861699999999	0.0	0.0	0.0021
Thomomys	0.0	0.0	38.205724	-122.96448600000001	0.0	0.0	0.0021
Thomomys	0.0	0.0	36.055867	-112.145996	0.0	0.0	0.0021
Thomomys	0.0	0.0	32.975857	-116.57996399999999	0.0	0.0	0.0021
Thomomys	0.0	0.0	37.37240300000001	-122.081923	0.0	0.0	0.0021
Thomomys	0.0	0.0	37.17162800000001	-122.222757	0.0	0.0	0.0021
Thomomys	0.0	0.0	34.081458000000005	-118.23963	0.0	0.0	0.0021
Thomomys	0.0	0.0	34.052085	-118.46846200000002	0.0	0.0	0.0021
Thomomys	0.0	0.0	36.990390999999995	-121.925315	0.0	0.0	0.0021
Thomomys	0.0	0.0	36.975291999999996	-121.73127	0.0	0.0	0.0021
Thomomys	0.0	0.0	37.89977800000001	-122.32474599999999	0.0	0.0	0.0021
Thomomys	0.0	0.0	34.098914	-118.253625	0.0	0.0	0.0021
Thomomys	0.0	0.0	34.05207	-118.468457	0.0	0.0	0.0021
Thomomys	0.0	0.0	34.181733	-118.49711699999999	0.0	0.0	0.0021
Thomomys	0.0	0.0	39.449493	-123.806083	0.0	0.0	0.0021
Thomomys	0.0	0.0	34.15121	-118.1638	0.0	0.0	0.0021
Thomomys	0.0	0.0	36.6227	-121.91296299999999	0.0	0.0	0.0021
Thomomys	0.0	0.0	34.342796	-119.351456	0.0	0.0	0.0021
Thomomys	0.0	0.0	34.466248	-120.02228500000001	0.0	0.0	0.0021
Thomomys	0.0	0.0	34.132618	-118.29516699999999	0.0	0.0	0.0021
Thomomys	0.0	0.0	36.491974	-121.146152	0.0	0.0	0.0021
Thomomys	0.0	0.0	34.813228	-119.142581	0.0	0.0	0.0021
Thomomys	0.0	0.0	38.481175	-122.664156	0.0	0.0	0.0021
Thomomys	0.0	0.0	37.778835	-122.472633	0.0	0.0	0.0021
Thomomys	0.0	0.0	35.29235900000001	-119.87031200000001	0.0	0.0	0.0021
Thomomys	0.0	0.0	37.8994	-122.32473799999998	0.0	0.0	0.0021
Thomomys	0.0	0.0	35.59917100000001	-121.123043	0.0	0.0	0.0021
Thomomys	0.0	0.0	34.57215	-117.271722	0.0	0.0	0.0021
Thomomys	0.0	0.0	37.771151	-122.494239	0.0	0.0	0.0021
Thomomys	0.0	0.0	33.970355	-117.318743	0.0	0.0	0.0021
Thomomys	0.0	0.0	35.321483	-120.835	0.0	0.0	0.0021
Thomomys	0.0	0.0	36.84435300000001	-121.53551499999999	0.0	0.0	0.0021
Thomomys	0.0	0.0	37.770354	-122.465069	0.0	0.0	0.0021
Thomomys	0.0	0.0	34.11384	-118.222555	0.0	0.0	0.0021
Thomomys	0.0	0.0	34.479585	-120.116804	0.0	0.0	0.0021
Thomomys	0.0	0.0	32.74501	-116.923594	0.0	0.0	0.0021
Thomomys	0.0	0.0	38.29542	-104.644476	0.0	0.0	0.0021
Thomomys	0.0	0.0	36.447007	-118.175127	0.0	0.0	0.0021
Thomomys	0.0	0.0	36.622167	-121.911726	0.0	0.0	0.0021
Thomomys	0.0	0.0	36.953744	-122.025667	0.0	0.0	0.0021
Thomomys	0.0	0.0	36.817075	-121.731047	0.0	0.0	0.0021
Thomomys	0.0	0.0	38.369001000000004	-122.50796000000001	0.0	0.0	0.0021
Thomomys	0.0	0.0	34.075996	-118.001607	0.0	0.0	0.0021
Thomomys	0.0	0.0	37.411427	-121.9956	0.0	0.0	0.0021
Thomomys	0.0	0.0	33.338335	-117.22071499999998	0.0	0.0	0.0021
Thomomys	0.0	0.0	37.315502	-122.164345	0.0	0.0	0.0021
Thomomys	0.0	0.0	37.795485	-122.47636100000001	0.0	0.0	0.0021
Thomomys	0.0	0.0	37.772453999999996	-122.46540900000001	0.0	0.0	0.0021
Thomomys	0.0	0.0	40.880292	-124.09989399999999	0.0	0.0	0.0021
Thomomys	0.0	0.0	33.989926000000004	-116.657086	0.0	0.0	0.0021
Thomomys	0.0	0.0	33.338335	-117.22071499999998	0.0	0.0	0.0021
Thomomys	0.0	0.0	37.297055	-122.17849299999999	0.0	0.0	0.0021
Thomomys	0.0	0.0	34.238718	-117.07976200000002	0.0	0.0	0.0021
Thomomys	0.0	0.0	37.31548400000001	-122.16443100000001	0.0	0.0	0.0021
Thomomys	0.0	0.0	32.544536	-117.10566299999999	0.0	0.0	0.0021
Thomomys	0.0	0.0	33.213875	-117.23355900000001	0.0	0.0	0.0021
Thomomys	0.0	0.0	34.192529	-118.176818	0.0	0.0	0.0021
Thomomys	0.0	0.0	32.423611	-110.735001	0.0	0.0	0.0021
Thomomys	0.0	0.0	32.636711	-117.041886	0.0	0.0	0.0021
Thomomys	0.0	0.0	37.809312	-122.15148	0.0	0.0	0.0021
Thomomys	0.0	0.0	34.068365	-118.23156200000001	0.0	0.0	0.0021
Thomomys	0.0	0.0	38.040572	-122.79972	0.0	0.0	0.0021
Thomomys	0.0	0.0	33.980328	-118.117829	0.0	0.0	0.0021
Thomomys	0.0	0.0	37.441966	-122.29111599999999	0.0	0.0	0.0021
Thomomys	0.0	0.0	33.006496999999996	-116.85895500000001	0.0	0.0	0.0021
Thomomys	0.0	0.0	34.129616999999996	-118.511577	0.0	0.0	0.0021
Thomomys	0.0	0.0	32.80725	-116.928397	0.0	0.0	0.0021
Thomomys	0.0	0.0	34.458213	-120.0234	0.0	0.0	0.0021
Thomomys	0.0	0.0	34.98885	-111.747879	0.0	0.0	0.0021
Thomomys	0.0	0.0	34.394529999999996	-119.522209	0.0	0.0	0.0021
Thomomys	0.0	0.0	38.536643	-121.754328	0.0	0.0	0.0021
Thomomys	0.0	0.0	37.314889	-122.197428	0.0	0.0	0.0021
Thomomys	0.0	0.0	34.461409	-119.83658500000001	0.0	0.0	0.0021
Thomomys	0.0	0.0	30.370949	-103.662813	0.0	0.0	0.0021
Thomomys	0.0	0.0	30.370860999999998	-103.66263599999999	0.0	0.0	0.0021
Thomomys	0.0	0.0	33.689135	-117.65824099999999	0.0	0.0	0.0021
Thomomys	0.0	0.0	37.208714	-121.891754	0.0	0.0	0.0021
Thomomys	0.0	0.0	37.082724	-122.25801000000001	0.0	0.0	0.0021
Thomomys	0.0	0.0	34.136868	-118.42305400000001	0.0	0.0	0.0021
Thomomys	0.0	0.0	33.250206	-115.98088899999999	0.0	0.0	0.0021
Thomomys	0.0	0.0	32.784168	-117.190552	0.0	0.0	0.0021
Thomomys	0.0	0.0	34.426389	-117.300878	0.0	0.0	0.0021
Thomomys	0.0	0.0	37.889796000000004	-122.32469499999999	0.0	0.0	0.0021
Thomomys	0.0	0.0	33.531597	-117.242997	0.0	0.0	0.0021
Thomomys	0.0	0.0	34.034202	-118.056275	0.0	0.0	0.0021
Thomomys	0.0	0.0	30.371003	-103.662663	0.0	0.0	0.0021
Thomomys	0.0	0.0	34.413942	-117.85823700000002	0.0	0.0	0.0021
Thomomys	0.0	0.0	37.745751	-122.37546999999999	0.0	0.0	0.0021
Thomomys	0.0	0.0	37.699436	-122.496498	0.0	0.0	0.0021
Thomomys	0.0	0.0	37.86549	-122.240524	0.0	0.0	0.0021
Thomomys	0.0	0.0	35.128638	-120.632152	0.0	0.0	0.0021
Thomomys	0.0	0.0	33.507736	-117.288925	0.0	0.0	0.0021
Thomomys	0.0	0.0	38.079361999999996	-122.8686	0.0	0.0	0.0021
Thomomys	0.0	0.0	37.955271	-122.30996699999999	0.0	0.0	0.0021
Thomomys	0.0	0.0	33.070893	-116.606168	0.0	0.0	0.0021
Thomomys	0.0	0.0	34.097918	-118.19375500000001	0.0	0.0	0.0021
Thomomys	0.0	0.0	33.542988	-117.270223	0.0	0.0	0.0021
Thomomys	0.0	0.0	37.792095	-122.46003700000001	0.0	0.0	0.0021
Thomomys	0.0	0.0	34.151388	-118.16346200000001	0.0	0.0	0.0021
Thomomys	0.0	0.0	37.133134999999996	-122.05723	0.0	0.0	0.0021
Thomomys	0.0	0.0	37.514086999999996	-121.88274399999999	0.0	0.0	0.0021
Thomomys	0.0	0.0	32.85706500000001	-116.912934	0.0	0.0	0.0021
Thomomys	0.0	0.0	34.242946999999994	-118.480873	0.0	0.0	0.0021
Thomomys	0.0	0.0	34.273556	-118.611828	0.0	0.0	0.0021
Thomomys	0.0	0.0	33.741652	-118.377873	0.0	0.0	0.0021
Thomomys	0.0	0.0	31.725141999999998	-110.880072	0.0	0.0	0.0021
Thomomys	0.0	0.0	34.328709	-118.868994	0.0	0.0	0.0021
Thomomys	0.0	0.0	32.770724	-117.11378799999999	0.0	0.0	0.0021
Thomomys	0.0	0.0	37.164633	-121.657928	0.0	0.0	0.0021
Thomomys	0.0	0.0	37.737783	-122.37256299999999	0.0	0.0	0.0021
Thomomys	0.0	0.0	37.338208	-121.886329	0.0	0.0	0.0021
Thomomys	0.0	0.0	37.293217	-122.05844599999999	0.0	0.0	0.0021
Thomomys	0.0	0.0	37.910763	-122.088683	0.0	0.0	0.0021
Thomomys	0.0	0.0	37.77088	-122.47095900000001	0.0	0.0	0.0021
Thomomys	0.0	0.0	35.462866999999996	-120.664569	0.0	0.0	0.0021
Thomomys	0.0	0.0	35.989119	-105.930877	0.0	0.0	0.0021
Thomomys	0.0	0.0	37.768613	-122.472705	0.0	0.0	0.0021
Thomomys	0.0	0.0	34.180544	-118.49726899999999	0.0	0.0	0.0021
Thomomys	0.0	0.0	32.651482	-116.32216000000001	0.0	0.0	0.0021
Thomomys	0.0	0.0	38.389402000000004	-123.08510700000001	0.0	0.0	0.0021
Thomomys	0.0	0.0	34.142071	-117.70746899999999	0.0	0.0	0.0021
Thomomys	0.0	0.0	38.300675	-123.061021	0.0	0.0	0.0021
Thomomys	0.0	0.0	32.723587	-116.945847	0.0	0.0	0.0021
Thomomys	0.0	0.0	34.161392	-117.71915	0.0	0.0	0.0021
Thomomys	0.0	0.0	38.33325	-123.048057	0.0	0.0	0.0021
Thomomys	0.0	0.0	34.295446999999996	-118.688966	0.0	0.0	0.0021
Thomomys	0.0	0.0	34.126308	-118.20878799999998	0.0	0.0	0.0021
Thomomys	0.0	0.0	33.431595	-117.60326299999998	0.0	0.0	0.0021
Thomomys	0.0	0.0	36.49221	-121.15036	0.0	0.0	0.0021
Thomomys	0.0	0.0	36.517214	-121.13541200000002	0.0	0.0	0.0021
Thomomys	0.0	0.0	33.814717	-118.08869399999999	0.0	0.0	0.0021
Thomomys	0.0	0.0	36.617728	-121.902961	0.0	0.0	0.0021
Thomomys	0.0	0.0	34.450645	-119.865867	0.0	0.0	0.0021
Thomomys	0.0	0.0	37.793044	-122.454618	0.0	0.0	0.0021
Thomomys	0.0	0.0	35.036989	-118.76971499999999	0.0	0.0	0.0021
Thomomys	0.0	0.0	36.600238	-121.894676	0.0	0.0	0.0021
Thomomys	0.0	0.0	37.766358000000004	-122.502997	0.0	0.0	0.0021
Thomomys	0.0	0.0	37.334	-122.357431	0.0	0.0	0.0021
Thomomys	0.0	0.0	37.459087	-122.287971	0.0	0.0	0.0021
Thomomys	0.0	0.0	37.33289	-122.08858700000002	0.0	0.0	0.0021
Thomomys	0.0	0.0	34.115097999999996	-118.412253	0.0	0.0	0.0021
Thomomys	0.0	0.0	37.919837	-121.92594199999999	0.0	0.0	0.0021
Thomomys	0.0	0.0	34.693213	-120.04038899999999	0.0	0.0	0.0021
Thomomys	0.0	0.0	34.183547999999995	-118.49478	0.0	0.0	0.0021
Thomomys	0.0	0.0	37.468131	-122.28553500000001	0.0	0.0	0.0021
Thomomys	0.0	0.0	32.797333	-117.17750500000001	0.0	0.0	0.0021
Thomomys	0.0	0.0	34.811944	-115.63138899999998	0.0	0.0	0.0021
Thomomys	0.0	0.0	38.119264	-122.95133799999999	0.0	0.0	0.0021
Thomomys	0.0	0.0	34.304443	-118.68453400000001	0.0	0.0	0.0021
Thomomys	0.0	0.0	36.517027	-121.13313899999999	0.0	0.0	0.0021
Thomomys	0.0	0.0	37.375019	-122.22361399999998	0.0	0.0	0.0021
Thomomys	0.0	0.0	34.275048	-118.394173	0.0	0.0	0.0021
Thomomys	0.0	0.0	37.767441999999996	-122.47398999999999	0.0	0.0	0.0021
Thomomys	0.0	0.0	37.789105	-122.144703	0.0	0.0	0.0021
Thomomys	0.0	0.0	37.712488	-122.488808	0.0	0.0	0.0021
Thomomys	0.0	0.0	34.135304	-118.18803700000001	0.0	0.0	0.0021
Thomomys	0.0	0.0	37.435087	-122.09590700000001	0.0	0.0	0.0021
Thomomys	0.0	0.0	33.825364	-118.343911	0.0	0.0	0.0021
Thomomys	0.0	0.0	34.744628999999996	-120.110444	0.0	0.0	0.0021
Thomomys	0.0	0.0	34.115097999999996	-118.412253	0.0	0.0	0.0021
Thomomys	0.0	0.0	36.977153	-122.023117	0.0	0.0	0.0021
Thomomys	0.0	0.0	37.375103	-122.22377	0.0	0.0	0.0021
Thomomys	0.0	0.0	37.468429	-122.289285	0.0	0.0	0.0021
Thomomys	0.0	0.0	32.85998	-116.91710900000001	0.0	0.0	0.0021
Thomomys	0.0	0.0	37.768928	-122.468411	0.0	0.0	0.0021
Thomomys	0.0	0.0	34.271359999999994	-118.38971000000001	0.0	0.0	0.0021
Thomomys	0.0	0.0	33.951982	-117.32066499999999	0.0	0.0	0.0021
Thomomys	0.0	0.0	37.404866999999996	-121.954121	0.0	0.0	0.0021
Thomomys	0.0	0.0	33.98514	-117.320428	0.0	0.0	0.0021
Thomomys	0.0	0.0	37.888912	-122.478451	0.0	0.0	0.0021
Thomomys	0.0	0.0	37.596812	-122.504135	0.0	0.0	0.0021
Thomomys	0.0	0.0	37.890495	-122.011698	0.0	0.0	0.0021
Thomomys	0.0	0.0	34.134914	-118.187904	0.0	0.0	0.0021
Thomomys	0.0	0.0	35.69155100000001	-105.96179599999999	0.0	0.0	0.0021
Thomomys	0.0	0.0	35.464225	-120.626686	0.0	0.0	0.0021
Thomomys	0.0	0.0	37.424158	-122.17603799999999	0.0	0.0	0.0021
Thomomys	0.0	0.0	37.428508	-122.17865800000001	0.0	0.0	0.0021
Thomomys	0.0	0.0	33.956987	-117.95863999999999	0.0	0.0	0.0021
Thomomys	0.0	0.0	36.608917	-121.533767	0.0	0.0	0.0021
Thomomys	0.0	0.0	37.766595	-122.46605	0.0	0.0	0.0021
Thomomys	0.0	0.0	34.109418	-118.932951	0.0	0.0	0.0021
Thomomys	0.0	0.0	36.60057800000001	-121.887701	0.0	0.0	0.0021
Thomomys	0.0	0.0	34.124092	-118.28765800000001	0.0	0.0	0.0021
Thomomys	0.0	0.0	32.748517	-117.15692800000001	0.0	0.0	0.0021
Thomomys	0.0	0.0	34.179961	-118.496747	0.0	0.0	0.0021
Thomomys	0.0	0.0	37.422583	-122.17419	0.0	0.0	0.0021
Thomomys	0.0	0.0	37.037153	-121.44298400000001	0.0	0.0	0.0021
Thomomys	0.0	0.0	34.158504	-118.166817	0.0	0.0	0.0021
Thomomys	0.0	0.0	34.680764	-118.185046	0.0	0.0	0.0021
Thomomys	0.0	0.0	34.37628	-119.479823	0.0	0.0	0.0021
Thomomys	0.0	0.0	37.16725200000001	-121.734952	0.0	0.0	0.0021
Thomomys	0.0	0.0	33.242646	-117.335647	0.0	0.0	0.0021
Thomomys	0.0	0.0	34.154403	-118.324642	0.0	0.0	0.0021
Thomomys	0.0	0.0	38.425981	-122.84911699999999	0.0	0.0	0.0021
Thomomys	0.0	0.0	38.306321999999994	-123.05406699999999	0.0	0.0	0.0021
Thomomys	0.0	0.0	34.117267	-118.30247299999999	0.0	0.0	0.0021
Thomomys	0.0	0.0	34.654326	-118.440694	0.0	0.0	0.0021
Thomomys	0.0	0.0	46.904029	-122.845409	0.0	0.0	0.0021
Thomomys	0.0	0.0	37.2658	-121.821696	0.0	0.0	0.0021
Thomomys	0.0	0.0	37.767384	-122.47013100000001	0.0	0.0	0.0021
Thomomys	0.0	0.0	33.357385	-116.870912	0.0	0.0	0.0021
Thomomys	0.0	0.0	38.428362	-123.11629099999999	0.0	0.0	0.0021
Thomomys	0.0	0.0	34.11384	-118.222555	0.0	0.0	0.0021
Thomomys	0.0	0.0	36.883027	-121.82675800000001	0.0	0.0	0.0021
Thomomys	0.0	0.0	32.820507	-117.205326	0.0	0.0	0.0021
Thomomys	0.0	0.0	38.302893	-123.06418700000002	0.0	0.0	0.0021
Thomomys	0.0	0.0	34.112121	-118.22361399999998	0.0	0.0	0.0021
Thomomys	0.0	0.0	36.649442	-121.757697	0.0	0.0	0.0021
Thomomys	0.0	0.0	33.945611	-118.38454899999999	0.0	0.0	0.0021
Thomomys	0.0	0.0	46.904484000000004	-122.845906	0.0	0.0	0.0021
Thomomys	0.0	0.0	38.040284	-122.800048	0.0	0.0	0.0021
Thomomys	0.0	0.0	37.76733400000001	-122.48168000000001	0.0	0.0	0.0021
Thomomys	0.0	0.0	36.516581	-121.13111799999999	0.0	0.0	0.0021
Thomomys	0.0	0.0	37.503596	-122.49961299999998	0.0	0.0	0.0021
Thomomys	0.0	0.0	34.183015000000005	-118.49628200000001	0.0	0.0	0.0021
Thomomys	0.0	0.0	37.518611	-122.46623000000001	0.0	0.0	0.0021
Thomomys	0.0	0.0	38.303165	-123.062487	0.0	0.0	0.0021
Thomomys	0.0	0.0	37.769421	-122.48621399999999	0.0	0.0	0.0021
Thomomys	0.0	0.0	34.262815	-116.892979	0.0	0.0	0.0021
Thomomys	0.0	0.0	38.444896	-123.08752700000001	0.0	0.0	0.0021
Thomomys	0.0	0.0	34.100925	-118.01315	0.0	0.0	0.0021
Thomomys	0.0	0.0	37.7839	-122.507325	0.0	0.0	0.0021
Thomomys	0.0	0.0	37.787113	-122.50603600000001	0.0	0.0	0.0021
Thomomys	0.0	0.0	38.039842	-122.79986699999999	0.0	0.0	0.0021
Thomomys	0.0	0.0	37.78737	-122.47030500000001	0.0	0.0	0.0021
Thomomys	0.0	0.0	37.581669	-122.385777	0.0	0.0	0.0021
Thomomys	0.0	0.0	38.370088	-123.074537	0.0	0.0	0.0021
Thomomys	0.0	0.0	37.455282000000004	-122.388372	0.0	0.0	0.0021
Thomomys	0.0	0.0	37.781063	-122.472695	0.0	0.0	0.0021
Thomomys	0.0	0.0	34.394172	-119.522095	0.0	0.0	0.0021
Thomomys	0.0	0.0	36.96293	-122.023664	0.0	0.0	0.0021
Thomomys	0.0	0.0	44.499342	-111.339173	0.0	0.0	0.0021
Thomomys	0.0	0.0	37.801901	-122.45908700000001	0.0	0.0	0.0021
Thomomys	0.0	0.0	35.245267999999996	-112.19748899999999	0.0	0.0	0.0021
Thomomys	0.0	0.0	32.05957	-110.07653300000001	0.0	0.0	0.0021
Thomomys	0.0	0.0	34.343212	-119.064926	0.0	0.0	0.0021
Thomomys	0.0	0.0	32.059575	-110.07651399999999	0.0	0.0	0.0021
Thomomys	0.0	0.0	36.960986	-122.083147	0.0	0.0	0.0021
Thomomys	0.0	0.0	32.059618	-110.076549	0.0	0.0	0.0021
Thomomys	0.0	0.0	38.219683	-122.62941200000002	0.0	0.0	0.0021
Thomomys	0.0	0.0	35.540555	-121.084828	0.0	0.0	0.0021
Thomomys	0.0	0.0	38.379304	-122.889647	0.0	0.0	0.0021
Thomomys	0.0	0.0	40.479941	-121.503478	0.0	0.0	0.0021
Thomomys	0.0	0.0	34.271728	-117.168741	0.0	0.0	0.0021
Thomomys	0.0	0.0	37.17075	-121.730728	0.0	0.0	0.0021
Thomomys	0.0	0.0	32.858098	-116.916847	0.0	0.0	0.0021
Thomomys	0.0	0.0	32.059487	-110.076428	0.0	0.0	0.0021
Thomomys	0.0	0.0	35.296123	-120.66592299999999	0.0	0.0	0.0021
Thomomys	0.0	0.0	38.219683	-122.62941200000002	0.0	0.0	0.0021
Thomomys	0.0	0.0	32.05934	-110.07633	0.0	0.0	0.0021
Thomomys	0.0	0.0	32.059591	-110.07648999999999	0.0	0.0	0.0021
Thomomys	0.0	0.0	35.19895800000001	-118.828772	0.0	0.0	0.0021
Thomomys	0.0	0.0	32.060181	-110.07718200000001	0.0	0.0	0.0021
Thomomys	0.0	0.0	37.787095	-122.505975	0.0	0.0	0.0021
Thomomys	0.0	0.0	32.059582	-110.07648300000001	0.0	0.0	0.0021
Thomomys	0.0	0.0	37.372887	-122.08461000000001	0.0	0.0	0.0021
Thomomys	0.0	0.0	34.210815999999994	-118.222372	0.0	0.0	0.0021
Thomomys	0.0	0.0	37.372877	-122.08396699999999	0.0	0.0	0.0021
Thomomys	0.0	0.0	36.493837	-121.146133	0.0	0.0	0.0021
Thomomys	0.0	0.0	37.507712	-122.48153700000002	0.0	0.0	0.0021
Thomomys	0.0	0.0	36.629638	-121.93783700000002	0.0	0.0	0.0021
Thomomys	0.0	0.0	34.11384	-118.222555	0.0	0.0	0.0021
Thomomys	0.0	0.0	48.380739	-115.32061100000001	0.0	0.0	0.0021
Thomomys	0.0	0.0	37.372847	-122.08431999999999	0.0	0.0	0.0021
Thomomys	0.0	0.0	37.035208000000004	-121.41880800000001	0.0	0.0	0.0021
Thomomys	0.0	0.0	38.381888000000004	-122.816978	0.0	0.0	0.0021
Thomomys	0.0	0.0	35.642736	-105.990899	0.0	0.0	0.0021
Thomomys	0.0	0.0	34.133571999999994	-118.277695	0.0	0.0	0.0021
Thomomys	0.0	0.0	37.951012	-122.13675	0.0	0.0	0.0021
Thomomys	0.0	0.0	36.262813	-115.690803	0.0	0.0	0.0021
Thomomys	0.0	0.0	37.801322	-122.452403	0.0	0.0	0.0021
Thomomys	0.0	0.0	36.970203999999995	-121.90936799999999	0.0	0.0	0.0021
Thomomys	0.0	0.0	34.0071	-118.360978	0.0	0.0	0.0021
Thomomys	0.0	0.0	34.157326	-118.30006200000001	0.0	0.0	0.0021
Thomomys	0.0	0.0	37.948731	-122.135667	0.0	0.0	0.0021
Thomomys	0.0	0.0	38.061607	-122.84088100000001	0.0	0.0	0.0021
Thomomys	0.0	0.0	37.265124	-121.82044199999999	0.0	0.0	0.0021
Thomomys	0.0	0.0	36.332044	-119.169296	0.0	0.0	0.0021
Thomomys	0.0	0.0	40.775218	-111.863405	0.0	0.0	0.0021
Thomomys	0.0	0.0	34.13332	-118.28351699999999	0.0	0.0	0.0021
Thomomys	0.0	0.0	38.040214	-122.799116	0.0	0.0	0.0021
Thomomys	0.0	0.0	37.790141999999996	-122.296967	0.0	0.0	0.0021
Thomomys	0.0	0.0	32.259687	-110.87473200000001	0.0	0.0	0.0021
Thomomys	0.0	0.0	32.737596	-117.139822	0.0	0.0	0.0021
Thomomys	0.0	0.0	40.875254999999996	-124.08752	0.0	0.0	0.0021
Thomomys	0.0	0.0	31.538859000000002	-110.76064099999999	0.0	0.0	0.0021
Thomomys	0.0	0.0	33.971556	-117.319971	0.0	0.0	0.0021
Thomomys	0.0	0.0	32.962296	-117.020749	0.0	0.0	0.0021
Thomomys	0.0	0.0	32.259881	-110.87311799999999	0.0	0.0	0.0021
Thomomys	0.0	0.0	35.217687	-118.837128	0.0	0.0	0.0021
Thomomys	0.0	0.0	38.300933	-123.06188999999999	0.0	0.0	0.0021
Thomomys	0.0	0.0	34.458025	-120.02326299999999	0.0	0.0	0.0021
Thomomys	0.0	0.0	46.555426000000004	-120.520551	0.0	0.0	0.0021
Thomomys	0.0	0.0	33.926339	-116.187269	0.0	0.0	0.0021
Thomomys	0.0	0.0	35.217365	-118.83653899999999	0.0	0.0	0.0021
Thomomys	0.0	0.0	37.265691	-121.821427	0.0	0.0	0.0021
Thomomys	0.0	0.0	34.327047	-118.005747	0.0	0.0	0.0021
Thomomys	0.0	0.0	37.457871999999995	-122.288104	0.0	0.0	0.0021
Thomomys	0.0	0.0	36.491525	-121.14681999999999	0.0	0.0	0.0021
Thomomys	0.0	0.0	32.421828000000005	-110.90841999999999	0.0	0.0	0.0021
Thomomys	0.0	0.0	32.421828000000005	-110.908425	0.0	0.0	0.0021
Thomomys	0.0	0.0	34.32393	-118.310943	0.0	0.0	0.0021
Thomomys	0.0	0.0	33.179449	-117.220524	0.0	0.0	0.0021
Thomomys	0.0	0.0	33.776634	-118.338628	0.0	0.0	0.0021
Thomomys	0.0	0.0	32.425403	-110.907575	0.0	0.0	0.0021
Thomomys	0.0	0.0	31.725096	-110.88037	0.0	0.0	0.0021
Thomomys	0.0	0.0	36.618809999999996	-121.940483	0.0	0.0	0.0021
Thomomys	0.0	0.0	34.267813000000004	-118.38147	0.0	0.0	0.0021
Thomomys	0.0	0.0	33.653875	-117.40897199999999	0.0	0.0	0.0021
Thomomys	0.0	0.0	34.157731	-118.087799	0.0	0.0	0.0021
Thomomys	0.0	0.0	37.385827	-122.172582	0.0	0.0	0.0021
Thomomys	0.0	0.0	32.859065	-116.91528899999999	0.0	0.0	0.0021
Thomomys	0.0	0.0	30.152752000000003	-103.286728	0.0	0.0	0.0021
Thomomys	0.0	0.0	37.94463	-122.13383600000002	0.0	0.0	0.0021
Thomomys	0.0	0.0	36.976704999999995	-122.03263799999999	0.0	0.0	0.0021
Thomomys	0.0	0.0	38.073608	-122.827933	0.0	0.0	0.0021
Thomomys	0.0	0.0	34.156178000000004	-117.97794499999999	0.0	0.0	0.0021
Thomomys	0.0	0.0	36.976528	-122.033877	0.0	0.0	0.0021
Thomomys	0.0	0.0	33.320833	-112.755524	0.0	0.0	0.0021
Thomomys	0.0	0.0	37.338056	-122.11775800000001	0.0	0.0	0.0021
Thomomys	0.0	0.0	32.93655	-117.143226	0.0	0.0	0.0021
Thomomys	0.0	0.0	36.323747	-115.268703	0.0	0.0	0.0021
Thomomys	0.0	0.0	35.36626300000001	-117.973358	0.0	0.0	0.0021
Thomomys	0.0	0.0	37.681247	-122.40756200000001	0.0	0.0	0.0021
Thomomys	0.0	0.0	34.109035999999996	-117.73886999999999	0.0	0.0	0.0021
Thomomys	0.0	0.0	37.501953	-122.472458	0.0	0.0	0.0021
Thomomys	0.0	0.0	35.311453	-120.69066000000001	0.0	0.0	0.0021
Thomomys	0.0	0.0	33.513954999999996	-111.682506	0.0	0.0	0.0021
Thomomys	0.0	0.0	33.827869	-118.343493	0.0	0.0	0.0021
Thomomys	0.0	0.0	37.333040000000004	-122.096129	0.0	0.0	0.0021
Thomomys	0.0	0.0	36.482808	-121.16205	0.0	0.0	0.0021
Thomomys	0.0	0.0	35.36627	-117.973343	0.0	0.0	0.0021
Thomomys	0.0	0.0	33.820355	-118.08731999999999	0.0	0.0	0.0021
Thomomys	0.0	0.0	35.114096999999994	-119.77528400000001	0.0	0.0	0.0021
Thomomys	0.0	0.0	31.538943	-110.76059199999999	0.0	0.0	0.0021
Thomomys	0.0	0.0	32.845325	-117.205932	0.0	0.0	0.0021
Thomomys	0.0	0.0	37.001083	-122.05558300000001	0.0	0.0	0.0021
Thomomys	0.0	0.0	37.719903	-122.41973899999999	0.0	0.0	0.0021
Thomomys	0.0	0.0	35.192130999999996	-106.64426	0.0	0.0	0.0021
Thomomys	0.0	0.0	33.431622	-117.60320300000001	0.0	0.0	0.0021
Thomomys	0.0	0.0	34.066798	-118.059583	0.0	0.0	0.0021
Thomomys	0.0	0.0	34.174762	-118.38669099999998	0.0	0.0	0.0021
Thomomys	0.0	0.0	36.698425	-121.60587199999999	0.0	0.0	0.0021
Thomomys	0.0	0.0	35.034223	-115.505873	0.0	0.0	0.0021
Thomomys	0.0	0.0	34.192366	-118.168015	0.0	0.0	0.0021
Thomomys	0.0	0.0	32.978803000000006	-117.26941699999999	0.0	0.0	0.0021
Thomomys	0.0	0.0	37.768058	-122.47296999999999	0.0	0.0	0.0021
Thomomys	0.0	0.0	37.546427	-122.506808	0.0	0.0	0.0021
Thomomys	0.0	0.0	34.110706	-118.055442	0.0	0.0	0.0021
Thomomys	0.0	0.0	37.769776	-122.471993	0.0	0.0	0.0021
Thomomys	0.0	0.0	38.320696999999996	-123.035552	0.0	0.0	0.0021
Thomomys	0.0	0.0	37.405278	-122.239407	0.0	0.0	0.0021
Thomomys	0.0	0.0	34.006278	-118.371427	0.0	0.0	0.0021
Thomomys	0.0	0.0	37.507085	-122.481748	0.0	0.0	0.0021
Thomomys	0.0	0.0	37.912135	-122.496675	0.0	0.0	0.0021
Thomomys	0.0	0.0	37.767408	-122.47584099999999	0.0	0.0	0.0021
Thomomys	0.0	0.0	37.40668	-122.176478	0.0	0.0	0.0021
Thomomys	0.0	0.0	37.713752	-122.425577	0.0	0.0	0.0021
Thomomys	0.0	0.0	32.840509999999995	-117.043555	0.0	0.0	0.0021
Thomomys	0.0	0.0	34.18375	-118.577079	0.0	0.0	0.0021
Thomomys	0.0	0.0	38.306337	-123.054115	0.0	0.0	0.0021
Thomomys	0.0	0.0	37.476566999999996	-122.29149699999999	0.0	0.0	0.0021
Thomomys	0.0	0.0	36.127602	-115.47440300000001	0.0	0.0	0.0021
Thomomys	0.0	0.0	37.511895	-121.98507	0.0	0.0	0.0021
Thomomys	0.0	0.0	34.099305	-118.25263100000001	0.0	0.0	0.0021
Thomomys	0.0	0.0	37.238807	-121.970882	0.0	0.0	0.0021
Thomomys	0.0	0.0	37.396144	-122.20353300000001	0.0	0.0	0.0021
Thomomys	0.0	0.0	33.221865	-116.45550700000001	0.0	0.0	0.0021
Thomomys	0.0	0.0	37.767521	-122.462877	0.0	0.0	0.0021
Thomomys	0.0	0.0	37.436788	-122.368029	0.0	0.0	0.0021
Thomomys	0.0	0.0	36.760417	-121.50443899999999	0.0	0.0	0.0021
Thomomys	0.0	0.0	37.827178	-122.291308	0.0	0.0	0.0021
Thomomys	0.0	0.0	37.827178	-122.291308	0.0	0.0	0.0021
Thomomys	0.0	0.0	38.425922	-123.06998300000001	0.0	0.0	0.0021
Thomomys	0.0	0.0	37.523044	-120.85406	0.0	0.0	0.0021
Thomomys	0.0	0.0	37.899995000000004	-122.32483700000002	0.0	0.0	0.0021
Thomomys	0.0	0.0	38.321219	-123.03591200000001	0.0	0.0	0.0021
Thomomys	0.0	0.0	37.767409	-122.466169	0.0	0.0	0.0021
Thomomys	0.0	0.0	32.859393	-116.91575300000001	0.0	0.0	0.0021
Thomomys	0.0	0.0	37.827178	-122.291308	0.0	0.0	0.0021
Thomomys	0.0	0.0	32.85918	-116.917905	0.0	0.0	0.0021
Thomomys	0.0	0.0	40.701877	-124.19861000000002	0.0	0.0	0.0021
Thomomys	0.0	0.0	37.746189	-122.491156	0.0	0.0	0.0021
Thomomys	0.0	0.0	36.975082	-122.010345	0.0	0.0	0.0021
Thomomys	0.0	0.0	40.366723	-105.56091	0.0	0.0	0.0021
Thomomys	0.0	0.0	34.016132	-118.382828	0.0	0.0	0.0021
Thomomys	0.0	0.0	34.411689	-119.876971	0.0	0.0	0.0021
Thomomys	0.0	0.0	34.420514000000004	-119.66734299999999	0.0	0.0	0.0021
Thomomys	0.0	0.0	37.76743	-122.47401200000002	0.0	0.0	0.0021
Thomomys	0.0	0.0	34.26337	-118.77145700000001	0.0	0.0	0.0021
Thomomys	0.0	0.0	32.73325	-117.165764	0.0	0.0	0.0021
Thomomys	0.0	0.0	34.064296	-117.129172	0.0	0.0	0.0021
Thomomys	0.0	0.0	34.440281	-119.848673	0.0	0.0	0.0021
Thomomys	0.0	0.0	38.465376	-123.127958	0.0	0.0	0.0021
Thomomys	0.0	0.0	37.320192	-122.200305	0.0	0.0	0.0021
Thomomys	0.0	0.0	34.4402	-119.849321	0.0	0.0	0.0021
Thomomys	0.0	0.0	38.404034	-122.687716	0.0	0.0	0.0021
Thomomys	0.0	0.0	33.841507	-118.097958	0.0	0.0	0.0021
Thomomys	0.0	0.0	37.186549	-122.14156499999999	0.0	0.0	0.0021
Thomomys	0.0	0.0	37.397835	-121.79720900000001	0.0	0.0	0.0021
Thomomys	0.0	0.0	34.115221999999996	-118.22728799999999	0.0	0.0	0.0021
Thomomys	0.0	0.0	32.740547	-116.97029199999999	0.0	0.0	0.0021
Thomomys	0.0	0.0	34.273065	-118.61069499999999	0.0	0.0	0.0021
Thomomys	0.0	0.0	32.85668	-116.91278899999999	0.0	0.0	0.0021
Thomomys	0.0	0.0	34.183122	-118.497119	0.0	0.0	0.0021
Thomomys	0.0	0.0	34.040737	-118.34316000000001	0.0	0.0	0.0021
Thomomys	0.0	0.0	34.144474	-118.192206	0.0	0.0	0.0021
Thomomys	0.0	0.0	34.156166999999996	-117.97802	0.0	0.0	0.0021
Thomomys	0.0	0.0	34.387689	-119.510356	0.0	0.0	0.0021
Thomomys	0.0	0.0	37.409475	-122.18101499999999	0.0	0.0	0.0021
Thomomys	0.0	0.0	37.330135	-122.088202	0.0	0.0	0.0021
Thomomys	0.0	0.0	33.011143	-116.85980500000001	0.0	0.0	0.0021
Thomomys	0.0	0.0	34.180402	-118.497033	0.0	0.0	0.0021
Thomomys	0.0	0.0	32.968531	-115.55533	0.0	0.0	0.0021
Thomomys	0.0	0.0	32.444897	-110.979247	0.0	0.0	0.0021
Thomomys	0.0	0.0	32.859978999999996	-116.91843700000001	0.0	0.0	0.0021
Thomomys	0.0	0.0	34.376079	-119.47953400000002	0.0	0.0	0.0021
Thomomys	0.0	0.0	35.691559999999996	-105.96181999999999	0.0	0.0	0.0021
Thomomys	0.0	0.0	33.547833000000004	-117.722261	0.0	0.0	0.0021
Thomomys	0.0	0.0	34.1127	-118.22933300000001	0.0	0.0	0.0021
Thomomys	0.0	0.0	34.156997	-118.16701299999998	0.0	0.0	0.0021
Thomomys	0.0	0.0	34.906778	-116.838024	0.0	0.0	0.0021
Thomomys	0.0	0.0	37.420558	-122.176353	0.0	0.0	0.0021
Thomomys	0.0	0.0	37.793244	-122.45473700000001	0.0	0.0	0.0021
Thomomys	0.0	0.0	34.130158	-118.208275	0.0	0.0	0.0021
Thomomys	0.0	0.0	34.157388	-118.086247	0.0	0.0	0.0021
Thomomys	0.0	0.0	34.002047	-118.04274199999999	0.0	0.0	0.0021
Thomomys	0.0	0.0	37.322596999999995	-122.06147800000001	0.0	0.0	0.0021
Thomomys	0.0	0.0	37.093892	-122.085209	0.0	0.0	0.0021
Thomomys	0.0	0.0	37.284559	-121.812324	0.0	0.0	0.0021
Thomomys	0.0	0.0	37.502687	-122.47786799999999	0.0	0.0	0.0021
Thomomys	0.0	0.0	36.801175	-121.681126	0.0	0.0	0.0021
Thomomys	0.0	0.0	37.50404	-122.48168999999999	0.0	0.0	0.0021
Thomomys	0.0	0.0	36.952484999999996	-122.082951	0.0	0.0	0.0021
Thomomys	0.0	0.0	37.742927	-122.41328899999999	0.0	0.0	0.0021
Thomomys	0.0	0.0	37.765408	-122.47183600000001	0.0	0.0	0.0021
Thomomys	0.0	0.0	32.678713	-116.85428700000001	0.0	0.0	0.0021
Thomomys	0.0	0.0	37.764376	-121.94029599999999	0.0	0.0	0.0021
Thomomys	0.0	0.0	32.997766	-116.94008600000001	0.0	0.0	0.0021
Thomomys	0.0	0.0	37.083126	-122.061691	0.0	0.0	0.0021
Thomomys	0.0	0.0	37.754924	-122.50598000000001	0.0	0.0	0.0021
Thomomys	0.0	0.0	38.118965	-122.944778	0.0	0.0	0.0021
Thomomys	0.0	0.0	37.769037	-122.47242800000001	0.0	0.0	0.0021
Thomomys	0.0	0.0	37.769009000000004	-122.47254699999999	0.0	0.0	0.0021
Thomomys	0.0	0.0	34.007521999999994	-118.36216200000001	0.0	0.0	0.0021
Thomomys	0.0	0.0	37.009871000000004	-122.196542	0.0	0.0	0.0021
Thomomys	0.0	0.0	37.615697	-122.497399	0.0	0.0	0.0021
Thomomys	0.0	0.0	34.006979	-118.36185800000001	0.0	0.0	0.0021
Thomomys	0.0	0.0	36.590291	-121.885411	0.0	0.0	0.0021
Thomomys	0.0	0.0	37.769533	-122.46475900000002	0.0	0.0	0.0021
Thomomys	0.0	0.0	37.768194	-122.465709	0.0	0.0	0.0021
Thomomys	0.0	0.0	34.006983	-118.36183799999999	0.0	0.0	0.0021
Thomomys	0.0	0.0	38.156078	-122.94806499999999	0.0	0.0	0.0021
Thomomys	0.0	0.0	32.849683	-116.99647399999999	0.0	0.0	0.0021
Thomomys	0.0	0.0	37.768221000000004	-122.465736	0.0	0.0	0.0021
Thomomys	0.0	0.0	37.76619	-122.47468700000002	0.0	0.0	0.0021
Thomomys	0.0	0.0	36.81692	-121.78710500000001	0.0	0.0	0.0021
Thomomys	0.0	0.0	36.782232	-121.766157	0.0	0.0	0.0021
Thomomys	0.0	0.0	31.612976	-111.040649	0.0	0.0	0.0021
Thomomys	0.0	0.0	33.821847999999996	-118.08652099999999	0.0	0.0	0.0021
Thomomys	0.0	0.0	34.006303	-118.3622	0.0	0.0	0.0021
Thomomys	0.0	0.0	36.49168	-121.14671899999999	0.0	0.0	0.0021
Thomomys	0.0	0.0	34.16141	-118.164911	0.0	0.0	0.0021
Thomomys	0.0	0.0	36.48046	-121.181975	0.0	0.0	0.0021
Thomomys	0.0	0.0	36.991248	-121.924171	0.0	0.0	0.0021
Thomomys	0.0	0.0	37.80795	-122.473022	0.0	0.0	0.0021
Thomomys	0.0	0.0	37.768141	-122.472904	0.0	0.0	0.0021
Thomomys	0.0	0.0	38.092832	-122.92305	0.0	0.0	0.0021
Thomomys	0.0	0.0	37.465973	-122.44506799999999	0.0	0.0	0.0021
Thomomys	0.0	0.0	37.769058	-122.472467	0.0	0.0	0.0021
Thomomys	0.0	0.0	38.368547	-122.50786799999999	0.0	0.0	0.0021
Thomomys	0.0	0.0	34.12339	-118.29517299999999	0.0	0.0	0.0021
Thomomys	0.0	0.0	37.347735	-122.138376	0.0	0.0	0.0021
Thomomys	0.0	0.0	37.730194	-122.48305800000001	0.0	0.0	0.0021
Thomomys	0.0	0.0	34.933665999999995	-118.582952	0.0	0.0	0.0021
Thomomys	0.0	0.0	37.768833	-122.47308400000001	0.0	0.0	0.0021
Thomomys	0.0	0.0	37.925309999999996	-122.67578600000002	0.0	0.0	0.0021
Thomomys	0.0	0.0	32.373419	-110.69220700000001	0.0	0.0	0.0021
Thomomys	0.0	0.0	37.804031	-122.476868	0.0	0.0	0.0021
Thomomys	0.0	0.0	34.001329	-118.28501000000001	0.0	0.0	0.0021
Thomomys	0.0	0.0	34.008858000000004	-118.36634199999999	0.0	0.0	0.0021
Thomomys	0.0	0.0	34.131268	-118.246494	0.0	0.0	0.0021
Thomomys	0.0	0.0	38.014941	-121.7943	0.0	0.0	0.0021
Thomomys	0.0	0.0	34.436885	-119.885488	0.0	0.0	0.0021
Thomomys	0.0	0.0	32.427803000000004	-110.75605700000001	0.0	0.0	0.0021
Thomomys	0.0	0.0	38.574938	-122.707379	0.0	0.0	0.0021
Thomomys	0.0	0.0	38.024294	-122.783201	0.0	0.0	0.0021
Thomomys	0.0	0.0	37.769725	-122.47191000000001	0.0	0.0	0.0021
Thomomys	0.0	0.0	37.579155	-122.47359499999999	0.0	0.0	0.0021
Thomomys	0.0	0.0	37.577405999999996	-122.47116499999998	0.0	0.0	0.0021
Thomomys	0.0	0.0	37.573509	-122.46923400000001	0.0	0.0	0.0021
Thomomys	0.0	0.0	37.740548	-122.210697	0.0	0.0	0.0021
Thomomys	0.0	0.0	32.832127	-116.776959	0.0	0.0	0.0021
Thomomys	0.0	0.0	37.735563	-122.50670500000001	0.0	0.0	0.0021
Thomomys	0.0	0.0	34.129045	-118.114524	0.0	0.0	0.0021
Thomomys	0.0	0.0	38.566668	-122.684597	0.0	0.0	0.0021
Thomomys	0.0	0.0	33.821799	-118.085627	0.0	0.0	0.0021
Thomomys	0.0	0.0	37.024668	-122.21582099999999	0.0	0.0	0.0021
Thomomys	0.0	0.0	34.007831	-118.36416299999999	0.0	0.0	0.0021
Thomomys	0.0	0.0	34.072764	-118.16264699999999	0.0	0.0	0.0021
Thomomys	0.0	0.0	37.502719	-122.469421	0.0	0.0	0.0021
Thomomys	0.0	0.0	33.915001000000004	-117.905946	0.0	0.0	0.0021
Thomomys	0.0	0.0	32.845775	-116.354662	0.0	0.0	0.0021
Thomomys	0.0	0.0	34.132247	-118.211726	0.0	0.0	0.0021
Thomomys	0.0	0.0	37.617020000000004	-121.752053	0.0	0.0	0.0021
Thomomys	0.0	0.0	37.467079	-122.445769	0.0	0.0	0.0021
Thomomys	0.0	0.0	37.697876	-122.43393999999999	0.0	0.0	0.0021
Thomomys	0.0	0.0	36.450051	-114.51310900000001	0.0	0.0	0.0021
Thomomys	0.0	0.0	37.28508	-122.06658200000001	0.0	0.0	0.0021
Thomomys	0.0	0.0	37.770533	-122.500358	0.0	0.0	0.0021
Thomomys	0.0	0.0	35.144853000000005	-106.47786599999999	0.0	0.0	0.0021
Thomomys	0.0	0.0	37.881591	-121.914153	0.0	0.0	0.0021
Thomomys	0.0	0.0	37.853497	-122.297058	0.0	0.0	0.0021
Thomomys	0.0	0.0	37.191381	-121.73270600000001	0.0	0.0	0.0021
Thomomys	0.0	0.0	36.91523	-121.794067	0.0	0.0	0.0021
Thomomys	0.0	0.0	38.409822999999996	-122.82016499999999	0.0	0.0	0.0021
Thomomys	0.0	0.0	37.243664	-121.965433	0.0	0.0	0.0021
Thomomys	0.0	0.0	32.559604	-114.63838600000001	0.0	0.0	0.0021
Thomomys	0.0	0.0	37.191016999999995	-121.734076	0.0	0.0	0.0021
Thomomys	0.0	0.0	37.937584	-122.15638200000001	0.0	0.0	0.0021
Thomomys	0.0	0.0	32.906616	-117.20386	0.0	0.0	0.0021
Thomomys	0.0	0.0	34.420156	-119.66391599999999	0.0	0.0	0.0021
Thomomys	0.0	0.0	36.613995	-121.2116	0.0	0.0	0.0021
Thomomys	0.0	0.0	37.242779	-121.96768300000001	0.0	0.0	0.0021
Thomomys	0.0	0.0	36.908254	-121.369405	0.0	0.0	0.0021
Thomomys	0.0	0.0	37.797357	-122.454323	0.0	0.0	0.0021
Thomomys	0.0	0.0	37.581833	-122.385833	0.0	0.0	0.0021
Thomomys	0.0	0.0	34.409791	-119.87058400000001	0.0	0.0	0.0021
Thomomys	0.0	0.0	37.205803	-121.976853	0.0	0.0	0.0021
Thomomys	0.0	0.0	31.532284999999998	-110.78796399999999	0.0	0.0	0.0021
Thomomys	0.0	0.0	37.764617	-122.467481	0.0	0.0	0.0021
Thomomys	0.0	0.0	34.457578999999996	-119.709819	0.0	0.0	0.0021
Thomomys	0.0	0.0	35.334872	-120.728338	0.0	0.0	0.0021
Thomomys	0.0	0.0	33.938829999999996	-118.16854	0.0	0.0	0.0021
Thomomys	0.0	0.0	38.234849	-122.656922	0.0	0.0	0.0021
Thomomys	0.0	0.0	37.770029	-122.463153	0.0	0.0	0.0021
Thomomys	0.0	0.0	37.772925	-122.465723	0.0	0.0	0.0021
Thomomys	0.0	0.0	37.770022	-122.46331699999999	0.0	0.0	0.0021
Thomomys	0.0	0.0	33.330299	-116.838398	0.0	0.0	0.0021
Thomomys	0.0	0.0	37.767542999999996	-122.465769	0.0	0.0	0.0021
Thomomys	0.0	0.0	38.319477	-123.073163	0.0	0.0	0.0021
Thomomys	0.0	0.0	37.036381	-122.062417	0.0	0.0	0.0021
Thomomys	0.0	0.0	37.507948	-122.48268	0.0	0.0	0.0021
Thomomys	0.0	0.0	37.509074	-122.48253799999999	0.0	0.0	0.0021
Thomomys	0.0	0.0	32.67915900000001	-116.85431200000001	0.0	0.0	0.0021
Thomomys	0.0	0.0	34.191992	-118.172242	0.0	0.0	0.0021
Thomomys	0.0	0.0	37.934912	-122.1531	0.0	0.0	0.0021
Thomomys	0.0	0.0	37.867719	-122.237627	0.0	0.0	0.0021
Thomomys	0.0	0.0	36.99434	-121.957948	0.0	0.0	0.0021
Thomomys	0.0	0.0	37.8695	-122.251	0.0	0.0	0.0021
Thomomys	0.0	0.0	47.005965	-119.97705500000001	0.0	0.0	0.0021
Thomomys	0.0	0.0	33.04015	-116.942535	0.0	0.0	0.0021
Thomomys	0.0	0.0	34.916455	-115.73153400000001	0.0	0.0	0.0021
Thomomys	0.0	0.0	34.292806	-119.24655700000001	0.0	0.0	0.0021
Thomomys	0.0	0.0	34.096337	-118.717504	0.0	0.0	0.0021
Thomomys	0.0	0.0	37.971267	-122.387652	0.0	0.0	0.0021
Thomomys	0.0	0.0	37.722907	-122.421102	0.0	0.0	0.0021
Thomomys	0.0	0.0	37.205292	-112.982817	0.0	0.0	0.0021
Thomomys	0.0	0.0	37.938421999999996	-122.15179099999999	0.0	0.0	0.0021
Thomomys	0.0	0.0	38.612167	-122.781667	0.0	0.0	0.0021
Thomomys	0.0	0.0	37.37380200000001	-122.084647	0.0	0.0	0.0021
Thomomys	0.0	0.0	37.768134	-122.46578000000001	0.0	0.0	0.0021
Thomomys	0.0	0.0	34.006334	-118.361218	0.0	0.0	0.0021
Thomomys	0.0	0.0	33.955853999999995	-118.26618899999998	0.0	0.0	0.0021
Thomomys	0.0	0.0	37.896206	-122.252276	0.0	0.0	0.0021
Thomomys	0.0	0.0	37.7685	-122.4655	0.0	0.0	0.0021
Thomomys	0.0	0.0	37.752213	-122.14915800000001	0.0	0.0	0.0021
Thomomys	0.0	0.0	38.12554	-122.89350900000001	0.0	0.0	0.0021
Thomomys	0.0	0.0	32.8582	-116.915227	0.0	0.0	0.0021
Thomomys	0.0	0.0	32.85833	-116.917083	0.0	0.0	0.0021
Thomomys	0.0	0.0	33.75091	-118.29416100000002	0.0	0.0	0.0021
Thomomys	0.0	0.0	42.178833000000004	-110.757167	0.0	0.0	0.0021
Thomomys	0.0	0.0	37.773149	-122.471167	0.0	0.0	0.0021
Thomomys	0.0	0.0	34.182279	-118.49661499999999	0.0	0.0	0.0021
Thomomys	0.0	0.0	34.0686	-118.232969	0.0	0.0	0.0021
Thomomys	0.0	0.0	32.018101	-110.642921	0.0	0.0	0.0021
Thomomys	0.0	0.0	31.437821999999997	-110.36703100000001	0.0	0.0	0.0021
Thomomys	0.0	0.0	34.130076	-118.28491899999999	0.0	0.0	0.0021
Thomomys	0.0	0.0	31.716544	-110.19193899999999	0.0	0.0	0.0021
Thomomys	0.0	0.0	37.733813	-122.375672	0.0	0.0	0.0021
Thomomys	0.0	0.0	37.85857	-122.50329599999999	0.0	0.0	0.0021
Thomomys	0.0	0.0	37.918575	-122.30066299999999	0.0	0.0	0.0021
Thomomys	0.0	0.0	32.845546999999996	-117.04916000000001	0.0	0.0	0.0021
Thomomys	0.0	0.0	38.566681	-122.68448400000001	0.0	0.0	0.0021
Thomomys	0.0	0.0	32.553562	-117.08115900000001	0.0	0.0	0.0021
Thomomys	0.0	0.0	37.553323999999996	-122.077096	0.0	0.0	0.0021
Thomomys	0.0	0.0	33.680957	-117.36806599999998	0.0	0.0	0.0021
Thomomys	0.0	0.0	34.916455	-115.759	0.0	0.0	0.0021
Thomomys	0.0	0.0	37.889433000000004	-121.93178700000001	0.0	0.0	0.0021
Thomomys	0.0	0.0	44.660348	-110.96164499999999	0.0	0.0	0.0021
Thomomys	0.0	0.0	39.728119	-121.94593700000001	0.0	0.0	0.0021
Thomomys	0.0	0.0	36.692793	-121.809284	0.0	0.0	0.0021
Thomomys	0.0	0.0	37.506025	-122.47524299999999	0.0	0.0	0.0021
Thomomys	0.0	0.0	34.192961	-118.171444	0.0	0.0	0.0021
Thomomys	0.0	0.0	40.85970800000001	-124.07489199999999	0.0	0.0	0.0021
Thomomys	0.0	0.0	34.577002	-119.94609299999999	0.0	0.0	0.0021
Thomomys	0.0	0.0	37.14721	-121.775384	0.0	0.0	0.0021
Thomomys	0.0	0.0	38.612018	-122.78195500000001	0.0	0.0	0.0021
Thomomys	0.0	0.0	43.615171000000004	-116.440773	0.0	0.0	0.0021
Thomomys	0.0	0.0	37.720833	-122.368	0.0	0.0	0.0021
Thomomys	0.0	0.0	37.76915200000001	-122.497498	0.0	0.0	0.0021
Thomomys	0.0	0.0	36.972266	-122.12603999999999	0.0	0.0	0.0021
Thomomys	0.0	0.0	34.191992	-118.172242	0.0	0.0	0.0021
Thomomys	0.0	0.0	34.191992	-118.172242	0.0	0.0	0.0021
Thomomys	0.0	0.0	34.192040999999996	-118.17284	0.0	0.0	0.0021
Thomomys	0.0	0.0	37.41438400000001	-122.01984499999999	0.0	0.0	0.0021
Thomomys	0.0	0.0	34.191992	-118.172242	0.0	0.0	0.0021
Thomomys	0.0	0.0	33.775768	-118.09623	0.0	0.0	0.0021
Thomomys	0.0	0.0	34.42516	-119.525521	0.0	0.0	0.0021
Thomomys	0.0	0.0	34.191992	-118.172242	0.0	0.0	0.0021
Thomomys	0.0	0.0	37.865673	-122.240324	0.0	0.0	0.0021
Thomomys	0.0	0.0	36.495216	-121.080373	0.0	0.0	0.0021
Thomomys	0.0	0.0	33.813074	-118.08758999999999	0.0	0.0	0.0021
Thomomys	0.0	0.0	36.686965	-121.646647	0.0	0.0	0.0021
Thomomys	0.0	0.0	34.11384	-118.222555	0.0	0.0	0.0021
Thomomys	0.0	0.0	37.401767	-122.219596	0.0	0.0	0.0021
Thomomys	0.0	0.0	37.422695000000004	-122.177925	0.0	0.0	0.0021
Thomomys	0.0	0.0	34.182287	-118.582252	0.0	0.0	0.0021
Thomomys	0.0	0.0	33.835908	-118.092771	0.0	0.0	0.0021
Thomomys	0.0	0.0	34.681986	-119.31340800000001	0.0	0.0	0.0021
Thomomys	0.0	0.0	37.768615000000004	-122.465659	0.0	0.0	0.0021
Thomomys	0.0	0.0	38.455202	-109.21551699999999	0.0	0.0	0.0021
Thomomys	0.0	0.0	37.926003	-122.67437199999999	0.0	0.0	0.0021
Thomomys	0.0	0.0	34.586608	-120.019173	0.0	0.0	0.0021
Thomomys	0.0	0.0	31.730490000000003	-110.88111699999999	0.0	0.0	0.0021
Thomomys	0.0	0.0	37.970227	-122.261482	0.0	0.0	0.0021
Thomomys	0.0	0.0	32.969021999999995	-115.555369	0.0	0.0	0.0021
Thomomys	0.0	0.0	32.968323	-115.55444399999999	0.0	0.0	0.0021
Thomomys	0.0	0.0	36.178449	-121.69894599999999	0.0	0.0	0.0021
Thomomys	0.0	0.0	36.651881	-121.79052800000001	0.0	0.0	0.0021
Thomomys	0.0	0.0	37.94479000000001	-122.14548500000001	0.0	0.0	0.0021
Thomomys	0.0	0.0	43.727895000000004	-103.537149	0.0	0.0	0.0021
Thomomys	0.0	0.0	40.530844	-121.568352	0.0	0.0	0.0021
Thomomys	0.0	0.0	34.441771	-119.848793	0.0	0.0	0.0021
Thomomys	0.0	0.0	36.953688	-122.025733	0.0	0.0	0.0021
Thomomys	0.0	0.0	37.333034999999995	-122.112104	0.0	0.0	0.0021
Thomomys	0.0	0.0	39.728713	-121.945637	0.0	0.0	0.0021
Thomomys	0.0	0.0	37.46859	-122.28126499999999	0.0	0.0	0.0021
Thomomys	0.0	0.0	40.759822	-111.82063899999999	0.0	0.0	0.0021
Thomomys	0.0	0.0	37.839868	-119.83901999999999	0.0	0.0	0.0021
Thomomys	0.0	0.0	38.697613	-120.060907	0.0	0.0	0.0021
Thomomys	0.0	0.0	37.807046	-122.421609	0.0	0.0	0.0021
Thomomys	0.0	0.0	37.76794	-122.465773	0.0	0.0	0.0021
Thomomys	0.0	0.0	37.333658	-121.890704	0.0	0.0	0.0021
Thomomys	0.0	0.0	34.235288	-117.19001399999999	0.0	0.0	0.0021
Thomomys	0.0	0.0	34.576002	-119.959985	0.0	0.0	0.0021
Thomomys	0.0	0.0	33.229921999999995	-117.370176	0.0	0.0	0.0021
Thomomys	0.0	0.0	34.616371	-111.842483	0.0	0.0	0.0021
Thomomys	0.0	0.0	37.219598	-112.97498700000001	0.0	0.0	0.0021
Thomomys	0.0	0.0	39.255435	-119.87726	0.0	0.0	0.0021
Thomomys	0.0	0.0	37.367892	-122.221042	0.0	0.0	0.0021
Thomomys	0.0	0.0	32.134833	-110.64995	0.0	0.0	0.0021
Thomomys	0.0	0.0	39.489295	-123.78962800000001	0.0	0.0	0.0021
Thomomys	0.0	0.0	38.603301	-105.314428	0.0	0.0	0.0021
Thomomys	0.0	0.0	34.437	-111.145	0.0	0.0	0.0021
Thomomys	0.0	0.0	33.684391999999995	-117.49031200000002	0.0	0.0	0.0021
Thomomys	0.0	0.0	51.093427	-114.176949	0.0	0.0	0.0021
Thomomys	0.0	0.0	51.097246999999996	-114.188946	0.0	0.0	0.0021
Thomomys	0.0	0.0	51.063943	-114.15545300000001	0.0	0.0	0.0021
Thomomys	0.0	0.0	51.132005	-114.049058	0.0	0.0	0.0021
Thomomys	0.0	0.0	51.079965	-114.109128	0.0	0.0	0.0021
Thomomys	0.0	0.0	51.092834	-114.17494099999999	0.0	0.0	0.0021
Thomomys	0.0	0.0	49.394245	-114.25572199999999	0.0	0.0	0.0021
Thomomys	0.0	0.0	50.767877	-104.907003	0.0	0.0	0.0021
Thomomys	0.0	0.0	53.408637	-113.72868600000001	0.0	0.0	0.0021
Thomomys	0.0	0.0	53.236003000000004	-112.901495	0.0	0.0	0.0021
Thomomys	0.0	0.0	25.244663	-100.845794	0.0	0.0	0.0021
Thomomys	0.0	0.0	31.87691	-116.67976999999999	0.0	0.0	0.0021
Thomomys	0.0	0.0	32.218117	-115.06993	0.0	0.0	0.0021
Thomomys	0.0	0.0	30.959155	-115.826722	0.0	0.0	0.0021
Thomomys	0.0	0.0	31.876168	-116.65368799999999	0.0	0.0	0.0021
Thomomys	0.0	0.0	31.876153000000002	-116.65368600000001	0.0	0.0	0.0021
Thomomys	0.0	0.0	30.95913	-115.826675	0.0	0.0	0.0021
Thomomys	0.0	0.0	31.862318	-116.66626699999999	0.0	0.0	0.0021
Thomomys	0.0	0.0	32.431365	-116.67520900000001	0.0	0.0	0.0021
Thomomys	0.0	0.0	31.876174	-116.653748	0.0	0.0	0.0021
Thomomys	0.0	0.0	30.918521999999996	-115.64598799999999	0.0	0.0	0.0021
Thomomys	0.0	0.0	30.975437	-115.72441	0.0	0.0	0.0021
Thomomys	0.0	0.0	31.862038000000002	-116.667842	0.0	0.0	0.0021
Thomomys	0.0	0.0	32.458248	-114.708638	0.0	0.0	0.0021
Thomomys	0.0	0.0	30.889236	-115.463967	0.0	0.0	0.0021
Thomomys	0.0	0.0	30.894178000000004	-115.48095500000001	0.0	0.0	0.0021
Thomomys	0.0	0.0	30.889186	-115.46390600000001	0.0	0.0	0.0021
Thomomys	0.0	0.0	31.844103000000004	-116.60355600000001	0.0	0.0	0.0021
Thomomys	0.0	0.0	25.539808999999998	-103.434079	0.0	0.0	0.0021
Thomomys	0.0	0.0	25.349764999999998	-101.03365500000001	0.0	0.0	0.0021
Thomomys	0.0	0.0	25.282425	-100.894873	0.0	0.0	0.0021
Thomomys	0.0	0.0	32.407749	-115.23275	0.0	0.0	0.0021
Thomomys	0.0	0.0	25.541176999999998	-103.433572	0.0	0.0	0.0021
Thomomys	0.0	0.0	30.972269	-115.74373600000001	0.0	0.0	0.0021
Thomomys	0.0	0.0	32.500023999999996	-116.93863700000001	0.0	0.0	0.0021
Thomomys	0.0	0.0	32.575749	-116.075363	0.0	0.0	0.0021
Thomomys	0.0	0.0	30.893862	-115.481707	0.0	0.0	0.0021
Thomomys	0.0	0.0	31.866743	-116.59637099999999	0.0	0.0	0.0021
Thomomys	0.0	0.0	30.549444	-108.620833	0.0	0.0	0.0021
Thomomys	0.0	0.0	27.452228	-113.89938400000001	0.0	0.0	0.0021
Thomomys	0.0	0.0	31.312222	-108.933889	0.0	0.0	0.0021
Thomomys	0.0	0.0	29.921667	-114.949444	0.0	0.0	0.0021
Thomomys	0.0	0.0	29.900278000000004	-114.950278	0.0	0.0	0.0021
Thomomys	0.0	0.0	28.923610999999998	-114.183889	0.0	0.0	0.0021
Thomomys	0.0	0.0	29.900278000000004	-114.950278	0.0	0.0	0.0021
Thomomys	0.0	0.0	29.900278000000004	-114.950278	0.0	0.0	0.0021
Thomomys	0.0	0.0	29.900278000000004	-114.950278	0.0	0.0	0.0021
