species	max_age	min_age	lat	lon	family	mean_age	rounded_ages
Zapus	0.0	0.0	41.510099	-71.01871	0.0	0.0	0.0021
Zapus	0.0	0.0	41.722854	-70.558847	0.0	0.0	0.0021
Zapus	0.0	0.0	41.69934	-84.677059	0.0	0.0	0.0021
Zapus	0.0	0.0	44.904432	-71.09076999999998	0.0	0.0	0.0021
Zapus	0.0	0.0	47.71357800000001	-122.05136100000001	0.0	0.0	0.0021
Zapus	0.0	0.0	45.077478	-87.09608100000001	0.0	0.0	0.0021
Zapus	0.0	0.0	44.254356	-71.50008299999998	0.0	0.0	0.0021
Zapus	0.0	0.0	40.65175900000001	-111.63357099999999	0.0	0.0	0.0021
Zapus	0.0	0.0	38.31256	-79.658852	0.0	0.0	0.0021
Zapus	0.0	0.0	41.371231	-111.9219	0.0	0.0	0.0021
Zapus	0.0	0.0	44.154410999999996	-73.02359	0.0	0.0	0.0021
Zapus	0.0	0.0	44.150085	-73.017957	0.0	0.0	0.0021
Zapus	0.0	0.0	46.680634999999995	-92.55475	0.0	0.0	0.0021
Zapus	0.0	0.0	44.154381	-73.023474	0.0	0.0	0.0021
Zapus	0.0	0.0	43.734931	-124.06196200000001	0.0	0.0	0.0021
Zapus	0.0	0.0	46.120093	-123.880187	0.0	0.0	0.0021
Zapus	0.0	0.0	48.759809999999995	-113.788147	0.0	0.0	0.0021
Zapus	0.0	0.0	46.207522	-89.479737	0.0	0.0	0.0021
Zapus	0.0	0.0	41.701065	-70.354926	0.0	0.0	0.0021
Zapus	0.0	0.0	38.126993	-85.521562	0.0	0.0	0.0021
Zapus	0.0	0.0	42.427439	-76.382859	0.0	0.0	0.0021
Zapus	0.0	0.0	46.19960800000001	-123.97357199999999	0.0	0.0	0.0021
Zapus	0.0	0.0	46.162969	-90.958635	0.0	0.0	0.0021
Zapus	0.0	0.0	45.404367	-93.198964	0.0	0.0	0.0021
Zapus	0.0	0.0	44.71471	-73.33399	0.0	0.0	0.0021
Zapus	0.0	0.0	47.381928	-91.197653	0.0	0.0	0.0021
Zapus	0.0	0.0	47.884663	-124.22493300000001	0.0	0.0	0.0021
Zapus	0.0	0.0	46.122412	-123.87688899999999	0.0	0.0	0.0021
Zapus	0.0	0.0	45.07715200000001	-116.62171200000002	0.0	0.0	0.0021
Zapus	0.0	0.0	41.945316	-92.125241	0.0	0.0	0.0021
Zapus	0.0	0.0	46.130666999999995	-123.878548	0.0	0.0	0.0021
Zapus	0.0	0.0	39.258109999999995	-117.16376699999999	0.0	0.0	0.0021
Zapus	0.0	0.0	45.075596000000004	-116.622749	0.0	0.0	0.0021
Zapus	0.0	0.0	41.561572	-81.42065500000002	0.0	0.0	0.0021
Zapus	0.0	0.0	39.426797	-120.334488	0.0	0.0	0.0021
Zapus	0.0	0.0	43.131495	-72.527039	0.0	0.0	0.0021
Zapus	0.0	0.0	46.126556	-123.885269	0.0	0.0	0.0021
Zapus	0.0	0.0	47.877512	-122.223175	0.0	0.0	0.0021
Zapus	0.0	0.0	41.190896	-81.586213	0.0	0.0	0.0021
Zapus	0.0	0.0	48.870047	-114.19151799999999	0.0	0.0	0.0021
Zapus	0.0	0.0	41.672917	-75.06429200000002	0.0	0.0	0.0021
Zapus	0.0	0.0	43.263089	-70.590221	0.0	0.0	0.0021
Zapus	0.0	0.0	39.136127	-120.21696499999999	0.0	0.0	0.0021
Zapus	0.0	0.0	40.982676	-124.094807	0.0	0.0	0.0021
Zapus	0.0	0.0	38.951045	-106.99149399999999	0.0	0.0	0.0021
Zapus	0.0	0.0	39.432522	-120.253574	0.0	0.0	0.0021
Zapus	0.0	0.0	47.728875	-121.41066299999999	0.0	0.0	0.0021
Zapus	0.0	0.0	33.910961	-109.226868	0.0	0.0	0.0021
Zapus	0.0	0.0	46.810072999999996	-92.169771	0.0	0.0	0.0021
Zapus	0.0	0.0	41.814555	-72.23867800000002	0.0	0.0	0.0021
Zapus	0.0	0.0	42.602956	-70.8963	0.0	0.0	0.0021
Zapus	0.0	0.0	44.273241999999996	-73.949067	0.0	0.0	0.0021
Zapus	0.0	0.0	41.90413	-124.191856	0.0	0.0	0.0021
Zapus	0.0	0.0	43.998245000000004	-72.608397	0.0	0.0	0.0021
Zapus	0.0	0.0	44.362595	-72.517465	0.0	0.0	0.0021
Zapus	0.0	0.0	43.840214	-110.45726100000002	0.0	0.0	0.0021
Zapus	0.0	0.0	39.465885	-120.38286200000002	0.0	0.0	0.0021
Zapus	0.0	0.0	43.70771	-70.238923	0.0	0.0	0.0021
Zapus	0.0	0.0	40.359233	-74.766576	0.0	0.0	0.0021
Zapus	0.0	0.0	39.820085	-75.71814300000003	0.0	0.0	0.0021
Zapus	0.0	0.0	43.718666999999996	-110.4875	0.0	0.0	0.0021
Zapus	0.0	0.0	43.675667	-110.49966699999999	0.0	0.0	0.0021
Zapus	0.0	0.0	47.979413	-91.82410899999999	0.0	0.0	0.0021
Zapus	0.0	0.0	44.948029	-73.16911	0.0	0.0	0.0021
Zapus	0.0	0.0	43.793294	-71.777226	0.0	0.0	0.0021
Zapus	0.0	0.0	45.889908	-122.84898999999999	0.0	0.0	0.0021
Zapus	0.0	0.0	48.617591	-113.878698	0.0	0.0	0.0021
Zapus	0.0	0.0	33.846292	-106.998585	0.0	0.0	0.0021
Zapus	0.0	0.0	42.962309999999995	-72.61358800000002	0.0	0.0	0.0021
Zapus	0.0	0.0	38.015905	-119.177617	0.0	0.0	0.0021
Zapus	0.0	0.0	47.864067999999996	-122.083422	0.0	0.0	0.0021
Zapus	0.0	0.0	41.32594	-81.40463000000003	0.0	0.0	0.0021
Zapus	0.0	0.0	36.90085	-104.382588	0.0	0.0	0.0021
Zapus	0.0	0.0	41.101445	-81.441779	0.0	0.0	0.0021
Zapus	0.0	0.0	38.850537	-119.92871000000001	0.0	0.0	0.0021
Zapus	0.0	0.0	41.505303999999995	-73.530574	0.0	0.0	0.0021
Zapus	0.0	0.0	48.985382	-88.260129	0.0	0.0	0.0021
Zapus	0.0	0.0	45.56755	-66.03016	0.0	0.0	0.0021
Zapus	0.0	0.0	44.718288	-78.997283	0.0	0.0	0.0021
Zapus	0.0	0.0	59.425132999999995	-126.108695	0.0	0.0	0.0021
Zapus	0.0	0.0	46.453979	-81.041361	0.0	0.0	0.0021
Zapus	0.0	0.0	49.064724	-120.833054	0.0	0.0	0.0021
Zapus	0.0	0.0	48.736815	-94.484999	0.0	0.0	0.0021
Zapus	0.0	0.0	44.477363000000004	-77.30645200000002	0.0	0.0	0.0021
Zapus	0.0	0.0	45.621389	-65.04	0.0	0.0	0.0021
Zapus	0.0	0.0	45.461172	-64.86444499999999	0.0	0.0	0.0021
Zapus	0.0	0.0	42.64725	-80.55528699999998	0.0	0.0	0.0021
Zapus	0.0	0.0	45.461353	-64.86461700000001	0.0	0.0	0.0021
Zapus	0.0	0.0	46.385309	-80.833302	0.0	0.0	0.0021
Zapus	0.0	0.0	43.393629	-80.062442	0.0	0.0	0.0021
Zapus	0.0	0.0	43.835072	-79.18255500000002	0.0	0.0	0.0021
Zapus	0.0	0.0	43.83638	-79.182105	0.0	0.0	0.0021
Zapus	0.0	0.0	46.47507	-63.30511600000001	0.0	0.0	0.0021
Zapus	0.0	0.0	44.471292	-77.31453499999998	0.0	0.0	0.0021
Zapus	0.0	0.0	49.315585999999996	-122.914897	0.0	0.0	0.0021
Zapus	0.0	0.0	45.574184	-78.683352	0.0	0.0	0.0021
Zapus	0.0	0.0	43.832719	-79.592947	0.0	0.0	0.0021
Zapus	0.0	0.0	43.756321	-79.666997	0.0	0.0	0.0021
Zapus	0.0	0.0	43.816	-79.167	0.0	0.0	0.0021
Zapus	0.0	0.0	43.816	-79.167	0.0	0.0	0.0021
Zapus	0.0	0.0	46.474128	-65.902088	0.0	0.0	0.0021
Zapus	0.0	0.0	43.816	-79.167	0.0	0.0	0.0021
Zapus	0.0	0.0	43.831	-79.179	0.0	0.0	0.0021
Zapus	0.0	0.0	48.020663	-78.94300600000003	0.0	0.0	0.0021
Zapus	0.0	0.0	48.990874	-79.16453100000003	0.0	0.0	0.0021
Zapus	0.0	0.0	44.675984	-76.80187	0.0	0.0	0.0021
Zapus	0.0	0.0	44.430308000000004	-64.684635	0.0	0.0	0.0021
Zapus	0.0	0.0	48.294408000000004	-79.21584	0.0	0.0	0.0021
Zapus	0.0	0.0	48.294426	-79.215824	0.0	0.0	0.0021
Zapus	0.0	0.0	48.778031	-78.833529	0.0	0.0	0.0021
Zapus	0.0	0.0	48.569416	-79.039631	0.0	0.0	0.0021
Zapus	0.0	0.0	43.870313	-78.781265	0.0	0.0	0.0021
Zapus	0.0	0.0	48.665095	-78.53914499999998	0.0	0.0	0.0021
Zapus	0.0	0.0	48.665116	-78.53914499999998	0.0	0.0	0.0021
Zapus	0.0	0.0	48.842954	-78.830698	0.0	0.0	0.0021
Zapus	0.0	0.0	48.82799	-79.052584	0.0	0.0	0.0021
