index	Latitude	Longitude	Age Max	Age Min	ID	Openness	mean_age
0	74.3	-123.033	16.0	14.0	1	Closed	15.0
1	74.3	-123.033	16.0	14.0	2	Closed	15.0
2	74.3	-123.033	16.0	14.0	3	Closed	15.0
3	74.3	-123.033	16.0	14.0	4	Closed	15.0
4	74.3	-123.033	16.0	14.0	5	Closed	15.0
5	67.333	-141.333	15.3	15.1	6	Closed	15.2
6	67.333	-141.333	15.3	15.1	7	Closed	15.2
7	67.333	-141.333	15.3	15.1	8	Closed	15.2
8	67.333	-141.333	15.3	15.1	9	Closed	15.2
9	67.333	-141.333	15.3	15.1	10	Closed	15.2
10	67.333	-141.333	15.3	15.1	11	Closed	15.2
11	67.333	-141.333	15.3	15.1	12	Closed	15.2
12	67.333	-141.333	15.3	15.1	13	Closed	15.2
13	67.333	-141.333	15.3	15.1	14	Closed	15.2
14	67.333	-141.333	15.3	15.1	15	Closed	15.2
15	67.333	-141.333	15.3	15.1	16	Closed	15.2
16	67.333	-141.333	15.3	15.1	17	Closed	15.2
17	67.333	-141.333	15.3	15.1	18	Closed	15.2
18	67.333	-141.333	15.3	15.1	19	Closed	15.2
19	67.333	-141.333	15.3	15.1	20	Closed	15.2
20	67.333	-141.333	15.3	15.1	21	Closed	15.2
21	67.333	-141.333	15.3	15.1	22	Closed	15.2
22	67.333	-141.333	15.3	15.1	23	Closed	15.2
23	67.333	-141.333	15.3	15.1	24	Closed	15.2
24	67.333	-141.333	15.3	15.1	25	Closed	15.2
25	67.333	-141.333	15.3	15.1	26	Closed	15.2
26	67.333	-141.333	15.3	15.1	27	Closed	15.2
27	67.333	-141.333	15.3	15.1	28	Closed	15.2
28	67.333	-141.333	15.3	15.1	29	Closed	15.2
29	67.333	-141.333	15.3	15.1	30	Closed	15.2
30	67.333	-141.333	15.3	15.1	31	Closed	15.2
31	63.9	-148.941	17.0	14.0	33	Closed	15.5
32	64.083333	-141.916667	3.1	2.7	34	Open	2.9000000000000004
33	63.233333	-145.616667	5.26	5.26	35	Open	5.26
34	65.883333	-163.116667	5.9	5.5	36	Closed	5.7
35	67.15	-142.133333	6.59	6.55	37	Closed	6.57
36	63.866667	-148.85	8.0	8.0	38	Closed	8.0
37	63.866667	-148.85	9.7	9.7	39	Closed	9.7
38	63.866667	-148.85	11.3	11.3	40	Closed	11.3
39	63.866667	-148.85	13.4	13.4	41	Closed	13.4
40	63.866667	-148.85	14.0	14.0	42	Closed	14.0
41	63.866667	-148.85	14.6	14.6	43	Closed	14.6
42	63.866667	-148.85	15.0	15.0	44	Closed	15.0
43	63.866667	-148.85	16.0	16.0	45	Closed	16.0
44	39.781	-123.235	15.97	11.61	46	Closed	13.79
45	39.781	-123.235	15.97	11.61	47	Closed	13.79
46	39.781	-123.235	15.97	11.61	48	Closed	13.79
47	39.781	-123.235	15.97	11.61	49	Closed	13.79
48	39.781	-123.235	15.97	11.61	50	Closed	13.79
49	39.781	-123.235	15.97	11.61	51	Closed	13.79
50	39.781	-123.235	15.97	11.61	52	Closed	13.79
51	39.781	-123.235	15.97	11.61	53	Closed	13.79
52	39.781	-123.235	15.97	11.61	54	Closed	13.79
53	39.781	-123.235	15.97	11.61	55	Closed	13.79
54	52.467	-125.3167	12.0	8.0	282	Closed	10.0
55	52.0164	-125.353	12.0	8.0	283	Closed	10.0
56	51.9194	-123.0417	12.0	8.0	284	Closed	10.0
57	52.9833	-122.4833	12.0	8.0	285	Closed	10.0
58	50.886	-120.7844	12.0	8.0	286	Closed	10.0
59	44.5	-119.633	7.5	7.3	346	Open	7.4
60	44.5	-119.633	7.5	7.3	347	Open	7.4
61	44.5	-119.633	7.5	7.3	348	Open	7.4
62	44.5	-119.633	7.5	7.3	349	Open	7.4
63	44.5	-119.633	7.5	7.3	350	Open	7.4
64	44.5	-119.633	7.5	7.3	351	Open	7.4
65	44.5	-119.633	7.5	7.3	352	Open	7.4
66	44.5	-119.633	7.5	7.3	353	Open	7.4
67	44.5	-119.633	7.5	7.3	354	Open	7.4
68	44.5	-119.633	7.5	7.3	355	Open	7.4
69	44.5	-119.633	7.5	7.3	356	Open	7.4
70	44.5	-119.633	7.5	7.3	357	Open	7.4
71	44.5	-119.633	7.5	7.3	358	Open	7.4
72	44.5	-119.633	7.5	7.3	359	Open	7.4
73	44.5	-119.633	7.5	7.3	360	Open	7.4
74	44.5	-119.633	7.5	7.3	361	Open	7.4
75	44.5	-119.633	7.5	7.3	362	Open	7.4
76	44.5	-119.633	7.5	7.3	363	Open	7.4
77	44.5	-119.633	7.5	7.3	364	Open	7.4
78	44.5	-119.633	7.5	7.3	365	Open	7.4
79	44.5	-119.633	7.5	7.3	366	Open	7.4
80	44.5	-119.633	7.5	7.3	367	Open	7.4
81	44.5	-119.633	7.5	7.3	368	Open	7.4
82	44.5	-119.633	7.5	7.3	369	Open	7.4
83	44.5	-119.633	7.5	7.3	370	Open	7.4
84	44.5	-119.633	7.5	7.3	371	Open	7.4
85	44.5	-119.633	7.5	7.3	372	Open	7.4
86	44.5	-119.633	7.5	7.3	373	Open	7.4
87	44.5	-119.633	7.5	7.3	374	Open	7.4
88	44.5	-119.633	7.5	7.3	375	Open	7.4
89	44.5	-119.633	7.5	7.3	376	Open	7.4
90	44.5	-119.633	7.5	7.3	377	Open	7.4
91	44.5	-119.633	7.5	7.3	378	Open	7.4
92	44.5	-119.633	7.5	7.3	379	Open	7.4
93	44.5	-119.633	7.5	7.3	380	Open	7.4
94	44.5	-119.633	7.5	7.3	381	Open	7.4
95	44.5	-119.633	7.5	7.3	382	Open	7.4
96	44.5	-119.633	7.5	7.3	383	Open	7.4
97	44.5	-119.633	7.5	7.3	384	Open	7.4
98	44.5	-119.633	7.5	7.3	385	Open	7.4
99	37.5406	-77.4358	16.0	11.6	453	Closed	13.8
100	30.468	-84.986	18.0	15.0	701	Closed	16.5
101	46.342	-115.789	12.5	10.5	879	Closed	11.5
102	43.0	-116.55	10.5	8.5	882	Closed	9.5
103	38.548	-75.062	11.6	5.3	1317	Closed	8.45
104	38.548	-75.062	11.6	5.3	1318	Closed	8.45
105	38.548	-75.062	11.6	5.3	1319	Closed	8.45
106	38.548	-75.062	11.6	5.3	1320	Closed	8.45
107	38.548	-75.062	11.6	5.3	1321	Closed	8.45
108	38.548	-75.062	11.6	5.3	1322	Closed	8.45
109	38.548	-75.062	11.6	5.3	1323	Closed	8.45
110	38.548	-75.062	11.7	9.6	1324	Closed	10.649999999999999
111	38.548	-75.062	11.7	9.6	1325	Closed	10.649999999999999
112	38.548	-75.062	11.9	10.2	1326	Closed	11.05
113	38.548	-75.062	11.9	10.2	1327	Closed	11.05
114	38.548	-75.062	11.9	10.2	1328	Closed	11.05
115	38.548	-75.062	17.0	14.0	1329	Closed	15.5
116	38.548	-75.062	17.0	14.0	1330	Closed	15.5
117	38.548	-75.062	17.0	14.0	1331	Closed	15.5
118	38.548	-75.062	17.0	14.0	1332	Closed	15.5
119	38.548	-75.062	17.0	14.0	1333	Closed	15.5
120	38.548	-75.062	20.8	17.0	1334	Closed	18.9
121	38.548	-75.062	20.8	17.0	1335	Closed	18.9
122	38.548	-75.062	20.8	17.0	1336	Closed	18.9
123	38.548	-75.062	20.8	17.0	1337	Closed	18.9
124	38.548	-75.062	20.8	17.0	1338	Closed	18.9
125	38.548	-75.062	20.8	17.0	1339	Closed	18.9
126	38.548	-75.062	20.8	17.0	1340	Closed	18.9
127	34.583	-112.418	11.6	3.6	1341	Closed	7.6
128	40.034	-74.333	11.0	11.0	1344	Closed	11.0
129	78.257	-75.155	3.6	2.6	1345	Open	3.1
130	78.257	-75.155	11.6	3.6	1346	Closed	7.6
131	78.257	-75.155	11.6	3.6	1347	Closed	7.6
132	33.85	-120.75	5.3	2.6	1862	Open	3.95
133	33.85	-120.75	5.3	2.6	1863	Open	3.95
134	33.85	-120.75	5.3	2.6	1864	Open	3.95
135	33.85	-120.75	5.3	2.6	1865	Open	3.95
136	33.85	-120.75	5.3	2.6	1866	Open	3.95
137	33.85	-120.75	5.3	2.6	1867	Open	3.95
138	33.85	-120.75	5.3	2.6	1868	Open	3.95
139	33.85	-120.75	5.3	2.6	1869	Open	3.95
140	33.85	-120.75	5.3	2.6	1870	Open	3.95
141	33.85	-120.75	5.3	2.6	1871	Open	3.95
142	33.85	-120.75	5.3	2.6	1872	Open	3.95
143	33.85	-120.75	5.3	2.6	1873	Open	3.95
144	33.85	-120.75	5.3	2.6	1874	Open	3.95
145	33.85	-120.75	5.3	2.6	1875	Open	3.95
146	33.85	-120.75	5.3	2.6	1876	Open	3.95
147	33.85	-120.75	5.3	2.6	1877	Open	3.95
148	33.85	-120.75	5.3	2.6	1878	Open	3.95
149	33.85	-120.75	5.3	2.6	1879	Open	3.95
150	33.85	-120.75	5.3	2.6	1880	Open	3.95
151	33.85	-120.75	5.3	2.6	1881	Open	3.95
152	33.85	-120.75	5.3	2.6	1882	Open	3.95
153	33.85	-120.75	5.3	2.6	1883	Open	3.95
154	33.85	-120.75	5.3	2.6	1884	Open	3.95
155	33.85	-120.75	5.3	2.6	1885	Open	3.95
156	33.85	-120.75	5.3	2.6	1886	Open	3.95
157	33.85	-120.75	5.3	2.6	1887	Open	3.95
158	33.85	-120.75	5.3	2.6	1888	Open	3.95
159	33.85	-120.75	5.3	2.6	1889	Open	3.95
160	33.85	-120.75	5.3	2.6	1890	Open	3.95
161	33.85	-120.75	5.3	2.6	1891	Open	3.95
162	33.85	-120.75	5.3	2.6	1892	Open	3.95
163	33.85	-120.75	5.3	2.6	1893	Open	3.95
164	33.85	-120.75	5.3	2.6	1894	Open	3.95
165	33.85	-120.75	5.3	2.6	1895	Open	3.95
166	33.85	-120.75	5.3	2.6	1896	Open	3.95
167	33.85	-120.75	5.3	2.6	1897	Open	3.95
168	33.85	-120.75	5.3	2.6	1898	Open	3.95
169	33.85	-120.75	5.3	2.6	1899	Open	3.95
170	33.85	-120.75	5.3	2.6	1900	Open	3.95
171	33.85	-120.75	5.3	2.6	1901	Open	3.95
172	33.85	-120.75	5.3	2.6	1902	Open	3.95
173	33.85	-120.75	5.3	2.6	1903	Open	3.95
174	33.85	-120.75	5.3	2.6	1904	Open	3.95
175	33.85	-120.75	5.3	2.6	1905	Open	3.95
176	33.85	-120.75	5.3	2.6	1906	Open	3.95
177	33.85	-120.75	5.3	2.6	1907	Open	3.95
178	33.85	-120.75	5.3	2.6	1908	Open	3.95
179	33.85	-120.75	5.3	2.6	1909	Open	3.95
180	33.85	-120.75	5.3	2.6	1910	Open	3.95
181	33.85	-120.75	5.3	2.6	1911	Open	3.95
182	33.85	-120.75	5.3	2.6	1912	Open	3.95
183	33.85	-120.75	11.6	5.3	1913	Open	8.45
184	33.85	-120.75	11.6	5.3	1914	Open	8.45
185	33.85	-120.75	11.6	5.3	1915	Open	8.45
186	33.85	-120.75	11.6	5.3	1916	Open	8.45
187	33.85	-120.75	11.6	5.3	1917	Open	8.45
188	33.85	-120.75	11.6	5.3	1918	Open	8.45
189	33.85	-120.75	11.6	5.3	1919	Open	8.45
190	33.85	-120.75	11.6	5.3	1920	Open	8.45
191	33.85	-120.75	11.6	5.3	1921	Open	8.45
192	33.85	-120.75	11.6	5.3	1922	Open	8.45
193	33.85	-120.75	11.6	5.3	1923	Open	8.45
194	33.85	-120.75	11.6	5.3	1924	Open	8.45
195	33.85	-120.75	11.6	5.3	1925	Open	8.45
196	33.85	-120.75	11.6	5.3	1926	Open	8.45
197	33.85	-120.75	11.6	5.3	1927	Open	8.45
198	33.85	-120.75	11.6	5.3	1928	Open	8.45
199	33.85	-120.75	11.6	5.3	1929	Open	8.45
200	33.85	-120.75	11.6	5.3	1930	Open	8.45
201	33.85	-120.75	11.6	5.3	1931	Open	8.45
202	33.85	-120.75	11.6	5.3	1932	Open	8.45
203	33.85	-120.75	11.6	5.3	1933	Open	8.45
204	33.85	-120.75	11.6	5.3	1934	Open	8.45
205	33.85	-120.75	11.6	5.3	1935	Open	8.45
206	33.85	-120.75	11.6	5.3	1936	Open	8.45
207	33.85	-120.75	11.6	5.3	1937	Open	8.45
208	33.85	-120.75	11.6	5.3	1938	Open	8.45
209	33.85	-120.75	11.6	5.3	1939	Open	8.45
210	33.85	-120.75	11.6	5.3	1940	Open	8.45
211	33.85	-120.75	11.6	5.3	1941	Open	8.45
212	33.85	-120.75	11.6	5.3	1942	Open	8.45
213	33.85	-120.75	11.6	5.3	1943	Open	8.45
214	33.85	-120.75	11.6	5.3	1944	Open	8.45
215	33.85	-120.75	11.6	5.3	1945	Open	8.45
216	33.85	-120.75	11.6	5.3	1946	Open	8.45
217	33.85	-120.75	11.6	5.3	1947	Open	8.45
218	33.85	-120.75	11.6	5.3	1948	Open	8.45
219	33.85	-120.75	16.0	11.6	1949	Open	13.8
220	33.85	-120.75	16.0	11.6	1950	Open	13.8
221	33.85	-120.75	16.0	11.6	1951	Open	13.8
222	33.85	-120.75	16.0	11.6	1952	Open	13.8
223	33.85	-120.75	16.0	11.6	1953	Open	13.8
224	33.85	-120.75	16.0	11.6	1954	Open	13.8
225	33.85	-120.75	16.0	11.6	1955	Open	13.8
226	33.85	-120.75	16.0	11.6	1956	Open	13.8
227	33.85	-120.75	16.0	11.6	1957	Open	13.8
228	33.85	-120.75	16.0	11.6	1958	Open	13.8
229	33.85	-120.75	16.0	11.6	1959	Open	13.8
230	33.85	-120.75	16.0	11.6	1960	Open	13.8
231	33.85	-120.75	16.0	11.6	1961	Open	13.8
232	33.85	-120.75	16.0	11.6	1962	Open	13.8
233	33.85	-120.75	16.0	11.6	1963	Open	13.8
234	33.85	-120.75	16.0	11.6	1964	Open	13.8
235	33.85	-120.75	16.0	11.6	1965	Open	13.8
236	33.85	-120.75	16.0	11.6	1966	Open	13.8
237	33.85	-120.75	16.0	11.6	1967	Open	13.8
238	33.85	-120.75	16.0	11.6	1968	Open	13.8
239	33.85	-120.75	16.0	11.6	1969	Open	13.8
240	33.85	-120.75	16.0	11.6	1970	Open	13.8
241	33.85	-120.75	16.0	11.6	1971	Open	13.8
242	33.85	-120.75	16.0	11.6	1972	Open	13.8
243	33.85	-120.75	16.0	11.6	1973	Open	13.8
244	33.85	-120.75	16.0	11.6	1974	Open	13.8
245	33.85	-120.75	16.0	11.6	1975	Open	13.8
246	33.85	-120.75	16.0	11.6	1976	Open	13.8
247	33.85	-120.75	16.0	11.6	1977	Open	13.8
248	33.85	-120.75	16.0	11.6	1978	Open	13.8
249	33.85	-120.75	16.0	11.6	1979	Open	13.8
250	33.85	-120.75	16.0	11.6	1980	Open	13.8
251	33.85	-120.75	16.0	11.6	1981	Open	13.8
252	29.285	-82.339	13.6	4.9	2056	Open	9.25
253	47.925	-119.071	11.6	5.3	2122	Closed	8.45
254	42.808	-101.032	7.2	5.3	2183	Open	6.25
255	46.506	-120.541	11.6	3.6	2184	Closed	7.6
256	46.657	-120.522	11.6	3.6	2185	Closed	7.6
257	46.702	-120.547	11.6	3.6	2186	Closed	7.6
258	46.702	-120.547	11.6	3.6	2187	Closed	7.6
259	46.702	-120.547	11.6	3.6	2188	Closed	7.6
260	46.818	-120.645	11.6	5.3	2189	Closed	8.45
261	46.901	-120.467	11.6	5.3	2190	Closed	8.45
262	42.101	-114.021	16.0	11.6	2413	Closed	13.8
263	39.422	-119.296	14.8	13.3	2414	Closed	14.05
264	36.562	-121.886	16.0	5.3	2415	Closed	10.65
265	63.85	-148.96	11.6	6.7	2483	Closed	9.15
266	38.5	-120.01	7.0	7.0	2549	Closed	7.0
267	37.61	-120.57	4.5	4.5	2550	Open/Closed	4.5
268	35.97	-120.02	5.0	5.0	2551	Open	5.0
269	79.934	-99.242	5.3	3.6	2576	Open	4.45
270	71.584	-131.217	16.0	11.6	2577	Closed	13.8
271	75.105	-87.101	23.0	16.0	2578	Closed	19.5
272	38.58	-122.67	5.3	2.6	2580	Closed	3.95
273	38.58	-122.67	5.3	2.6	2581	Closed	3.95
274	38.4	-122.64	5.3	2.6	2582	Closed	3.95
275	38.4	-122.67	5.3	2.6	2583	Closed	3.95
276	38.51	-122.72	5.3	2.6	2584	Closed	3.95
277	38.193	-122.53	5.3	2.6	2585	Closed	3.95
278	37.85	-122.11	5.3	2.6	2586	Closed	3.95
279	37.88	-122.14	5.3	2.6	2587	Closed	3.95
280	37.69	-122.5	5.3	2.6	2588	Closed	3.95
281	37.28	-122.04	5.3	2.6	2589	Closed	3.95
282	40.12	-123.8	5.3	2.6	2590	Closed	3.95
283	40.12	-123.81	5.3	2.6	2591	Closed	3.95
284	40.06	-123.73	5.3	2.6	2592	Closed	3.95
285	41.49	-120.45	3.6	2.6	2593	Closed	3.1
286	36.05	-120.28	5.3	2.6	2594	Closed	3.95
287	34.35	-119.28	5.3	2.6	2595	Closed	3.95
288	54.02	-132.02	11.6	2.6	2609	Closed	7.1
289	54.02	-132.02	11.6	2.6	2610	Closed	7.1
290	54.02	-132.02	11.6	2.6	2611	Closed	7.1
291	54.02	-132.02	11.6	2.6	2612	Closed	7.1
292	54.02	-132.02	11.6	2.6	2613	Closed	7.1
293	47.043	-123.778	11.6	5.3	2694	Closed	8.45
294	47.043	-123.778	11.6	5.3	2695	Closed	8.45
295	47.043	-123.778	11.6	5.3	2696	Closed	8.45
296	47.043	-123.778	11.6	5.3	2697	Closed	8.45
297	47.043	-123.778	11.6	5.3	2698	Closed	8.45
298	47.043	-123.778	11.6	5.3	2699	Closed	8.45
299	47.043	-123.778	11.6	5.3	2700	Closed	8.45
300	47.043	-123.778	11.6	5.3	2701	Closed	8.45
301	47.043	-123.778	11.6	5.3	2702	Closed	8.45
302	47.043	-123.778	11.6	5.3	2703	Closed	8.45
303	47.043	-123.778	11.6	5.3	2704	Closed	8.45
304	31.088	-93.059	13.0	11.5	2705	Closed	12.25
305	53.085	-122.599	11.6	5.3	2749	Closed	8.45
306	44.715	-118.171	11.3	5.3	2751	Closed	8.3
307	44.715	-118.171	11.6	5.3	2752	Closed	8.45
308	69.33	-135.75	3.6	2.6	2784	Closed	3.1
309	69.33	-135.75	5.3	2.6	2785	Closed	3.95
310	69.33	-135.75	23.0	11.6	2786	Open	17.3
311	40.93	-104.8	23.5	19.2	2810	Closed	21.35
312	40.78	-104.03	18.7	18.7	2811	Closed	18.7
313	40.78	-104.03	18.7	18.7	2812	Open	18.7
314	40.99	-103.92	18.7	17.2	2813	Open	17.95
315	40.89	-103.94	14.4	14.4	2814	Open	14.4
316	40.89	-103.94	14.1	14.1	2815	Open	14.1
317	40.89	-103.94	14.4	14.1	2816	Closed	14.25
318	40.78	-104.03	13.3	13.3	2817	Open	13.3
319	40.74	-103.89	11.5	11.5	2818	Closed	11.5
320	46.71	-110.98	27.5	27.5	2819	Closed	27.5
321	46.71	-113.06	27.5	27.5	2820	Open	27.5
322	46.01	-111.92	27.5	20.8	2821	Closed	24.15
323	45.99	-111.85	19.0	19.0	2822	Closed	19.0
324	44.78	-113.26	23.0	19.0	2823	Closed	21.0
325	44.79	-113.25	17.2	17.2	2824	Open	17.2
326	44.79	-113.25	16.7	16.7	2825	Open	16.7
327	44.79	-113.25	16.3	16.3	2826	Open	16.3
328	44.8	-113.25	15.2	15.2	2827	Open	15.2
329	44.8	-113.25	15.1	15.1	2828	Open	15.1
330	44.93	-112.55	15.8	15.8	2829	Open	15.8
331	45.75	-111.43	15.3	13.0	2830	Closed	14.15
332	45.9	-114.2	15.8	11.0	2831	Open	13.4
333	42.76	-103.53	29.0	29.0	2833	Closed	29.0
334	42.3	-103.68	28.4	28.4	2834	Closed	28.4
335	42.65	-104.77	28.4	28.4	2835	Closed	28.4
336	42.75	-103.93	28.1	28.1	2836	Closed	28.1
337	42.75	-103.93	27.9	27.9	2837	Closed	27.9
338	42.75	-103.93	26.2	26.2	2838	Closed	26.2
339	42.75	-103.93	26.0	26.0	2839	Closed	26.0
340	42.75	-103.93	25.9	25.9	2840	Open	25.9
341	42.03	-103.88	26.5	26.5	2841	Closed	26.5
342	42.72	-103.01	25.0	25.0	2842	Closed	25.0
343	42.69	-103.93	20.0	20.0	2843	Open	20.0
344	42.69	-103.93	19.8	19.8	2844	Open	19.8
345	42.69	-103.93	19.5	19.5	2845	Open	19.5
346	42.43	-103.46	24.0	24.0	2846	Open	24.0
347	41.7	-103.72	19.2	19.2	2847	Open	19.2
348	42.42	-103.76	19.1	19.1	2848	Open	19.1
349	42.67	-104.02	19.1	19.1	2849	Open	19.1
350	42.43	-103.46	19.1	19.1	2850	Open	19.1
351	42.34	-104.06	19.1	19.1	2851	Open	19.1
352	42.34	-104.06	18.9	18.9	2852	Open	18.9
353	42.42	-103.76	18.9	18.9	2853	Open	18.9
354	42.6	-104.01	18.9	18.9	2854	Open	18.9
355	42.81	-101.77	19.1	19.1	2855	Open	19.1
356	42.43	-103.37	18.5	18.5	2856	Open	18.5
357	42.48	-103.04	18.1	18.1	2857	Open	18.1
358	42.77	-102.02	18.1	18.1	2858	Open	18.1
359	42.77	-102.02	18.1	18.1	2859	Open	18.1
360	42.56	-102.59	17.5	17.5	2860	Open	17.5
361	42.44	-103.07	17.0	17.0	2861	Open	17.0
362	42.44	-103.07	17.0	17.0	2862	Open	17.0
363	42.17	-103.72	16.5	16.5	2863	Open	16.5
364	42.17	-103.72	16.1	16.1	2864	Open	16.1
365	42.64	-102.8	16.5	16.5	2865	Open	16.5
366	42.17	-103.72	15.6	15.6	2866	Open	15.6
367	42.17	-103.72	15.6	15.6	2867	Open	15.6
368	42.69	-102.85	15.0	15.0	2868	Open	15.0
369	42.8	-100.5	11.8	11.8	2869	Open	11.8
370	42.73	-99.82	11.4	11.4	2870	Open	11.4
371	42.75	-100.82	10.8	10.8	2871	Open	10.8
372	42.71	-99.94	9.5	9.5	2872	Open	9.5
373	42.91	-100.27	9.0	9.0	2873	Open	9.0
374	35.99	-106.03	15.8	15.8	2874	Closed	15.8
375	35.99	-106.03	14.0	13.5	2875	Closed	13.75
376	42.8164657	-97.8619576	5.5	5.0	2876	Open	5.25
377	42.8164657	-97.8619576	5.5	5.0	2877	Open	5.25
378	41.5239548	-103.7732699	7.0	5.0	2878	Open	6.0
379	41.5239548	-103.7732699	7.0	5.0	2879	Open	6.0
380	41.5239548	-103.7732699	7.0	5.0	2880	Open	6.0
381	41.5239548	-103.7732699	9.0	5.0	2881	Open	7.0
382	41.1777746	-103.6247423	9.0	5.0	2885	Open	7.0
383	42.8244219	-100.0224186	10.0	9.0	2886	Open	9.5
384	41.2649071	-102.1317116	10.8	9.5	2887	Open	10.15
385	41.2649071	-102.1317116	10.8	9.5	2888	Open	10.15
386	42.9110723	-100.4947006	12.18	11.55	2889	Not possible to determine	11.865
387	42.9110723	-100.4947006	12.18	11.55	2890	Open	11.865
388	42.5677894	-103.0671706	18.8	17.5	2891	Not possible to determine	18.15
389	37.4254872	-99.8301638	9.0	5.0	2892	Open	7.0
390	37.4254872	-99.8301638	9.0	5.0	2893	Open	7.0
391	37.4254872	-99.8301638	9.0	5.0	2894	Open	7.0
392	39.0011182	-99.5385375	9.0	8.0	2895	Open	8.5
393	39.0011182	-99.5385375	8.0	8.0	2896	Open	8.0
394	39.0011182	-99.5385375	8.0	8.0	2897	Open	8.0
395	42.5643487	-99.7743359	3.0	2.0	2898	Open	2.5
396	42.5643487	-99.7743359	3.0	2.0	2899	Not possible to determine	2.5
397	39.43	-74.76	13.8	11.6	2961	Open/closed	12.7
398	39.43	-74.76	22.0	15.0	2962	Open	18.5
399	39.43	-74.76	22.0	15.0	2963	Closed	18.5
400	39.43	-74.76	22.0	15.0	2964	Closed	18.5
401	39.43	-74.76	22.0	15.0	2965	Closed	18.5
402	39.43	-74.76	22.0	15.0	2966	Open/closed	18.5
403	39.43	-74.76	22.0	15.0	2967	Open/closed	18.5
404	36.34	-103.19	5.3	2.6	2968	Not possible to determine	3.95
405	36.69	-103.1	5.3	2.6	2969	Not possible to determine	3.95
406	43.84	-73.05	25.0	10.0	2986	Closed	17.5
407	42.19	-103.79	20.4	12.4	2987	Open	16.4
408	42.39	-98.23	23.0	16.0	2988	Open	19.5
409	42.39	-98.23	23.0	16.0	2989	Open	19.5
410	42.39	-98.23	23.0	16.0	2990	Open	19.5
411	42.39	-98.23	23.0	16.0	2991	Not possible to determine	19.5
412	42.39	-98.23	23.0	16.0	2992	Open	19.5
413	42.39	-98.23	23.0	16.0	2993	Open	19.5
414	42.39	-98.23	23.0	16.0	2994	Not possible to determine	19.5
415	42.39	-98.23	23.0	16.0	2995	Not possible to determine	19.5
416	42.39	-98.23	23.0	16.0	2996	Not possible to determine	19.5
417	46.0	-119.0	10.0	5.0	3001	Closed	7.5
418	46.0	-119.0	10.0	5.0	3002	Closed	7.5
419	46.0	-119.0	10.0	5.0	3003	Closed	7.5
420	46.0	-119.0	10.0	5.0	3004	Closed	7.5
421	46.0	-119.0	10.0	5.0	3005	Closed	7.5
422	46.0	-119.0	10.0	5.0	3006	Closed	7.5
423	46.0	-119.0	10.0	5.0	3007	Closed	7.5
424	46.0	-119.0	10.0	5.0	3008	Closed	7.5
425	46.0	-119.0	10.0	5.0	3009	Closed	7.5
426	46.0	-119.0	10.0	5.0	3010	Closed	7.5
427	46.0	-119.0	10.0	5.0	3011	Closed	7.5
428	46.0	-119.0	10.0	5.0	3012	Closed	7.5
429	46.0	-119.0	10.0	5.0	3013	Closed	7.5
430	46.0	-119.0	10.0	5.0	3014	Closed	7.5
431	46.0	-119.0	10.0	5.0	3015	Closed	7.5
432	46.0	-119.0	10.0	5.0	3016	Closed	7.5
433	46.0	-119.0	10.0	5.0	3017	Closed	7.5
434	46.0	-119.0	10.0	5.0	3018	Closed	7.5
435	46.0	-119.0	10.0	5.0	3019	Closed	7.5
436	46.0	-119.0	10.0	5.0	3020	Closed	7.5
437	46.0	-119.0	10.0	5.0	3021	Closed	7.5
438	46.0	-119.0	10.0	5.0	3022	Closed	7.5
439	46.0	-119.0	10.0	5.0	3023	Closed	7.5
440	46.0	-119.0	10.0	5.0	3024	Closed	7.5
441	46.0	-119.0	10.0	5.0	3025	Closed	7.5
442	46.0	-119.0	10.0	5.0	3026	Closed	7.5
443	46.0	-119.0	10.0	5.0	3027	Closed	7.5
444	46.0	-119.0	10.0	5.0	3028	Closed	7.5
445	46.0	-119.0	10.0	5.0	3029	Closed	7.5
446	46.0	-119.0	10.0	5.0	3030	Closed	7.5
447	46.0	-119.0	10.0	5.0	3031	Closed	7.5
448	46.0	-119.0	10.0	5.0	3032	Closed	7.5
449	46.0	-119.0	10.0	5.0	3033	Closed	7.5
450	46.0	-119.0	10.0	5.0	3034	Closed	7.5
451	46.0	-119.0	10.0	5.0	3035	Closed	7.5
452	46.0	-119.0	10.0	5.0	3036	Closed	7.5
453	46.0	-119.0	10.0	5.0	3037	Closed	7.5
454	42.0	-115.0	3.4	2.6	3038	Open	3.0
455	42.0	-115.0	3.4	2.6	3039	Closed	3.0
456	42.0	-115.0	3.4	2.6	3040	Open	3.0
457	42.0	-115.0	3.4	2.6	3041	Closed	3.0
458	42.0	-115.0	3.4	2.6	3042	Open	3.0
459	42.0	-115.0	3.4	2.6	3043	Closed	3.0
460	42.0	-115.0	3.4	2.6	3044	Closed	3.0
461	42.0	-115.0	3.4	2.6	3045	Closed	3.0
462	42.0	-115.0	3.4	2.6	3046	Closed	3.0
463	42.0	-115.0	3.4	2.6	3047	Closed	3.0
464	42.0	-115.0	16.0	5.3	3048	Closed	10.65
465	42.0	-115.0	16.0	5.3	3049	Closed	10.65
466	42.0	-115.0	16.0	5.3	3050	Closed	10.65
467	40.0	-107.0	20.6	16.3	3051	Open	18.450000000000003
468	40.0	-107.0	20.6	16.3	3052	Open	18.450000000000003
469	40.0	-107.0	20.6	16.3	3053	Open	18.450000000000003
470	40.0	-107.0	20.6	16.3	3054	Open	18.450000000000003
471	40.0	-107.0	20.6	16.3	3055	Open	18.450000000000003
472	41.0	-107.0	20.6	16.3	3056	Open	18.450000000000003
473	41.0	-107.0	20.6	16.3	3057	Open	18.450000000000003
474	41.0	-107.0	20.6	16.3	3058	Open	18.450000000000003
475	41.0	-107.0	16.3	13.6	3059	Open	14.95
476	42.24	-114.1	13.6	10.3	3100	Closed	11.95
477	43.74	-118.81	13.6	10.3	3102	Closed	11.95
478	43.26	-117.03	16.3	13.6	3103	Closed	14.95
479	43.26	-117.03	16.3	13.6	3104	Closed	14.95
480	43.26	-117.03	16.3	13.6	3105	Closed	14.95
481	43.26	-117.03	16.3	13.6	3106	Closed	14.95
482	43.26	-117.03	16.3	13.6	3107	Closed	14.95
483	43.26	-117.03	16.3	13.6	3108	Closed	14.95
484	39.9	-99.76	5.3	3.6	3111	Open	4.45
485	39.85	-99.76	5.3	3.6	3112	Open	4.45
486	40.42	-101.37	5.3	3.6	3113	Open	4.45
487	39.95	-99.54	5.3	3.6	3114	Open	4.45
488	39.9	-102.2	5.3	3.6	3115	Open	4.45
489	41.33	-102.14	5.3	3.6	3116	Open	4.45
490	39.74	-98.73	5.3	3.6	3117	Open	4.45
491	39.84	-100.2	5.3	3.6	3118	Open	4.45
492	41.7	-98.4	5.3	3.6	3119	Open	4.45
493	38.95	-100.56	5.3	3.6	3120	Open	4.45
494	42.45	-103.3	20.6	18.6	3121	Open	19.6
495	41.83	-103.11	22.6	20.6	3122	Open	21.6
496	42.1	-103.3	18.6	17.6	3123	Open	18.1
497	42.68	-102.69	17.6	16.3	3124	Open	16.950000000000003
498	42.87	-100.56	5.3	3.6	3125	Open	4.45
499	42.1	-114.6	7.4	7.4	3848	Open	7.4
500	42.08	-114.68	7.7	7.7	3849	Open	7.7
501	42.08	-115.22	8.0	8.0	3850	Open	8.0
502	42.0	-114.67	8.6	8.6	3851	Open	8.6
503	42.08	-113.93	9.3	9.3	3852	Open	9.3
504	42.4	-114.3	10.2	10.2	3853	Open	10.2
505	42.4	-114.3	10.4	10.4	3854	Open	10.4
506	42.42	-114.3	10.5	10.5	3855	Open	10.5
507	42.33	-114.28	10.55	10.55	3856	Open	10.55
508	42.3	-114.01	10.6	10.6	3857	Open	10.6
509	42.33	-114.27	10.7	10.7	3858	Open	10.7
510	42.3	-114.02	10.8	10.8	3859	Open	10.8
511	42.15	-114.07	11.6	11.6	3860	Open	11.6
512	41.96	-115.67	12.0	12.0	3861	Open	12.0
513	41.2	-112.55	2.6	2.6	3862	Open	2.6
514	41.2	-112.55	2.6	2.6	3863	Open	2.6
515	41.2	-112.55	2.7	2.7	3864	Open	2.7
516	41.2	-112.55	2.8	2.8	3865	Open	2.8
517	41.2	-112.55	2.8	2.8	3866	Open	2.8
518	41.2	-112.55	2.9	2.9	3867	Open	2.9
519	41.2	-112.55	3.0	3.0	3868	Open	3.0
520	41.2	-112.55	3.0	3.0	3869	Open	3.0
521	41.2	-112.55	3.1	3.1	3870	Open	3.1
522	41.2	-112.55	3.2	3.2	3871	Open	3.2
523	41.2	-112.55	3.3	3.3	3872	Open	3.3
524	41.2	-112.55	3.3	3.3	3873	Open	3.3
525	41.2	-112.55	3.4	3.4	3874	Open	3.4
526	41.2	-112.55	3.4	3.4	3875	Open	3.4
527	41.2	-112.55	3.5	3.5	3876	Open	3.5
528	41.2	-112.55	3.5	3.5	3877	Open	3.5
529	41.2	-112.55	3.6	3.6	3878	Open	3.6
530	41.2	-112.55	3.7	3.7	3879	Open	3.7
531	41.2	-112.55	3.9	3.9	3880	Open	3.9
532	41.2	-112.55	4.0	4.0	3881	Open	4.0
533	41.2	-112.55	4.1	4.1	3882	Open	4.1
534	41.2	-112.55	4.2	4.2	3883	Open	4.2
535	41.2	-112.55	4.4	4.4	3884	Open	4.4
536	41.2	-112.55	4.4	4.4	3885	Open	4.4
537	41.2	-112.55	4.5	4.5	3886	Open	4.5
538	41.2	-112.55	4.6	4.6	3887	Open	4.6
539	41.2	-112.55	4.7	4.7	3888	Open	4.7
540	41.2	-112.55	4.8	4.8	3889	Open	4.8
541	41.2	-112.55	4.9	4.9	3890	Open	4.9
542	41.2	-112.55	5.0	5.0	3891	Open	5.0
543	41.2	-112.55	5.1	5.1	3892	Open	5.1
544	41.2	-112.55	5.2	5.2	3893	Open	5.2
545	41.2	-112.55	5.3	5.3	3894	Open	5.3
546	41.2	-112.55	5.4	5.4	3895	Open	5.4
547	41.2	-112.55	5.5	5.5	3896	Open	5.5
548	41.2	-112.55	5.6	5.6	3897	Open	5.6
549	41.2	-112.55	5.7	5.7	3898	Open	5.7
550	41.2	-112.55	5.8	5.8	3899	Open	5.8
551	41.2	-112.55	6.1	6.1	3900	Open	6.1
552	41.2	-112.55	6.4	6.4	3901	Open	6.4
553	41.2	-112.55	6.6	6.6	3902	Open	6.6
554	41.2	-112.55	7.2	7.2	3903	Open	7.2
555	41.2	-112.55	7.5	7.5	3904	Open	7.5
556	41.2	-112.55	7.8	7.8	3905	Open	7.8
557	41.2	-112.55	8.1	8.1	3906	Open	8.1
558	41.2	-112.55	8.4	8.4	3907	Open	8.4
559	41.2	-112.55	8.6	8.6	3908	Open	8.6
560	41.2	-112.55	8.9	8.9	3909	Open	8.9
561	41.2	-112.55	9.5	9.5	3910	Open	9.5
562	41.2	-112.55	9.7	9.7	3911	Open	9.7
563	41.2	-112.55	10.0	10.0	3912	Open	10.0
564	41.2	-112.55	10.3	10.3	3913	Open	10.3
565	41.2	-112.55	10.5	10.5	3914	Open	10.5
566	41.2	-112.55	10.6	10.6	3915	Open	10.6
567	41.2	-112.55	10.7	10.7	3916	Open	10.7
568	41.2	-112.55	11.0	11.0	3917	Open	11.0
569	41.2	-112.55	11.2	11.2	3918	Open	11.2
570	41.2	-112.55	11.4	11.4	3919	Open	11.4
571	41.2	-112.55	11.5	11.5	3920	Open	11.5
572	41.2	-112.55	11.8	11.8	3921	Open	11.8
573	41.2	-112.55	12.0	12.0	3922	Open	12.0
574	41.2	-112.55	12.4	12.4	3923	Open	12.4
575	41.2	-112.55	12.5	12.5	3924	Open	12.5
576	41.2	-112.55	12.7	12.7	3925	Open	12.7
577	41.2	-112.55	12.9	12.9	3926	Open	12.9
578	41.2	-112.55	13.0	13.0	3927	Open	13.0
579	41.2	-112.55	13.1	13.1	3928	Open	13.1
580	41.2	-112.55	13.2	13.2	3929	Open	13.2
581	41.2	-112.55	13.5	13.5	3930	Open	13.5
582	44.0	-111.0	9.2	9.2	3988	Open	9.2
583	44.0	-111.0	9.2	9.2	3989	Open	9.2
584	44.0	-111.0	9.2	9.2	3990	Open	9.2
585	44.0	-111.0	9.2	9.2	3991	Open	9.2
586	44.0	-111.0	9.2	9.2	3992	Open	9.2
587	44.0	-111.0	9.2	9.2	3993	Open	9.2
588	44.0	-111.0	9.2	9.2	3994	Open	9.2
589	44.0	-111.0	9.2	9.2	3995	Open	9.2
590	44.0	-111.0	9.2	9.2	3996	Open	9.2
591	44.0	-111.0	9.2	9.2	3997	Open	9.2
592	44.0	-111.0	9.2	9.2	3998	Open	9.2
593	44.0	-111.0	9.2	9.2	3999	Open	9.2
594	44.0	-111.0	9.2	9.2	4000	Open	9.2
595	44.0	-111.0	9.2	9.2	4001	Closed	9.2
596	44.0	-111.0	9.2	9.2	4002	Closed	9.2
597	44.0	-111.0	9.2	9.2	4003	Closed	9.2
598	44.0	-111.0	9.2	9.2	4004	Closed	9.2
599	44.0	-111.0	9.2	9.2	4005	Closed	9.2
600	44.0	-111.0	9.2	9.2	4006	Closed	9.2
601	44.0	-111.0	9.2	9.2	4007	Closed	9.2
602	44.0	-111.0	9.2	9.2	4008	Closed	9.2
603	44.0	-111.0	9.2	9.2	4009	Open	9.2
604	44.0	-111.0	9.2	9.2	4010	Open	9.2
605	44.0	-111.0	9.2	9.2	4011	Open	9.2
606	44.0	-111.0	9.2	9.2	4012	Open	9.2
607	44.0	-111.0	9.2	9.2	4013	Open	9.2
608	44.0	-111.0	9.2	9.2	4014	Open	9.2
609	44.0	-111.0	9.2	9.2	4015	Open	9.2
610	44.0	-111.0	9.2	9.2	4016	Open	9.2
611	44.0	-111.0	9.2	9.2	4017	Open	9.2
612	44.0	-111.0	9.2	9.2	4018	Open	9.2
613	44.0	-111.0	9.2	9.2	4019	Open	9.2
614	44.0	-111.0	9.2	9.2	4020	Open	9.2
615	44.0	-111.0	9.2	9.2	4021	Open	9.2
616	44.0	-111.0	9.2	9.2	4022	Closed	9.2
617	44.0	-111.0	9.2	9.2	4023	Closed	9.2
618	44.0	-111.0	9.2	9.2	4024	Closed	9.2
619	44.0	-111.0	9.2	9.2	4025	Closed	9.2
620	44.0	-111.0	9.2	9.2	4026	Closed	9.2
621	44.0	-111.0	9.2	9.2	4027	Closed	9.2
622	44.0	-111.0	9.2	9.2	4028	Closed	9.2
623	44.0	-111.0	9.2	9.2	4029	Closed	9.2
624	44.0	-111.0	9.2	9.2	4030	Closed	9.2
625	44.0	-111.0	9.2	9.2	4031	Open	9.2
626	44.0	-111.0	9.2	9.2	4032	Open	9.2
627	44.0	-111.0	9.2	9.2	4033	Open	9.2
628	44.0	-111.0	9.2	9.2	4034	Open	9.2
629	44.0	-111.0	9.2	9.2	4035	Open	9.2
630	44.0	-111.0	9.2	9.2	4036	Open	9.2
631	44.0	-111.0	9.2	9.2	4037	Open	9.2
632	44.0	-111.0	9.2	9.2	4038	Open	9.2
633	44.0	-111.0	9.2	9.2	4039	Open	9.2
634	44.0	-111.0	9.2	9.2	4040	Open	9.2
635	44.0	-111.0	9.2	9.2	4041	Open	9.2
636	44.0	-111.0	9.2	9.2	4042	Open	9.2
637	44.0	-111.0	9.2	9.2	4043	Open	9.2
638	44.0	-111.0	9.2	9.2	4044	Open	9.2
639	44.0	-111.0	9.2	9.2	4045	Open	9.2
640	44.0	-111.0	9.2	9.2	4046	Open	9.2
641	44.0	-111.0	9.2	9.2	4047	Closed	9.2
642	44.0	-111.0	9.2	9.2	4048	Closed	9.2
643	44.0	-111.0	9.2	9.2	4049	Closed	9.2
644	44.0	-111.0	9.2	9.2	4050	Closed	9.2
645	44.0	-111.0	9.2	9.2	4051	Closed	9.2
646	44.0	-111.0	9.2	9.2	4052	Closed	9.2
647	43.83	-73.05	23.0	16.0	5057	Closed	19.5
648	42.5	-103.2	19.0	18.0	5058	Open/closed	18.5
649	42.5	-100.0	14.0	13.0	5059	Open	13.5
650	36.8	-100.5	12.0	10.0	5060	Open	11.0
651	35.0	-101.0	12.0	10.0	5061	Open	11.0
652	38.8	-101.2	6.0	5.0	5062	Open	5.5
653	39.0	-117.68	15.6	15.6	5063	Closed	15.6
654	42.25	-114.09	16.3	15.0	5064	Closed	15.65
655	39.39	-117.63	15.5	15.5	5065	Closed	15.5
656	39.39	-117.63	15.5	15.5	5066	Closed	15.5
657	75.37	-89.67	24.8	21.4	5067	Closed	23.1
658	75.37	-89.67	24.8	21.4	5068	Closed	23.1
659	75.37	-89.67	24.8	21.4	5069	Closed	23.1
660	75.37	-89.67	24.8	21.4	5070	Closed	23.1
661	75.37	-89.67	24.8	21.4	5071	Closed	23.1
662	75.37	-89.67	24.8	21.4	5072	Closed	23.1
663	75.37	-89.67	24.8	21.4	5073	Closed	23.1
664	75.37	-89.67	24.8	21.4	5074	Closed	23.1
665	75.37	-89.67	24.8	21.4	5075	Closed	23.1
666	75.37	-89.67	24.8	21.4	5076	Closed	23.1
667	75.37	-89.67	24.8	21.4	5077	Closed	23.1
668	75.37	-89.67	24.8	21.4	5078	Closed	23.1
669	42.41	-118.46	23.0	21.0	5079	Closed	22.0
670	36.19	-118.11	17.5	16.1	5080	Open	16.8
671	59.4	-151.7	16.8	15.8	5081	Closed	16.3
672	59.4	-151.7	16.8	15.8	5082	Closed	16.3
673	59.4	-151.7	16.8	15.8	5083	Closed	16.3
674	59.4	-151.7	16.8	15.8	5084	Closed	16.3
675	40.03	-74.33	11.0	11.0	5113	Closed	11.0
676	40.03	-74.33	11.0	11.0	5114	Closed	11.0
677	40.03	-74.33	11.0	11.0	5115	Closed	11.0
678	40.03	-74.33	11.0	11.0	5116	Closed	11.0
679	40.03	-74.33	11.0	11.0	5117	Closed	11.0
680	40.03	-74.33	11.0	11.0	5118	Closed	11.0
681	40.03	-74.33	11.0	11.0	5119	Closed	11.0
682	40.03	-74.33	11.0	11.0	5120	Closed	11.0
683	40.03	-74.33	11.0	11.0	5121	Closed	11.0
684	40.03	-74.33	11.0	11.0	5122	Closed	11.0
685	40.03	-74.33	11.0	11.0	5123	Closed	11.0
686	40.03	-74.33	11.0	11.0	5124	Closed	11.0
687	40.03	-74.33	11.0	11.0	5125	Closed	11.0
688	40.03	-74.33	11.0	11.0	5126	Closed	11.0
689	40.03	-74.33	11.0	11.0	5127	Closed	11.0
690	40.03	-74.33	11.0	11.0	5128	Closed	11.0
691	40.03	-74.33	11.0	11.0	5129	Closed	11.0
692	40.03	-74.33	11.0	11.0	5130	Closed	11.0
693	40.03	-74.33	11.0	11.0	5131	Closed	11.0
694	40.03	-74.33	11.0	11.0	5132	Closed	11.0
695	40.03	-74.33	11.0	11.0	5133	Closed	11.0
696	40.03	-74.33	11.0	11.0	5134	Closed	11.0
697	40.03	-74.33	11.0	11.0	5135	Closed	11.0
698	40.03	-74.33	11.0	11.0	5136	Closed	11.0
699	40.03	-74.33	11.0	11.0	5137	Closed	11.0
700	40.03	-74.33	11.0	11.0	5138	Closed	11.0
701	40.03	-74.33	11.0	11.0	5139	Closed	11.0
702	40.03	-74.33	11.0	11.0	5140	Closed	11.0
703	40.03	-74.33	11.0	11.0	5141	Closed	11.0
704	40.03	-74.33	11.0	11.0	5142	Closed	11.0
705	40.03	-74.33	11.0	11.0	5143	Closed	11.0
706	40.03	-74.33	11.0	11.0	5144	Closed	11.0
707	40.03	-74.33	11.0	11.0	5145	Closed	11.0
708	40.03	-74.33	11.0	11.0	5146	Closed	11.0
709	40.03	-74.33	11.0	11.0	5147	Closed	11.0
710	40.03	-74.33	11.0	11.0	5148	Closed	11.0
711	40.03	-74.33	11.0	11.0	5149	Closed	11.0
712	40.03	-74.33	11.0	11.0	5150	Closed	11.0
713	40.03	-74.33	11.0	11.0	5151	Closed	11.0
714	40.03	-74.33	11.0	11.0	5152	Closed	11.0
715	40.03	-74.33	11.0	11.0	5153	Closed	11.0
716	40.03	-74.33	11.0	11.0	5154	Closed	11.0
717	40.03	-74.33	11.0	11.0	5155	Closed	11.0
718	40.03	-74.33	11.0	11.0	5156	Closed	11.0
719	40.03	-74.33	11.0	11.0	5157	Closed	11.0
720	40.03	-74.33	11.0	11.0	5158	Closed	11.0
721	40.03	-74.33	11.0	11.0	5159	Closed	11.0
722	40.03	-74.33	11.0	11.0	5160	Closed	11.0
723	40.03	-74.33	11.0	11.0	5161	Closed	11.0
724	40.03	-74.33	11.0	11.0	5162	Closed	11.0
725	40.03	-74.33	11.0	11.0	5163	Closed	11.0
726	40.03	-74.33	11.0	11.0	5164	Closed	11.0
727	40.03	-74.33	11.0	11.0	5165	Closed	11.0
728	40.03	-74.33	11.0	11.0	5166	Closed	11.0
729	40.03	-74.33	11.0	11.0	5167	Closed	11.0
730	40.03	-74.33	11.0	11.0	5168	Closed	11.0
731	40.03	-74.33	11.0	11.0	5169	Closed	11.0
732	40.03	-74.33	11.0	11.0	5170	Closed	11.0
733	40.03	-74.33	11.0	11.0	5171	Closed	11.0
734	40.03	-74.33	11.0	11.0	5172	Closed	11.0
735	40.03	-74.33	11.0	11.0	5173	Closed	11.0
736	40.03	-74.33	11.0	11.0	5174	Closed	11.0
737	40.03	-74.33	11.0	11.0	5175	Closed	11.0
738	40.03	-74.33	11.0	11.0	5176	Closed	11.0
739	40.03	-74.33	11.0	11.0	5177	Closed	11.0
740	40.03	-74.33	11.0	11.0	5178	Closed	11.0
741	40.03	-74.33	11.0	11.0	5179	Closed	11.0
742	40.03	-74.33	11.0	11.0	5180	Closed	11.0
743	40.03	-74.33	11.0	11.0	5181	Closed	11.0
744	40.03	-74.33	11.0	11.0	5182	Closed	11.0
745	40.03	-74.33	11.0	11.0	5183	Closed	11.0
746	40.03	-74.33	11.0	11.0	5184	Closed	11.0
747	40.03	-74.33	11.0	11.0	5185	Closed	11.0
748	40.03	-74.33	11.0	11.0	5186	Closed	11.0
749	40.03	-74.33	11.0	11.0	5187	Closed	11.0
750	40.03	-74.33	11.0	11.0	5188	Closed	11.0
751	40.03	-74.33	11.0	11.0	5189	Closed	11.0
752	40.03	-74.33	11.0	11.0	5190	Closed	11.0
753	40.03	-74.33	11.0	11.0	5191	Closed	11.0
754	40.03	-74.33	11.0	11.0	5192	Closed	11.0
755	40.03	-74.33	11.0	11.0	5193	Closed	11.0
756	40.03	-74.33	11.0	11.0	5194	Closed	11.0
757	40.03	-74.33	11.0	11.0	5195	Closed	11.0
758	40.03	-74.33	11.0	11.0	5196	Closed	11.0
759	40.03	-74.33	11.0	11.0	5197	Closed	11.0
760	40.03	-74.33	11.0	11.0	5198	Closed	11.0
761	40.03	-74.33	11.0	11.0	5199	Closed	11.0
762	40.03	-74.33	11.0	11.0	5200	Closed	11.0
763	40.03	-74.33	11.0	11.0	5201	Closed	11.0
764	37.5	-77.4	7.2	3.6	5202	Closed	5.4
765	37.5	-77.4	7.2	3.6	5203	Closed	5.4
766	37.5	-77.4	7.2	3.6	5204	Closed	5.4
767	38.7	-76.8	7.2	5.3	5205	Closed	6.25
768	38.5	-75.2	7.2	3.6	5206	Closed	5.4
769	38.5	-75.2	7.2	3.6	5207	Closed	5.4
770	38.5	-75.2	7.2	3.6	5208	Closed	5.4
771	38.6	-75.5	7.2	3.6	5209	Closed	5.4
772	38.6	-75.5	7.2	3.6	5210	Closed	5.4
773	36.75	-76.4	4.0	3.0	5211	Closed	3.5
774	36.75	-76.4	4.0	3.0	5212	Closed	3.5
775	36.75	-76.4	4.0	3.0	5213	Closed	3.5
776	38.6	-75.1	3.6	2.6	5214	Closed	3.1
777	38.6	-75.1	3.6	2.6	5215	Closed	3.1
778	38.6	-75.1	3.6	2.6	5216	Closed	3.1
779	38.72	-76.82	10.0	6.0	5217	Closed	8.0
780	39.8	-119.6	15.6	15.6	5230	Closed	15.6
781	39.49	-119.97	5.3	4.9	5231	Open/closed	5.1
782	38.0	-117.5	16.4	15.1	5232	Closed	15.75
783	38.2	-117.75	14.8	14.0	5233	Open/closed	14.4
784	39.6	-119.33	14.8	14.7	5234	Closed	14.75
785	41.8	-119.8	16.0	16.0	5235	Closed	16.0
786	41.4	-119.29	16.0	16.0	5236	Closed	16.0
787	47.02	-116.26	23.0	11.6	5237	Closed	17.3
788	46.94	-116.26	16.0	16.0	5238	Closed	16.0
789	49.68	-115.57	14.5	14.5	5239	Closed	14.5
790	47.92	-118.95	14.5	14.5	5240	Closed	14.5
791	47.69	-117.31	14.5	14.5	5241	Closed	14.5
792	47.69	-117.31	14.5	14.5	5242	Closed	14.5
793	47.69	-117.31	14.5	14.5	5243	Closed	14.5
794	47.69	-117.31	14.5	14.5	5244	Closed	14.5
795	47.11	-116.35	14.5	14.5	5245	Closed	14.5
796	47.11	-116.35	14.5	14.5	5246	Closed	14.5
797	46.99	-116.25	14.5	14.5	5247	Closed	14.5
798	46.77	-116.28	14.5	14.5	5248	Closed	14.5
799	46.77	-116.28	14.5	14.5	5249	Closed	14.5
800	46.49	-116.71	14.5	14.5	5250	Closed	14.5
801	46.42	-116.26	14.5	14.5	5251	Closed	14.5
802	45.79	-116.28	14.5	14.5	5252	Closed	14.5
803	43.3	-117.1	16.7	16.7	5253	Open/closed	16.7
804	43.3	-117.1	16.7	16.7	5254	Open/closed	16.7
805	46.66	-103.02	13.1	13.1	5255	Closed	13.1
806	44.46	-119.47	15.4	15.4	5256	Closed	15.4
807	44.46	-119.47	15.4	15.4	5257	Closed	15.4
808	44.46	-119.47	15.4	15.4	5258	Closed	15.4
809	44.46	-119.47	15.4	15.4	5259	Closed	15.4
810	44.46	-119.47	15.4	15.4	5260	Closed	15.4
811	44.48	-118.76	16.0	11.6	5261	Closed	13.8
812	44.48	-118.76	16.0	11.6	5262	Closed	13.8
813	44.48	-118.76	16.0	11.6	5263	Closed	13.8
814	43.97	-118.2	16.0	11.6	5264	Open/closed	13.8
815	43.97	-118.2	16.0	11.6	5265	Open/closed	13.8
816	43.97	-118.2	16.0	11.6	5266	Open/closed	13.8
817	47.66	-117.42	16.0	5.3	5267	Closed	10.65
818	59.75	-151.17	5.3	2.6	5268	Closed	3.95
819	59.75	-151.17	5.3	2.6	5269	Closed	3.95
820	59.75	-151.17	5.3	2.6	5270	Closed	3.95
821	60.03	-151.7	5.3	2.6	5271	Closed	3.95
822	60.03	-151.7	5.3	2.6	5272	Closed	3.95
823	60.03	-151.7	5.3	2.6	5273	Closed	3.95
824	60.03	-151.7	5.3	2.6	5274	Closed	3.95
825	60.03	-151.7	5.3	2.6	5275	Closed	3.95
826	60.03	-151.7	5.3	2.6	5276	Closed	3.95
827	62.42	-150.6	11.6	5.3	5277	Closed	8.45
828	61.04	-151.4	11.6	5.3	5278	Closed	8.45
829	61.04	-151.4	11.6	5.3	5279	Closed	8.45
830	59.39	-151.75	11.6	5.3	5280	Closed	8.45
831	59.71	-151.29	11.6	5.3	5281	Closed	8.45
832	59.39	-151.75	11.6	5.3	5282	Closed	8.45
833	59.39	-151.75	11.6	5.3	5283	Closed	8.45
834	59.39	-151.75	11.6	5.3	5284	Closed	8.45
835	59.39	-151.75	11.6	5.3	5285	Closed	8.45
836	59.39	-151.75	11.6	5.3	5286	Closed	8.45
837	59.39	-151.75	11.6	5.3	5287	Closed	8.45
838	59.39	-151.75	11.6	5.3	5288	Closed	8.45
839	61.24	-151.25	16.0	11.6	5289	Closed	13.8
840	61.24	-151.25	16.0	11.6	5290	Closed	13.8
841	61.24	-151.25	16.0	11.6	5291	Closed	13.8
842	62.42	-150.6	16.0	11.6	5292	Closed	13.8
843	62.42	-150.6	16.0	11.6	5293	Closed	13.8
844	61.3	-151.77	16.0	11.6	5294	Closed	13.8
845	61.3	-151.77	16.0	11.6	5295	Closed	13.8
846	61.3	-151.77	16.0	11.6	5296	Closed	13.8
847	61.63	-149.85	16.0	11.6	5297	Closed	13.8
848	62.33	-151.53	16.0	11.6	5298	Closed	13.8
849	59.41	-151.74	16.0	11.6	5299	Closed	13.8
850	59.41	-151.74	16.0	11.6	5300	Closed	13.8
851	59.41	-151.74	16.0	11.6	5301	Closed	13.8
852	59.41	-151.74	16.0	11.6	5302	Closed	13.8
853	59.79	-152.61	23.0	11.6	5303	Closed	17.3
854	58.84	-153.29	23.0	16.0	5304	Closed	19.5
855	61.32	-149.58	23.0	16.0	5305	Closed	19.5
856	61.32	-149.58	23.0	16.0	5306	Closed	19.5
857	60.29	-152.45	23.0	16.0	5307	Closed	19.5
858	60.53	-152.32	23.0	16.0	5308	Closed	19.5
859	60.53	-152.32	23.0	16.0	5309	Closed	19.5
860	60.53	-152.32	23.0	16.0	5310	Closed	19.5
861	60.29	-152.43	23.0	16.0	5311	Closed	19.5
862	60.37	-152.34	23.0	16.0	5312	Closed	19.5
863	61.67	-149.15	23.0	16.0	5313	Closed	19.5
864	61.67	-149.15	23.0	16.0	5314	Closed	19.5
865	61.67	-149.15	23.0	16.0	5315	Closed	19.5
866	61.67	-149.15	23.0	16.0	5316	Closed	19.5
867	61.7	-149.09	23.0	16.0	5317	Closed	19.5
868	61.8	-143.17	16.0	11.6	5319	Closed	13.8
869	62.7	-149.2	5.3	2.6	5322	Closed	3.95
870	65.3	-164.1	11.6	5.3	5323	Closed	8.45
871	64.5	-165.4	3.6	1.8	5324	Open	2.7
872	41.35	-70.83	5.3	2.6	5328	Closed	3.95
873	41.35	-70.83	5.3	2.6	5329	Closed	3.95
874	41.35	-70.83	16.0	13.8	5330	Closed	14.9
875	41.35	-70.83	16.0	13.8	5331	Closed	14.9
876	41.32	-70.82	16.0	13.8	5332	Closed	14.9
877	38.51	-118.87	15.0	12.0	5333	Open/closed	13.5
878	39.75	-119.0	13.6	12.0	5334	Open/closed	12.8
879	39.38	-119.01	13.6	12.0	5335	Open/closed	12.8
880	46.94	-120.01	15.5	15.5	5336	Closed	15.5
881	40.45	-85.79	4.0	5.0	5478	Open	4.5
882	33.9	-116.9	4.4	3.5	5479	Open	3.95
883	44.75	-121.22	5.3	3.0	5480	Closed	4.15
884	27.47	-82.27	4.5	4.0	5481	Closed	4.25
885	27.47	-82.27	4.5	4.0	5482	Closed	4.25
886	27.47	-82.27	4.5	4.0	5483	Closed	4.25
887	27.47	-82.27	4.5	4.0	5484	Closed	4.25
888	27.47	-82.27	4.5	4.0	5485	Closed	4.25
889	27.47	-82.27	3.5	3.0	5486	Closed	3.25
890	27.47	-82.27	3.5	3.0	5487	Closed	3.25
891	27.47	-82.27	3.5	3.0	5488	Closed	3.25
892	27.47	-82.27	3.5	3.0	5489	Closed	3.25
893	27.47	-82.27	3.5	3.0	5490	Closed	3.25
894	27.47	-82.27	3.5	3.0	5491	Closed	3.25
895	27.47	-82.27	3.0	2.5	5492	Closed	2.75
896	27.47	-82.27	3.0	2.5	5493	Closed	2.75
897	27.47	-82.27	3.0	2.5	5494	Closed	2.75
898	27.47	-82.27	3.0	2.5	5495	Closed	2.75
899	27.47	-82.27	3.0	2.5	5496	Closed	2.75
900	27.47	-82.27	3.0	2.5	5497	Closed	2.75
901	27.47	-82.27	3.0	2.5	5498	Closed	2.75
902	27.47	-82.27	3.0	2.5	5499	Closed	2.75
903	27.47	-82.27	3.0	2.5	5500	Closed	2.75
904	27.47	-82.27	3.0	2.5	5501	Closed	2.75
905	27.47	-82.27	3.0	2.5	5502	Closed	2.75
906	27.47	-82.27	3.0	2.5	5503	Closed	2.75
907	27.47	-82.27	3.0	2.5	5504	Closed	2.75
908	27.47	-82.27	3.0	2.5	5505	Closed	2.75
909	79.7	-83.93	3.6	2.5	5506	Open	3.05
910	79.7	-83.93	3.6	2.5	5507	Open	3.05
911	78.47	-82.2	3.6	2.5	5508	Open	3.05
912	78.47	-82.2	3.6	2.5	5509	Open	3.05
913	78.4	-81.55	3.6	2.5	5510	Closed	3.05
914	78.37	-83.05	3.6	2.5	5511	Closed	3.05
915	78.37	-83.05	3.6	2.5	5512	Closed	3.05
916	78.47	-82.2	3.6	2.5	5513	Not possible to determine	3.05
917	78.47	-82.2	3.6	2.5	5514	Closed	3.05
918	78.47	-82.2	3.6	2.5	5515	Closed	3.05
919	77.86	-81.62	3.6	2.5	5516	Closed	3.05
920	79.52	-82.34	3.6	2.5	5517	Not possible to determine	3.05
921	79.52	-82.34	3.6	2.5	5518	Not possible to determine	3.05
922	78.4	-81.55	3.6	2.5	5519	Not possible to determine	3.05
923	79.7	-83.93	3.6	2.5	5520	Closed	3.05
924	78.47	-82.2	3.6	2.5	5521	Open	3.05
925	37.78	-118.47	5.3	3.6	5522	Closed	4.45
926	36.21	-116.54	7.2	2.6	5523	Not possible to determine	4.9
927	32.66	-117.1	3.0	1.5	5524	Open/closed	2.25
928	38.35	-122.63	3.6	2.6	5525	Closed	3.1
929	41.96	-121.51	2.6	2.6	5526	Closed	2.6
930	41.96	-121.51	2.62	2.62	5527	Closed	2.62
931	41.96	-121.51	2.64	2.64	5528	Closed	2.64
932	41.96	-121.51	2.64	2.64	5529	Closed	2.64
933	41.96	-121.51	2.66	2.66	5530	Closed	2.66
934	41.96	-121.51	2.67	2.67	5531	Closed	2.67
935	41.96	-121.51	2.69	2.69	5532	Closed	2.69
936	41.96	-121.51	2.71	2.71	5533	Closed	2.71
937	41.96	-121.51	2.72	2.72	5534	Closed	2.72
938	41.96	-121.51	2.72	2.72	5535	Closed	2.72
939	41.96	-121.51	2.73	2.73	5536	Closed	2.73
940	41.96	-121.51	2.75	2.75	5537	Closed	2.75
941	41.96	-121.51	2.76	2.76	5538	Closed	2.76
942	41.96	-121.51	2.76	2.76	5539	Closed	2.76
943	41.96	-121.51	2.77	2.77	5540	Closed	2.77
944	41.96	-121.51	2.78	2.78	5541	Closed	2.78
945	41.96	-121.51	2.79	2.79	5542	Closed	2.79
946	41.96	-121.51	2.8	2.8	5543	Closed	2.8
947	41.96	-121.51	2.81	2.81	5544	Closed	2.81
948	41.96	-121.51	2.82	2.82	5545	Closed	2.82
949	41.96	-121.51	2.82	2.82	5546	Closed	2.82
950	41.96	-121.51	2.83	2.83	5547	Closed	2.83
951	41.96	-121.51	2.95	2.95	5548	Closed	2.95
952	41.96	-121.51	2.86	2.86	5549	Closed	2.86
953	41.96	-121.51	2.86	2.86	5550	Closed	2.86
954	41.96	-121.51	2.87	2.87	5551	Closed	2.87
955	41.96	-121.51	2.89	2.89	5552	Closed	2.89
956	41.96	-121.51	2.9	2.9	5553	Closed	2.9
957	41.96	-121.51	2.92	2.92	5554	Closed	2.92
958	41.96	-121.51	2.93	2.93	5555	Closed	2.93
959	41.96	-121.51	2.95	2.95	5556	Closed	2.95
960	41.96	-121.51	2.96	2.96	5557	Closed	2.96
961	41.96	-121.51	2.97	2.97	5558	Closed	2.97
962	41.96	-121.51	2.99	2.99	5559	Closed	2.99
963	41.96	-121.51	3.0	3.0	5560	Closed	3.0
964	41.96	-121.51	3.0	3.0	5561	Closed	3.0
965	41.96	-121.51	3.01	3.01	5562	Closed	3.01
966	41.96	-121.51	3.01	3.01	5563	Closed	3.01
967	41.96	-121.51	3.02	3.02	5564	Closed	3.02
968	65.98	-162.99	5.9	5.5	5565	Closed	5.7
969	65.98	-162.99	5.9	5.5	5566	Closed	5.7
970	65.98	-162.99	5.9	5.5	5567	Closed	5.7
971	65.98	-162.99	5.9	5.5	5568	Closed	5.7
972	65.98	-162.99	5.9	5.5	5569	Closed	5.7
973	65.98	-162.99	5.9	5.5	5570	Closed	5.7
974	79.88	-99.05	3.1	2.9	5571	Closed	3.0
975	70.52	-152.46	3.0	2.0	5572	Open/closed	2.5
976	70.52	-152.46	3.0	2.0	5573	Open/closed	2.5
977	70.52	-152.46	3.0	2.0	5574	Open/closed	2.5
978	70.52	-152.46	3.0	2.0	5575	Open/closed	2.5
979	70.52	-152.46	3.0	2.0	5576	Open/closed	2.5
980	70.52	-152.46	3.0	2.0	5577	Open/closed	2.5
981	70.52	-152.46	3.0	2.0	5578	Open/closed	2.5
982	70.52	-152.46	3.0	2.0	5579	Open/closed	2.5
983	70.52	-152.46	3.0	2.0	5580	Open/closed	2.5
984	70.52	-152.46	3.0	2.0	5581	Open/closed	2.5
985	36.22	-106.47	23.0	15.0	5585	Not possible to determine	19.0
986	36.04	-107.05	24.0	15.0	5586	Not possible to determine	19.5
987	35.74	-106.76	24.0	15.0	5587	Not possible to determine	19.5
988	35.47	-106.85	23.0	15.0	5588	Not possible to determine	19.0
989	43.68	-115.832	12.0	10.0	5773	Open	11.0
990	44.314	-123.297	11.6	7.25	5774	Closed	9.425
991	44.314	-123.297	11.6	7.25	5775	Closed	9.425
992	44.314	-123.297	11.6	7.25	5776	Closed	9.425
993	44.314	-123.297	11.6	7.25	5777	Closed	9.425
994	44.314	-123.297	11.6	7.25	5778	Closed	9.425
995	44.314	-123.297	11.6	7.25	5779	Closed	9.425
996	44.314	-123.297	11.6	7.25	5780	Closed	9.425
997	38.7	-75.7	3.6	2.6	5782	Closed	3.1
998	36.7	-76.3	3.6	2.6	5783	Closed	3.1
999	36.3	-76.7	3.6	2.6	5784	Closed	3.1
1000	37.2	-76.5	5.3	2.6	5785	Closed	3.95
1001	36.95	-76.6	5.3	2.6	5786	Closed	3.95
1002	38.67	-75.3	11.6	5.3	5787	Closed	8.45
1003	38.7	-76.8	11.6	5.3	5791	Closed	8.45
1004	38.8	-75.4	11.6	5.3	5792	Closed	8.45
1005	39.2	-75.5	11.6	5.3	5795	Closed	8.45
1006	38.0	-76.5	12.0	9.0	5796	Closed	10.5
1007	39.2	-75.5	16.0	11.6	5798	Closed	13.8
1008	39.2	-75.5	16.0	11.6	5799	Closed	13.8
1009	39.8	-76.0	12.0	9.0	5800	Closed	10.5
1010	43.08	-99.83	13.6	10.3	5972	Open	11.95
1011	43.08	-99.83	13.6	10.3	5973	Open	11.95
1012	43.08	-99.83	13.6	10.3	5974	Open	11.95
1013	43.08	-99.83	13.6	10.3	5975	Open	11.95
1014	43.08	-101.75	13.6	10.3	5976	Open	11.95
1015	43.12	-101.75	13.6	10.3	5977	Open	11.95
1016	43.25	-99.4	13.6	10.3	5978	Open	11.95
1017	43.17	-101.66	13.6	10.3	5979	Open	11.95
1018	43.12	-101.75	13.6	10.3	5980	Open	11.95
1019	43.12	-101.75	13.6	10.3	5981	Open	11.95
1020	43.12	-102.0	13.6	10.3	5982	Open	11.95
1021	43.12	-102.0	13.6	10.3	5983	Open	11.95
1022	43.12	-102.0	13.6	10.3	5984	Open	11.95
1023	43.12	-102.0	13.6	10.3	5985	Open	11.95
1024	43.08	-102.0	13.6	10.3	5986	Open	11.95
1025	43.12	-101.75	13.6	10.3	5987	Open	11.95
1026	43.08	-99.8	13.6	10.3	5988	Open	11.95
1027	43.08	-99.8	13.6	10.3	5989	Open	11.95
1028	43.06	-99.8	13.6	10.3	5990	Open	11.95
1029	43.08	-99.83	13.6	10.3	5991	Open	11.95
1030	43.08	-99.83	13.6	10.3	5992	Open	11.95
1031	43.12	-101.7	13.6	10.3	5993	Open	11.95
1032	43.12	-101.7	13.6	10.3	5994	Open	11.95
1033	43.08	-99.83	13.6	10.3	5995	Open	11.95
1034	43.12	-101.8	13.6	10.3	5996	Open	11.95
1035	43.12	-102.0	13.6	10.3	5997	Open	11.95
1036	42.8	-100.0	13.6	10.3	5998	Open	11.95
1037	43.08	-99.83	13.6	10.3	5999	Open	11.95
1038	42.8	-99.8	13.6	10.3	6000	Open	11.95
1039	42.73	-99.75	13.6	10.3	6001	Open	11.95
1040	42.8	-100.05	13.6	10.3	6002	Open	11.95
1041	42.85	-100.5	13.6	10.3	6003	Open	11.95
1042	42.98	-100.9	13.6	10.3	6004	Open	11.95
1043	43.2	-101.33	13.6	10.3	6005	Open	11.95
1044	42.85	-100.5	13.6	10.3	6006	Open	11.95
1045	42.81	-101.75	13.6	10.3	6007	Open	11.95
1046	42.87	-101.45	13.6	10.3	6008	Open	11.95
1047	42.87	-101.45	13.6	10.3	6009	Open	11.95
1048	42.67	-99.75	13.6	10.3	6010	Open	11.95
1049	42.72	-99.75	13.6	10.3	6011	Open	11.95
1050	42.68	-100.83	13.6	10.3	6012	Open	11.95
1051	42.68	-100.83	13.6	10.3	6013	Open	11.95
1052	42.68	-100.83	13.6	10.3	6014	Open	11.95
1053	42.81	-100.9	13.6	10.3	6015	Open	11.95
1054	42.67	-100.83	13.6	10.3	6016	Open	11.95
1055	42.67	-100.83	13.6	10.3	6017	Open	11.95
1056	42.67	-100.85	13.6	10.3	6018	Open	11.95
1057	42.81	-101.09	13.6	10.3	6019	Open	11.95
1058	43.25	-99.4	13.6	10.3	6020	Open	11.95
1059	42.9	-100.55	13.6	10.3	6021	Open	11.95
1060	42.65	-99.78	13.6	10.3	6022	Open	11.95
1061	42.55	-99.73	13.6	10.3	6023	Open	11.95
1062	64.0	-148.5	23.0	16.0	6030	Closed	19.5
1063	64.0	-148.5	23.0	16.0	6031	Closed	19.5
1064	63.86	-149.02	23.0	11.6	6032	Closed	17.3
1065	64.0	-148.5	16.0	11.6	6033	Closed	13.8
1066	64.0	-148.5	16.0	11.6	6034	Closed	13.8
1067	64.0	-148.5	16.0	11.6	6035	Closed	13.8
1068	64.0	-148.5	8.5	7.7	6036	Closed	8.1
1069	64.0	-148.5	8.5	7.7	6037	Closed	8.1
1070	33.78	-118.261	16.3	10.3	6134	Open	13.3
1071	33.78	-118.261	16.3	10.3	6135	Open	13.3
1072	33.78	-118.261	16.3	10.3	6136	Open	13.3
1073	33.78	-118.261	16.3	10.3	6137	Open	13.3
1074	33.78	-118.261	16.3	10.3	6138	Open	13.3
1075	33.78	-118.261	16.3	10.3	6139	Open	13.3
1076	33.78	-118.261	16.3	10.3	6140	Open	13.3
1077	33.78	-118.261	16.3	10.3	6141	Open	13.3
1078	33.78	-118.261	16.3	10.3	6142	Open	13.3
1079	33.78	-118.261	16.3	10.3	6143	Open	13.3
1080	33.78	-118.261	16.3	10.3	6144	Open	13.3
1081	33.78	-118.261	16.3	10.3	6145	Open	13.3
1082	33.78	-118.261	16.3	10.3	6146	Open	13.3
1083	33.78	-118.261	16.3	10.3	6147	Open	13.3
1084	33.78	-118.261	16.3	10.3	6148	Open	13.3
1085	33.78	-118.261	16.3	10.3	6149	Open	13.3
1086	33.78	-118.261	16.3	10.3	6150	Open	13.3
1087	33.78	-118.261	16.3	10.3	6151	Open	13.3
1088	33.78	-118.261	16.3	10.3	6152	Open	13.3
1089	33.78	-118.261	16.3	10.3	6153	Open	13.3
1090	33.78	-118.261	16.3	10.3	6154	Open	13.3
1091	33.78	-118.261	16.3	10.3	6155	Open	13.3
1092	33.78	-118.261	16.3	10.3	6156	Open	13.3
1093	33.78	-118.261	16.3	10.3	6157	Open	13.3
1094	33.78	-118.261	16.3	10.3	6158	Open	13.3
1095	33.78	-118.261	16.3	10.3	6159	Open	13.3
1096	33.78	-118.261	16.3	10.3	6160	Open	13.3
1097	33.78	-118.261	16.3	10.3	6161	Open	13.3
1098	33.78	-118.261	16.3	10.3	6162	Open	13.3
1099	33.78	-118.261	16.3	10.3	6163	Open	13.3
1100	33.78	-118.261	16.3	10.3	6164	Open	13.3
1101	33.78	-118.261	16.3	10.3	6165	Open	13.3
1102	33.78	-118.261	16.3	10.3	6166	Open	13.3
1103	33.78	-118.261	16.3	10.3	6167	Open	13.3
1104	33.78	-118.261	16.3	10.3	6168	Open	13.3
1105	33.78	-118.261	16.3	10.3	6169	Open	13.3
1106	44.97	-117.52	16.0	11.6	6170	Closed	13.8
1107	44.97	-117.52	16.0	11.6	6171	Closed	13.8
1108	44.97	-117.52	16.0	11.6	6172	Closed	13.8
1109	44.97	-117.52	16.0	11.6	6173	Closed	13.8
1110	44.97	-117.52	16.0	11.6	6174	Closed	13.8
1111	44.97	-117.52	16.0	11.6	6175	Closed	13.8
1112	44.97	-117.52	16.0	11.6	6176	Closed	13.8
1113	44.97	-117.52	16.0	11.6	6177	Closed	13.8
1114	44.97	-117.52	16.0	11.6	6178	Closed	13.8
1115	39.4	-100.93	7.0	6.0	6545	Open	6.5
1116	54.023	-131.794	6.6	5.3	6698	Closed	5.949999999999999
1117	54.023	-131.794	6.6	5.3	6699	Closed	5.949999999999999
1118	31.847	-91.656	8.68	8.68	6700	Closed	8.68
1119	31.847	-91.656	8.68	8.68	6701	Closed	8.68
1120	39.26	-120.62	7.2	3.6	6740	Open/closed	5.4
1121	38.3	-120.34	7.2	3.6	6741	Open/closed	5.4
1122	44.79566666666666	-113.24477777777778	21.571004237811856	21.571004237811856	6779	Open	21.571004237811856
1123	44.79566666666666	-113.24477777777778	21.499473246913606	21.499473246913606	6780	Open	21.499473246913606
1124	44.79566666666666	-113.24477777777778	21.31393533324547	21.31393533324547	6781	Open	21.31393533324547
1125	44.79566666666666	-113.24477777777778	20.978622328308347	20.978622328308347	6782	Open	20.978622328308347
1126	44.80936111111111	-113.27172222222222	20.727289562040728	20.727289562040728	6783	Open	20.727289562040728
1127	44.81041666666666	-113.25816666666667	19.44032238950529	19.44032238950529	6784	Open	19.44032238950529
1128	44.81041666666666	-113.25816666666667	19.407551163955358	19.407551163955358	6785	Open	19.407551163955358
1129	44.81041666666666	-113.25816666666667	19.356557334051725	19.356557334051725	6786	Open	19.356557334051725
1130	44.810916666666664	-113.25938888888889	18.927170944499018	18.927170944499018	6787	Open	18.927170944499018
1131	44.802861111111106	-113.24558333333333	18.83905801830141	18.83905801830141	6788	Open	18.83905801830141
1132	44.802861111111106	-113.24558333333333	18.720305654949613	18.720305654949613	6789	Open	18.720305654949613
1133	44.802861111111106	-113.24558333333333	18.454473521679102	18.454473521679102	6790	Open	18.454473521679102
1134	44.81022222222222	-113.25094444444444	17.7560482463436	17.7560482463436	6791	Open	17.7560482463436
1135	44.805027777777774	-113.24019444444444	17.723864606554585	17.723864606554585	6792	Open	17.723864606554585
1136	44.805027777777774	-113.24019444444444	17.636836690520894	17.636836690520894	6793	Open	17.636836690520894
1137	44.805027777777774	-113.24019444444444	17.310289568675724	17.310289568675724	6794	Open	17.310289568675724
1138	44.805027777777774	-113.24019444444444	17.240871974507858	17.240871974507858	6795	Open	17.240871974507858
1139	44.80811111111111	-113.23116666666667	16.826730605448805	16.826730605448805	6796	Open	16.826730605448805
1140	44.80811111111111	-113.23116666666667	16.61919635363257	16.61919635363257	6797	Open	16.61919635363257
1141	44.80811111111111	-113.23116666666667	16.22014563459855	16.22014563459855	6798	Open	16.22014563459855
1142	44.80811111111111	-113.23116666666667	16.154615751193443	16.154615751193443	6799	Open	16.154615751193443
1143	44.80811111111111	-113.23116666666667	16.066300756823022	16.066300756823022	6800	Open	16.066300756823022
1144	44.80777777777777	-113.23005555555555	16.057681498832903	16.057681498832903	6801	Open	16.057681498832903
1145	44.80777777777777	-113.23005555555555	15.986159208602981	15.986159208602981	6802	Open	15.986159208602981
1146	44.80777777777777	-113.23005555555555	15.679967278257305	15.679967278257305	6803	Open	15.679967278257305
1147	45.792944444444444	-111.46355555555556	10.42	9.58	6804	Open	10.0
1148	45.792944444444444	-111.46355555555556	10.42	9.58	6805	Open	10.0
1149	45.792944444444444	-111.46355555555556	10.42	9.58	6806	Open	10.0
1150	45.792944444444444	-111.46355555555556	10.42	9.58	6807	Open	10.0
1151	45.792944444444444	-111.46355555555556	10.42	9.58	6808	Open	10.0
1152	45.792944444444444	-111.46355555555556	10.42	9.58	6809	Open	10.0
1153	45.435805555555554	-112.445583333333	5.66	5.2	6810	Open	5.43
1154	45.435805555555554	-112.44558333333333	5.66	5.2	6811	Open	5.43
1155	45.435805555555554	-112.44558333333333	5.66	5.2	6812	Open	5.43
1156	45.435805555555554	-112.44558333333333	5.66	5.2	6813	Open	5.43
1157	45.435805555555554	-112.44558333333333	5.66	5.2	6814	Open	5.43
1158	45.435805555555554	-112.44558333333333	5.66	5.2	6815	Open	5.43
1159	45.435805555555554	-112.44558333333333	5.66	5.2	6816	Open	5.43
1160	45.435805555555554	-112.44558333333333	5.66	5.2	6817	Open	5.43
1161	45.435805555555554	-112.44558333333333	5.66	5.2	6818	Open	5.43
1162	45.435805555555554	-112.44558333333333	5.66	5.2	6819	Open	5.43
1163	45.435805555555554	-112.44558333333333	5.66	5.2	6820	Open	5.43
1164	45.435805555555554	-112.44558333333333	5.66	5.2	6821	Open	5.43
1165	45.435805555555554	-112.44558333333333	5.66	5.2	6822	Open	5.43
1166	45.435805555555554	-112.44558333333333	5.66	5.2	6823	Open	5.43
1167	45.435805555555554	-112.44558333333333	5.66	5.2	6824	Open	5.43
1168	45.435805555555554	-112.44558333333333	5.66	5.2	6825	Open	5.43
1169	45.435805555555554	-112.44558333333333	5.66	5.2	6826	Open	5.43
1170	45.435805555555554	-112.44558333333333	5.66	5.2	6827	Open	5.43
1171	45.435805555555554	-112.44558333333333	5.66	5.2	6828	Open	5.43
1172	45.435805555555554	-112.44558333333333	5.66	5.2	6829	Open	5.43
1173	45.435805555555554	-112.44558333333333	5.66	5.2	6830	Open	5.43
1174	45.435805555555554	-112.44558333333333	5.66	5.2	6831	Open	5.43
1175	45.435805555555554	-112.44558333333333	5.66	5.2	6832	Open	5.43
1176	45.435805555555554	-112.44558333333333	5.66	5.2	6833	Open	5.43
1177	45.435805555555554	-112.44558333333333	5.66	5.2	6834	Open	5.43
1178	45.435805555555554	-112.44558333333333	5.66	5.2	6835	Open	5.43
1179	45.435805555555554	-112.44558333333333	5.66	5.2	6836	Open	5.43
1180	45.435805555555554	-112.44558333333333	5.66	5.2	6837	Open	5.43
1181	45.435805555555554	-112.44558333333333	5.66	5.2	6838	Open	5.43
1182	45.435805555555554	-112.44558333333333	5.66	5.2	6839	Open	5.43
1183	45.435805555555554	-112.44558333333333	5.66	5.2	6840	Open	5.43
1184	45.435805555555554	-112.44558333333333	5.66	5.2	6841	Open	5.43
1185	45.435805555555554	-112.44558333333333	5.66	5.2	6842	Open	5.43
1186	45.435805555555554	-112.44558333333333	5.66	5.2	6843	Open	5.43
1187	45.435805555555554	-112.44558333333333	5.66	5.2	6844	Open	5.43
1188	45.435805555555554	-112.44558333333333	5.66	5.2	6845	Open	5.43
1189	45.435805555555554	-112.44558333333333	5.66	5.2	6846	Open	5.43
1190	45.435805555555554	-112.44558333333333	5.66	5.2	6847	Open	5.43
1191	45.435805555555554	-112.44558333333333	5.66	5.2	6848	Open	5.43
1192	45.435805555555554	-112.44558333333333	5.66	5.2	6849	Open	5.43
1193	45.435805555555554	-112.44558333333333	5.66	5.2	6850	Open	5.43
1194	45.435805555555554	-112.44558333333333	5.66	5.2	6851	Open	5.43
1195	45.435805555555554	-112.44558333333333	5.66	5.2	6852	Open	5.43
1196	45.435805555555554	-112.44558333333333	5.66	5.2	6853	Open	5.43
1197	45.435805555555554	-112.44558333333333	5.66	5.2	6854	Open	5.43
1198	45.43583333333333	-112.44513888888889	5.66	5.2	6855	Open	5.43
1199	45.43583333333333	-112.44513888888889	5.66	5.2	6856	Open	5.43
1200	45.43583333333333	-112.44513888888889	5.66	5.2	6857	Open	5.43
1201	45.43583333333333	-112.44513888888889	5.66	5.2	6858	Open	5.43
1202	45.43583333333333	-112.44513888888889	5.66	5.2	6859	Open	5.43
1203	45.43583333333333	-112.44513888888889	5.66	5.2	6860	Open	5.43
1204	45.43583333333333	-112.44513888888889	5.66	5.2	6861	Open	5.43
1205	45.43583333333333	-112.44513888888889	5.66	5.2	6862	Open	5.43
1206	45.43583333333333	-112.44513888888889	5.66	5.2	6863	Open	5.43
1207	45.43583333333333	-112.44513888888889	5.66	5.2	6864	Open	5.43
1208	45.43583333333333	-112.44513888888889	5.66	5.2	6865	Open	5.43
1209	45.43583333333333	-112.44513888888889	5.66	5.2	6866	Open	5.43
1210	45.040749999999996	-112.25508333333333	10.2	8.9	6867	Open	9.55
1211	45.040749999999996	-112.25508333333333	10.2	8.9	6868	Open	9.55
1212	45.040749999999996	-112.25508333333333	10.2	8.9	6869	Open	9.55
1213	34.31478	-117.469842	17.0	17.0	6870	Open	17.0
1214	34.31478	-117.469842	16.8	16.8	6871	Open	16.8
1215	34.31478	-117.469842	16.6	16.6	6872	Open	16.6
1216	34.31478	-117.469842	16.2	16.2	6873	Open	16.2
1217	34.31478	-117.469842	16.3	16.3	6874	Open	16.3
1218	34.31478	-117.469842	15.95	15.95	6875	Open	15.95
1219	34.31478	-117.469842	15.4	15.4	6876	Open	15.4
1220	34.31478	-117.469842	15.3	15.3	6877	Open	15.3
1221	34.297939	-117.467096	16.2	16.2	6878	Open	16.2
1222	34.297939	-117.467096	15.5	15.5	6879	Open	15.5
1223	34.297939	-117.467096	14.95	14.95	6880	Open	14.95
1224	34.297939	-117.467096	14.9	14.9	6881	Open	14.9
1225	34.297939	-117.467096	13.6	13.6	6882	Open	13.6
1226	34.321863	-117.491704	15.65	15.65	6883	Open	15.65
1227	34.321863	-117.491704	15.5	15.5	6884	Open	15.5
1228	34.321863	-117.491704	15.3	15.3	6885	Open	15.3
1229	34.321863	-117.491704	14.4	14.4	6886	Open	14.4
1230	34.321863	-117.491704	14.2	14.2	6887	Open	14.2
1231	35.061	-117.103	13.04	13.04	6888	Open	13.04
1232	35.061	-117.103	13.05	13.05	6889	Open	13.05
1233	35.061	-117.103	13.06	13.06	6890	Open	13.06
1234	35.061	-117.103	13.07	13.07	6891	Closed	13.07
1235	35.04878	-117.075257	13.697	13.697	6892	Open	13.697
1236	35.04878	-117.075257	13.697	13.697	6893	Open	13.697
1237	35.04878	-117.075257	13.697	13.697	6894	Open	13.697
1238	35.04878	-117.075257	13.697	13.697	6895	Closed	13.697
1239	35.022	-117.024	14.8	14.8	6896	Closed	14.8
1240	35.025	-117.048	15.89	15.89	6897	Closed	15.89
