index	Latitude	Longitude	Age.Max	Age.Min	mean_age	age_bin	paleolat	paleolon	Openness	x_albers	y_albers	x_paleo_albers	y_paleo_albers
3	74.3	-123.033	16	14	15	15	75.13	-118.54	Closed	-1298653	5487391	-1074052	5485750
9	67.333	-141.333	15.3	15.1	15.2	15	68.29	-138.22	Closed	-2378254	5327342	-2190498	5327073
31	63.9	-148.941	17	14	15.5	16	64.96	-146.01	Closed	-2904686	5265680	-2709587	5264261
32	64.083333	-141.916667	3.1	2.7	2.9	3	64.26	-141.33	Open	-2544335	5079257	-2506706	5078430
33	63.233333	-145.616667	5.26	5.26	5.26	5	63.35	-143.8	Open	-2771488	5111901	-2673521	5069588
34	65.883333	-163.116667	5.9	5.5	5.7	6	66.24	-162.24	Closed	-3445872	5889320	-3387701	5882502
35	67.15	-142.133333	6.59	6.55	6.57	7	67.57	-140.74	Closed	-2424455	5333254	-2340059	5331131
36	63.866667	-148.85	8	8	8	8	64.35	-147.4	Closed	-2901886	5260219	-2806842	5255572
37	63.866667	-148.85	9.7	9.7	9.7	10	64.47	-147.02	Closed	-2901886	5260219	-2782376	5254058
38	63.866667	-148.85	11.3	11.3	11.3	11	64.55	-146.84	Closed	-2901886	5260219	-2769699	5255240
39	63.866667	-148.85	13.4	13.4	13.4	13	64.7	-146.47	Closed	-2901886	5260219	-2744385	5256573
40	63.866667	-148.85	14	14	14	14	64.77	-146.29	Closed	-2901886	5260219	-2732236	5257016
41	63.866667	-148.85	14.6	14.6	14.6	15	64.85	-146.1	Closed	-2901886	5260219	-2719144	5257998
42	63.866667	-148.85	15	15	15	15	64.85	-146.1	Closed	-2901886	5260219	-2719144	5257998
43	63.866667	-148.85	16	16	16	16	64.93	-145.91	Closed	-2901886	5260219	-2706073	5259003
53	39.781	-123.235	15.97	11.61	13.79	14	39.63	-118.44	Closed	-2280216	2191430	-1891034	2069823
54	52.467	-125.3167	12	8	10	10	53.01	-123.19	Closed	-2023054	3580355	-1863987	3592765
55	52.0164	-125.353	12	8	10	10	52.55	-123.27	Closed	-2040273	3534762	-1883335	3546845
56	51.9194	-123.0417	12	8	10	10	52.45	-120.9	Closed	-1887119	3476964	-1726398	3491451
57	52.9833	-122.4833	12	8	10	10	53.51	-120.32	Closed	-1817607	3576320	-1658234	3591272
58	50.886	-120.7844	12	8	10	10	51.41	-118.63	Closed	-1762271	3325588	-1598698	3342689
61	44.5	-119.633	7.5	7.3	7.4	7	44.43	-117.28	Open	-1855518	2621963	-1675780	2570661
99	37.5406	-77.4358	16	11.6	13.8	14	37.74	-74.37	Closed	1614483	1769530	1871779	1847621
100	30.468	-84.986	18	15	16.5	16	30.82	-81.71	Closed	1053176	882434	1358482	962782
101	46.342	-115.789	12.5	10.5	11.5	12	46.26	-111.79	Closed	-1516192	2753235	-1214490	2686836
102	43	-116.55	10.5	8.5	9.5	10	42.92	-113.16	Closed	-1653441	2402173	-1385559	2339200
103	38.548	-75.062	11.6	5.3	8.45	8	38.67	-73.27	Closed	1793092	1922580	1940498	1971099
110	38.548	-75.062	11.7	9.6	10.65	11	38.7	-72.61	Closed	1793092	1922580	1994898	1988028
113	38.548	-75.062	11.9	10.2	11.05	11	38.7	-72.61	Closed	1793092	1922580	1994898	1988028
116	38.548	-75.062	17	14	15.5	16	38.72	-71.54	Closed	1793092	1922580	2083607	2013160
120	38.548	-75.062	20.8	17	18.9	19	38.73	-70.9	Closed	1793092	1922580	2136576	2028453
127	34.583	-112.418	11.6	3.6	7.6	8	34.96	-110.79	Closed	-1486748	1408901	-1334045	1426344
128	40.034	-74.333	11	11	11	11	40.17	-71.85	Closed	1816814	2098800	2016923	2163685
129	78.257	-75.155	3.6	2.6	3.1	3	78.3	-73.78	Open	953192	5653215	1014406	5669752
131	78.257	-75.155	11.6	3.6	7.6	8	78.37	-71.45	Closed	953192	5653215	1117537	5699606
252	29.285	-82.339	13.6	4.9	9.25	9	29.48	-80.46	Open	1323512	785387	1500511	834661
253	47.925	-119.071	11.6	5.3	8.45	8	48.34	-117.37	Closed	-1720964	2979820	-1586114	2994720
254	42.808	-101.032	7.2	5.3	6.25	6	43.04	-99.71	Open	-408989	2212081	-300593	2233039
255	46.506	-120.541	11.6	3.6	7.6	8	46.42	-117.87	Closed	-1868316	2855565	-1670974	2796573
256	46.657	-120.522	11.6	3.6	7.6	8	46.57	-117.86	Closed	-1862632	2871369	-1666433	2812585
259	46.702	-120.547	11.6	3.6	7.6	8	46.61	-117.88	Closed	-1863215	2876679	-1666920	2817251
260	46.818	-120.645	11.6	5.3	8.45	8	46.73	-117.98	Closed	-1867192	2891021	-1671355	2831948
261	46.901	-120.467	11.6	5.3	8.45	8	46.81	-117.8	Closed	-1851667	2896422	-1655895	2837422
262	42.101	-114.021	16	11.6	13.8	14	42.6	-110.62	Closed	-1471522	2262151	-1187713	2269545
263	39.422	-119.296	14.8	13.3	14.05	14	39.31	-114.5	Closed	-1967403	2064562	-1570607	1963013
264	36.562	-121.886	16	5.3	10.65	11	35.96	-118.44	Closed	-2267210	1812389	-1987244	1669977
265	63.85	-148.96	11.6	6.7	9.15	9	64.4	-147.33	Closed	-2908124	5262241	-2800986	5257531
266	38.5	-120.01	7	7	7	7	38.43	-117.6	Closed	-2052265	1979506	-1851801	1922379
268	35.97	-120.02	5	5	5	5	35.92	-118.28	Open	-2123994	1705240	-1974376	1662286
269	79.934	-99.242	5.3	3.6	4.45	4	80.09	-97.46	Open	-146459	5637425	-65852	5642906
270	71.584	-131.217	16	11.6	13.8	14	72.42	-127.71	Closed	-1748134	5429534	-1560050	5428366
271	75.105	-87.101	23	16	19.5	20	75.52	-78.81	Closed	427578	5376148	817730	5457613
272	38.58	-122.67	5.3	2.6	3.95	4	38.53	-121.29	Closed	-2271455	2048672	-2158262	2011113
274	38.4	-122.64	5.3	2.6	3.95	4	38.35	-121.26	Closed	-2274549	2028567	-2161063	1990965
275	38.4	-122.67	5.3	2.6	3.95	4	38.35	-121.29	Closed	-2277043	2029286	-2163568	1991647
276	38.51	-122.72	5.3	2.6	3.95	4	38.46	-121.34	Closed	-2277778	2042330	-2164495	2004680
277	38.193	-122.53	5.3	2.6	3.95	4	38.14	-121.15	Closed	-2271797	2003636	-2158030	1965750
278	37.85	-122.11	5.3	2.6	3.95	4	37.8	-120.73	Closed	-2247179	1956671	-2132620	1919466
279	37.88	-122.14	5.3	2.6	3.95	4	37.83	-120.76	Closed	-2248782	1960617	-2134283	1923388
280	37.69	-122.5	5.3	2.6	3.95	4	37.64	-121.12	Closed	-2284812	1948720	-2170157	1910975
281	37.28	-122.04	5.3	2.6	3.95	4	37.23	-120.66	Closed	-2258591	1893520	-2143111	1856156
282	40.12	-123.8	5.3	2.6	3.95	4	40.07	-122.43	Closed	-2315223	2241494	-2205702	2203531
283	40.12	-123.81	5.3	2.6	3.95	4	40.07	-122.44	Closed	-2316032	2241737	-2206515	2203763
284	40.06	-123.73	5.3	2.6	3.95	4	40.01	-122.36	Closed	-2311494	2233352	-2201852	2195442
285	41.49	-120.45	3.6	2.6	3.1	3	41.46	-119.43	Closed	-2003814	2313047	-1922777	2288722
286	36.05	-120.28	5.3	2.6	3.95	4	36.01	-118.89	Closed	-2144221	1719750	-2024993	1684916
287	34.35	-119.28	5.3	2.6	3.95	4	34.14	-118.02	Closed	-2103859	1513085	-1997487	1463082
290	54.02	-132.02	11.6	2.6	7.1	7	54.41	-130.62	Closed	-2403797	3893539	-2299820	3897616
298	47.043	-123.778	11.6	5.3	8.45	8	46.93	-121.11	Closed	-2090982	2980238	-1898368	2912210
304	31.088	-93.059	13	11.5	12.25	12	31.46	-90.58	Closed	279676	894581	512862	946274
305	53.085	-122.599	11.6	5.3	8.45	8	53.51	-120.87	Closed	-1822321	3589041	-1694885	3600976
306	44.715	-118.171	11.3	5.3	8.3	8	44.64	-115.48	Closed	-1737356	2617581	-1531355	2563145
307	44.715	-118.171	11.6	5.3	8.45	8	44.64	-115.48	Closed	-1737356	2617581	-1531355	2563145
308	69.33	-135.75	3.6	2.6	3.1	3	69.51	-135.1	Closed	-2034399	5352163	-1997059	5352080
309	69.33	-135.75	5.3	2.6	3.95	4	69.56	-134.88	Closed	-2034399	5352163	-1984809	5351273
310	69.33	-135.75	23	11.6	17.3	17	70.4	-131.82	Open	-2034399	5352163	-1811124	5353622
311	40.93	-104.8	23.5	19.2	21.35	21	41.79	-100.31	Closed	-733983	2025160	-355511	2095481
313	40.78	-104.03	18.7	18.7	18.7	19	41.56	-99.99	Open	-671337	2002734	-330212	2068614
314	40.99	-103.92	18.7	17.2	17.95	18	41.73	-100.08	Open	-660205	2025398	-336840	2087937
315	40.89	-103.94	14.4	14.4	14.4	14	41.47	-100.94	Open	-662802	2014378	-409294	2062248
316	40.89	-103.94	14.1	14.1	14.1	14	41.47	-100.94	Open	-662802	2014378	-409294	2062248
317	40.89	-103.94	14.4	14.1	14.25	14	41.47	-100.94	Closed	-662802	2014378	-409294	2062248
318	40.78	-104.03	13.3	13.3	13.3	13	41.32	-101.25	Open	-671337	2002734	-435880	2046861
319	40.74	-103.89	11.5	11.5	11.5	12	41.23	-101.31	Closed	-660031	1997290	-441419	2037078
320	46.71	-110.98	27.5	27.5	27.5	28	47.82	-104.47	Closed	-1144890	2726006	-638249	2786767
321	46.71	-113.06	27.5	27.5	27.5	28	47.89	-106.6	Open	-1302254	2752787	-797295	2810541
322	46.01	-111.92	27.5	20.8	24.15	24	47.08	-106.55	Closed	-1229020	2661155	-803463	2721186
323	45.99	-111.85	19	19	19	19	46.9	-107.74	Closed	-1224035	2658062	-896108	2712044
324	44.78	-113.26	23	19	21	21	45.54	-108.19	Closed	-1356071	2544718	-949568	2566756
325	44.79	-113.25	17.2	17.2	17.2	17	45.41	-109.18	Open	-1355093	2545671	-1028207	2562737
326	44.79	-113.25	16.7	16.7	16.7	17	45.41	-109.18	Open	-1355093	2545671	-1028207	2562737
327	44.79	-113.25	16.3	16.3	16.3	16	45.37	-109.42	Open	-1355093	2545671	-1047433	2560954
328	44.8	-113.25	15.2	15.2	15.2	15	45.35	-109.65	Open	-1354892	2546766	-1065580	2561310
329	44.8	-113.25	15.1	15.1	15.1	15	45.35	-109.65	Open	-1354892	2546766	-1065580	2561310
330	44.93	-112.55	15.8	15.8	15.8	16	45.71	-109.13	Open	-1297972	2551238	-1019740	2595217
331	45.75	-111.43	15.3	13	14.15	14	46.41	-108.4	Closed	-1196197	2626426	-953269	2664621
332	45.9	-114.2	15.8	11	13.4	13	46.36	-111.11	Open	-1405340	2680742	-1160883	2689281
333	42.76	-103.53	29	29	29	29	43.62	-96.93	Closed	-612091	2220149	-74735	2292294
334	42.3	-103.68	28.4	28.4	28.4	28	43.16	-97.36	Closed	-628409	2169871	-110023	2241361
335	42.65	-104.77	28.4	28.4	28.4	28	43.55	-98.44	Closed	-713754	2216551	-196261	2286636
336	42.75	-103.93	28.1	28.1	28.1	28	43.62	-97.59	Closed	-644625	2221680	-127769	2292997
337	42.75	-103.93	27.9	27.9	27.9	28	43.62	-97.59	Closed	-644625	2221680	-127769	2292997
338	42.75	-103.93	26.2	26.2	26.2	26	43.62	-98.09	Closed	-644625	2221680	-167942	2293775
339	42.75	-103.93	26	26	26	26	43.62	-98.09	Closed	-644625	2221680	-167942	2293775
340	42.75	-103.93	25.9	25.9	25.9	26	43.62	-98.09	Open	-644625	2221680	-167942	2293775
341	42.03	-103.88	26.5	26.5	26.5	26	42.9	-98.08	Closed	-647237	2141118	-168898	2213379
342	42.72	-103.01	25	25	25	25	43.56	-97.41	Closed	-570231	2212458	-113405	2286073
343	42.69	-103.93	20	20	20	20	43.51	-99.61	Open	-645184	2214998	-290501	2285170
344	42.69	-103.93	19.8	19.8	19.8	20	43.51	-99.61	Open	-645184	2214998	-290501	2285170
345	42.69	-103.93	19.5	19.5	19.5	20	43.51	-99.61	Open	-645184	2214998	-290501	2285170
346	42.43	-103.46	24	24	24	24	43.28	-98.14	Open	-609305	2182928	-172814	2255920
347	41.7	-103.72	19.2	19.2	19.2	19	42.48	-99.64	Open	-637121	2103240	-297320	2170285
348	42.42	-103.76	19.1	19.1	19.1	19	43.2	-99.66	Open	-633846	2183775	-295856	2250739
349	42.67	-104.02	19.1	19.1	19.1	19	43.45	-99.91	Open	-652678	2213385	-314905	2279433
350	42.43	-103.46	19.1	19.1	19.1	19	43.2	-99.35	Open	-609305	2182928	-270808	2249815
351	42.34	-104.06	19.1	19.1	19.1	19	43.12	-99.96	Open	-659050	2176902	-320465	2242784
352	42.34	-104.06	18.9	18.9	18.9	19	43.12	-99.96	Open	-659050	2176902	-320465	2242784
353	42.42	-103.76	18.9	18.9	18.9	19	43.2	-99.66	Open	-633846	2183775	-295856	2250739
354	42.6	-104.01	18.9	18.9	18.9	19	43.38	-99.91	Open	-652524	2205521	-315227	2271625
355	42.81	-101.77	19.1	19.1	19.1	19	43.55	-97.63	Open	-468890	2215713	-131117	2285240
356	42.43	-103.37	18.5	18.5	18.5	18	43.16	-99.48	Open	-601969	2182354	-281476	2245728
357	42.48	-103.04	18.1	18.1	18.1	18	43.2	-99.14	Open	-574652	2185885	-253838	2249235
358	42.77	-102.02	18.1	18.1	18.1	18	43.48	-98.1	Open	-489462	2212512	-169091	2278171
360	42.56	-102.59	17.5	17.5	17.5	18	43.28	-98.68	Open	-537361	2192173	-216410	2257026
361	42.44	-103.07	17	17	17	17	43.13	-99.39	Open	-577429	2181607	-274319	2242117
363	42.17	-103.72	16.5	16.5	16.5	16	42.83	-100.27	Open	-632854	2155646	-346991	2211506
364	42.17	-103.72	16.1	16.1	16.1	16	42.83	-100.27	Open	-632854	2155646	-346991	2211506
365	42.64	-102.8	16.5	16.5	16.5	16	43.28	-99.33	Open	-553817	2202298	-268879	2258686
366	42.17	-103.72	15.6	15.6	15.6	16	42.83	-100.27	Open	-632854	2155646	-346991	2211506
368	42.69	-102.85	15	15	15	15	43.29	-99.59	Open	-557480	2208164	-289820	2260566
369	42.8	-100.5	11.8	11.8	11.8	12	43.26	-97.86	Open	-365826	2209020	-150249	2253212
370	42.73	-99.82	11.4	11.4	11.4	11	43.14	-97.39	Open	-310892	2198784	-112482	2239163
371	42.75	-100.82	10.8	10.8	10.8	11	43.17	-98.4	Open	-392102	2204715	-194116	2244142
372	42.71	-99.94	9.5	9.5	9.5	10	43.08	-97.73	Open	-320746	2196949	-140115	2232914
373	42.91	-100.27	9	9	9	9	43.26	-98.28	Open	-346589	2220435	-184171	2253951
374	35.99	-106.03	15.8	15.8	15.8	16	36.68	-102.75	Closed	-894528	1484867	-597128	1536118
375	35.99	-106.03	14	13.5	13.75	14	36.59	-103.15	Closed	-894528	1484867	-633206	1528652
377	42.8164657	-97.8619576	5.5	5	5.25	5	43	-96.75	Open	-151378	2203680	-60817	2222942
380	41.5239548	-103.7732699	7	5	6	6	41.77	-102.48	Open	-643117	2083963	-534425	2103408
381	41.5239548	-103.7732699	9	5	7	7	41.81	-102.26	Open	-643117	2083963	-516014	2106658
382	41.1777746	-103.6247423	9	5	7	7	41.47	-102.11	Open	-633961	2044341	-506111	2067883
383	42.8244219	-100.0224186	10	9	9.5	10	43.2	-97.81	Open	-326910	2210005	-146338	2246435
384	41.2649071	-102.1317116	10.8	9.5	10.15	10	41.66	-99.95	Open	-509387	2045089	-326439	2079657
391	37.4254872	-99.8301638	9	5	7	7	37.69	-98.34	Open	-335657	1605201	-204371	1630596
392	39.0011182	-99.5385375	9	8	8.5	8	39.31	-97.81	Open	-303538	1780687	-154630	1811127
393	39.0011182	-99.5385375	8	8	8	8	39.31	-97.81	Open	-303538	1780687	-154630	1811127
399	39.43	-74.76	22	15	18.5	18	39.6	-70.78	Closed	1796615	2024716	2120976	2125252
406	43.84	-73.05	25	10	17.5	18	43.97	-68.9	Closed	1820551	2537375	2137416	2637813
407	42.19	-103.79	20.4	12.4	16.4	16	42.85	-100.34	Open	-638397	2158344	-352573	2213996
413	42.39	-98.23	23	16	19.5	20	43.09	-93.85	Open	-182414	2156669	174101	2234725
420	46	-119	10	5	7.5	8	45.92	-116.33	Closed	-1766828	2771715	-1566957	2716228
458	42	-115	3.4	2.6	3	3	42.1	-114.27	Open	-1552666	2266644	-1491626	2265923
465	42	-115	16	5.3	10.65	11	42.37	-112.32	Closed	-1552666	2266644	-1328925	2266681
471	40	-107	20.6	16.3	18.45	18	40.79	-103.22	Open	-928772	1940790	-603671	1998417
474	41	-107	20.6	16.3	18.45	18	41.79	-103.19	Open	-915835	2052054	-592706	2109851
475	41	-107	16.3	13.6	14.95	15	41.66	-103.82	Open	-915835	2052054	-645723	2099454
476	42.24	-114.1	13.6	10.3	11.95	12	42.66	-111.18	Closed	-1474951	2278641	-1231760	2283298
477	43.74	-118.81	13.6	10.3	11.95	12	43.63	-114.76	Closed	-1812313	2523865	-1497590	2441342
482	43.26	-117.03	16.3	13.6	14.95	15	43.16	-111.97	Closed	-1685063	2438951	-1285930	2348877
484	39.9	-99.76	5.3	3.6	4.45	4	40.05	-98.9	Open	-318541	1882075	-245197	1896321
485	39.85	-99.76	5.3	3.6	4.45	4	40	-98.9	Open	-318763	1876477	-245368	1890722
486	40.42	-101.37	5.3	3.6	4.45	4	40.58	-100.51	Open	-451524	1946792	-378422	1960935
487	39.95	-99.54	5.3	3.6	4.45	4	40.1	-98.67	Open	-299703	1886958	-225598	1901351
488	39.9	-102.2	5.3	3.6	4.45	4	40.06	-101.34	Open	-525019	1892905	-451270	1906382
489	41.33	-102.14	5.3	3.6	4.45	4	41.49	-101.27	Open	-509604	2052405	-436484	2065952
490	39.74	-98.73	5.3	3.6	4.45	4	39.89	-97.86	Open	-231825	1861174	-157629	1876195
491	39.84	-100.2	5.3	3.6	4.45	4	40	-99.34	Open	-356091	1876919	-282581	1891944
492	41.7	-98.4	5.3	3.6	4.45	4	41.85	-97.52	Open	-198266	2079852	-125308	2095134
493	38.95	-100.56	5.3	3.6	4.45	4	39.11	-99.7	Open	-391375	1778698	-316907	1793409
494	42.45	-103.3	20.6	18.6	19.6	20	43.26	-98.98	Open	-596091	2184142	-240698	2255515
495	41.83	-103.11	22.6	20.6	21.6	22	42.66	-98.31	Open	-585789	2113817	-188223	2186999
496	42.1	-103.3	18.6	17.6	18.1	18	42.83	-99.42	Open	-599095	2145119	-277951	2208711
497	42.68	-102.69	17.6	16.3	16.95	17	43.36	-99	Open	-544559	2206122	-241960	2266726
498	42.87	-100.56	5.3	3.6	4.45	4	43.03	-99.68	Open	-370325	2217065	-298207	2231828
499	42.1	-114.6	7.4	7.4	7.4	7	42.34	-112.89	Open	-1518226	2271149	-1375451	2271488
500	42.08	-114.68	7.7	7.7	7.7	8	42.35	-112.73	Open	-1525109	2270235	-1362361	2270284
501	42.08	-115.22	8	8	8	8	42.35	-113.27	Open	-1568603	2279025	-1405857	2278149
502	42	-114.67	8.6	8.6	8.6	9	42.31	-112.47	Open	-1526050	2261298	-1342174	2262180
503	42.08	-113.93	9.3	9.3	9.3	9	42.39	-111.73	Open	-1464620	2258438	-1280961	2260784
504	42.4	-114.3	10.2	10.2	10.2	10	42.74	-111.86	Open	-1487624	2299322	-1284950	2301124
505	42.4	-114.3	10.4	10.4	10.4	10	42.74	-111.86	Open	-1487624	2299322	-1284950	2301124
506	42.42	-114.3	10.5	10.5	10.5	10	42.76	-111.86	Open	-1487196	2301517	-1284579	2303328
507	42.33	-114.28	10.55	10.55	10.55	11	42.71	-111.6	Open	-1487515	2291327	-1264624	2294329
508	42.3	-114.01	10.6	10.6	10.6	11	42.68	-111.33	Open	-1466442	2283837	-1243467	2287458
509	42.33	-114.27	10.7	10.7	10.7	11	42.71	-111.59	Open	-1486711	2291170	-1263821	2294196
510	42.3	-114.02	10.8	10.8	10.8	11	42.68	-111.34	Open	-1467246	2283991	-1244271	2287588
511	42.15	-114.07	11.6	11.6	11.6	12	42.57	-111.15	Open	-1474439	2268292	-1230943	2272977
512	41.96	-115.67	12	12	12	12	41.88	-111.6	Open	-1607567	2273402	-1279791	2202765
513	41.2	-112.55	2.6	2.6	2.6	3	41.31	-111.81	Open	-1370147	2140992	-1307425	2142703
515	41.2	-112.55	2.7	2.7	2.7	3	41.31	-111.81	Open	-1370147	2140992	-1307425	2142703
517	41.2	-112.55	2.8	2.8	2.8	3	41.31	-111.81	Open	-1370147	2140992	-1307425	2142703
518	41.2	-112.55	2.9	2.9	2.9	3	41.31	-111.81	Open	-1370147	2140992	-1307425	2142703
519	41.2	-112.55	3	3	3	3	41.31	-111.81	Open	-1370147	2140992	-1307425	2142703
521	41.2	-112.55	3.1	3.1	3.1	3	41.31	-111.81	Open	-1370147	2140992	-1307425	2142703
522	41.2	-112.55	3.2	3.2	3.2	3	41.31	-111.81	Open	-1370147	2140992	-1307425	2142703
524	41.2	-112.55	3.3	3.3	3.3	3	41.31	-111.81	Open	-1370147	2140992	-1307425	2142703
525	41.2	-112.55	3.4	3.4	3.4	3	41.31	-111.81	Open	-1370147	2140992	-1307425	2142703
528	41.2	-112.55	3.5	3.5	3.5	4	41.35	-111.57	Open	-1370147	2140992	-1287026	2143844
529	41.2	-112.55	3.6	3.6	3.6	4	41.35	-111.57	Open	-1370147	2140992	-1287026	2143844
530	41.2	-112.55	3.7	3.7	3.7	4	41.35	-111.57	Open	-1370147	2140992	-1287026	2143844
531	41.2	-112.55	3.9	3.9	3.9	4	41.35	-111.57	Open	-1370147	2140992	-1287026	2143844
532	41.2	-112.55	4	4	4	4	41.35	-111.57	Open	-1370147	2140992	-1287026	2143844
533	41.2	-112.55	4.1	4.1	4.1	4	41.35	-111.57	Open	-1370147	2140992	-1287026	2143844
534	41.2	-112.55	4.2	4.2	4.2	4	41.35	-111.57	Open	-1370147	2140992	-1287026	2143844
536	41.2	-112.55	4.4	4.4	4.4	4	41.35	-111.57	Open	-1370147	2140992	-1287026	2143844
537	41.2	-112.55	4.5	4.5	4.5	4	41.35	-111.57	Open	-1370147	2140992	-1287026	2143844
538	41.2	-112.55	4.6	4.6	4.6	5	41.38	-111.32	Open	-1370147	2140992	-1266003	2143800
539	41.2	-112.55	4.7	4.7	4.7	5	41.38	-111.32	Open	-1370147	2140992	-1266003	2143800
540	41.2	-112.55	4.8	4.8	4.8	5	41.38	-111.32	Open	-1370147	2140992	-1266003	2143800
541	41.2	-112.55	4.9	4.9	4.9	5	41.38	-111.32	Open	-1370147	2140992	-1266003	2143800
542	41.2	-112.55	5	5	5	5	41.38	-111.32	Open	-1370147	2140992	-1266003	2143800
543	41.2	-112.55	5.1	5.1	5.1	5	41.38	-111.32	Open	-1370147	2140992	-1266003	2143800
544	41.2	-112.55	5.2	5.2	5.2	5	41.38	-111.32	Open	-1370147	2140992	-1266003	2143800
545	41.2	-112.55	5.3	5.3	5.3	5	41.38	-111.32	Open	-1370147	2140992	-1266003	2143800
546	41.2	-112.55	5.4	5.4	5.4	5	41.38	-111.32	Open	-1370147	2140992	-1266003	2143800
547	41.2	-112.55	5.5	5.5	5.5	6	41.42	-111.07	Open	-1370147	2140992	-1244812	2144917
548	41.2	-112.55	5.6	5.6	5.6	6	41.42	-111.07	Open	-1370147	2140992	-1244812	2144917
549	41.2	-112.55	5.7	5.7	5.7	6	41.42	-111.07	Open	-1370147	2140992	-1244812	2144917
550	41.2	-112.55	5.8	5.8	5.8	6	41.42	-111.07	Open	-1370147	2140992	-1244812	2144917
551	41.2	-112.55	6.1	6.1	6.1	6	41.42	-111.07	Open	-1370147	2140992	-1244812	2144917
552	41.2	-112.55	6.4	6.4	6.4	6	41.42	-111.07	Open	-1370147	2140992	-1244812	2144917
553	41.2	-112.55	6.6	6.6	6.6	7	41.45	-110.83	Open	-1370147	2140992	-1224628	2145116
554	41.2	-112.55	7.2	7.2	7.2	7	41.45	-110.83	Open	-1370147	2140992	-1224628	2145116
555	41.2	-112.55	7.5	7.5	7.5	8	41.49	-110.58	Open	-1370147	2140992	-1203463	2146346
556	41.2	-112.55	7.8	7.8	7.8	8	41.49	-110.58	Open	-1370147	2140992	-1203463	2146346
557	41.2	-112.55	8.1	8.1	8.1	8	41.49	-110.58	Open	-1370147	2140992	-1203463	2146346
558	41.2	-112.55	8.4	8.4	8.4	8	41.49	-110.58	Open	-1370147	2140992	-1203463	2146346
559	41.2	-112.55	8.6	8.6	8.6	9	41.52	-110.33	Open	-1370147	2140992	-1182481	2146526
560	41.2	-112.55	8.9	8.9	8.9	9	41.52	-110.33	Open	-1370147	2140992	-1182481	2146526
561	41.2	-112.55	9.5	9.5	9.5	10	41.55	-110.08	Open	-1370147	2140992	-1161508	2146763
562	41.2	-112.55	9.7	9.7	9.7	10	41.55	-110.08	Open	-1370147	2140992	-1161508	2146763
563	41.2	-112.55	10	10	10	10	41.55	-110.08	Open	-1370147	2140992	-1161508	2146763
564	41.2	-112.55	10.3	10.3	10.3	10	41.55	-110.08	Open	-1370147	2140992	-1161508	2146763
565	41.2	-112.55	10.5	10.5	10.5	10	41.55	-110.08	Open	-1370147	2140992	-1161508	2146763
566	41.2	-112.55	10.6	10.6	10.6	11	41.59	-109.84	Open	-1370147	2140992	-1141202	2148284
567	41.2	-112.55	10.7	10.7	10.7	11	41.59	-109.84	Open	-1370147	2140992	-1141202	2148284
568	41.2	-112.55	11	11	11	11	41.59	-109.84	Open	-1370147	2140992	-1141202	2148284
569	41.2	-112.55	11.2	11.2	11.2	11	41.59	-109.84	Open	-1370147	2140992	-1141202	2148284
570	41.2	-112.55	11.4	11.4	11.4	11	41.59	-109.84	Open	-1370147	2140992	-1141202	2148284
571	41.2	-112.55	11.5	11.5	11.5	12	41.63	-109.6	Open	-1370147	2140992	-1120910	2149857
572	41.2	-112.55	11.8	11.8	11.8	12	41.63	-109.6	Open	-1370147	2140992	-1120910	2149857
573	41.2	-112.55	12	12	12	12	41.63	-109.6	Open	-1370147	2140992	-1120910	2149857
574	41.2	-112.55	12.4	12.4	12.4	12	41.63	-109.6	Open	-1370147	2140992	-1120910	2149857
575	41.2	-112.55	12.5	12.5	12.5	12	41.63	-109.6	Open	-1370147	2140992	-1120910	2149857
576	41.2	-112.55	12.7	12.7	12.7	13	41.67	-109.36	Open	-1370147	2140992	-1100634	2151483
577	41.2	-112.55	12.9	12.9	12.9	13	41.67	-109.36	Open	-1370147	2140992	-1100634	2151483
578	41.2	-112.55	13	13	13	13	41.67	-109.36	Open	-1370147	2140992	-1100634	2151483
579	41.2	-112.55	13.1	13.1	13.1	13	41.67	-109.36	Open	-1370147	2140992	-1100634	2151483
580	41.2	-112.55	13.2	13.2	13.2	13	41.67	-109.36	Open	-1370147	2140992	-1100634	2151483
581	41.2	-112.55	13.5	13.5	13.5	14	41.71	-109.12	Open	-1370147	2140992	-1080373	2153162
630	44	-111	9.2	9.2	9.2	9	44.42	-109.06	Open	-1193760	2428727	-1034000	2452298
647	43.83	-73.05	23	16	19.5	20	43.96	-68.44	Closed	1820818	2536292	2173002	2647175
649	42.5	-100	14	13	13.5	14	43.03	-96.93	Open	-326615	2173701	-75380	2226422
650	36.8	-100.5	12	10	11	11	37.22	-98.17	Open	-397635	1537764	-190729	1577586
651	35	-101	12	10	11	11	35.42	-98.7	Open	-452377	1338704	-243028	1377255
652	38.8	-101.2	6	5	5.5	6	39.04	-99.92	Open	-447173	1764731	-336063	1786325
653	39	-117.68	15.6	15.6	15.6	16	38.89	-112.21	Closed	-1844091	1986174	-1386207	1881092
654	42.25	-114.09	16.3	15	15.65	16	42.82	-110.21	Closed	-1473935	2279584	-1150995	2288805
655	39.39	-117.63	15.5	15.5	15.5	16	39.28	-112.16	Closed	-1830049	2027788	-1374575	1923445
668	75.37	-89.67	24.8	21.4	23.1	23	75.77	-79.58	Closed	303196	5383741	778693	5467075
669	42.41	-118.46	23	21	22	22	42.24	-110.94	Closed	-1819811	2372817	-1219799	2233835
670	36.19	-118.11	17.5	16.1	16.8	17	36.07	-112.25	Open	-1952614	1688189	-1443365	1570281
672	59.4	-151.7	16.8	15.8	16.3	16	60.33	-147.28	Closed	-3283221	4983863	-3001627	4916931
700	40.03	-74.33	11	11	11	11	40.17	-71.85	Closed	1817162	2098421	2016923	2163685
764	37.5	-77.4	7.2	3.6	5.4	5	37.59	-76.29	Closed	1618441	1765675	1711599	1795006
767	38.7	-76.8	7.2	5.3	6.25	6	38.8	-75.46	Closed	1642959	1907819	1753489	1942730
770	38.5	-75.2	7.2	3.6	5.4	5	38.58	-74.08	Closed	1782633	1914733	1874907	1945028
772	38.6	-75.5	7.2	3.6	5.4	5	38.68	-74.38	Closed	1754925	1920095	1847166	1950069
773	36.75	-76.4	4	3	3.5	4	36.82	-75.52	Closed	1721459	1700898	1795898	1724852
776	38.6	-75.1	3.6	2.6	3.1	3	38.65	-74.43	Closed	1788619	1927552	1843724	1945822
779	38.72	-76.82	10	6	8	8	38.85	-75.03	Closed	1640822	1909670	1788379	1956214
780	39.8	-119.6	15.6	15.6	15.6	16	39.67	-114.14	Closed	-1982139	2111956	-1532765	1996733
782	38	-117.5	16.4	15.1	15.75	16	37.89	-112.01	Closed	-1854186	1873466	-1388060	1767695
784	39.6	-119.33	14.8	14.7	14.75	15	39.48	-114.2	Closed	-1965369	2084616	-1541826	1976799
785	41.8	-119.8	16	16	16	16	41.67	-114.37	Closed	-1943079	2333128	-1508930	2220285
786	41.4	-119.29	16	16	16	16	41.28	-113.86	Closed	-1913149	2279383	-1475695	2169416
787	47.02	-116.26	23	11.6	17.3	17	47.9	-112.63	Closed	-1535848	2834239	-1246868	2876508
788	46.94	-116.26	16	16	16	16	47.76	-112.84	Closed	-1537721	2825586	-1265173	2864074
789	49.68	-115.57	14.5	14.5	14.5	14	50.39	-112.51	Closed	-1424406	3109983	-1190723	3144110
790	47.92	-118.95	14.5	14.5	14.5	14	48.66	-115.97	Closed	-1712247	2977099	-1476446	3006553
792	47.69	-117.31	14.5	14.5	14.5	14	48.42	-114.32	Closed	-1597673	2923841	-1361101	2956041
795	47.11	-116.35	14.5	14.5	14.5	14	47.83	-113.36	Closed	-1540450	2845427	-1302407	2878699
797	46.99	-116.25	14.5	14.5	14.5	14	47.71	-113.26	Closed	-1535803	2830833	-1297380	2864306
798	46.77	-116.28	14.5	14.5	14.5	14	47.49	-113.29	Closed	-1543202	2807516	-1304006	2840821
800	46.49	-116.71	14.5	14.5	14.5	14	47.21	-113.73	Closed	-1582115	2784285	-1342550	2816523
801	46.42	-116.26	14.5	14.5	14.5	14	46.33	-111.6	Closed	-1549908	2769290	-1198739	2692081
802	45.79	-116.28	14.5	14.5	14.5	14	45.7	-111.61	Closed	-1566219	2701297	-1210935	2623226
805	46.66	-103.02	13.1	13.1	13.1	13	47.18	-100.1	Closed	-538671	2649951	-312315	2694342
810	44.46	-119.47	15.4	15.4	15.4	15	44.34	-114.43	Closed	-1844072	2614470	-1456322	2513881
813	44.48	-118.76	16	11.6	13.8	14	44.37	-114.06	Closed	-1788845	2603062	-1426810	2511550
817	47.66	-117.42	16	5.3	10.65	11	48.22	-115.06	Closed	-1606521	2922467	-1419743	2945265
820	59.75	-151.17	5.3	2.6	3.95	4	59.96	-150.05	Closed	-3236184	4995217	-3166420	4975247
821	60.03	-151.7	5.3	2.6	3.95	4	60.25	-150.56	Closed	-3248053	5036832	-3177143	5016765
827	62.42	-150.6	11.6	5.3	8.45	8	62.8	-147.87	Closed	-3062798	5197920	-2906548	5143345
828	61.04	-151.4	11.6	5.3	8.45	8	61.46	-148.93	Closed	-3177079	5110792	-3028845	5065098
831	59.71	-151.29	11.6	5.3	8.45	8	60.13	-149.03	Closed	-3244629	4995936	-3104024	4956041
837	59.39	-151.75	11.6	5.3	8.45	8	59.83	-149.55	Closed	-3286384	4984747	-3147306	4947590
839	61.24	-151.25	16	11.6	13.8	14	61.99	-146.84	Closed	-3158595	5122333	-2894629	5044427
842	62.42	-150.6	16	11.6	13.8	14	63.11	-145.8	Closed	-3062798	5197920	-2786695	5107014
845	61.3	-151.77	16	11.6	13.8	14	62.08	-147.35	Closed	-3181565	5144625	-2916277	5067572
847	61.63	-149.85	16	11.6	13.8	14	62.27	-145.3	Closed	-3066805	5108765	-2801556	5021886
848	62.33	-151.53	16	11.6	13.8	14	63.09	-146.77	Closed	-3113774	5220824	-2836744	5134055
851	59.41	-151.74	16	11.6	13.8	14	60.21	-147.87	Closed	-3284742	4986089	-3038927	4925385
853	59.79	-152.61	23	11.6	17.3	17	60.85	-147.79	Closed	-3308305	5048158	-3001585	4977478
854	58.84	-153.29	23	16	19.5	20	60.19	-148	Closed	-3397773	4992588	-3046812	4927834
856	61.32	-149.58	23	16	19.5	20	62.24	-143.19	Closed	-3069422	5074254	-2693316	4958330
857	60.29	-152.45	23	16	19.5	20	61.52	-146.55	Closed	-3271957	5084240	-2903100	4995871
859	60.53	-152.32	23	16	19.5	20	61.74	-146.31	Closed	-3251919	5099679	-2879711	5007222
861	60.29	-152.43	23	16	19.5	20	61.52	-146.53	Closed	-3270937	5083551	-2902062	4995260
862	60.37	-152.34	23	16	19.5	20	61.59	-146.4	Closed	-3261872	5087099	-2891826	4997238
866	61.67	-149.15	23	16	19.5	20	62.54	-142.59	Closed	-3029132	5089639	-2648155	4967140
867	61.7	-149.09	23	16	19.5	20	62.56	-142.52	Closed	-3024514	5090226	-2643589	4966902
868	61.8	-143.17	16	11.6	13.8	14	61.97	-138.55	Closed	-2712747	4919953	-2458921	4809051
869	62.7	-149.2	5.3	2.6	3.95	4	62.87	-147.81	Closed	-2978365	5176305	-2900024	5147285
870	65.3	-164.1	11.6	5.3	8.45	8	65.77	-162.93	Closed	-3522581	5884900	-3444619	5874687
871	64.5	-165.4	3.6	1.8	2.7	3	64.67	-164.97	Open	-3627149	5878094	-3598236	5873610
873	41.35	-70.83	5.3	2.6	3.95	4	41.4	-69.91	Closed	2065558	2313323	2137668	2339063
875	41.35	-70.83	16	13.8	14.9	15	41.45	-67.43	Closed	2065558	2313323	2333327	2402771
876	41.32	-70.82	16	13.8	14.9	15	41.42	-67.42	Closed	2067239	2310299	2335113	2399809
880	46.94	-120.01	15.5	15.5	15.5	16	46.81	-114.69	Closed	-1816748	2891779	-1422977	2787039
881	40.45	-85.79	4	5	4.5	4	40.56	-84.9	Open	856930	1983469	929866	2004081
882	33.9	-116.9	4.4	3.5	3.95	4	33.7	-115.64	Open	-1903429	1413953	-1794954	1367595
883	44.75	-121.22	5.3	3	4.15	4	44.7	-119.88	Closed	-1969973	2680835	-1868964	2648386
888	27.47	-82.27	4.5	4	4.25	4	27.56	-81.44	Closed	1359034	587823	1439050	609858
889	27.47	-82.27	3.5	3	3.25	3	27.54	-81.65	Closed	1359034	587823	1418785	604520
897	27.47	-82.27	3	2.5	2.75	3	27.54	-81.65	Closed	1359034	587823	1418785	604520
914	78.37	-83.05	3.6	2.5	3.05	3	78.44	-81.7	Closed	594260	5595003	655193	5607651
919	77.86	-81.62	3.6	2.5	3.05	3	77.93	-80.3	Closed	663679	5576401	723420	5589937
923	79.7	-83.93	3.6	2.5	3.05	3	79.77	-82.48	Closed	545354	5658203	609963	5670421
924	78.47	-82.2	3.6	2.5	3.05	3	78.54	-80.84	Open	632212	5605875	693411	5619101
925	37.78	-118.47	5.3	3.6	4.45	4	37.74	-117.09	Closed	-1942086	1868840	-1825829	1837116
928	38.35	-122.63	3.6	2.6	3.1	3	38.31	-121.6	Closed	-2275268	2022942	-2190641	1994425
929	41.96	-121.51	2.6	2.6	2.6	3	41.92	-120.49	Closed	-2074686	2386579	-1994756	2360419
930	41.96	-121.51	2.62	2.62	2.62	3	41.92	-120.49	Closed	-2074686	2386579	-1994756	2360419
931	41.96	-121.51	2.64	2.64	2.64	3	41.92	-120.49	Closed	-2074686	2386579	-1994756	2360419
933	41.96	-121.51	2.66	2.66	2.66	3	41.92	-120.49	Closed	-2074686	2386579	-1994756	2360419
934	41.96	-121.51	2.67	2.67	2.67	3	41.92	-120.49	Closed	-2074686	2386579	-1994756	2360419
935	41.96	-121.51	2.69	2.69	2.69	3	41.92	-120.49	Closed	-2074686	2386579	-1994756	2360419
936	41.96	-121.51	2.71	2.71	2.71	3	41.92	-120.49	Closed	-2074686	2386579	-1994756	2360419
937	41.96	-121.51	2.72	2.72	2.72	3	41.92	-120.49	Closed	-2074686	2386579	-1994756	2360419
939	41.96	-121.51	2.73	2.73	2.73	3	41.92	-120.49	Closed	-2074686	2386579	-1994756	2360419
940	41.96	-121.51	2.75	2.75	2.75	3	41.92	-120.49	Closed	-2074686	2386579	-1994756	2360419
941	41.96	-121.51	2.76	2.76	2.76	3	41.92	-120.49	Closed	-2074686	2386579	-1994756	2360419
943	41.96	-121.51	2.77	2.77	2.77	3	41.92	-120.49	Closed	-2074686	2386579	-1994756	2360419
944	41.96	-121.51	2.78	2.78	2.78	3	41.92	-120.49	Closed	-2074686	2386579	-1994756	2360419
945	41.96	-121.51	2.79	2.79	2.79	3	41.92	-120.49	Closed	-2074686	2386579	-1994756	2360419
946	41.96	-121.51	2.8	2.8	2.8	3	41.92	-120.49	Closed	-2074686	2386579	-1994756	2360419
947	41.96	-121.51	2.81	2.81	2.81	3	41.92	-120.49	Closed	-2074686	2386579	-1994756	2360419
949	41.96	-121.51	2.82	2.82	2.82	3	41.92	-120.49	Closed	-2074686	2386579	-1994756	2360419
950	41.96	-121.51	2.83	2.83	2.83	3	41.92	-120.49	Closed	-2074686	2386579	-1994756	2360419
953	41.96	-121.51	2.86	2.86	2.86	3	41.92	-120.49	Closed	-2074686	2386579	-1994756	2360419
954	41.96	-121.51	2.87	2.87	2.87	3	41.92	-120.49	Closed	-2074686	2386579	-1994756	2360419
955	41.96	-121.51	2.89	2.89	2.89	3	41.92	-120.49	Closed	-2074686	2386579	-1994756	2360419
956	41.96	-121.51	2.9	2.9	2.9	3	41.92	-120.49	Closed	-2074686	2386579	-1994756	2360419
957	41.96	-121.51	2.92	2.92	2.92	3	41.92	-120.49	Closed	-2074686	2386579	-1994756	2360419
958	41.96	-121.51	2.93	2.93	2.93	3	41.92	-120.49	Closed	-2074686	2386579	-1994756	2360419
959	41.96	-121.51	2.95	2.95	2.95	3	41.92	-120.49	Closed	-2074686	2386579	-1994756	2360419
960	41.96	-121.51	2.96	2.96	2.96	3	41.92	-120.49	Closed	-2074686	2386579	-1994756	2360419
961	41.96	-121.51	2.97	2.97	2.97	3	41.92	-120.49	Closed	-2074686	2386579	-1994756	2360419
962	41.96	-121.51	2.99	2.99	2.99	3	41.92	-120.49	Closed	-2074686	2386579	-1994756	2360419
963	41.96	-121.51	3	3	3	3	41.92	-120.49	Closed	-2074686	2386579	-1994756	2360419
966	41.96	-121.51	3.01	3.01	3.01	3	41.92	-120.49	Closed	-2074686	2386579	-1994756	2360419
967	41.96	-121.51	3.02	3.02	3.02	3	41.92	-120.49	Closed	-2074686	2386579	-1994756	2360419
973	65.98	-162.99	5.9	5.5	5.7	6	66.34	-162.11	Closed	-3434789	5891426	-3376380	5884797
974	79.88	-99.05	3.1	2.9	3	3	79.99	-97.72	Closed	-137872	5634528	-77664	5638324
989	43.68	-115.832	12	10	11	11	43.6	-112.12	Open	-1580799	2464169	-1289601	2399333
993	44.314	-123.297	11.6	7.25	9.425	9	44.2	-120.25	Closed	-2141661	2679039	-1911357	2601815
997	38.7	-75.7	3.6	2.6	3.1	3	38.75	-75.03	Closed	1735691	1927373	1790833	1945277
998	36.7	-76.3	3.6	2.6	3.1	3	36.75	-75.64	Closed	1731269	1697232	1787205	1714927
999	36.3	-76.7	3.6	2.6	3.1	3	36.35	-76.04	Closed	1705644	1646131	1761958	1663653
1000	37.2	-76.5	5.3	2.6	3.95	4	37.27	-75.62	Closed	1702527	1748454	1776534	1772235
1001	36.95	-76.6	5.3	2.6	3.95	4	37.02	-75.72	Closed	1699597	1719236	1773883	1742991
1002	38.67	-75.3	11.6	5.3	8.45	8	38.79	-73.51	Closed	1770081	1931466	1917241	1979299
1003	38.7	-76.8	11.6	5.3	8.45	8	38.83	-75.01	Closed	1642959	1907819	1790548	1954403
1004	38.8	-75.4	11.6	5.3	8.45	8	38.92	-73.6	Closed	1758530	1943838	1906309	1991655
1005	39.2	-75.5	11.6	5.3	8.45	8	39.32	-73.7	Closed	1740531	1985786	1887532	2033256
1006	38	-76.5	12	9	10.5	10	38.15	-74.27	Closed	1684258	1836231	1869866	1894353
1008	39.2	-75.5	16	11.6	13.8	14	39.37	-72.39	Closed	1740531	1985786	1994810	2065456
1009	39.8	-76	12	9	10.5	10	39.95	-73.74	Closed	1684669	2042496	1867822	2101135
1011	43.08	-99.83	13.6	10.3	11.95	12	43.53	-97.18	Open	-310130	2237889	-94949	2282473
1014	43.08	-101.75	13.6	10.3	11.95	12	43.55	-99.11	Open	-465442	2245724	-250135	2288209
1017	43.17	-101.66	13.6	10.3	11.95	12	43.64	-99.02	Open	-457567	2255321	-242580	2298015
1019	43.12	-101.75	13.6	10.3	11.95	12	43.59	-99.11	Open	-465172	2250183	-249989	2292671
1023	43.12	-102	13.6	10.3	11.95	12	43.59	-99.37	Open	-485371	2251434	-270880	2293384
1024	43.08	-102	13.6	10.3	11.95	12	43.55	-99.37	Open	-485653	2246975	-271038	2288922
1027	43.08	-99.8	13.6	10.3	11.95	12	43.53	-97.15	Open	-307702	2237791	-92535	2282444
1028	43.06	-99.8	13.6	10.3	11.95	12	43.51	-97.15	Open	-307792	2235559	-92562	2280212
1032	43.12	-101.7	13.6	10.3	11.95	12	43.59	-99.06	Open	-461132	2249940	-245971	2292541
1034	43.12	-101.8	13.6	10.3	11.95	12	43.59	-99.16	Open	-469212	2250429	-254007	2292804
1036	42.8	-100	13.6	10.3	11.95	12	43.25	-97.36	Open	-325204	2207202	-109879	2251411
1038	42.8	-99.8	13.6	10.3	11.95	12	43.25	-97.16	Open	-308953	2206535	-93721	2251197
1039	42.73	-99.75	13.6	10.3	11.95	12	43.18	-97.11	Open	-305198	2198557	-89773	2243332
1040	42.8	-100.05	13.6	10.3	11.95	12	43.25	-97.41	Open	-329267	2207374	-113918	2251470
1042	42.98	-100.9	13.6	10.3	11.95	12	43.44	-98.26	Open	-397280	2230712	-182078	2274003
1043	43.2	-101.33	13.6	10.3	11.95	12	43.67	-98.69	Open	-430730	2257123	-215986	2300565
1044	42.85	-100.5	13.6	10.3	11.95	12	43.31	-97.86	Open	-365562	2214601	-150140	2258794
1045	42.81	-101.75	13.6	10.3	11.95	12	43.28	-99.12	Open	-467266	2215615	-251929	2258110
1047	42.87	-101.45	13.6	10.3	11.95	12	43.34	-98.82	Open	-442530	2220871	-227513	2264050
1048	42.67	-99.75	13.6	10.3	11.95	12	43.12	-97.11	Open	-305463	2191856	-89851	2236631
1049	42.72	-99.75	13.6	10.3	11.95	12	43.17	-97.11	Open	-305242	2197440	-89786	2242215
1050	42.68	-100.83	13.6	10.3	11.95	12	43.14	-98.2	Open	-393312	2196943	-178020	2240401
1053	42.81	-100.9	13.6	10.3	11.95	12	43.27	-98.26	Open	-398259	2211744	-182529	2255028
1054	42.67	-100.83	13.6	10.3	11.95	12	43.13	-98.2	Open	-393369	2195827	-178046	2239284
1056	42.67	-100.85	13.6	10.3	11.95	12	43.13	-98.22	Open	-394996	2195910	-179664	2239322
1057	42.81	-101.09	13.6	10.3	11.95	12	43.27	-98.46	Open	-413687	2212556	-198678	2255429
1058	43.25	-99.4	13.6	10.3	11.95	12	43.7	-96.74	Open	-274648	2255538	-59397	2301086
1059	42.9	-100.55	13.6	10.3	11.95	12	43.36	-97.91	Open	-369353	2220374	-154063	2264455
1060	42.65	-99.78	13.6	10.3	11.95	12	43.1	-97.14	Open	-307994	2189720	-92306	2234426
1061	42.55	-99.73	13.6	10.3	11.95	12	43	-97.09	Open	-304361	2178390	-88386	2223209
1062	64	-148.5	23	16	19.5	20	65.36	-144.77	Closed	-2878051	5260304	-2630343	5261511
1064	63.86	-149.02	23	11.6	17.3	17	65	-145.9	Closed	-2910568	5264882	-2702326	5264338
1067	64	-148.5	16	11.6	13.8	14	64.91	-145.92	Closed	-2878051	5260304	-2707496	5257681
1068	64	-148.5	8.5	7.7	8.1	8	64.49	-147.04	Closed	-2878051	5260304	-2782402	5256254
1072	33.78	-118.261	16.3	10.3	13.3	13	33.13	-114.18	Open	-2028287	1429043	-1675321	1278540
1109	44.97	-117.52	16	11.6	13.8	14	44.87	-112.83	Closed	-1680858	2633512	-1320880	2548520
1115	39.4	-100.93	7	6	6.5	6	39.64	-99.64	Open	-420489	1830650	-309496	1852566
1116	54.023	-131.794	6.6	5.3	5.95	6	54.36	-130.59	Closed	-2389320	3888137	-2299811	3891918
1118	31.847	-91.656	8.68	8.68	8.68	9	32.13	-89.77	Closed	409157	984090	584516	1025434
1122	44.7956666666667	-113.244777777778	21.5710042378119	21.5710042378119	21.5710042378119	22	45.57	-107.89	Open	-1354573	2546217	-925906	2567103
1123	44.7956666666667	-113.244777777778	21.4994732469136	21.4994732469136	21.4994732469136	21	45.55	-108.17	Open	-1354573	2546217	-947876	2567659
1124	44.7956666666667	-113.244777777778	21.3139353332455	21.3139353332455	21.3139353332455	21	45.55	-108.17	Open	-1354573	2546217	-947876	2567659
1125	44.7956666666667	-113.244777777778	20.9786223283083	20.9786223283083	20.9786223283083	21	45.55	-108.17	Open	-1354573	2546217	-947876	2567659
1126	44.8093611111111	-113.271722222222	20.7272895620407	20.7272895620407	20.7272895620407	21	45.57	-108.2	Open	-1356391	2548100	-949916	2570162
1127	44.8104166666667	-113.258166666667	19.4403223895053	19.4403223895053	19.4403223895053	19	45.5	-108.71	Open	-1355317	2548023	-990430	2567656
1128	44.8104166666667	-113.258166666667	19.4075511639554	19.4075511639554	19.4075511639554	19	45.5	-108.71	Open	-1355317	2548023	-990430	2567656
1129	44.8104166666667	-113.258166666667	19.3565573340517	19.3565573340517	19.3565573340517	19	45.5	-108.71	Open	-1355317	2548023	-990430	2567656
1130	44.8109166666667	-113.259388888889	18.927170944499	18.927170944499	18.927170944499	19	45.51	-108.71	Open	-1355401	2548095	-990282	2568758
1131	44.8028611111111	-113.245583333333	18.8390580183014	18.8390580183014	18.8390580183014	19	45.5	-108.69	Open	-1354491	2547016	-988881	2567448
1132	44.8028611111111	-113.245583333333	18.7203056549496	18.7203056549496	18.7203056549496	19	45.5	-108.69	Open	-1354491	2547016	-988881	2567448
1133	44.8028611111111	-113.245583333333	18.4544735216791	18.4544735216791	18.4544735216791	18	45.46	-108.93	Open	-1354491	2547016	-1008072	2565564
1134	44.8102222222222	-113.250944444444	17.7560482463436	17.7560482463436	17.7560482463436	18	45.47	-108.94	Open	-1354760	2547898	-1008696	2566772
1135	44.8050277777778	-113.240194444444	17.7238646065546	17.7238646065546	17.7238646065546	18	45.46	-108.93	Open	-1354029	2547176	-1008072	2565564
1136	44.8050277777778	-113.240194444444	17.6368366905209	17.6368366905209	17.6368366905209	18	45.46	-108.93	Open	-1354029	2547176	-1008072	2565564
1137	44.8050277777778	-113.240194444444	17.3102895686757	17.3102895686757	17.3102895686757	17	45.43	-109.17	Open	-1354029	2547176	-1027125	2564831
1138	44.8050277777778	-113.240194444444	17.2408719745079	17.2408719745079	17.2408719745079	17	45.43	-109.17	Open	-1354029	2547176	-1027125	2564831
1139	44.8081111111111	-113.231166666667	16.8267306054488	16.8267306054488	16.8267306054488	17	45.43	-109.16	Open	-1353266	2547385	-1026350	2564723
1140	44.8081111111111	-113.231166666667	16.6191963536326	16.6191963536326	16.6191963536326	17	45.43	-109.16	Open	-1353266	2547385	-1026350	2564723
1141	44.8081111111111	-113.231166666667	16.2201456345985	16.2201456345985	16.2201456345985	16	45.39	-109.4	Open	-1353266	2547385	-1045569	2562936
1142	44.8081111111111	-113.231166666667	16.1546157511934	16.1546157511934	16.1546157511934	16	45.39	-109.4	Open	-1353266	2547385	-1045569	2562936
1143	44.8081111111111	-113.231166666667	16.066300756823	16.066300756823	16.066300756823	16	45.39	-109.4	Open	-1353266	2547385	-1045569	2562936
1144	44.8077777777778	-113.230055555556	16.0576814988329	16.0576814988329	16.0576814988329	16	45.39	-109.4	Open	-1353186	2547333	-1045569	2562936
1145	44.8077777777778	-113.230055555556	15.986159208603	15.986159208603	15.986159208603	16	45.39	-109.4	Open	-1353186	2547333	-1045569	2562936
1146	44.8077777777778	-113.230055555556	15.6799672782573	15.6799672782573	15.6799672782573	16	45.39	-109.4	Open	-1353186	2547333	-1045569	2562936
1148	45.7929444444444	-111.463555555556	10.42	9.58	10	10	46.25	-109.29	Open	-1198003	2631556	-1023731	2656298
1186	45.4358055555556	-112.445583333333	5.66	5.2	5.43	5	45.68	-111.37	Open	-1280178	2605236	-1192838	2617998
1204	45.4358333333333	-112.445138888889	5.66	5.2	5.43	5	45.68	-111.37	Open	-1280143	2605233	-1192838	2617998
1212	45.04075	-112.255083333333	10.2	8.9	9.55	10	45.51	-110.1	Open	-1272973	2559390	-1097826	2584029
1213	34.31478	-117.469842	17	17	17	17	33.5	-112.18	Open	-1944067	1470703	-1485914	1285915
1214	34.31478	-117.469842	16.8	16.8	16.8	17	33.5	-112.18	Open	-1944067	1470703	-1485914	1285915
1215	34.31478	-117.469842	16.6	16.6	16.6	17	33.5	-112.18	Open	-1944067	1470703	-1485914	1285915
1216	34.31478	-117.469842	16.2	16.2	16.2	16	33.55	-112.49	Open	-1944067	1470703	-1513136	1296309
1217	34.31478	-117.469842	16.3	16.3	16.3	16	33.55	-112.49	Open	-1944067	1470703	-1513136	1296309
1218	34.31478	-117.469842	15.95	15.95	15.95	16	33.55	-112.49	Open	-1944067	1470703	-1513136	1296309
1219	34.31478	-117.469842	15.4	15.4	15.4	15	33.59	-112.79	Open	-1944067	1470703	-1539594	1305527
1220	34.31478	-117.469842	15.3	15.3	15.3	15	33.59	-112.79	Open	-1944067	1470703	-1539594	1305527
1221	34.297939	-117.467096	16.2	16.2	16.2	16	33.53	-112.49	Open	-1944244	1468811	-1513521	1294109
1222	34.297939	-117.467096	15.5	15.5	15.5	16	33.53	-112.49	Open	-1944244	1468811	-1513521	1294109
1223	34.297939	-117.467096	14.95	14.95	14.95	15	33.57	-112.79	Open	-1944244	1468811	-1539987	1303328
1224	34.297939	-117.467096	14.9	14.9	14.9	15	33.57	-112.79	Open	-1944244	1468811	-1539987	1303328
1225	34.297939	-117.467096	13.6	13.6	13.6	14	33.62	-113.1	Open	-1944244	1468811	-1567116	1313892
1226	34.321863	-117.491704	15.65	15.65	15.65	16	33.55	-112.51	Open	-1945835	1471922	-1514952	1296627
1227	34.321863	-117.491704	15.5	15.5	15.5	16	33.55	-112.51	Open	-1945835	1471922	-1514952	1296627
1228	34.321863	-117.491704	15.3	15.3	15.3	15	33.6	-112.82	Open	-1945835	1471922	-1542120	1307113
1229	34.321863	-117.491704	14.4	14.4	14.4	14	33.64	-113.12	Open	-1945835	1471922	-1568529	1316420
1230	34.321863	-117.491704	14.2	14.2	14.2	14	33.64	-113.12	Open	-1945835	1471922	-1568529	1316420
1231	35.061	-117.103	13.04	13.04	13.04	13	35.73	-114.52	Open	-1893021	1544675	-1649965	1569788
1232	35.061	-117.103	13.05	13.05	13.05	13	35.73	-114.52	Open	-1893021	1544675	-1649965	1569788
1233	35.061	-117.103	13.06	13.06	13.06	13	35.73	-114.52	Open	-1893021	1544675	-1649965	1569788
1234	35.061	-117.103	13.07	13.07	13.07	13	35.73	-114.52	Closed	-1893021	1544675	-1649965	1569788
1235	35.04878	-117.075257	13.697	13.697	13.697	14	35.77	-114.3	Open	-1890874	1542789	-1629753	1570386
1239	35.022	-117.024	14.8	14.8	14.8	15	35.8	-114.06	Closed	-1887008	1538847	-1608004	1569596
1240	35.025	-117.048	15.89	15.89	15.89	16	35.86	-113.89	Closed	-1889053	1539652	-1591791	1573332
