index	Latitude	Longitude	Age.Max	Age.Min	mean_age	age_bin	paleolat	paleolon	Openness
3	74.3	-123.03299999999999	16.0	14.0	15.0	15	75.13	-118.54	Closed
9	67.333	-141.333	15.3	15.1	15.2	15	68.29	-138.22	Closed
31	63.9	-148.941	17.0	14.0	15.5	16	64.96	-146.01	Closed
32	64.083333	-141.916667	3.1	2.7	2.9	3	64.26	-141.33	Open
33	63.233332999999995	-145.616667	5.26	5.26	5.26	5	63.35	-143.8	Open
34	65.883333	-163.116667	5.9	5.5	5.7	6	66.24	-162.24	Closed
35	67.15	-142.133333	6.59	6.55	6.57	7	67.57	-140.74	Closed
36	63.86666700000001	-148.85	8.0	8.0	8.0	8	64.35	-147.4	Closed
37	63.86666700000001	-148.85	9.7	9.7	9.7	10	64.47	-147.02	Closed
38	63.86666700000001	-148.85	11.3	11.3	11.3	11	64.55	-146.84	Closed
39	63.86666700000001	-148.85	13.4	13.4	13.4	13	64.7	-146.47	Closed
40	63.86666700000001	-148.85	14.0	14.0	14.0	14	64.77	-146.29	Closed
41	63.86666700000001	-148.85	14.6	14.6	14.6	15	64.85	-146.1	Closed
42	63.86666700000001	-148.85	15.0	15.0	15.0	15	64.85	-146.1	Closed
43	63.86666700000001	-148.85	16.0	16.0	16.0	16	64.93	-145.91	Closed
53	39.781	-123.235	15.97	11.61	13.79	14	39.63	-118.44	Closed
54	52.467	-125.3167	12.0	8.0	10.0	10	53.01	-123.19	Closed
55	52.0164	-125.353	12.0	8.0	10.0	10	52.55	-123.27	Closed
56	51.9194	-123.0417	12.0	8.0	10.0	10	52.45	-120.9	Closed
57	52.9833	-122.4833	12.0	8.0	10.0	10	53.51	-120.32	Closed
58	50.886	-120.7844	12.0	8.0	10.0	10	51.41	-118.63	Closed
61	44.5	-119.633	7.5	7.3	7.4	7	44.43	-117.28	Open
99	37.5406	-77.4358	16.0	11.6	13.8	14	37.74	-74.37	Closed
100	30.468000000000004	-84.986	18.0	15.0	16.5	16	30.82	-81.71	Closed
101	46.342	-115.789	12.5	10.5	11.5	12	46.26	-111.79	Closed
102	43.0	-116.55	10.5	8.5	9.5	10	42.92	-113.16	Closed
103	38.548	-75.062	11.6	5.3	8.45	8	38.67	-73.27	Closed
110	38.548	-75.062	11.7	9.6	10.65	11	38.7	-72.61	Closed
113	38.548	-75.062	11.9	10.2	11.05	11	38.7	-72.61	Closed
116	38.548	-75.062	17.0	14.0	15.5	16	38.72	-71.54	Closed
120	38.548	-75.062	20.8	17.0	18.9	19	38.73	-70.9	Closed
127	34.583	-112.41799999999999	11.6	3.6	7.6	8	34.96	-110.79	Closed
128	40.034	-74.333	11.0	11.0	11.0	11	40.17	-71.85	Closed
129	78.257	-75.155	3.6	2.6	3.1	3	78.3	-73.78	Open
131	78.257	-75.155	11.6	3.6	7.6	8	78.37	-71.45	Closed
252	29.285	-82.339	13.6	4.9	9.25	9	29.48	-80.46	Open
253	47.925	-119.071	11.6	5.3	8.45	8	48.34	-117.37	Closed
254	42.808	-101.03200000000001	7.2	5.3	6.25	6	43.04	-99.71	Open
255	46.506	-120.541	11.6	3.6	7.6	8	46.42	-117.87	Closed
256	46.657	-120.522	11.6	3.6	7.6	8	46.57	-117.86	Closed
259	46.702	-120.54700000000001	11.6	3.6	7.6	8	46.61	-117.88	Closed
260	46.818000000000005	-120.645	11.6	5.3	8.45	8	46.73	-117.98	Closed
261	46.901	-120.46700000000001	11.6	5.3	8.45	8	46.81	-117.8	Closed
262	42.101000000000006	-114.021	16.0	11.6	13.8	14	42.6	-110.62	Closed
263	39.422	-119.296	14.8	13.3	14.05	14	39.31	-114.5	Closed
264	36.562	-121.88600000000001	16.0	5.3	10.65	11	35.96	-118.44	Closed
265	63.85	-148.96	11.6	6.7	9.15	9	64.4	-147.33	Closed
266	38.5	-120.01	7.0	7.0	7.0	7	38.43	-117.6	Closed
268	35.97	-120.02	5.0	5.0	5.0	5	35.92	-118.28	Open
269	79.934	-99.242	5.3	3.6	4.45	4	80.09	-97.46	Open
270	71.584	-131.217	16.0	11.6	13.8	14	72.42	-127.71	Closed
271	75.105	-87.101	23.0	16.0	19.5	20	75.52	-78.81	Closed
272	38.58	-122.67	5.3	2.6	3.95	4	38.53	-121.29	Closed
274	38.4	-122.64	5.3	2.6	3.95	4	38.35	-121.26	Closed
275	38.4	-122.67	5.3	2.6	3.95	4	38.35	-121.29	Closed
276	38.51	-122.72	5.3	2.6	3.95	4	38.46	-121.34	Closed
277	38.193000000000005	-122.53	5.3	2.6	3.95	4	38.14	-121.15	Closed
278	37.85	-122.11	5.3	2.6	3.95	4	37.8	-120.73	Closed
279	37.88	-122.14	5.3	2.6	3.95	4	37.83	-120.76	Closed
280	37.69	-122.5	5.3	2.6	3.95	4	37.64	-121.12	Closed
281	37.28	-122.04	5.3	2.6	3.95	4	37.23	-120.66	Closed
282	40.12	-123.8	5.3	2.6	3.95	4	40.07	-122.43	Closed
283	40.12	-123.81	5.3	2.6	3.95	4	40.07	-122.44	Closed
284	40.06	-123.73	5.3	2.6	3.95	4	40.01	-122.36	Closed
285	41.49	-120.45	3.6	2.6	3.1	3	41.46	-119.43	Closed
286	36.05	-120.28	5.3	2.6	3.95	4	36.01	-118.89	Closed
287	34.35	-119.28	5.3	2.6	3.95	4	34.14	-118.02	Closed
290	54.02	-132.02	11.6	2.6	7.1	7	54.41	-130.62	Closed
298	47.043	-123.77799999999999	11.6	5.3	8.45	8	46.93	-121.11	Closed
304	31.088	-93.059	13.0	11.5	12.25	12	31.46	-90.58	Closed
305	53.085	-122.59899999999999	11.6	5.3	8.45	8	53.51	-120.87	Closed
306	44.715	-118.171	11.3	5.3	8.3	8	44.64	-115.48	Closed
307	44.715	-118.171	11.6	5.3	8.45	8	44.64	-115.48	Closed
308	69.33	-135.75	3.6	2.6	3.1	3	69.51	-135.1	Closed
309	69.33	-135.75	5.3	2.6	3.95	4	69.56	-134.88	Closed
310	69.33	-135.75	23.0	11.6	17.3	17	70.4	-131.82	Open
311	40.93	-104.8	23.5	19.2	21.35	21	41.79	-100.31	Closed
313	40.78	-104.03	18.7	18.7	18.7	19	41.56	-99.99	Open
314	40.99	-103.92	18.7	17.2	17.95	18	41.73	-100.08	Open
315	40.89	-103.94	14.4	14.4	14.4	14	41.47	-100.94	Open
316	40.89	-103.94	14.1	14.1	14.1	14	41.47	-100.94	Open
317	40.89	-103.94	14.4	14.1	14.25	14	41.47	-100.94	Closed
318	40.78	-104.03	13.3	13.3	13.3	13	41.32	-101.25	Open
319	40.74	-103.89	11.5	11.5	11.5	12	41.23	-101.31	Closed
320	46.71	-110.98	27.5	27.5	27.5	28	47.82	-104.47	Closed
321	46.71	-113.06	27.5	27.5	27.5	28	47.89	-106.6	Open
322	46.01	-111.92	27.5	20.8	24.15	24	47.08	-106.55	Closed
323	45.99	-111.85	19.0	19.0	19.0	19	46.9	-107.74	Closed
324	44.78	-113.26	23.0	19.0	21.0	21	45.54	-108.19	Closed
325	44.79	-113.25	17.2	17.2	17.2	17	45.41	-109.18	Open
326	44.79	-113.25	16.7	16.7	16.7	17	45.41	-109.18	Open
327	44.79	-113.25	16.3	16.3	16.3	16	45.37	-109.42	Open
328	44.8	-113.25	15.2	15.2	15.2	15	45.35	-109.65	Open
329	44.8	-113.25	15.1	15.1	15.1	15	45.35	-109.65	Open
330	44.93	-112.55	15.8	15.8	15.8	16	45.71	-109.13	Open
331	45.75	-111.43	15.3	13.0	14.15	14	46.41	-108.4	Closed
332	45.9	-114.2	15.8	11.0	13.4	13	46.36	-111.11	Open
333	42.76	-103.53	29.0	29.0	29.0	29	43.62	-96.93	Closed
334	42.3	-103.68	28.4	28.4	28.4	28	43.16	-97.36	Closed
335	42.65	-104.77	28.4	28.4	28.4	28	43.55	-98.44	Closed
336	42.75	-103.93	28.1	28.1	28.1	28	43.62	-97.59	Closed
337	42.75	-103.93	27.9	27.9	27.9	28	43.62	-97.59	Closed
338	42.75	-103.93	26.2	26.2	26.2	26	43.62	-98.09	Closed
339	42.75	-103.93	26.0	26.0	26.0	26	43.62	-98.09	Closed
340	42.75	-103.93	25.9	25.9	25.9	26	43.62	-98.09	Open
341	42.03	-103.88	26.5	26.5	26.5	26	42.9	-98.08	Closed
342	42.72	-103.01	25.0	25.0	25.0	25	43.56	-97.41	Closed
343	42.69	-103.93	20.0	20.0	20.0	20	43.51	-99.61	Open
344	42.69	-103.93	19.8	19.8	19.8	20	43.51	-99.61	Open
345	42.69	-103.93	19.5	19.5	19.5	20	43.51	-99.61	Open
346	42.43	-103.46	24.0	24.0	24.0	24	43.28	-98.14	Open
347	41.7	-103.72	19.2	19.2	19.2	19	42.48	-99.64	Open
348	42.42	-103.76	19.1	19.1	19.1	19	43.2	-99.66	Open
349	42.67	-104.02	19.1	19.1	19.1	19	43.45	-99.91	Open
350	42.43	-103.46	19.1	19.1	19.1	19	43.2	-99.35	Open
351	42.34	-104.06	19.1	19.1	19.1	19	43.12	-99.96	Open
352	42.34	-104.06	18.9	18.9	18.9	19	43.12	-99.96	Open
353	42.42	-103.76	18.9	18.9	18.9	19	43.2	-99.66	Open
354	42.6	-104.01	18.9	18.9	18.9	19	43.38	-99.91	Open
355	42.81	-101.77	19.1	19.1	19.1	19	43.55	-97.63	Open
356	42.43	-103.37	18.5	18.5	18.5	18	43.16	-99.48	Open
357	42.48	-103.04	18.1	18.1	18.1	18	43.2	-99.14	Open
358	42.77	-102.02	18.1	18.1	18.1	18	43.48	-98.1	Open
360	42.56	-102.59	17.5	17.5	17.5	18	43.28	-98.68	Open
361	42.44	-103.07	17.0	17.0	17.0	17	43.13	-99.39	Open
363	42.17	-103.72	16.5	16.5	16.5	16	42.83	-100.27	Open
364	42.17	-103.72	16.1	16.1	16.1	16	42.83	-100.27	Open
365	42.64	-102.8	16.5	16.5	16.5	16	43.28	-99.33	Open
366	42.17	-103.72	15.6	15.6	15.6	16	42.83	-100.27	Open
368	42.69	-102.85	15.0	15.0	15.0	15	43.29	-99.59	Open
369	42.8	-100.5	11.8	11.8	11.8	12	43.26	-97.86	Open
370	42.73	-99.82	11.4	11.4	11.4	11	43.14	-97.39	Open
371	42.75	-100.82	10.8	10.8	10.8	11	43.17	-98.4	Open
372	42.71	-99.94	9.5	9.5	9.5	10	43.08	-97.73	Open
373	42.91	-100.27	9.0	9.0	9.0	9	43.26	-98.28	Open
374	35.99	-106.03	15.8	15.8	15.8	16	36.68	-102.75	Closed
375	35.99	-106.03	14.0	13.5	13.75	14	36.59	-103.15	Closed
377	42.8164657	-97.86195759999998	5.5	5.0	5.25	5	43.0	-96.75	Open
380	41.5239548	-103.7732699	7.0	5.0	6.0	6	41.77	-102.48	Open
381	41.5239548	-103.7732699	9.0	5.0	7.0	7	41.81	-102.26	Open
382	41.177774600000006	-103.6247423	9.0	5.0	7.0	7	41.47	-102.11	Open
383	42.8244219	-100.0224186	10.0	9.0	9.5	10	43.2	-97.81	Open
384	41.2649071	-102.13171159999999	10.8	9.5	10.15	10	41.66	-99.95	Open
391	37.425487200000006	-99.8301638	9.0	5.0	7.0	7	37.69	-98.34	Open
392	39.0011182	-99.5385375	9.0	8.0	8.5	8	39.31	-97.81	Open
393	39.0011182	-99.5385375	8.0	8.0	8.0	8	39.31	-97.81	Open
399	39.43	-74.76	22.0	15.0	18.5	18	39.6	-70.78	Closed
406	43.84	-73.05	25.0	10.0	17.5	18	43.97	-68.9	Closed
407	42.19	-103.79	20.4	12.4	16.4	16	42.85	-100.34	Open
413	42.39	-98.23	23.0	16.0	19.5	20	43.09	-93.85	Open
420	46.0	-119.0	10.0	5.0	7.5	8	45.92	-116.33	Closed
458	42.0	-115.0	3.4	2.6	3.0	3	42.1	-114.27	Open
465	42.0	-115.0	16.0	5.3	10.65	11	42.37	-112.32	Closed
471	40.0	-107.0	20.6	16.3	18.45	18	40.79	-103.22	Open
474	41.0	-107.0	20.6	16.3	18.45	18	41.79	-103.19	Open
475	41.0	-107.0	16.3	13.6	14.95	15	41.66	-103.82	Open
476	42.24	-114.1	13.6	10.3	11.95	12	42.66	-111.18	Closed
477	43.74	-118.81	13.6	10.3	11.95	12	43.63	-114.76	Closed
482	43.26	-117.03	16.3	13.6	14.95	15	43.16	-111.97	Closed
484	39.9	-99.76	5.3	3.6	4.45	4	40.05	-98.9	Open
485	39.85	-99.76	5.3	3.6	4.45	4	40.0	-98.9	Open
486	40.42	-101.37	5.3	3.6	4.45	4	40.58	-100.51	Open
487	39.95	-99.54	5.3	3.6	4.45	4	40.1	-98.67	Open
488	39.9	-102.2	5.3	3.6	4.45	4	40.06	-101.34	Open
489	41.33	-102.14	5.3	3.6	4.45	4	41.49	-101.27	Open
490	39.74	-98.73	5.3	3.6	4.45	4	39.89	-97.86	Open
491	39.84	-100.2	5.3	3.6	4.45	4	40.0	-99.34	Open
492	41.7	-98.4	5.3	3.6	4.45	4	41.85	-97.52	Open
493	38.95	-100.56	5.3	3.6	4.45	4	39.11	-99.7	Open
494	42.45	-103.3	20.6	18.6	19.6	20	43.26	-98.98	Open
495	41.83	-103.11	22.6	20.6	21.6	22	42.66	-98.31	Open
496	42.1	-103.3	18.6	17.6	18.1	18	42.83	-99.42	Open
497	42.68	-102.69	17.6	16.3	16.95	17	43.36	-99.0	Open
498	42.87	-100.56	5.3	3.6	4.45	4	43.03	-99.68	Open
499	42.1	-114.6	7.4	7.4	7.4	7	42.34	-112.89	Open
500	42.08	-114.68	7.7	7.7	7.7	8	42.35	-112.73	Open
501	42.08	-115.22	8.0	8.0	8.0	8	42.35	-113.27	Open
502	42.0	-114.67	8.6	8.6	8.6	9	42.31	-112.47	Open
503	42.08	-113.93	9.3	9.3	9.3	9	42.39	-111.73	Open
504	42.4	-114.3	10.2	10.2	10.2	10	42.74	-111.86	Open
505	42.4	-114.3	10.4	10.4	10.4	10	42.74	-111.86	Open
506	42.42	-114.3	10.5	10.5	10.5	10	42.76	-111.86	Open
507	42.33	-114.28	10.55	10.55	10.55	11	42.71	-111.6	Open
508	42.3	-114.01	10.6	10.6	10.6	11	42.68	-111.33	Open
509	42.33	-114.27	10.7	10.7	10.7	11	42.71	-111.59	Open
510	42.3	-114.02	10.8	10.8	10.8	11	42.68	-111.34	Open
511	42.15	-114.07	11.6	11.6	11.6	12	42.57	-111.15	Open
512	41.96	-115.67	12.0	12.0	12.0	12	41.88	-111.6	Open
513	41.2	-112.55	2.6	2.6	2.6	3	41.31	-111.81	Open
515	41.2	-112.55	2.7	2.7	2.7	3	41.31	-111.81	Open
517	41.2	-112.55	2.8	2.8	2.8	3	41.31	-111.81	Open
518	41.2	-112.55	2.9	2.9	2.9	3	41.31	-111.81	Open
519	41.2	-112.55	3.0	3.0	3.0	3	41.31	-111.81	Open
521	41.2	-112.55	3.1	3.1	3.1	3	41.31	-111.81	Open
522	41.2	-112.55	3.2	3.2	3.2	3	41.31	-111.81	Open
524	41.2	-112.55	3.3	3.3	3.3	3	41.31	-111.81	Open
525	41.2	-112.55	3.4	3.4	3.4	3	41.31	-111.81	Open
528	41.2	-112.55	3.5	3.5	3.5	4	41.35	-111.57	Open
529	41.2	-112.55	3.6	3.6	3.6	4	41.35	-111.57	Open
530	41.2	-112.55	3.7	3.7	3.7	4	41.35	-111.57	Open
531	41.2	-112.55	3.9	3.9	3.9	4	41.35	-111.57	Open
532	41.2	-112.55	4.0	4.0	4.0	4	41.35	-111.57	Open
533	41.2	-112.55	4.1	4.1	4.1	4	41.35	-111.57	Open
534	41.2	-112.55	4.2	4.2	4.2	4	41.35	-111.57	Open
536	41.2	-112.55	4.4	4.4	4.4	4	41.35	-111.57	Open
537	41.2	-112.55	4.5	4.5	4.5	4	41.35	-111.57	Open
538	41.2	-112.55	4.6	4.6	4.6	5	41.38	-111.32	Open
539	41.2	-112.55	4.7	4.7	4.7	5	41.38	-111.32	Open
540	41.2	-112.55	4.8	4.8	4.8	5	41.38	-111.32	Open
541	41.2	-112.55	4.9	4.9	4.9	5	41.38	-111.32	Open
542	41.2	-112.55	5.0	5.0	5.0	5	41.38	-111.32	Open
543	41.2	-112.55	5.1	5.1	5.1	5	41.38	-111.32	Open
544	41.2	-112.55	5.2	5.2	5.2	5	41.38	-111.32	Open
545	41.2	-112.55	5.3	5.3	5.3	5	41.38	-111.32	Open
546	41.2	-112.55	5.4	5.4	5.4	5	41.38	-111.32	Open
547	41.2	-112.55	5.5	5.5	5.5	6	41.42	-111.07	Open
548	41.2	-112.55	5.6	5.6	5.6	6	41.42	-111.07	Open
549	41.2	-112.55	5.7	5.7	5.7	6	41.42	-111.07	Open
550	41.2	-112.55	5.8	5.8	5.8	6	41.42	-111.07	Open
551	41.2	-112.55	6.1	6.1	6.1	6	41.42	-111.07	Open
552	41.2	-112.55	6.4	6.4	6.4	6	41.42	-111.07	Open
553	41.2	-112.55	6.6	6.6	6.6	7	41.45	-110.83	Open
554	41.2	-112.55	7.2	7.2	7.2	7	41.45	-110.83	Open
555	41.2	-112.55	7.5	7.5	7.5	8	41.49	-110.58	Open
556	41.2	-112.55	7.8	7.8	7.8	8	41.49	-110.58	Open
557	41.2	-112.55	8.1	8.1	8.1	8	41.49	-110.58	Open
558	41.2	-112.55	8.4	8.4	8.4	8	41.49	-110.58	Open
559	41.2	-112.55	8.6	8.6	8.6	9	41.52	-110.33	Open
560	41.2	-112.55	8.9	8.9	8.9	9	41.52	-110.33	Open
561	41.2	-112.55	9.5	9.5	9.5	10	41.55	-110.08	Open
562	41.2	-112.55	9.7	9.7	9.7	10	41.55	-110.08	Open
563	41.2	-112.55	10.0	10.0	10.0	10	41.55	-110.08	Open
564	41.2	-112.55	10.3	10.3	10.3	10	41.55	-110.08	Open
565	41.2	-112.55	10.5	10.5	10.5	10	41.55	-110.08	Open
566	41.2	-112.55	10.6	10.6	10.6	11	41.59	-109.84	Open
567	41.2	-112.55	10.7	10.7	10.7	11	41.59	-109.84	Open
568	41.2	-112.55	11.0	11.0	11.0	11	41.59	-109.84	Open
569	41.2	-112.55	11.2	11.2	11.2	11	41.59	-109.84	Open
570	41.2	-112.55	11.4	11.4	11.4	11	41.59	-109.84	Open
571	41.2	-112.55	11.5	11.5	11.5	12	41.63	-109.6	Open
572	41.2	-112.55	11.8	11.8	11.8	12	41.63	-109.6	Open
573	41.2	-112.55	12.0	12.0	12.0	12	41.63	-109.6	Open
574	41.2	-112.55	12.4	12.4	12.4	12	41.63	-109.6	Open
575	41.2	-112.55	12.5	12.5	12.5	12	41.63	-109.6	Open
576	41.2	-112.55	12.7	12.7	12.7	13	41.67	-109.36	Open
577	41.2	-112.55	12.9	12.9	12.9	13	41.67	-109.36	Open
578	41.2	-112.55	13.0	13.0	13.0	13	41.67	-109.36	Open
579	41.2	-112.55	13.1	13.1	13.1	13	41.67	-109.36	Open
580	41.2	-112.55	13.2	13.2	13.2	13	41.67	-109.36	Open
581	41.2	-112.55	13.5	13.5	13.5	14	41.71	-109.12	Open
630	44.0	-111.0	9.2	9.2	9.2	9	44.42	-109.06	Open
647	43.83	-73.05	23.0	16.0	19.5	20	43.96	-68.44	Closed
649	42.5	-100.0	14.0	13.0	13.5	14	43.03	-96.93	Open
650	36.8	-100.5	12.0	10.0	11.0	11	37.22	-98.17	Open
651	35.0	-101.0	12.0	10.0	11.0	11	35.42	-98.7	Open
652	38.8	-101.2	6.0	5.0	5.5	6	39.04	-99.92	Open
653	39.0	-117.68	15.6	15.6	15.6	16	38.89	-112.21	Closed
654	42.25	-114.09	16.3	15.0	15.65	16	42.82	-110.21	Closed
655	39.39	-117.63	15.5	15.5	15.5	16	39.28	-112.16	Closed
668	75.37	-89.67	24.8	21.4	23.1	23	75.77	-79.58	Closed
669	42.41	-118.46	23.0	21.0	22.0	22	42.24	-110.94	Closed
670	36.19	-118.11	17.5	16.1	16.8	17	36.07	-112.25	Open
672	59.4	-151.7	16.8	15.8	16.3	16	60.33	-147.28	Closed
700	40.03	-74.33	11.0	11.0	11.0	11	40.17	-71.85	Closed
764	37.5	-77.4	7.2	3.6	5.4	5	37.59	-76.29	Closed
767	38.7	-76.8	7.2	5.3	6.25	6	38.8	-75.46	Closed
770	38.5	-75.2	7.2	3.6	5.4	5	38.58	-74.08	Closed
772	38.6	-75.5	7.2	3.6	5.4	5	38.68	-74.38	Closed
773	36.75	-76.4	4.0	3.0	3.5	4	36.82	-75.52	Closed
776	38.6	-75.1	3.6	2.6	3.1	3	38.65	-74.43	Closed
779	38.72	-76.82	10.0	6.0	8.0	8	38.85	-75.03	Closed
780	39.8	-119.6	15.6	15.6	15.6	16	39.67	-114.14	Closed
782	38.0	-117.5	16.4	15.1	15.75	16	37.89	-112.01	Closed
784	39.6	-119.33	14.8	14.7	14.75	15	39.48	-114.2	Closed
785	41.8	-119.8	16.0	16.0	16.0	16	41.67	-114.37	Closed
786	41.4	-119.29	16.0	16.0	16.0	16	41.28	-113.86	Closed
787	47.02	-116.26	23.0	11.6	17.3	17	47.9	-112.63	Closed
788	46.94	-116.26	16.0	16.0	16.0	16	47.76	-112.84	Closed
789	49.68	-115.57	14.5	14.5	14.5	14	50.39	-112.51	Closed
790	47.92	-118.95	14.5	14.5	14.5	14	48.66	-115.97	Closed
792	47.69	-117.31	14.5	14.5	14.5	14	48.42	-114.32	Closed
795	47.11	-116.35	14.5	14.5	14.5	14	47.83	-113.36	Closed
797	46.99	-116.25	14.5	14.5	14.5	14	47.71	-113.26	Closed
798	46.77	-116.28	14.5	14.5	14.5	14	47.49	-113.29	Closed
800	46.49	-116.71	14.5	14.5	14.5	14	47.21	-113.73	Closed
801	46.42	-116.26	14.5	14.5	14.5	14	46.33	-111.6	Closed
802	45.79	-116.28	14.5	14.5	14.5	14	45.7	-111.61	Closed
805	46.66	-103.02	13.1	13.1	13.1	13	47.18	-100.1	Closed
810	44.46	-119.47	15.4	15.4	15.4	15	44.34	-114.43	Closed
813	44.48	-118.76	16.0	11.6	13.8	14	44.37	-114.06	Closed
817	47.66	-117.42	16.0	5.3	10.65	11	48.22	-115.06	Closed
820	59.75	-151.17	5.3	2.6	3.95	4	59.96	-150.05	Closed
821	60.03	-151.7	5.3	2.6	3.95	4	60.25	-150.56	Closed
827	62.42	-150.6	11.6	5.3	8.45	8	62.8	-147.87	Closed
828	61.04	-151.4	11.6	5.3	8.45	8	61.46	-148.93	Closed
831	59.71	-151.29	11.6	5.3	8.45	8	60.13	-149.03	Closed
837	59.39	-151.75	11.6	5.3	8.45	8	59.83	-149.55	Closed
839	61.24	-151.25	16.0	11.6	13.8	14	61.99	-146.84	Closed
842	62.42	-150.6	16.0	11.6	13.8	14	63.11	-145.8	Closed
845	61.3	-151.77	16.0	11.6	13.8	14	62.08	-147.35	Closed
847	61.63	-149.85	16.0	11.6	13.8	14	62.27	-145.3	Closed
848	62.33	-151.53	16.0	11.6	13.8	14	63.09	-146.77	Closed
851	59.41	-151.74	16.0	11.6	13.8	14	60.21	-147.87	Closed
853	59.79	-152.61	23.0	11.6	17.3	17	60.85	-147.79	Closed
854	58.84	-153.29	23.0	16.0	19.5	20	60.19	-148.0	Closed
856	61.32	-149.58	23.0	16.0	19.5	20	62.24	-143.19	Closed
857	60.29	-152.45	23.0	16.0	19.5	20	61.52	-146.55	Closed
859	60.53	-152.32	23.0	16.0	19.5	20	61.74	-146.31	Closed
861	60.29	-152.43	23.0	16.0	19.5	20	61.52	-146.53	Closed
862	60.37	-152.34	23.0	16.0	19.5	20	61.59	-146.4	Closed
866	61.67	-149.15	23.0	16.0	19.5	20	62.54	-142.59	Closed
867	61.7	-149.09	23.0	16.0	19.5	20	62.56	-142.52	Closed
868	61.8	-143.17	16.0	11.6	13.8	14	61.97	-138.55	Closed
869	62.7	-149.2	5.3	2.6	3.95	4	62.87	-147.81	Closed
870	65.3	-164.1	11.6	5.3	8.45	8	65.77	-162.93	Closed
871	64.5	-165.4	3.6	1.8	2.7	3	64.67	-164.97	Open
873	41.35	-70.83	5.3	2.6	3.95	4	41.4	-69.91	Closed
875	41.35	-70.83	16.0	13.8	14.9	15	41.45	-67.43	Closed
876	41.32	-70.82	16.0	13.8	14.9	15	41.42	-67.42	Closed
880	46.94	-120.01	15.5	15.5	15.5	16	46.81	-114.69	Closed
881	40.45	-85.79	4.0	5.0	4.5	4	40.56	-84.9	Open
882	33.9	-116.9	4.4	3.5	3.95	4	33.7	-115.64	Open
883	44.75	-121.22	5.3	3.0	4.15	4	44.7	-119.88	Closed
888	27.47	-82.27	4.5	4.0	4.25	4	27.56	-81.44	Closed
889	27.47	-82.27	3.5	3.0	3.25	3	27.54	-81.65	Closed
897	27.47	-82.27	3.0	2.5	2.75	3	27.54	-81.65	Closed
914	78.37	-83.05	3.6	2.5	3.05	3	78.44	-81.7	Closed
919	77.86	-81.62	3.6	2.5	3.05	3	77.93	-80.3	Closed
923	79.7	-83.93	3.6	2.5	3.05	3	79.77	-82.48	Closed
924	78.47	-82.2	3.6	2.5	3.05	3	78.54	-80.84	Open
925	37.78	-118.47	5.3	3.6	4.45	4	37.74	-117.09	Closed
928	38.35	-122.63	3.6	2.6	3.1	3	38.31	-121.6	Closed
929	41.96	-121.51	2.6	2.6	2.6	3	41.92	-120.49	Closed
930	41.96	-121.51	2.62	2.62	2.62	3	41.92	-120.49	Closed
931	41.96	-121.51	2.64	2.64	2.64	3	41.92	-120.49	Closed
933	41.96	-121.51	2.66	2.66	2.66	3	41.92	-120.49	Closed
934	41.96	-121.51	2.67	2.67	2.67	3	41.92	-120.49	Closed
935	41.96	-121.51	2.69	2.69	2.69	3	41.92	-120.49	Closed
936	41.96	-121.51	2.71	2.71	2.71	3	41.92	-120.49	Closed
937	41.96	-121.51	2.72	2.72	2.72	3	41.92	-120.49	Closed
939	41.96	-121.51	2.73	2.73	2.73	3	41.92	-120.49	Closed
940	41.96	-121.51	2.75	2.75	2.75	3	41.92	-120.49	Closed
941	41.96	-121.51	2.76	2.76	2.76	3	41.92	-120.49	Closed
943	41.96	-121.51	2.77	2.77	2.77	3	41.92	-120.49	Closed
944	41.96	-121.51	2.78	2.78	2.78	3	41.92	-120.49	Closed
945	41.96	-121.51	2.79	2.79	2.79	3	41.92	-120.49	Closed
946	41.96	-121.51	2.8	2.8	2.8	3	41.92	-120.49	Closed
947	41.96	-121.51	2.81	2.81	2.81	3	41.92	-120.49	Closed
949	41.96	-121.51	2.82	2.82	2.82	3	41.92	-120.49	Closed
950	41.96	-121.51	2.83	2.83	2.83	3	41.92	-120.49	Closed
953	41.96	-121.51	2.86	2.86	2.86	3	41.92	-120.49	Closed
954	41.96	-121.51	2.87	2.87	2.87	3	41.92	-120.49	Closed
955	41.96	-121.51	2.89	2.89	2.89	3	41.92	-120.49	Closed
956	41.96	-121.51	2.9	2.9	2.9	3	41.92	-120.49	Closed
957	41.96	-121.51	2.92	2.92	2.92	3	41.92	-120.49	Closed
958	41.96	-121.51	2.93	2.93	2.93	3	41.92	-120.49	Closed
959	41.96	-121.51	2.95	2.95	2.95	3	41.92	-120.49	Closed
960	41.96	-121.51	2.96	2.96	2.96	3	41.92	-120.49	Closed
961	41.96	-121.51	2.97	2.97	2.97	3	41.92	-120.49	Closed
962	41.96	-121.51	2.99	2.99	2.99	3	41.92	-120.49	Closed
963	41.96	-121.51	3.0	3.0	3.0	3	41.92	-120.49	Closed
966	41.96	-121.51	3.01	3.01	3.01	3	41.92	-120.49	Closed
967	41.96	-121.51	3.02	3.02	3.02	3	41.92	-120.49	Closed
973	65.98	-162.99	5.9	5.5	5.7	6	66.34	-162.11	Closed
974	79.88	-99.05	3.1	2.9	3.0	3	79.99	-97.72	Closed
989	43.68	-115.83200000000001	12.0	10.0	11.0	11	43.6	-112.12	Open
993	44.31399999999999	-123.29700000000001	11.6	7.25	9.425	9	44.2	-120.25	Closed
997	38.7	-75.7	3.6	2.6	3.1	3	38.75	-75.03	Closed
998	36.7	-76.3	3.6	2.6	3.1	3	36.75	-75.64	Closed
999	36.3	-76.7	3.6	2.6	3.1	3	36.35	-76.04	Closed
1000	37.2	-76.5	5.3	2.6	3.95	4	37.27	-75.62	Closed
1001	36.95	-76.6	5.3	2.6	3.95	4	37.02	-75.72	Closed
1002	38.67	-75.3	11.6	5.3	8.45	8	38.79	-73.51	Closed
1003	38.7	-76.8	11.6	5.3	8.45	8	38.83	-75.01	Closed
1004	38.8	-75.4	11.6	5.3	8.45	8	38.92	-73.6	Closed
1005	39.2	-75.5	11.6	5.3	8.45	8	39.32	-73.7	Closed
1006	38.0	-76.5	12.0	9.0	10.5	10	38.15	-74.27	Closed
1008	39.2	-75.5	16.0	11.6	13.8	14	39.37	-72.39	Closed
1009	39.8	-76.0	12.0	9.0	10.5	10	39.95	-73.74	Closed
1011	43.08	-99.83	13.6	10.3	11.95	12	43.53	-97.18	Open
1014	43.08	-101.75	13.6	10.3	11.95	12	43.55	-99.11	Open
1017	43.17	-101.66	13.6	10.3	11.95	12	43.64	-99.02	Open
1019	43.12	-101.75	13.6	10.3	11.95	12	43.59	-99.11	Open
1023	43.12	-102.0	13.6	10.3	11.95	12	43.59	-99.37	Open
1024	43.08	-102.0	13.6	10.3	11.95	12	43.55	-99.37	Open
1027	43.08	-99.8	13.6	10.3	11.95	12	43.53	-97.15	Open
1028	43.06	-99.8	13.6	10.3	11.95	12	43.51	-97.15	Open
1032	43.12	-101.7	13.6	10.3	11.95	12	43.59	-99.06	Open
1034	43.12	-101.8	13.6	10.3	11.95	12	43.59	-99.16	Open
1036	42.8	-100.0	13.6	10.3	11.95	12	43.25	-97.36	Open
1038	42.8	-99.8	13.6	10.3	11.95	12	43.25	-97.16	Open
1039	42.73	-99.75	13.6	10.3	11.95	12	43.18	-97.11	Open
1040	42.8	-100.05	13.6	10.3	11.95	12	43.25	-97.41	Open
1042	42.98	-100.9	13.6	10.3	11.95	12	43.44	-98.26	Open
1043	43.2	-101.33	13.6	10.3	11.95	12	43.67	-98.69	Open
1044	42.85	-100.5	13.6	10.3	11.95	12	43.31	-97.86	Open
1045	42.81	-101.75	13.6	10.3	11.95	12	43.28	-99.12	Open
1047	42.87	-101.45	13.6	10.3	11.95	12	43.34	-98.82	Open
1048	42.67	-99.75	13.6	10.3	11.95	12	43.12	-97.11	Open
1049	42.72	-99.75	13.6	10.3	11.95	12	43.17	-97.11	Open
1050	42.68	-100.83	13.6	10.3	11.95	12	43.14	-98.2	Open
1053	42.81	-100.9	13.6	10.3	11.95	12	43.27	-98.26	Open
1054	42.67	-100.83	13.6	10.3	11.95	12	43.13	-98.2	Open
1056	42.67	-100.85	13.6	10.3	11.95	12	43.13	-98.22	Open
1057	42.81	-101.09	13.6	10.3	11.95	12	43.27	-98.46	Open
1058	43.25	-99.4	13.6	10.3	11.95	12	43.7	-96.74	Open
1059	42.9	-100.55	13.6	10.3	11.95	12	43.36	-97.91	Open
1060	42.65	-99.78	13.6	10.3	11.95	12	43.1	-97.14	Open
1061	42.55	-99.73	13.6	10.3	11.95	12	43.0	-97.09	Open
1062	64.0	-148.5	23.0	16.0	19.5	20	65.36	-144.77	Closed
1064	63.86	-149.02	23.0	11.6	17.3	17	65.0	-145.9	Closed
1067	64.0	-148.5	16.0	11.6	13.8	14	64.91	-145.92	Closed
1068	64.0	-148.5	8.5	7.7	8.1	8	64.49	-147.04	Closed
1072	33.78	-118.26100000000001	16.3	10.3	13.3	13	33.13	-114.18	Open
1109	44.97	-117.52	16.0	11.6	13.8	14	44.87	-112.83	Closed
1115	39.4	-100.93	7.0	6.0	6.5	6	39.64	-99.64	Open
1116	54.023	-131.79399999999998	6.6	5.3	5.95	6	54.36	-130.59	Closed
1118	31.846999999999998	-91.656	8.68	8.68	8.68	9	32.13	-89.77	Closed
1122	44.7956666666667	-113.244777777778	21.5710042378119	21.5710042378119	21.5710042378119	22	45.57	-107.89	Open
1123	44.7956666666667	-113.244777777778	21.4994732469136	21.4994732469136	21.4994732469136	21	45.55	-108.17	Open
1124	44.7956666666667	-113.244777777778	21.3139353332455	21.3139353332455	21.3139353332455	21	45.55	-108.17	Open
1125	44.7956666666667	-113.244777777778	20.9786223283083	20.9786223283083	20.9786223283083	21	45.55	-108.17	Open
1126	44.809361111111095	-113.27172222222201	20.7272895620407	20.7272895620407	20.7272895620407	21	45.57	-108.2	Open
1127	44.8104166666667	-113.25816666666701	19.4403223895053	19.4403223895053	19.4403223895053	19	45.5	-108.71	Open
1128	44.8104166666667	-113.25816666666701	19.407551163955397	19.407551163955397	19.407551163955397	19	45.5	-108.71	Open
1129	44.8104166666667	-113.25816666666701	19.3565573340517	19.3565573340517	19.3565573340517	19	45.5	-108.71	Open
1130	44.8109166666667	-113.259388888889	18.927170944499	18.927170944499	18.927170944499	19	45.51	-108.71	Open
1131	44.8028611111111	-113.245583333333	18.839058018301397	18.839058018301397	18.839058018301397	19	45.5	-108.69	Open
1132	44.8028611111111	-113.245583333333	18.720305654949602	18.720305654949602	18.720305654949602	19	45.5	-108.69	Open
1133	44.8028611111111	-113.245583333333	18.454473521679102	18.454473521679102	18.454473521679102	18	45.46	-108.93	Open
1134	44.8102222222222	-113.250944444444	17.7560482463436	17.7560482463436	17.7560482463436	18	45.47	-108.94	Open
1135	44.805027777777795	-113.24019444444401	17.723864606554603	17.723864606554603	17.723864606554603	18	45.46	-108.93	Open
1136	44.805027777777795	-113.24019444444401	17.636836690520898	17.636836690520898	17.636836690520898	18	45.46	-108.93	Open
1137	44.805027777777795	-113.24019444444401	17.3102895686757	17.3102895686757	17.3102895686757	17	45.43	-109.17	Open
1138	44.805027777777795	-113.24019444444401	17.2408719745079	17.2408719745079	17.2408719745079	17	45.43	-109.17	Open
1139	44.808111111111096	-113.23116666666701	16.8267306054488	16.8267306054488	16.8267306054488	17	45.43	-109.16	Open
1140	44.808111111111096	-113.23116666666701	16.6191963536326	16.6191963536326	16.6191963536326	17	45.43	-109.16	Open
1141	44.808111111111096	-113.23116666666701	16.220145634598502	16.220145634598502	16.220145634598502	16	45.39	-109.4	Open
1142	44.808111111111096	-113.23116666666701	16.1546157511934	16.1546157511934	16.1546157511934	16	45.39	-109.4	Open
1143	44.808111111111096	-113.23116666666701	16.066300756823	16.066300756823	16.066300756823	16	45.39	-109.4	Open
1144	44.807777777777794	-113.23005555555599	16.0576814988329	16.0576814988329	16.0576814988329	16	45.39	-109.4	Open
1145	44.807777777777794	-113.23005555555599	15.986159208603	15.986159208603	15.986159208603	16	45.39	-109.4	Open
1146	44.807777777777794	-113.23005555555599	15.679967278257301	15.679967278257301	15.679967278257301	16	45.39	-109.4	Open
1148	45.7929444444444	-111.463555555556	10.42	9.58	10.0	10	46.25	-109.29	Open
1186	45.4358055555556	-112.44558333333299	5.66	5.2	5.43	5	45.68	-111.37	Open
1204	45.4358333333333	-112.445138888889	5.66	5.2	5.43	5	45.68	-111.37	Open
1212	45.04075	-112.25508333333299	10.2	8.9	9.55	10	45.51	-110.1	Open
1213	34.31478	-117.46984199999999	17.0	17.0	17.0	17	33.5	-112.18	Open
1214	34.31478	-117.46984199999999	16.8	16.8	16.8	17	33.5	-112.18	Open
1215	34.31478	-117.46984199999999	16.6	16.6	16.6	17	33.5	-112.18	Open
1216	34.31478	-117.46984199999999	16.2	16.2	16.2	16	33.55	-112.49	Open
1217	34.31478	-117.46984199999999	16.3	16.3	16.3	16	33.55	-112.49	Open
1218	34.31478	-117.46984199999999	15.95	15.95	15.95	16	33.55	-112.49	Open
1219	34.31478	-117.46984199999999	15.4	15.4	15.4	15	33.59	-112.79	Open
1220	34.31478	-117.46984199999999	15.3	15.3	15.3	15	33.59	-112.79	Open
1221	34.297939	-117.467096	16.2	16.2	16.2	16	33.53	-112.49	Open
1222	34.297939	-117.467096	15.5	15.5	15.5	16	33.53	-112.49	Open
1223	34.297939	-117.467096	14.95	14.95	14.95	15	33.57	-112.79	Open
1224	34.297939	-117.467096	14.9	14.9	14.9	15	33.57	-112.79	Open
1225	34.297939	-117.467096	13.6	13.6	13.6	14	33.62	-113.1	Open
1226	34.321863	-117.491704	15.65	15.65	15.65	16	33.55	-112.51	Open
1227	34.321863	-117.491704	15.5	15.5	15.5	16	33.55	-112.51	Open
1228	34.321863	-117.491704	15.3	15.3	15.3	15	33.6	-112.82	Open
1229	34.321863	-117.491704	14.4	14.4	14.4	14	33.64	-113.12	Open
1230	34.321863	-117.491704	14.2	14.2	14.2	14	33.64	-113.12	Open
1231	35.061	-117.103	13.04	13.04	13.04	13	35.73	-114.52	Open
1232	35.061	-117.103	13.05	13.05	13.05	13	35.73	-114.52	Open
1233	35.061	-117.103	13.06	13.06	13.06	13	35.73	-114.52	Open
1234	35.061	-117.103	13.07	13.07	13.07	13	35.73	-114.52	Closed
1235	35.04878	-117.07525700000001	13.697000000000001	13.697000000000001	13.697000000000001	14	35.77	-114.3	Open
1239	35.022	-117.024	14.8	14.8	14.8	15	35.8	-114.06	Closed
1240	35.025	-117.04799999999999	15.89	15.89	15.89	16	35.86	-113.89	Closed
