index	lon	lat	age	label	paleolon	paleolat	rounded_ages
3	-123.033	74.3	15.0	0	-118.54	75.13	14.895
9	-141.333	67.333	15.2	0	-138.22	68.29	14.895
31	-148.941	63.9	15.5	0	-146.01	64.96	14.895
32	-141.916667	64.083333	2.9	1	-141.33	64.26	3.09
33	-145.616667	63.233333	5.26	1	-143.8	63.35	4.4665
34	-163.116667	65.883333	5.7	0	-162.24	66.24	6.2895
35	-142.133333	67.15	6.57	0	-140.74	67.57	6.2895
36	-148.85	63.86666700000001	8.0	0	-147.4	64.35	9.438
39	-148.85	63.86666700000001	13.4	0	-146.47	64.7	12.725000000000001
42	-148.85	63.86666700000001	15.0	0	-146.1	64.85	14.895
43	-148.85	63.86666700000001	16.0	0	-145.91	64.93	18.205000000000002
53	-123.235	39.781	13.79	0	-118.44	39.63	12.725000000000001
54	-125.3167	52.467	10.0	0	-123.19	53.01	9.438
55	-125.353	52.0164	10.0	0	-123.27	52.55	9.438
56	-123.0417	51.9194	10.0	0	-120.9	52.45	9.438
57	-122.4833	52.9833	10.0	0	-120.32	53.51	9.438
58	-120.7844	50.886	10.0	0	-118.63	51.41	9.438
61	-119.633	44.5	7.4	1	-117.28	44.43	9.438
99	-77.4358	37.5406	13.8	0	-74.37	37.74	12.725000000000001
100	-84.986	30.468000000000004	16.5	0	-81.71	30.82	18.205000000000002
101	-115.789	46.342	11.5	0	-111.79	46.26	9.438
102	-116.55	43.0	9.5	0	-113.16	42.92	9.438
113	-75.062	38.548	11.05	0	-72.61	38.7	9.438
116	-75.062	38.548	15.5	0	-71.54	38.72	14.895
120	-75.062	38.548	18.9	0	-70.9	38.73	18.205000000000002
127	-112.418	34.583	7.6	0	-110.79	34.96	9.438
128	-74.333	40.034	11.0	0	-71.85	40.17	9.438
129	-75.155	78.257	3.1	1	-73.78	78.3	3.09
131	-75.155	78.257	7.6	0	-71.45	78.37	9.438
252	-82.339	29.285	9.25	1	-80.46	29.48	9.438
253	-119.071	47.925	8.45	0	-117.37	48.34	9.438
254	-101.032	42.808	6.25	1	-99.71	43.04	6.2895
255	-120.541	46.506	7.6	0	-117.87	46.42	9.438
256	-120.522	46.657	7.6	0	-117.86	46.57	9.438
259	-120.547	46.702	7.6	0	-117.88	46.61	9.438
260	-120.645	46.81800000000001	8.45	0	-117.98	46.73	9.438
261	-120.467	46.901	8.45	0	-117.8	46.81	9.438
262	-114.021	42.101000000000006	13.8	0	-110.62	42.6	12.725000000000001
263	-119.296	39.422	14.05	0	-114.5	39.31	14.895
264	-121.886	36.562	10.65	0	-118.44	35.96	9.438
265	-148.96	63.85	9.15	0	-147.33	64.4	9.438
266	-120.01	38.5	7.0	0	-117.6	38.43	6.2895
268	-120.02	35.97	5.0	1	-118.28	35.92	4.4665
269	-99.242	79.934	4.45	1	-97.46	80.09	4.4665
270	-131.217	71.584	13.8	0	-127.71	72.42	12.725000000000001
271	-87.101	75.105	19.5	0	-78.81	75.52	18.205000000000002
272	-122.67	38.58	3.95	0	-121.29	38.53	4.4665
274	-122.64	38.4	3.95	0	-121.26	38.35	4.4665
275	-122.67	38.4	3.95	0	-121.29	38.35	4.4665
276	-122.72	38.51	3.95	0	-121.34	38.46	4.4665
277	-122.53	38.19300000000001	3.95	0	-121.15	38.14	4.4665
278	-122.11	37.85	3.95	0	-120.73	37.8	4.4665
279	-122.14	37.88	3.95	0	-120.76	37.83	4.4665
280	-122.5	37.69	3.95	0	-121.12	37.64	4.4665
281	-122.04	37.28	3.95	0	-120.66	37.23	4.4665
282	-123.8	40.12	3.95	0	-122.43	40.07	4.4665
283	-123.81	40.12	3.95	0	-122.44	40.07	4.4665
284	-123.73	40.06	3.95	0	-122.36	40.01	4.4665
285	-120.45	41.49	3.1	0	-119.43	41.46	3.09
286	-120.28	36.05	3.95	0	-118.89	36.01	4.4665
287	-119.28	34.35	3.95	0	-118.02	34.14	4.4665
290	-132.02	54.02	7.1	0	-130.62	54.41	6.2895
298	-123.778	47.043	8.45	0	-121.11	46.93	9.438
304	-93.059	31.088	12.25	0	-90.58	31.46	12.725000000000001
305	-122.599	53.085	8.45	0	-120.87	53.51	9.438
306	-118.171	44.715	8.3	0	-115.48	44.64	9.438
308	-135.75	69.33	3.1	0	-135.1	69.51	3.09
309	-135.75	69.33	3.95	0	-134.88	69.56	4.4665
310	-135.75	69.33	17.3	1	-131.82	70.4	18.205000000000002
311	-104.8	40.93	21.35	0	-100.31	41.79	21.735
313	-104.03	40.78	18.7	1	-99.99	41.56	18.205000000000002
314	-103.92	40.99	17.95	1	-100.08	41.73	18.205000000000002
315	-103.94	40.89	14.4	1	-100.94	41.47	14.895
318	-104.03	40.78	13.3	1	-101.25	41.32	12.725000000000001
319	-103.89	40.74	11.5	0	-101.31	41.23	9.438
320	-110.98	46.71	27.5	0	-104.47	47.82	25.425
321	-113.06	46.71	27.5	1	-106.6	47.89	25.425
322	-111.92	46.01	24.15	0	-106.55	47.08	25.425
323	-111.85	45.99	19.0	0	-107.74	46.9	18.205000000000002
324	-113.26	44.78	21.0	0	-108.19	45.54	21.735
325	-113.25	44.79	17.2	1	-109.18	45.41	18.205000000000002
329	-113.25	44.8	15.1	1	-109.65	45.35	14.895
330	-112.55	44.93	15.8	1	-109.13	45.71	14.895
331	-111.43	45.75	14.15	0	-108.4	46.41	14.895
332	-114.2	45.9	13.4	1	-111.11	46.36	12.725000000000001
333	-103.53	42.76	29.0	0	-96.93	43.62	30.86
334	-103.68	42.3	28.4	0	-97.36	43.16	30.86
335	-104.77	42.65	28.4	0	-98.44	43.55	30.86
336	-103.93	42.75	28.1	0	-97.59	43.62	30.86
339	-103.93	42.75	26.0	0	-98.09	43.62	25.425
341	-103.88	42.03	26.5	0	-98.08	42.9	25.425
342	-103.01	42.72	25.0	0	-97.41	43.56	25.425
345	-103.93	42.69	19.5	1	-99.61	43.51	18.205000000000002
346	-103.46	42.43	24.0	1	-98.14	43.28	25.425
347	-103.72	41.7	19.2	1	-99.64	42.48	18.205000000000002
348	-103.76	42.42	19.1	1	-99.66	43.2	18.205000000000002
349	-104.02	42.67	19.1	1	-99.91	43.45	18.205000000000002
350	-103.46	42.43	19.1	1	-99.35	43.2	18.205000000000002
351	-104.06	42.34	19.1	1	-99.96	43.12	18.205000000000002
354	-104.01	42.6	18.9	1	-99.91	43.38	18.205000000000002
355	-101.77	42.81	19.1	1	-97.63	43.55	18.205000000000002
356	-103.37	42.43	18.5	1	-99.48	43.16	18.205000000000002
357	-103.04	42.48	18.1	1	-99.14	43.2	18.205000000000002
358	-102.02	42.77	18.1	1	-98.1	43.48	18.205000000000002
360	-102.59	42.56	17.5	1	-98.68	43.28	18.205000000000002
361	-103.07	42.44	17.0	1	-99.39	43.13	18.205000000000002
364	-103.72	42.17	16.1	1	-100.27	42.83	18.205000000000002
365	-102.8	42.64	16.5	1	-99.33	43.28	18.205000000000002
366	-103.72	42.17	15.6	1	-100.27	42.83	14.895
368	-102.85	42.69	15.0	1	-99.59	43.29	14.895
369	-100.5	42.8	11.8	1	-97.86	43.26	12.725000000000001
370	-99.82	42.73	11.4	1	-97.39	43.14	9.438
371	-100.82	42.75	10.8	1	-98.4	43.17	9.438
372	-99.94	42.71	9.5	1	-97.73	43.08	9.438
373	-100.27	42.91	9.0	1	-98.28	43.26	9.438
374	-106.03	35.99	15.8	0	-102.75	36.68	14.895
375	-106.03	35.99	13.75	0	-103.15	36.59	12.725000000000001
377	-97.86195759999998	42.8164657	5.25	1	-96.75	43.0	4.4665
381	-103.7732699	41.5239548	7.0	1	-102.26	41.81	6.2895
382	-103.6247423	41.177774600000006	7.0	1	-102.11	41.47	6.2895
383	-100.0224186	42.8244219	9.5	1	-97.81	43.2	9.438
384	-102.1317116	41.2649071	10.15	1	-99.95	41.66	9.438
391	-99.8301638	37.425487200000006	7.0	1	-98.34	37.69	6.2895
393	-99.5385375	39.0011182	8.0	1	-97.81	39.31	9.438
399	-74.76	39.43	18.5	0	-70.78	39.6	18.205000000000002
406	-73.05	43.84	17.5	0	-68.9	43.97	18.205000000000002
407	-103.79	42.19	16.4	1	-100.34	42.85	18.205000000000002
413	-98.23	42.39	19.5	1	-93.85	43.09	18.205000000000002
420	-119.0	46.0	7.5	0	-116.33	45.92	9.438
458	-115.0	42.0	3.0	1	-114.27	42.1	3.09
465	-115.0	42.0	10.65	0	-112.32	42.37	9.438
471	-107.0	40.0	18.45	1	-103.22	40.79	18.205000000000002
474	-107.0	41.0	18.45	1	-103.19	41.79	18.205000000000002
475	-107.0	41.0	14.95	1	-103.82	41.66	14.895
476	-114.1	42.24	11.95	0	-111.18	42.66	12.725000000000001
477	-118.81	43.74	11.95	0	-114.76	43.63	12.725000000000001
482	-117.03	43.26	14.95	0	-111.97	43.16	14.895
484	-99.76	39.9	4.45	1	-98.9	40.05	4.4665
485	-99.76	39.85	4.45	1	-98.9	40.0	4.4665
486	-101.37	40.42	4.45	1	-100.51	40.58	4.4665
487	-99.54	39.95	4.45	1	-98.67	40.1	4.4665
488	-102.2	39.9	4.45	1	-101.34	40.06	4.4665
489	-102.14	41.33	4.45	1	-101.27	41.49	4.4665
490	-98.73	39.74	4.45	1	-97.86	39.89	4.4665
491	-100.2	39.84	4.45	1	-99.34	40.0	4.4665
492	-98.4	41.7	4.45	1	-97.52	41.85	4.4665
493	-100.56	38.95	4.45	1	-99.7	39.11	4.4665
494	-103.3	42.45	19.6	1	-98.98	43.26	18.205000000000002
495	-103.11	41.83	21.6	1	-98.31	42.66	21.735
496	-103.3	42.1	18.1	1	-99.42	42.83	18.205000000000002
497	-102.69	42.68	16.95	1	-99.0	43.36	18.205000000000002
498	-100.56	42.87	4.45	1	-99.68	43.03	4.4665
499	-114.6	42.1	7.4	1	-112.89	42.34	9.438
500	-114.68	42.08	7.7	1	-112.73	42.35	9.438
501	-115.22	42.08	8.0	1	-113.27	42.35	9.438
502	-114.67	42.0	8.6	1	-112.47	42.31	9.438
503	-113.93	42.08	9.3	1	-111.73	42.39	9.438
505	-114.3	42.4	10.4	1	-111.86	42.74	9.438
506	-114.3	42.42	10.5	1	-111.86	42.76	9.438
507	-114.28	42.33	10.55	1	-111.6	42.71	9.438
508	-114.01	42.3	10.6	1	-111.33	42.68	9.438
509	-114.27	42.33	10.7	1	-111.59	42.71	9.438
510	-114.02	42.3	10.8	1	-111.34	42.68	9.438
511	-114.07	42.15	11.6	1	-111.15	42.57	9.438
512	-115.67	41.96	12.0	1	-111.6	41.88	12.725000000000001
524	-112.55	41.2	3.3	1	-111.81	41.31	3.09
543	-112.55	41.2	5.1	1	-111.32	41.38	4.4665
550	-112.55	41.2	5.8	1	-111.07	41.42	6.2895
555	-112.55	41.2	7.5	1	-110.58	41.49	9.438
573	-112.55	41.2	12.0	1	-109.6	41.63	12.725000000000001
630	-111.0	44.0	9.2	1	-109.06	44.42	9.438
647	-73.05	43.83	19.5	0	-68.44	43.96	18.205000000000002
649	-100.0	42.5	13.5	1	-96.93	43.03	12.725000000000001
650	-100.5	36.8	11.0	1	-98.17	37.22	9.438
651	-101.0	35.0	11.0	1	-98.7	35.42	9.438
652	-101.2	38.8	5.5	1	-99.92	39.04	6.2895
653	-117.68	39.0	15.6	0	-112.21	38.89	14.895
654	-114.09	42.25	15.65	0	-110.21	42.82	14.895
655	-117.63	39.39	15.5	0	-112.16	39.28	14.895
668	-89.67	75.37	23.1	0	-79.58	75.77	25.425
669	-118.46	42.41	22.0	0	-110.94	42.24	21.735
670	-118.11	36.19	16.8	1	-112.25	36.07	18.205000000000002
672	-151.7	59.4	16.3	0	-147.28	60.33	18.205000000000002
700	-74.33	40.03	11.0	0	-71.85	40.17	9.438
764	-77.4	37.5	5.4	0	-76.29	37.59	6.2895
767	-76.8	38.7	6.25	0	-75.46	38.8	6.2895
770	-75.2	38.5	5.4	0	-74.08	38.58	6.2895
772	-75.5	38.6	5.4	0	-74.38	38.68	6.2895
773	-76.4	36.75	3.5	0	-75.52	36.82	3.09
776	-75.1	38.6	3.1	0	-74.43	38.65	3.09
779	-76.82	38.72	8.0	0	-75.03	38.85	9.438
780	-119.6	39.8	15.6	0	-114.14	39.67	14.895
782	-117.5	38.0	15.75	0	-112.01	37.89	14.895
784	-119.33	39.6	14.75	0	-114.2	39.48	14.895
785	-119.8	41.8	16.0	0	-114.37	41.67	18.205000000000002
786	-119.29	41.4	16.0	0	-113.86	41.28	18.205000000000002
787	-116.26	47.02	17.3	0	-112.63	47.9	18.205000000000002
788	-116.26	46.94	16.0	0	-112.84	47.76	18.205000000000002
789	-115.57	49.68	14.5	0	-112.51	50.39	14.895
790	-118.95	47.92	14.5	0	-115.97	48.66	14.895
792	-117.31	47.69	14.5	0	-114.32	48.42	14.895
795	-116.35	47.11	14.5	0	-113.36	47.83	14.895
797	-116.25	46.99	14.5	0	-113.26	47.71	14.895
798	-116.28	46.77	14.5	0	-113.29	47.49	14.895
800	-116.71	46.49	14.5	0	-113.73	47.21	14.895
801	-116.26	46.42	14.5	0	-111.6	46.33	14.895
802	-116.28	45.79	14.5	0	-111.61	45.7	14.895
805	-103.02	46.66	13.1	0	-100.1	47.18	12.725000000000001
810	-119.47	44.46	15.4	0	-114.43	44.34	14.895
813	-118.76	44.48	13.8	0	-114.06	44.37	12.725000000000001
817	-117.42	47.66	10.65	0	-115.06	48.22	9.438
820	-151.17	59.75	3.95	0	-150.05	59.96	4.4665
821	-151.7	60.03	3.95	0	-150.56	60.25	4.4665
827	-150.6	62.42	8.45	0	-147.87	62.8	9.438
828	-151.4	61.04	8.45	0	-148.93	61.46	9.438
831	-151.29	59.71	8.45	0	-149.03	60.13	9.438
837	-151.75	59.39	8.45	0	-149.55	59.83	9.438
839	-151.25	61.24	13.8	0	-146.84	61.99	12.725000000000001
842	-150.6	62.42	13.8	0	-145.8	63.11	12.725000000000001
845	-151.77	61.3	13.8	0	-147.35	62.08	12.725000000000001
847	-149.85	61.63	13.8	0	-145.3	62.27	12.725000000000001
848	-151.53	62.33	13.8	0	-146.77	63.09	12.725000000000001
851	-151.74	59.41	13.8	0	-147.87	60.21	12.725000000000001
853	-152.61	59.79	17.3	0	-147.79	60.85	18.205000000000002
854	-153.29	58.84	19.5	0	-148.0	60.19	18.205000000000002
856	-149.58	61.32	19.5	0	-143.19	62.24	18.205000000000002
857	-152.45	60.29	19.5	0	-146.55	61.52	18.205000000000002
859	-152.32	60.53	19.5	0	-146.31	61.74	18.205000000000002
861	-152.43	60.29	19.5	0	-146.53	61.52	18.205000000000002
862	-152.34	60.37	19.5	0	-146.4	61.59	18.205000000000002
866	-149.15	61.67	19.5	0	-142.59	62.54	18.205000000000002
867	-149.09	61.7	19.5	0	-142.52	62.56	18.205000000000002
868	-143.17	61.8	13.8	0	-138.55	61.97	12.725000000000001
869	-149.2	62.7	3.95	0	-147.81	62.87	4.4665
870	-164.1	65.3	8.45	0	-162.93	65.77	9.438
871	-165.4	64.5	2.7	1	-164.97	64.67	3.09
873	-70.83	41.35	3.95	0	-69.91	41.4	4.4665
875	-70.83	41.35	14.9	0	-67.43	41.45	14.895
876	-70.82	41.32	14.9	0	-67.42	41.42	14.895
880	-120.01	46.94	15.5	0	-114.69	46.81	14.895
881	-85.79	40.45	4.5	1	-84.9	40.56	4.4665
882	-116.9	33.9	3.95	1	-115.64	33.7	4.4665
883	-121.22	44.75	4.15	0	-119.88	44.7	4.4665
888	-82.27	27.47	4.25	0	-81.44	27.56	4.4665
897	-82.27	27.47	2.75	0	-81.65	27.54	3.09
914	-83.05	78.37	3.05	0	-81.7	78.44	3.09
919	-81.62	77.86	3.05	0	-80.3	77.93	3.09
923	-83.93	79.7	3.05	0	-82.48	79.77	3.09
924	-82.2	78.47	3.05	1	-80.84	78.54	3.09
925	-118.47	37.78	4.45	0	-117.09	37.74	4.4665
928	-122.63	38.35	3.1	0	-121.6	38.31	3.09
959	-121.51	41.96	2.95	0	-120.49	41.92	3.09
973	-162.99	65.98	5.7	0	-162.11	66.34	6.2895
974	-99.05	79.88	3.0	0	-97.72	79.99	3.09
989	-115.832	43.68	11.0	1	-112.12	43.6	9.438
993	-123.297	44.31399999999999	9.425	0	-120.25	44.2	9.438
997	-75.7	38.7	3.1	0	-75.03	38.75	3.09
998	-76.3	36.7	3.1	0	-75.64	36.75	3.09
999	-76.7	36.3	3.1	0	-76.04	36.35	3.09
1000	-76.5	37.2	3.95	0	-75.62	37.27	4.4665
1001	-76.6	36.95	3.95	0	-75.72	37.02	4.4665
1002	-75.3	38.67	8.45	0	-73.51	38.79	9.438
1003	-76.8	38.7	8.45	0	-75.01	38.83	9.438
1004	-75.4	38.8	8.45	0	-73.6	38.92	9.438
1005	-75.5	39.2	8.45	0	-73.7	39.32	9.438
1006	-76.5	38.0	10.5	0	-74.27	38.15	9.438
1008	-75.5	39.2	13.8	0	-72.39	39.37	12.725000000000001
1009	-76.0	39.8	10.5	0	-73.74	39.95	9.438
1011	-99.83	43.08	11.95	1	-97.18	43.53	12.725000000000001
1014	-101.75	43.08	11.95	1	-99.11	43.55	12.725000000000001
1017	-101.66	43.17	11.95	1	-99.02	43.64	12.725000000000001
1019	-101.75	43.12	11.95	1	-99.11	43.59	12.725000000000001
1023	-102.0	43.12	11.95	1	-99.37	43.59	12.725000000000001
1024	-102.0	43.08	11.95	1	-99.37	43.55	12.725000000000001
1027	-99.8	43.08	11.95	1	-97.15	43.53	12.725000000000001
1028	-99.8	43.06	11.95	1	-97.15	43.51	12.725000000000001
1032	-101.7	43.12	11.95	1	-99.06	43.59	12.725000000000001
1034	-101.8	43.12	11.95	1	-99.16	43.59	12.725000000000001
1036	-100.0	42.8	11.95	1	-97.36	43.25	12.725000000000001
1038	-99.8	42.8	11.95	1	-97.16	43.25	12.725000000000001
1039	-99.75	42.73	11.95	1	-97.11	43.18	12.725000000000001
1040	-100.05	42.8	11.95	1	-97.41	43.25	12.725000000000001
1042	-100.9	42.98	11.95	1	-98.26	43.44	12.725000000000001
1043	-101.33	43.2	11.95	1	-98.69	43.67	12.725000000000001
1044	-100.5	42.85	11.95	1	-97.86	43.31	12.725000000000001
1045	-101.75	42.81	11.95	1	-99.12	43.28	12.725000000000001
1047	-101.45	42.87	11.95	1	-98.82	43.34	12.725000000000001
1048	-99.75	42.67	11.95	1	-97.11	43.12	12.725000000000001
1049	-99.75	42.72	11.95	1	-97.11	43.17	12.725000000000001
1050	-100.83	42.68	11.95	1	-98.2	43.14	12.725000000000001
1053	-100.9	42.81	11.95	1	-98.26	43.27	12.725000000000001
1054	-100.83	42.67	11.95	1	-98.2	43.13	12.725000000000001
1056	-100.85	42.67	11.95	1	-98.22	43.13	12.725000000000001
1057	-101.09	42.81	11.95	1	-98.46	43.27	12.725000000000001
1058	-99.4	43.25	11.95	1	-96.74	43.7	12.725000000000001
1059	-100.55	42.9	11.95	1	-97.91	43.36	12.725000000000001
1060	-99.78	42.65	11.95	1	-97.14	43.1	12.725000000000001
1061	-99.73	42.55	11.95	1	-97.09	43.0	12.725000000000001
1062	-148.5	64.0	19.5	0	-144.77	65.36	18.205000000000002
1064	-149.02	63.86	17.3	0	-145.9	65.0	18.205000000000002
1067	-148.5	64.0	13.8	0	-145.92	64.91	12.725000000000001
1068	-148.5	64.0	8.1	0	-147.04	64.49	9.438
1072	-118.261	33.78	13.3	1	-114.18	33.13	12.725000000000001
1109	-117.52	44.97	13.8	0	-112.83	44.87	12.725000000000001
1115	-100.93	39.4	6.5	1	-99.64	39.64	6.2895
1116	-131.79399999999998	54.023	5.95	0	-130.59	54.36	6.2895
1118	-91.656	31.847	8.68	0	-89.77	32.13	9.438
1123	-113.244777777778	44.7956666666667	21.4994732469136	1	-108.17	45.55	21.735
1126	-113.27172222222201	44.809361111111095	20.7272895620407	1	-108.2	45.57	21.735
1127	-113.25816666666701	44.8104166666667	19.4403223895053	1	-108.71	45.5	18.205000000000002
1130	-113.259388888889	44.8109166666667	18.927170944499	1	-108.71	45.51	18.205000000000002
1132	-113.245583333333	44.8028611111111	18.720305654949602	1	-108.69	45.5	18.205000000000002
1134	-113.250944444444	44.8102222222222	17.7560482463436	1	-108.94	45.47	18.205000000000002
1138	-113.24019444444401	44.805027777777795	17.2408719745079	1	-109.17	45.43	18.205000000000002
1140	-113.23116666666701	44.808111111111096	16.6191963536326	1	-109.16	45.43	18.205000000000002
1144	-113.23005555555599	44.80777777777779	16.0576814988329	1	-109.4	45.39	18.205000000000002
1146	-113.23005555555599	44.80777777777779	15.679967278257301	1	-109.4	45.39	14.895
1148	-111.463555555556	45.7929444444444	10.0	1	-109.29	46.25	9.438
1186	-112.44558333333299	45.4358055555556	5.43	1	-111.37	45.68	6.2895
1204	-112.445138888889	45.4358333333333	5.43	1	-111.37	45.68	6.2895
1212	-112.25508333333299	45.04075	9.55	1	-110.1	45.51	9.438
1213	-117.469842	34.31478	17.0	1	-112.18	33.5	18.205000000000002
1218	-117.469842	34.31478	15.95	1	-112.49	33.55	14.895
1221	-117.467096	34.297939	16.2	1	-112.49	33.53	18.205000000000002
1223	-117.467096	34.297939	14.95	1	-112.79	33.57	14.895
1225	-117.467096	34.297939	13.6	1	-113.1	33.62	12.725000000000001
1230	-117.491704	34.321863	14.2	1	-113.12	33.64	14.895
1231	-117.103	35.061	13.04	1	-114.52	35.73	12.725000000000001
1235	-117.075257	35.04878	13.697	1	-114.3	35.77	12.725000000000001
1239	-117.024	35.022	14.8	0	-114.06	35.8	14.895
1240	-117.048	35.025	15.89	0	-113.89	35.86	14.895
